

  1.568447849417279E+03   0.0000000E+00
  1.569991405985173E+03   0.0000000E+00
  1.571534971637150E+03   0.0000000E+00
  1.573078546373370E+03   0.0000000E+00
  1.574622130193993E+03   0.0000000E+00
  1.576165723099180E+03   0.0000000E+00
  1.577709325089092E+03   0.0000000E+00
  1.579252936163889E+03   0.0000000E+00
  1.580796556323730E+03   8.3567498E-14
  1.582340185568777E+03   1.9647453E-14
  1.583883823899190E+03   2.0187601E-14
  1.585427471315130E+03   3.6067852E-14
  1.586971127816757E+03   1.3204893E-14
  1.588514793404230E+03   4.9548119E-16
  1.590058468077712E+03   2.6578615E-15
  1.591602151837361E+03   7.3228522E-15
  1.593145844683340E+03  -4.1114395E-15
  1.594689546615807E+03   3.0674777E-15
  1.596233257634924E+03   2.5198739E-15
  1.597776977740850E+03  -4.6099276E-16
  1.599320706933748E+03   4.5249339E-15
  1.600864445213776E+03  -4.7415947E-15
  1.602408192581096E+03   1.9914990E-15
  1.603951949035867E+03  -3.0159235E-15
  1.605495714578251E+03  -5.2026828E-17
  1.607039489208407E+03   3.7797842E-15
  1.608583272926498E+03  -1.2521897E-15
  1.610127065732681E+03  -2.3752657E-15
  1.611670867627119E+03  -7.5331987E-16
  1.613214678609973E+03   1.9115452E-15
  1.614758498681401E+03   2.8072074E-15
  1.616302327841565E+03   1.3553079E-15
  1.617846166090626E+03  -8.0647389E-16
  1.619390013428743E+03  -4.2045919E-16
  1.620933869856079E+03  -1.7701127E-15
  1.622477735372792E+03   4.2505003E-16
  1.624021609979043E+03  -1.1921154E-15
  1.625565493674994E+03   1.2606896E-15
  1.627109386460805E+03   1.4882112E-15
  1.628653288336635E+03   5.0302825E-16
  1.630197199302647E+03  -1.8193767E-16
  1.631741119358999E+03   3.4925884E-16
  1.633285048505854E+03   2.4066162E-16
  1.634828986743371E+03  -7.9808630E-16
  1.636372934071711E+03  -2.6966913E-18
  1.637916890491035E+03  -2.6949822E-16
  1.639460856001503E+03  -1.4290625E-16
  1.641004830603276E+03  -1.6492684E-16
  1.642548814296514E+03  -5.3347141E-17
  1.644092807081378E+03   9.2632275E-16
  1.645636808958029E+03   1.0590122E-15
  1.647180819926627E+03   1.5615845E-16
  1.648724839987333E+03   8.0603200E-16
  1.650268869140307E+03  -4.4797831E-16
  1.651812907385711E+03   7.1007804E-16
  1.653356954723704E+03   1.3874140E-16
  1.654901011154448E+03   3.8904586E-16
  1.656445076678103E+03   9.1818980E-17
  1.657989151294829E+03   1.2851998E-16
  1.659533235004788E+03   7.4103637E-17
  1.661077327808139E+03  -1.1703630E-16
  1.662621429705044E+03  -2.0645949E-16
  1.664165540695664E+03  -6.4128388E-16
  1.665709660780158E+03   6.9270626E-17
  1.667253789958689E+03   5.2418803E-16
  1.668797928231415E+03   1.9764004E-16
  1.670342075598499E+03   1.0069367E-15
  1.671886232060100E+03   3.5672515E-17
  1.673430397616379E+03   2.6237791E-16
  1.674974572267498E+03   8.7234679E-16
  1.676518756013616E+03   1.5715557E-16
  1.678062948854895E+03   3.3889068E-16
  1.679607150791495E+03   3.0830940E-16
  1.681151361823577E+03  -2.6629300E-16
  1.682695581951302E+03  -1.8352626E-17
  1.684239811174830E+03   1.1254353E-16
  1.685784049494321E+03  -1.9621392E-16
  1.687328296909938E+03   4.7697087E-16
  1.688872553421841E+03   3.9089165E-16
  1.690416819030190E+03   2.7659869E-16
  1.691961093735146E+03   3.5572282E-16
  1.693505377536869E+03   4.2760478E-16
  1.695049670435521E+03   1.4599735E-17
  1.696593972431263E+03  -2.0005024E-16
  1.698138283524254E+03   7.2156037E-16
  1.699682603714657E+03   2.5733511E-17
  1.701226933002631E+03  -1.2910394E-16
  1.702771271388338E+03   1.0061676E-16
  1.704315618871938E+03   4.9591314E-17
  1.705859975453592E+03   1.4399712E-16
  1.707404341133460E+03   2.0416358E-16
  1.708948715911705E+03   5.9906763E-17
  1.710493099788486E+03   1.8579647E-16
  1.712037492763964E+03   3.6562460E-16
  1.713581894838300E+03   5.4497147E-16
  1.715126306011655E+03   2.9199727E-16
  1.716670726284189E+03  -3.2054368E-16
  1.718215155656065E+03   2.0167086E-16
  1.719759594127441E+03   4.5637116E-17
  1.721304041698480E+03   3.7377809E-16
  1.722848498369342E+03  -7.0327432E-17
  1.724392964140187E+03   2.0217516E-16
  1.725937439011178E+03   1.5291770E-17
  1.727481922982474E+03   4.2866733E-16
  1.729026416054237E+03   1.1986047E-16
  1.730570918226627E+03  -7.8865286E-17
  1.732115429499805E+03   1.9280306E-16
  1.733659949873932E+03   2.9603865E-16
  1.735204479349169E+03   5.5144307E-17
  1.736749017925677E+03  -3.4831341E-17
  1.738293565603617E+03   3.2317965E-16
  1.739838122383150E+03   8.7955875E-17
  1.741382688264436E+03   4.9904084E-17
  1.742927263247636E+03   1.7428624E-16
  1.744471847332912E+03  -9.7355671E-17
  1.746016440520425E+03   9.4397117E-17
  1.747561042810334E+03   1.0187630E-16
  1.749105654202802E+03   5.4121700E-17
  1.750650274697988E+03   1.2707106E-16
  1.752194904296055E+03  -7.8208220E-17
  1.753739542997163E+03   2.1066421E-16
  1.755284190801472E+03  -3.4281108E-17
  1.756828847709144E+03   4.4904493E-16
  1.758373513720340E+03   3.9358316E-17
  1.759918188835221E+03   2.7850838E-16
  1.761462873053948E+03   9.5465841E-17
  1.763007566376681E+03  -2.3173474E-16
  1.764552268803581E+03   1.6744642E-16
  1.766096980334811E+03  -1.6764002E-16
  1.767641700970530E+03  -6.6066657E-17
  1.769186430710900E+03   2.2134544E-17
  1.770731169556081E+03   2.6182953E-16
  1.772275917506235E+03   1.2742417E-16
  1.773820674561522E+03   1.8039764E-16
  1.775365440722104E+03   1.7475000E-16
  1.776910215988142E+03   4.3645141E-16
  1.778455000359796E+03   1.2836440E-16
  1.779999793837228E+03   2.4414684E-16
  1.781544596420599E+03   1.2388079E-16
  1.783089408110069E+03   4.7567094E-16
  1.784634228905800E+03   3.4058851E-16
  1.786179058807952E+03   3.2826026E-16
  1.787723897816688E+03   8.4968138E-17
  1.789268745932167E+03   4.0454619E-16
  1.790813603154551E+03   3.1730431E-16
  1.792358469484002E+03   2.2335986E-16
  1.793903344920679E+03   3.9884539E-16
  1.795448229464744E+03   2.6426112E-16
  1.796993123116359E+03   3.2751286E-16
  1.798538025875684E+03   3.8306401E-16
  1.800082937742880E+03   6.2181472E-16
  1.801627858718108E+03   4.7021520E-16
  1.803172788801530E+03   6.3783211E-16
  1.804717727993307E+03   4.6056532E-16
  1.806262676293599E+03   6.1505106E-16
  1.807807633702568E+03   3.4380355E-16
  1.809352600220375E+03   3.9091359E-16
  1.810897575847181E+03   3.5919194E-16
  1.812442560583147E+03   4.4474365E-16
  1.813987554428435E+03   3.9052573E-16
  1.815532557383205E+03   4.7697632E-16
  1.817077569447618E+03   5.1312848E-16
  1.818622590621836E+03   5.4607425E-16
  1.820167620906020E+03   4.9121087E-16
  1.821712660300331E+03   4.1525015E-16
  1.823257708804930E+03   5.7361881E-16
  1.824802766419979E+03   3.8246002E-16
  1.826347833145637E+03   3.9781239E-16
  1.827892908982068E+03   6.3264256E-16
  1.829437993929431E+03   3.9432624E-16
  1.830983087987888E+03   3.8338109E-16
  1.832528191157600E+03   5.2176817E-16
  1.834073303438729E+03   4.1665762E-16
  1.835618424831435E+03   5.0515319E-16
  1.837163555335879E+03   3.6658114E-16
  1.838708694952224E+03   5.5645581E-16
  1.840253843680630E+03   5.2506519E-16
  1.841799001521258E+03   3.2746664E-16
  1.843344168474270E+03   5.8639318E-16
  1.844889344539826E+03   5.6772802E-16
  1.846434529718088E+03   3.5915732E-16
  1.847979724009218E+03   4.7466382E-16
  1.849524927413376E+03   2.7848013E-16
  1.851070139930724E+03   5.0820828E-16
  1.852615361561423E+03   5.2261668E-16
  1.854160592305634E+03   6.5196989E-16
  1.855705832163518E+03   3.0039169E-16
  1.857251081135237E+03   4.2337288E-16
  1.858796339220952E+03   5.1019267E-16
  1.860341606420824E+03   4.0381462E-16
  1.861886882735015E+03   4.7747485E-16
  1.863432168163685E+03   5.3909513E-16
  1.864977462706996E+03   8.2266476E-16
  1.866522766365111E+03   4.9805204E-16
  1.868068079138188E+03   7.1800749E-16
  1.869613401026390E+03   6.3663695E-16
  1.871158732029879E+03   6.3659036E-16
  1.872704072148815E+03   7.8642626E-16
  1.874249421383360E+03   6.6364640E-16
  1.875794779733675E+03   6.9868079E-16
  1.877340147199921E+03   7.7608171E-16
  1.878885523782261E+03   8.1329192E-16
  1.880430909480854E+03   8.0112688E-16
  1.881976304295863E+03   7.6103094E-16
  1.883521708227449E+03   8.6331848E-16
  1.885067121275773E+03   7.8896794E-16
  1.886612543440996E+03   9.7578090E-16
  1.888157974723280E+03   8.7808210E-16
  1.889703415122787E+03   1.0316529E-15
  1.891248864639677E+03   6.3539578E-16
  1.892794323274111E+03   7.7497146E-16
  1.894339791026253E+03   9.0026611E-16
  1.895885267896261E+03   9.5855278E-16
  1.897430753884299E+03   9.7242326E-16
  1.898976248990528E+03   6.4306900E-16
  1.900521753215108E+03   1.0638453E-15
  1.902067266558201E+03   8.0949202E-16
  1.903612789019969E+03   9.4355743E-16
  1.905158320600573E+03   7.7031728E-16
  1.906703861300175E+03   6.8037090E-16
  1.908249411118935E+03   6.4248180E-16
  1.909794970057015E+03   9.0672325E-16
  1.911340538114578E+03   4.6920178E-16
  1.912886115291783E+03   6.4625829E-16
  1.914431701588793E+03   6.0671615E-16
  1.915977297005769E+03   7.9948232E-16
  1.917522901542873E+03   6.3221401E-16
  1.919068515200265E+03   7.9028312E-16
  1.920614137978108E+03   5.7027160E-16
  1.922159769876562E+03   6.9901976E-16
  1.923705410895790E+03   4.9108472E-16
  1.925251061035953E+03   5.0889612E-16
  1.926796720297211E+03   6.5780568E-16
  1.928342388679727E+03   6.0417500E-16
  1.929888066183663E+03   5.2848985E-16
  1.931433752809179E+03   5.6716490E-16
  1.932979448556438E+03   6.7397766E-16
  1.934525153425599E+03   7.1954025E-16
  1.936070867416826E+03   4.1850768E-16
  1.937616590530280E+03   4.4079629E-16
  1.939162322766122E+03   4.9339960E-16
  1.940708064124513E+03   5.8251329E-16
  1.942253814605616E+03   7.1042268E-16
  1.943799574209592E+03   4.6789692E-16
  1.945345342936601E+03   5.3708845E-16
  1.946891120786807E+03   7.3793786E-16
  1.948436907760369E+03   6.8200239E-16
  1.949982703857451E+03   4.8950023E-16
  1.951528509078213E+03   4.6374704E-16
  1.953074323422817E+03   7.9385897E-16
  1.954620146891424E+03   8.0102461E-16
  1.956165979484196E+03   6.1371889E-16
  1.957711821201296E+03   7.6978984E-16
  1.959257672042883E+03   7.3102421E-16
  1.960803532009120E+03   5.3979282E-16
  1.962349401100169E+03   6.7831351E-16
  1.963895279316190E+03   8.5377094E-16
  1.965441166657346E+03   6.7420519E-16
  1.966987063123798E+03   8.3457526E-16
  1.968532968715708E+03   8.4860218E-16
  1.970078883433237E+03   7.2373200E-16
  1.971624807276547E+03   7.1340704E-16
  1.973170740245800E+03   7.7881741E-16
  1.974716682341157E+03   6.6377615E-16
  1.976262633562779E+03   8.0122466E-16
  1.977808593910830E+03   9.5619760E-16
  1.979354563385469E+03   8.8322608E-16
  1.980900541986859E+03   1.0178137E-15
  1.982446529715161E+03   1.0200477E-15
  1.983992526570537E+03   8.9343288E-16
  1.985538532553149E+03   1.1798471E-15
  1.987084547663159E+03   1.0190764E-15
  1.988630571900727E+03   1.0912695E-15
  1.990176605266016E+03   1.2236674E-15
  1.991722647759187E+03   1.1471493E-15
  1.993268699380402E+03   1.2958744E-15
  1.994814760129823E+03   1.0725771E-15
  1.996360830007611E+03   1.2076931E-15
  1.997906909013929E+03   1.3024127E-15
  1.999452997148937E+03   1.2938261E-15
  2.000999094412797E+03   1.1531835E-15
  2.002545200805672E+03   1.2313056E-15
  2.004091316327723E+03   1.2557258E-15
  2.005637440979111E+03   1.0337257E-15
  2.007183574759998E+03   1.3813689E-15
  2.008729717670547E+03   1.2080157E-15
  2.010275869710918E+03   1.2646166E-15
  2.011822030881273E+03   1.3765130E-15
  2.013368201181775E+03   1.1851350E-15
  2.014914380612585E+03   1.3588157E-15
  2.016460569173865E+03   1.2566941E-15
  2.018006766865776E+03   1.1707786E-15
  2.019552973688480E+03   1.2755563E-15
  2.021099189642140E+03   1.2140495E-15
  2.022645414726916E+03   1.2560623E-15
  2.024191648942970E+03   1.0800275E-15
  2.025737892290465E+03   1.3612373E-15
  2.027284144769562E+03   1.2295738E-15
  2.028830406380423E+03   1.3139077E-15
  2.030376677123210E+03   1.1503757E-15
  2.031922956998083E+03   9.9149590E-16
  2.033469246005207E+03   1.1081304E-15
  2.035015544144741E+03   1.2742487E-15
  2.036561851416849E+03   9.0808793E-16
  2.038108167821690E+03   9.6914852E-16
  2.039654493359429E+03   1.0182305E-15
  2.041200828030226E+03   1.0908330E-15
  2.042747171834243E+03   1.1821927E-15
  2.044293524771642E+03   1.0032650E-15
  2.045839886842585E+03   1.0443225E-15
  2.047386258047233E+03   9.9059328E-16
  2.048932638385749E+03   9.3208363E-16
  2.050479027858295E+03   9.7779006E-16
  2.052025426465031E+03   1.0616455E-15
  2.053571834206121E+03   1.0303763E-15
  2.055118251081726E+03   1.0418129E-15
  2.056664677092007E+03   1.0012515E-15
  2.058211112237128E+03   9.1231738E-16
  2.059757556517248E+03   7.9826608E-16
  2.061304009932532E+03   8.7215605E-16
  2.062850472483140E+03   9.1492041E-16
  2.064396944169234E+03   8.9529487E-16
  2.065943424990976E+03   7.4984767E-16
  2.067489914948529E+03   8.2511893E-16
  2.069036414042053E+03   6.9255304E-16
  2.070582922271712E+03   6.8149306E-16
  2.072129439637666E+03   6.3406674E-16
  2.073675966140078E+03   5.9904933E-16
  2.075222501779110E+03   7.7148597E-16
  2.076769046554923E+03   5.6227826E-16
  2.078315600467680E+03   6.1385065E-16
  2.079862163517542E+03   6.3193332E-16
  2.081408735704672E+03   6.3587817E-16
  2.082955317029231E+03   6.8171636E-16
  2.084501907491382E+03   6.0283425E-16
  2.086048507091286E+03   6.5085154E-16
  2.087595115829105E+03   6.3794646E-16
  2.089141733705002E+03   6.1763493E-16
  2.090688360719138E+03   6.2158544E-16
  2.092234996871675E+03   6.6448792E-16
  2.093781642162775E+03   6.2547888E-16
  2.095328296592601E+03   5.3387317E-16
  2.096874960161314E+03   5.8985082E-16
  2.098421632869076E+03   4.6434971E-16
  2.099968314716049E+03   6.0551903E-16
  2.101515005702395E+03   5.4910023E-16
  2.103061705828277E+03   6.2299257E-16
  2.104608415093856E+03   4.6941248E-16
  2.106155133499295E+03   4.9426421E-16
  2.107701861044754E+03   5.4085161E-16
  2.109248597730397E+03   5.1358355E-16
  2.110795343556385E+03   4.9529495E-16
  2.112342098522881E+03   4.4282374E-16
  2.113888862630047E+03   5.3055031E-16
  2.115435635878044E+03   5.3479241E-16
  2.116982418267035E+03   5.1326290E-16
  2.118529209797181E+03   5.0114572E-16
  2.120076010468645E+03   5.8620519E-16
  2.121622820281588E+03   4.6497064E-16
  2.123169639236174E+03   5.8196796E-16
  2.124716467332564E+03   4.8405291E-16
  2.126263304570919E+03   5.3631193E-16
  2.127810150951404E+03   5.4310408E-16
  2.129357006474178E+03   6.1755261E-16
  2.130903871139404E+03   5.2750486E-16
  2.132450744947245E+03   5.5409629E-16
  2.133997627897862E+03   3.9886969E-16
  2.135544519991419E+03   4.8706602E-16
  2.137091421228076E+03   5.3549296E-16
  2.138638331607996E+03   5.3561901E-16
  2.140185251131341E+03   4.7652761E-16
  2.141732179798274E+03   5.0883990E-16
  2.143279117608955E+03   5.3916426E-16
  2.144826064563549E+03   4.9496127E-16
  2.146373020662215E+03   4.4487536E-16
  2.147919985905118E+03   5.0164870E-16
  2.149466960292419E+03   4.9349611E-16
  2.151013943824280E+03   4.3738701E-16
  2.152560936500863E+03   3.7296293E-16
  2.154107938322330E+03   5.3115933E-16
  2.155654949288845E+03   4.7358507E-16
  2.157201969400568E+03   5.1777478E-16
  2.158748998657662E+03   4.1685747E-16
  2.160296037060289E+03   3.7758635E-16
  2.161843084608612E+03   4.1517630E-16
  2.163390141302792E+03   3.4502415E-16
  2.164937207142992E+03   3.6853935E-16
  2.166484282129375E+03   4.2397234E-16
  2.168031366262101E+03   4.5480084E-16
  2.169578459541334E+03   4.6852336E-16
  2.171125561967236E+03   2.8021123E-16
  2.172672673539968E+03   3.8110781E-16
  2.174219794259694E+03   3.6901417E-16
  2.175766924126575E+03   3.0239283E-16
  2.177314063140774E+03   3.3099618E-16
  2.178861211302452E+03   3.0689113E-16
  2.180408368611774E+03   3.6644612E-16
  2.181955535068899E+03   3.7118193E-16
  2.183502710673991E+03   3.0607790E-16
  2.185049895427212E+03   2.4140529E-16
  2.186597089328724E+03   3.4945819E-16
  2.188144292378690E+03   2.9607666E-16
  2.189691504577271E+03   2.1541313E-16
  2.191238725924631E+03   4.1526899E-16
  2.192785956420931E+03   3.2967539E-16
  2.194333196066334E+03   3.4326095E-16
  2.195880444861002E+03   3.0515640E-16
  2.197427702805097E+03   3.2144652E-16
  2.198974969898782E+03   2.9622285E-16
  2.200522246142218E+03   2.1339555E-16
  2.202069531535569E+03   2.9010421E-16
  2.203616826078996E+03   2.6170081E-16
  2.205164129772663E+03   2.5560839E-16
  2.206711442616730E+03   4.1510657E-16
  2.208258764611361E+03   3.6142382E-16
  2.209806095756718E+03   2.8897913E-16
  2.211353436052964E+03   2.9457760E-16
  2.212900785500260E+03   2.6846603E-16
  2.214448144098769E+03   3.3020550E-16
  2.215995511848653E+03   2.4825339E-16
  2.217542888750076E+03   2.7818383E-16
  2.219090274803198E+03   3.2732879E-16
  2.220637670008183E+03   2.4971077E-16
  2.222185074365192E+03   3.6754501E-16
  2.223732487874389E+03   2.9126189E-16
  2.225279910535936E+03   3.3957066E-16
  2.226827342349995E+03   2.2986296E-16
  2.228374783316728E+03   3.1522080E-16
  2.229922233436298E+03   2.3878354E-16
  2.231469692708867E+03   2.3317594E-16
  2.233017161134599E+03   3.0307186E-16
  2.234564638713653E+03   3.3602075E-16
  2.236112125446195E+03   2.7072682E-16
  2.237659621332386E+03   3.0160837E-16
  2.239207126372388E+03   3.2475198E-16
  2.240754640566364E+03   3.3042644E-16
  2.242302163914477E+03   2.3519545E-16
  2.243849696416888E+03   2.3771220E-16
  2.245397238073761E+03   2.7314250E-16
  2.246944788885257E+03   2.6586159E-16
  2.248492348851540E+03   2.8011689E-16
  2.250039917972771E+03   3.1119408E-16
  2.251587496249113E+03   2.3033796E-16
  2.253135083680728E+03   2.3835412E-16
  2.254682680267780E+03   2.9639589E-16
  2.256230286010431E+03   3.4803422E-16
  2.257777900908842E+03   2.9078419E-16
  2.259325524963177E+03   2.7272912E-16
  2.260873158173598E+03   2.4849856E-16
  2.262420800540268E+03   3.1782068E-16
  2.263968452063349E+03   2.7248955E-16
  2.265516112743003E+03   3.4128697E-16
  2.267063782579394E+03   3.4061148E-16
  2.268611461572683E+03   2.7961976E-16
  2.270159149723034E+03   4.2947821E-16
  2.271706847030608E+03   4.1648991E-16
  2.273254553495568E+03   3.8801650E-16
  2.274802269118078E+03   4.1866025E-16
  2.276349993898299E+03   3.7775737E-16
  2.277897727836393E+03   3.4711357E-16
  2.279445470932525E+03   4.7764728E-16
  2.280993223186855E+03   4.1669304E-16
  2.282540984599547E+03   4.2590810E-16
  2.284088755170763E+03   4.4651607E-16
  2.285636534900666E+03   4.6145863E-16
  2.287184323789419E+03   4.9952508E-16
  2.288732121837183E+03   4.9650800E-16
  2.290279929044123E+03   5.2248904E-16
  2.291827745410399E+03   5.9131603E-16
  2.293375570936175E+03   6.7308023E-16
  2.294923405621613E+03   5.1811846E-16
  2.296471249466877E+03   5.0988456E-16
  2.298019102472128E+03   6.3970665E-16
  2.299566964637530E+03   6.6922649E-16
  2.301114835963244E+03   6.0251158E-16
  2.302662716449434E+03   7.5412534E-16
  2.304210606096262E+03   7.0784013E-16
  2.305758504903891E+03   8.1002068E-16
  2.307306412872484E+03   7.6555838E-16
  2.308854330002202E+03   8.9756058E-16
  2.310402256293210E+03   8.1473585E-16
  2.311950191745668E+03   9.1046724E-16
  2.313498136359741E+03   9.9230153E-16
  2.315046090135591E+03   7.8044292E-16
  2.316594053073380E+03   1.0082688E-15
  2.318142025173272E+03   1.0930738E-15
  2.319690006435428E+03   1.1380757E-15
  2.321237996860011E+03   1.0748216E-15
  2.322785996447185E+03   1.0846089E-15
  2.324334005197113E+03   9.8547381E-16
  2.325882023109955E+03   1.0125718E-15
  2.327430050185876E+03   1.0652554E-15
  2.328978086425038E+03   1.1283724E-15
  2.330526131827603E+03   1.1142726E-15
  2.332074186393736E+03   1.2801047E-15
  2.333622250123598E+03   1.1515870E-15
  2.335170323017351E+03   1.2106693E-15
  2.336718405075160E+03   1.1571825E-15
  2.338266496297186E+03   1.2881052E-15
  2.339814596683592E+03   1.2685413E-15
  2.341362706234541E+03   1.2516870E-15
  2.342910824950196E+03   1.2717572E-15
  2.344458952830719E+03   1.2828815E-15
  2.346007089876274E+03   1.0446880E-15
  2.347555236087022E+03   1.1739837E-15
  2.349103391463128E+03   1.2202598E-15
  2.350651556004753E+03   1.1894712E-15
  2.352199729712061E+03   1.0767804E-15
  2.353747912585214E+03   1.2451150E-15
  2.355296104624374E+03   1.4608369E-15
  2.356844305829706E+03   1.2597361E-15
  2.358392516201372E+03   1.4367898E-15
  2.359940735739533E+03   1.4404195E-15
  2.361488964444354E+03   1.2832967E-15
  2.363037202315997E+03   1.4084610E-15
  2.364585449354625E+03   1.3662565E-15
  2.366133705560400E+03   1.3884841E-15
  2.367681970933486E+03   1.4007854E-15
  2.369230245474046E+03   1.3721256E-15
  2.370778529182242E+03   1.3336819E-15
  2.372326822058237E+03   1.2510860E-15
  2.373875124102194E+03   1.3497297E-15
  2.375423435314276E+03   1.2111123E-15
  2.376971755694645E+03   1.2162239E-15
  2.378520085243465E+03   1.2479717E-15
  2.380068423960899E+03   1.2205689E-15
  2.381616771847109E+03   1.1999118E-15
  2.383165128902258E+03   9.1194945E-16
  2.384713495126509E+03   8.2022578E-16
  2.386261870520025E+03   1.1540245E-15
  2.387810255082969E+03   1.1244505E-15
  2.389358648815504E+03   1.2659520E-15
  2.390907051717793E+03   1.0071980E-15
  2.392455463789998E+03   9.3810731E-16
  2.394003885032283E+03   1.1462729E-15
  2.395552315444810E+03   1.2242979E-15
  2.397100755027743E+03   1.1757513E-15
  2.398649203781244E+03   1.2495279E-15
  2.400197661705476E+03   1.3339157E-15
  2.401746128800602E+03   1.2407510E-15
  2.403294605066787E+03   1.2976334E-15
  2.404843090504190E+03   1.2152593E-15
  2.406391585112977E+03   1.2353779E-15
  2.407940088893310E+03   1.1650883E-15
  2.409488601845352E+03   1.1880909E-15
  2.411037123969265E+03   1.0282258E-15
  2.412585655265215E+03   1.1754619E-15
  2.414134195733361E+03   1.0391323E-15
  2.415682745373869E+03   1.0330654E-15
  2.417231304186901E+03   1.0079353E-15
  2.418779872172619E+03   1.0306625E-15
  2.420328449331188E+03   1.0544228E-15
  2.421877035662769E+03   1.0536304E-15
  2.423425631167527E+03   1.0197773E-15
  2.424974235845623E+03   1.1300417E-15
  2.426522849697221E+03   1.0614030E-15
  2.428071472722484E+03   9.3247274E-16
  2.429620104921576E+03   1.0334768E-15
  2.431168746294658E+03   1.1333859E-15
  2.432717396841895E+03   1.0789172E-15
  2.434266056563448E+03   9.8657337E-16
  2.435814725459482E+03   9.9094766E-16
  2.437363403530159E+03   1.0896557E-15
  2.438912090775643E+03   9.7585734E-16
  2.440460787196095E+03   9.3185546E-16
  2.442009492791681E+03   9.8633683E-16
  2.443558207562562E+03   9.3495994E-16
  2.445106931508901E+03   9.6505608E-16
  2.446655664630862E+03   9.0715958E-16
  2.448204406928608E+03   8.3877141E-16
  2.449753158402302E+03   9.0591105E-16
  2.451301919052106E+03   9.2903622E-16
  2.452850688878185E+03   8.7145571E-16
  2.454399467880701E+03   9.5186524E-16
  2.455948256059818E+03   8.7911241E-16
  2.457497053415697E+03   8.7867307E-16
  2.459045859948503E+03   9.7748068E-16
  2.460594675658399E+03   8.1612069E-16
  2.462143500545548E+03   9.2681858E-16
  2.463692334610112E+03   8.8420578E-16
  2.465241177852256E+03   9.4944103E-16
  2.466790030272141E+03   8.3366978E-16
  2.468338891869933E+03   9.7197761E-16
  2.469887762645792E+03   8.9737953E-16
  2.471436642599884E+03   9.4922959E-16
  2.472985531732370E+03   9.0999936E-16
  2.474534430043414E+03   9.8943899E-16
  2.476083337533180E+03   9.5076240E-16
  2.477632254201829E+03   1.0924152E-15
  2.479181180049527E+03   1.1621414E-15
  2.480730115076435E+03   1.0954514E-15
  2.482279059282717E+03   9.7760022E-16
  2.483828012668536E+03   9.7690703E-16
  2.485376975234056E+03   9.9675174E-16
  2.486925946979439E+03   1.0336399E-15
  2.488474927904849E+03   1.0781315E-15
  2.490023918010449E+03   1.1335770E-15
  2.491572917296402E+03   1.1534635E-15
  2.493121925762872E+03   1.2787390E-15
  2.494670943410021E+03   1.4164260E-15
  2.496219970238013E+03   1.3201726E-15
  2.497769006247011E+03   1.3161807E-15
  2.499318051437179E+03   1.2975211E-15
  2.500867105808680E+03   1.4244520E-15
  2.502416169361676E+03   1.4853348E-15
  2.503965242096331E+03   1.5753029E-15
  2.505514324012810E+03   1.5662047E-15
  2.507063415111273E+03   1.5334180E-15
  2.508612515391886E+03   1.7399518E-15
  2.510161624854811E+03   1.5804538E-15
  2.511710743500211E+03   1.7267391E-15
  2.513259871328250E+03   1.6971006E-15
  2.514809008339092E+03   1.6707099E-15
  2.516358154532899E+03   2.1367374E-15
  2.517907309909835E+03   2.0077429E-15
  2.519456474470062E+03   2.0831033E-15
  2.521005648213746E+03   1.9756383E-15
  2.522554831141048E+03   2.1637639E-15
  2.524104023252131E+03   2.3652726E-15
  2.525653224547161E+03   2.3865174E-15
  2.527202435026299E+03   2.3837059E-15
  2.528751654689709E+03   2.4640987E-15
  2.530300883537554E+03   2.6352701E-15
  2.531850121569998E+03   2.7292363E-15
  2.533399368787204E+03   2.6413443E-15
  2.534948625189336E+03   2.8096758E-15
  2.536497890776557E+03   3.0061504E-15
  2.538047165549029E+03   2.9381934E-15
  2.539596449506917E+03   2.8937100E-15
  2.541145742650385E+03   2.8277189E-15
  2.542695044979595E+03   2.7957834E-15
  2.544244356494710E+03   2.9211994E-15
  2.545793677195894E+03   3.0263505E-15
  2.547343007083311E+03   2.9278221E-15
  2.548892346157123E+03   2.8420217E-15
  2.550441694417495E+03   2.8416863E-15
  2.551991051864590E+03   2.8051963E-15
  2.553540418498571E+03   3.0223141E-15
  2.555089794319601E+03   2.9457026E-15
  2.556639179327845E+03   2.8465961E-15
  2.558188573523465E+03   2.9421850E-15
  2.559737976906625E+03   2.9538442E-15
  2.561287389477488E+03   2.8693110E-15
  2.562836811236217E+03   3.0214108E-15
  2.564386242182977E+03   2.9465847E-15
  2.565935682317931E+03   3.0294445E-15
  2.567485131641241E+03   2.8328723E-15
  2.569034590153073E+03   3.0974652E-15
  2.570584057853588E+03   2.7525348E-15
  2.572133534742951E+03   2.9222152E-15
  2.573683020821325E+03   2.7144793E-15
  2.575232516088873E+03   2.6900801E-15
  2.576782020545760E+03   2.7690288E-15
  2.578331534192148E+03   2.6471188E-15
  2.579881057028200E+03   2.8685173E-15
  2.581430589054082E+03   2.8231909E-15
  2.582980130269955E+03   2.8282091E-15
  2.584529680675983E+03   2.6541002E-15
  2.586079240272332E+03   2.1951261E-15
  2.587628809059162E+03   2.0613860E-15
  2.589178387036638E+03   2.1952339E-15
  2.590727974204925E+03   2.5006062E-15
  2.592277570564184E+03   2.4754951E-15
  2.593827176114579E+03   2.4617458E-15
  2.595376790856275E+03   1.8042181E-15
  2.596926414789436E+03   2.0380830E-15
  2.598476047914223E+03   2.1865609E-15
  2.600025690230802E+03   2.1883126E-15
  2.601575341739334E+03   1.5326655E-15
  2.603125002439985E+03   1.6776957E-15
  2.604674672332917E+03   1.7186096E-15
  2.606224351418295E+03   1.8871862E-15
  2.607774039696281E+03   1.8156882E-15
  2.609323737167040E+03   1.3339553E-15
  2.610873443830735E+03   1.7011931E-15
  2.612423159687529E+03   1.9160444E-15
  2.613972884737587E+03   1.8741860E-15
  2.615522618981071E+03   1.6613620E-15
  2.617072362418146E+03   1.7701504E-15
  2.618622115048975E+03   1.6995566E-15
  2.620171876873721E+03   1.6874568E-15
  2.621721647892550E+03   1.8229627E-15
  2.623271428105622E+03   1.6681242E-15
  2.624821217513104E+03   1.4801618E-15
  2.626371016115158E+03   1.5791559E-15
  2.627920823911947E+03   1.6946092E-15
  2.629470640903636E+03   1.6873642E-15
  2.631020467090389E+03   1.5761611E-15
  2.632570302472368E+03   1.6984883E-15
  2.634120147049737E+03   1.5672277E-15
  2.635670000822662E+03   1.6885738E-15
  2.637219863791303E+03   1.7448040E-15
  2.638769735955826E+03   1.7396953E-15
  2.640319617316395E+03   1.7637180E-15
  2.641869507873172E+03   1.6528503E-15
  2.643419407626323E+03   1.8159813E-15
  2.644969316576010E+03   1.7375346E-15
  2.646519234722396E+03   1.6993261E-15
  2.648069162065646E+03   1.7595909E-15
  2.649619098605924E+03   1.8126897E-15
  2.651169044343393E+03   1.7835071E-15
  2.652718999278217E+03   1.8218563E-15
  2.654268963410560E+03   1.7797471E-15
  2.655818936740585E+03   1.9033082E-15
  2.657368919268456E+03   1.9879889E-15
  2.658918910994337E+03   2.1685458E-15
  2.660468911918393E+03   2.0392729E-15
  2.662018922040785E+03   2.0477949E-15
  2.663568941361678E+03   2.1244954E-15
  2.665118969881236E+03   2.0901897E-15
  2.666669007599623E+03   2.0679528E-15
  2.668219054517004E+03   2.1898800E-15
  2.669769110633539E+03   2.1140901E-15
  2.671319175949395E+03   2.2090388E-15
  2.672869250464735E+03   2.3418053E-15
  2.674419334179722E+03   2.5861754E-15
  2.675969427094521E+03   2.4704853E-15
  2.677519529209295E+03   2.5524504E-15
  2.679069640524209E+03   2.6488372E-15
  2.680619761039425E+03   2.5603841E-15
  2.682169890755108E+03   2.9943777E-15
  2.683720029671421E+03   3.1623331E-15
  2.685270177788529E+03   3.0680361E-15
  2.686820335106594E+03   3.0561618E-15
  2.688370501625782E+03   3.3999523E-15
  2.689920677346256E+03   3.5002250E-15
  2.691470862268179E+03   3.4886653E-15
  2.693021056391717E+03   3.5026077E-15
  2.694571259717031E+03   3.8147332E-15
  2.696121472244286E+03   3.8813277E-15
  2.697671693973648E+03   3.9815576E-15
  2.699221924905278E+03   4.0455450E-15
  2.700772165039341E+03   3.9569386E-15
  2.702322414376000E+03   4.0983592E-15
  2.703872672915421E+03   4.1704523E-15
  2.705422940657766E+03   4.1889938E-15
  2.706973217603199E+03   4.2848246E-15
  2.708523503751886E+03   4.5824571E-15
  2.710073799103988E+03   4.4301670E-15
  2.711624103659670E+03   4.6494164E-15
  2.713174417419097E+03   4.4700838E-15
  2.714724740382432E+03   4.5507976E-15
  2.716275072549838E+03   4.8774995E-15
  2.717825413921480E+03   4.8202138E-15
  2.719375764497523E+03   4.6855580E-15
  2.720926124278129E+03   5.0195990E-15
  2.722476493263463E+03   4.8667989E-15
  2.724026871453689E+03   5.1588105E-15
  2.725577258848969E+03   5.2085835E-15
  2.727127655449471E+03   5.0414872E-15
  2.728678061255355E+03   5.0749687E-15
  2.730228476266787E+03   5.7342081E-15
  2.731778900483930E+03   5.2068483E-15
  2.733329333906949E+03   5.4791165E-15
  2.734879776536008E+03   5.6168961E-15
  2.736430228371270E+03   5.7870667E-15
  2.737980689412899E+03   5.7686692E-15
  2.739531159661060E+03   5.6383646E-15
  2.741081639115916E+03   5.7428715E-15
  2.742632127777632E+03   5.9297837E-15
  2.744182625646371E+03   5.9729875E-15
  2.745733132722298E+03   6.3118252E-15
  2.747283649005577E+03   6.1662482E-15
  2.748834174496370E+03   6.2485633E-15
  2.750384709194844E+03   6.3145624E-15
  2.751935253101161E+03   6.5470374E-15
  2.753485806215486E+03   6.5568685E-15
  2.755036368537983E+03   6.8381787E-15
  2.756586940068815E+03   6.5195368E-15
  2.758137520808147E+03   6.6367390E-15
  2.759688110756143E+03   7.3445905E-15
  2.761238709912968E+03   7.6014803E-15
  2.762789318278784E+03   7.2749957E-15
  2.764339935853757E+03   7.6377596E-15
  2.765890562638049E+03   7.8916560E-15
  2.767441198631826E+03   7.8479754E-15
  2.768991843835252E+03   7.7861979E-15
  2.770542498248489E+03   7.8944360E-15
  2.772093161871704E+03   8.2235803E-15
  2.773643834705059E+03   8.8830497E-15
  2.775194516748719E+03   8.2977059E-15
  2.776745208002848E+03   8.8704975E-15
  2.778295908467610E+03   9.1599888E-15
  2.779846618143169E+03   9.1621860E-15
  2.781397337029690E+03   9.2774680E-15
  2.782948065127336E+03   1.0129022E-14
  2.784498802436271E+03   9.8410236E-15
  2.786049548956661E+03   1.0069435E-14
  2.787600304688668E+03   9.7947807E-15
  2.789151069632457E+03   1.0427046E-14
  2.790701843788192E+03   1.0498676E-14
  2.792252627156038E+03   1.0368486E-14
  2.793803419736159E+03   1.0434011E-14
  2.795354221528718E+03   9.9148552E-15
  2.796905032533880E+03   8.0931559E-15
  2.798455852751810E+03   8.1609913E-15
  2.800006682182670E+03   9.8107608E-15
  2.801557520826626E+03   9.8656418E-15
  2.803108368683841E+03   8.8773940E-15
  2.804659225754481E+03   5.7393220E-15
  2.806210092038708E+03   5.5037982E-15
  2.807760967536688E+03   8.2617730E-15
  2.809311852248585E+03   9.4388989E-15
  2.810862746174562E+03   8.7809907E-15
  2.812413649314784E+03   7.2368615E-15
  2.813964561669416E+03   7.3609738E-15
  2.815515483238620E+03   9.3332468E-15
  2.817066414022563E+03   9.5977845E-15
  2.818617354021408E+03   9.7559078E-15
  2.820168303235318E+03   9.4978228E-15
  2.821719261664459E+03   1.0119267E-14
  2.823270229308995E+03   1.0057628E-14
  2.824821206169090E+03   1.0226084E-14
  2.826372192244908E+03   1.0119741E-14
  2.827923187536614E+03   1.0231180E-14
  2.829474192044371E+03   1.0242947E-14
  2.831025205768345E+03   1.0670650E-14
  2.832576228708699E+03   1.0751638E-14
  2.834127260865598E+03   1.0499278E-14
  2.835678302239206E+03   1.0846971E-14
  2.837229352829686E+03   1.0956321E-14
  2.838780412637206E+03   1.1132945E-14
  2.840331481661926E+03   1.1372142E-14
  2.841882559904013E+03   1.0971516E-14
  2.843433647363630E+03   1.1105582E-14
  2.844984744040943E+03   1.1610399E-14
  2.846535849936115E+03   1.1491927E-14
  2.848086965049310E+03   1.1839887E-14
  2.849638089380694E+03   1.2249955E-14
  2.851189222930429E+03   1.2234315E-14
  2.852740365698681E+03   1.1813720E-14
  2.854291517685615E+03   1.1068489E-14
  2.855842678891393E+03   1.1597658E-14
  2.857393849316182E+03   1.2179480E-14
  2.858945028960145E+03   1.2022448E-14
  2.860496217823445E+03   1.2054822E-14
  2.862047415906250E+03   1.0421467E-14
  2.863598623208721E+03   1.1029722E-14
  2.865149839731023E+03   1.3024291E-14
  2.866701065473323E+03   1.2759764E-14
  2.868252300435782E+03   1.4161596E-14
  2.869803544618567E+03   1.4047791E-14
  2.871354798021840E+03   1.3727375E-14
  2.872906060645768E+03   1.4206633E-14
  2.874457332490514E+03   1.4639874E-14
  2.876008613556242E+03   1.4932744E-14
  2.877559903843117E+03   1.5534666E-14
  2.879111203351304E+03   1.5295081E-14
  2.880662512080967E+03   1.6062470E-14
  2.882213830032269E+03   1.5932715E-14
  2.883765157205378E+03   1.6980200E-14
  2.885316493600455E+03   1.7088608E-14
  2.886867839217665E+03   1.7136488E-14
  2.888419194057175E+03   1.8150759E-14
  2.889970558119146E+03   1.8475994E-14
  2.891521931403745E+03   1.9079292E-14
  2.893073313911136E+03   2.0132606E-14
  2.894624705641482E+03   2.0086189E-14
  2.896176106594950E+03   2.0595560E-14
  2.897727516771702E+03   2.1209737E-14
  2.899278936171904E+03   2.1595959E-14
  2.900830364795720E+03   2.1977586E-14
  2.902381802643315E+03   2.2741830E-14
  2.903933249714853E+03   2.3454735E-14
  2.905484706010498E+03   2.4037870E-14
  2.907036171530417E+03   2.3946907E-14
  2.908587646274771E+03   2.4001131E-14
  2.910139130243727E+03   2.4726098E-14
  2.911690623437449E+03   2.5315501E-14
  2.913242125856101E+03   2.5366468E-14
  2.914793637499848E+03   2.5503249E-14
  2.916345158368854E+03   2.5818594E-14
  2.917896688463285E+03   2.6085611E-14
  2.919448227783304E+03   2.6695429E-14
  2.920999776329076E+03   2.6956383E-14
  2.922551334100766E+03   2.6986495E-14
  2.924102901098538E+03   2.7235989E-14
  2.925654477322558E+03   2.7321807E-14
  2.927206062772989E+03   2.7135873E-14
  2.928757657449995E+03   2.8179202E-14
  2.930309261353743E+03   2.9167983E-14
  2.931860874484396E+03   2.9074436E-14
  2.933412496842119E+03   2.9747631E-14
  2.934964128427077E+03   2.8847726E-14
  2.936515769239433E+03   2.9570107E-14
  2.938067419279354E+03   3.0460806E-14
  2.939619078547002E+03   3.0435517E-14
  2.941170747042544E+03   3.0863963E-14
  2.942722424766144E+03   3.0603741E-14
  2.944274111717965E+03   3.0643521E-14
  2.945825807898174E+03   3.0805450E-14
  2.947377513306935E+03   3.1422229E-14
  2.948929227944412E+03   3.2302167E-14
  2.950480951810769E+03   3.2281547E-14
  2.952032684906173E+03   3.2730217E-14
  2.953584427230786E+03   3.3209750E-14
  2.955136178784775E+03   3.3336516E-14
  2.956687939568303E+03   3.2368531E-14
  2.958239709581536E+03   3.3173524E-14
  2.959791488824638E+03   3.3366684E-14
  2.961343277297773E+03   3.3616136E-14
  2.962895075001107E+03   3.3482863E-14
  2.964446881934804E+03   3.2922568E-14
  2.965998698099029E+03   3.3831468E-14
  2.967550523493947E+03   3.4022186E-14
  2.969102358119722E+03   3.4041953E-14
  2.970654201976519E+03   3.3854135E-14
  2.972206055064503E+03   3.4109841E-14
  2.973757917383838E+03   3.3512516E-14
  2.975309788934690E+03   3.3537439E-14
  2.976861669717222E+03   3.3925818E-14
  2.978413559731600E+03   3.4174473E-14
  2.979965458977989E+03   3.4085026E-14
  2.981517367456554E+03   3.3104883E-14
  2.983069285167458E+03   3.2398509E-14
  2.984621212110867E+03   3.2141522E-14
  2.986173148286945E+03   3.0818213E-14
  2.987725093695858E+03   3.0482137E-14
  2.989277048337770E+03   3.0567600E-14
  2.990829012212846E+03   2.9100860E-14
  2.992380985321251E+03   2.9280926E-14
  2.993932967663150E+03   2.8361872E-14
  2.995484959238706E+03   2.8054751E-14
  2.997036960048086E+03   2.7112425E-14
  2.998588970091454E+03   2.7256943E-14
  3.000140989368975E+03   2.7125774E-14
  3.001693017880813E+03   2.6520325E-14
  3.003245055627134E+03   2.5996954E-14
  3.004797102608102E+03   2.5096883E-14
  3.006349158823882E+03   2.4917753E-14
  3.007901224274640E+03   2.4892179E-14
  3.009453298960539E+03   2.3225513E-14
  3.011005382881744E+03   2.3722111E-14
  3.012557476038422E+03   2.3428836E-14
  3.014109578430735E+03   2.3358233E-14
  3.015661690058851E+03   2.3500096E-14
  3.017213810922932E+03   2.3506640E-14
  3.018765941023144E+03   2.4202659E-14
  3.020318080359652E+03   2.4624794E-14
  3.021870228932622E+03   2.4294790E-14
  3.023422386742217E+03   2.5209181E-14
  3.024974553788602E+03   2.5260051E-14
  3.026526730071942E+03   2.4897429E-14
  3.028078915592404E+03   2.5226445E-14
  3.029631110350151E+03   2.5041504E-14
  3.031183314345348E+03   2.5183340E-14
  3.032735527578160E+03   2.5730704E-14
  3.034287750048752E+03   2.4869231E-14
  3.035839981757289E+03   2.6315238E-14
  3.037392222703937E+03   2.6793363E-14
  3.038944472888859E+03   2.6871246E-14
  3.040496732312221E+03   2.6662754E-14
  3.042049000974188E+03   2.7571502E-14
  3.043601278874925E+03   2.7410123E-14
  3.045153566014596E+03   2.6355644E-14
  3.046705862393368E+03   2.7237688E-14
  3.048258168011404E+03   2.7586748E-14
  3.049810482868869E+03   2.7047539E-14
  3.051362806965930E+03   2.7423659E-14
  3.052915140302750E+03   2.7299996E-14
  3.054467482879494E+03   2.7046111E-14
  3.056019834696329E+03   2.6113616E-14
  3.057572195753418E+03   2.7768866E-14
  3.059124566050926E+03   2.7459392E-14
  3.060676945589019E+03   2.7046907E-14
  3.062229334367863E+03   2.6018457E-14
  3.063781732387620E+03   2.7117277E-14
  3.065334139648457E+03   2.7131416E-14
  3.066886556150539E+03   2.7433371E-14
  3.068438981894031E+03   2.6367704E-14
  3.069991416879098E+03   2.6842562E-14
  3.071543861105905E+03   2.7140762E-14
  3.073096314574616E+03   2.7085058E-14
  3.074648777285398E+03   2.7729174E-14
  3.076201249238414E+03   2.5667472E-14
  3.077753730433831E+03   2.6317021E-14
  3.079306220871813E+03   2.6210550E-14
  3.080858720552525E+03   2.5783503E-14
  3.082411229476133E+03   2.5909422E-14
  3.083963747642802E+03   2.6151590E-14
  3.085516275052695E+03   2.5768917E-14
  3.087068811705979E+03   2.5861178E-14
  3.088621357602819E+03   2.7368400E-14
  3.090173912743380E+03   2.6425216E-14
  3.091726477127827E+03   2.5906691E-14
  3.093279050756325E+03   2.6947316E-14
  3.094831633629038E+03   2.6144771E-14
  3.096384225746134E+03   2.6771477E-14
  3.097936827107776E+03   2.7242445E-14
  3.099489437714129E+03   2.6201755E-14
  3.101042057565359E+03   2.7807282E-14
  3.102594686661630E+03   2.8875634E-14
  3.104147325003109E+03   2.8184310E-14
  3.105699972589961E+03   2.8741786E-14
  3.107252629422349E+03   2.9362743E-14
  3.108805295500440E+03   2.9745598E-14
  3.110357970824399E+03   3.0018390E-14
  3.111910655394390E+03   3.0090690E-14
  3.113463349210580E+03   3.0806866E-14
  3.115016052273132E+03   3.0554721E-14
  3.116568764582213E+03   3.1031594E-14
  3.118121486137988E+03   3.0586133E-14
  3.119674216940621E+03   3.1410313E-14
  3.121226956990278E+03   3.2264979E-14
  3.122779706287125E+03   3.2706358E-14
  3.124332464831326E+03   3.3981762E-14
  3.125885232623047E+03   3.5086632E-14
  3.127438009662452E+03   3.5130607E-14
  3.128990795949708E+03   3.5573730E-14
  3.130543591484979E+03   3.4892533E-14
  3.132096396268430E+03   3.4716953E-14
  3.133649210300227E+03   3.5230716E-14
  3.135202033580535E+03   3.5984660E-14
  3.136754866109520E+03   3.7414902E-14
  3.138307707887346E+03   3.7432107E-14
  3.139860558914179E+03   3.7801105E-14
  3.141413419190184E+03   3.7493639E-14
  3.142966288715527E+03   3.7360421E-14
  3.144519167490372E+03   3.7712478E-14
  3.146072055514885E+03   3.0478576E-14
  3.147624952789231E+03   2.5873106E-14
  3.149177859313576E+03   4.6344198E-14
  3.150730775088085E+03   7.9704282E-14
  3.152283700112922E+03   7.1885039E-16
