

  2.889757406217390E+03  -9.7848712E-15   7.6303777E-15   2576
  2.892501987485804E+03  -7.7713249E-15   4.7200449E-15   2560
  2.895246591350278E+03  -4.8749838E-15   4.3490437E-15    512
  2.897991217747225E+03   2.3425969E-16   3.6539460E-15    512
  2.900735866613045E+03  -1.2565227E-15   2.5278044E-15    512
  2.903480537884139E+03  -2.4063029E-15   2.1984770E-15    512
  2.906225231496900E+03  -4.4208524E-16   1.9193496E-15    512
  2.908969947387716E+03   1.6051284E-15   1.7968029E-15    512
  2.911714685492970E+03   3.2822927E-15   3.4123618E-15    528
  2.914459445749039E+03   1.9742472E-15   1.4384662E-15    512
  2.917204228092296E+03   3.6420858E-16   1.2688813E-15    512
  2.919949032459110E+03  -3.8591703E-16   1.1585958E-15    512
  2.922693858785842E+03   3.4997977E-16   1.1592911E-15    528
  2.925438707008848E+03   3.5824091E-17   9.0371724E-16    512
  2.928183577064482E+03  -9.7840522E-16   9.1499887E-16  16912
  2.930928468889091E+03   1.9590085E-15   7.4997753E-16    512
  2.933673382419017E+03   1.9064397E-15   1.1333150E-15    528
  2.936418317590596E+03   2.1098049E-15   6.7935849E-16    528
  2.939163274340161E+03  -1.7262336E-15   2.8069514E-15  16912
  2.941908252604038E+03   1.4729585E-15   4.6296476E-16    512
  2.944653252318549E+03   1.0924678E-15   4.1280241E-16    512
  2.947398273420011E+03   1.9658750E-15   4.1459571E-16    512
  2.950143315844737E+03   1.3120138E-15   3.5922395E-16    528
  2.952888379529032E+03   1.6708718E-15   3.0435474E-16    512
  2.955633464409199E+03   1.4135225E-15   2.7253280E-16    512
  2.958378570421535E+03   1.6702049E-15   2.6074848E-16    512
  2.961123697502332E+03   1.9061860E-15   3.8346455E-16    528
  2.963868845587877E+03   1.2925027E-15   2.1107773E-16    512
  2.966614014614453E+03   1.1764977E-15   2.0177422E-16    512
  2.969359204518337E+03   1.2052137E-15   2.7476409E-16    528
  2.972104415235802E+03   1.5109150E-15   1.9249511E-16      0
  2.974849646703115E+03   1.2924852E-15   2.0977791E-16      0
  2.977594898856539E+03   1.3127767E-15   2.0116718E-16      0
  2.980340171632333E+03   1.6809342E-15   2.0330793E-16      0
  2.983085464966749E+03   1.3762915E-15   2.0306818E-16     16
  2.985830778796035E+03   1.4473366E-15   2.0621004E-16    272
  2.988576113056437E+03   8.7467682E-16   2.0380728E-16     16
  2.991321467684192E+03   1.4758816E-15   1.8078878E-16     16
  2.994066842615535E+03   1.0366966E-15   1.6745549E-16      0
  2.996812237786696E+03   8.4485644E-16   1.7042632E-16     16
  2.999557653133898E+03   1.3920797E-15   1.5840077E-16      0
  3.002303088593363E+03   1.1762087E-15   1.6440933E-16     16
  3.005048544101304E+03   1.1052134E-15   1.6475381E-16      0
  3.007794019593934E+03   2.3988909E-15   4.0163952E-16     16
  3.010539515007458E+03   1.0246208E-15   1.5168419E-16      0
  3.013285030278077E+03   1.0510805E-15   1.5038650E-16      0
  3.016030565341988E+03   1.3956437E-15   1.5926287E-16      0
  3.018776120135384E+03   5.9207449E-16   3.9739281E-16     16
  3.021521694594451E+03   9.1366077E-16   1.3702325E-16      0
  3.024267288655373E+03   1.0563224E-15   1.3528650E-16      0
  3.027012902254328E+03   1.2183557E-15   1.4118525E-16      0
  3.029758535327489E+03   8.5773235E-16   1.3253404E-16     16
  3.032504187811027E+03   9.9953943E-16   1.2660781E-16      0
  3.035249859641106E+03   1.3154180E-15   1.3660108E-16      0
  3.037995550753886E+03   1.1629149E-15   1.5336780E-16     16
  3.040741261085522E+03   8.8868886E-16   1.6462789E-16     16
  3.043486990572168E+03   7.0880051E-16   1.6168677E-16     16
  3.046232739149967E+03   1.0303518E-15   1.2056013E-16      0
  3.048978506755063E+03   1.0754677E-15   1.1779010E-16      0
  3.051724293323594E+03   1.1776040E-15   1.2080821E-16      0
  3.054470098791694E+03   1.2907301E-15   1.3841220E-16     16
  3.057215923095492E+03   1.0182964E-15   1.1208678E-16      0
  3.059961766171112E+03   1.0895405E-15   1.1751494E-16     16
  3.062707627954673E+03   1.0528623E-15   1.1211048E-16      0
  3.065453508382294E+03   1.2078876E-15   1.1753727E-16      0
  3.068199407390084E+03   1.0634529E-15   1.1048794E-16      0
  3.070945324914151E+03   1.1629579E-15   1.0828462E-16      0
  3.073691260890598E+03   1.1042613E-15   1.0686295E-16      0
  3.076437215255523E+03   1.0990984E-15   1.0905269E-16      0
  3.079183187945022E+03   1.1281453E-15   1.2231407E-16     16
  3.081929178895184E+03   1.2302316E-15   1.1635361E-16     16
  3.084675188042094E+03   1.0672283E-15   1.0455472E-16     16
  3.087421215321834E+03   1.0530937E-15   1.0740204E-16      0
  3.090167260670481E+03   1.1254394E-15   1.2339966E-16     16
  3.092913324024109E+03   1.2302568E-15   1.0573649E-16      0
  3.095659405318787E+03   1.0787607E-15   1.3877943E-16     16
  3.098405504490579E+03   1.1627030E-15   1.1844624E-16     16
  3.101151621475544E+03   1.1391539E-15   9.9066565E-17      0
  3.103897756209742E+03   1.0456370E-15   9.8672271E-17      0
  3.106643908629221E+03   1.0148852E-15   1.0843124E-16     16
  3.109390078670032E+03   1.3361358E-15   1.0700095E-16      0
  3.112136266268218E+03   1.3683908E-15   1.0768068E-16      0
  3.114882471359819E+03   1.3338429E-15   1.0345607E-16      0
  3.117628693880871E+03   1.3351722E-15   1.1062313E-16     16
  3.120374933767405E+03   1.4249221E-15   1.0382983E-16      0
  3.123121190955449E+03   1.4727069E-15   1.0400072E-16      0
  3.125867465381026E+03   1.1141730E-15   1.3654227E-16     16
  3.128613756980156E+03   1.1296975E-15   1.0577196E-16      0
  3.131360065688856E+03   1.4726270E-15   1.1182590E-16      0
  3.134106391443136E+03   1.4330665E-15   9.9451965E-17      0
  3.136852734179003E+03   1.2939404E-15   1.0728542E-16     16
  3.139599093832462E+03   1.3942019E-15   1.0711010E-16     16
  3.142345470339512E+03   1.4149497E-15   1.1223667E-16     16
  3.145091863636149E+03   1.4814940E-15   1.1258915E-16     16
  3.147838273658364E+03   1.5872536E-15   1.0386466E-16      0
  3.150584700342146E+03   1.2484577E-15   1.1647211E-16     16
  3.153331143623479E+03   1.4299481E-15   9.9605681E-17      0
  3.156077603438343E+03   1.4772852E-15   1.0313181E-16      0
  3.158824079722712E+03   1.5107324E-15   9.9201078E-17      0
  3.161570572412562E+03   1.7229781E-15   1.5859705E-16     16
  3.164317081443859E+03   1.0592742E-16   2.3987624E-16     16
  3.167063606752570E+03   1.3705716E-15   9.4254233E-17      0
  3.169810148274654E+03   1.5686756E-15   9.8198760E-17      0
  3.172556705946069E+03   1.7160963E-15   1.0411237E-16     16
  3.175303279702768E+03   1.7327860E-15   9.8562282E-17      0
  3.178049869480701E+03   1.6975196E-15   1.0565542E-16      0
  3.180796475215813E+03   1.7601222E-15   1.0742935E-16     16
  3.183543096844048E+03   1.6257590E-15   1.0561917E-16     16
  3.186289734301342E+03   1.6479823E-15   9.4320209E-17      0
  3.189036387523632E+03   1.8269590E-15   1.2384669E-16     16
  3.191783056446849E+03   1.6113378E-15   9.2816183E-17      0
  3.194529741006918E+03   1.7896750E-15   9.3819950E-17      0
  3.197276441139765E+03   1.8108556E-15   1.0142838E-16     16
  3.200023156781310E+03   1.5953026E-15   9.1339533E-17      0
  3.202769887867467E+03   1.7927022E-15   9.2046508E-17      0
  3.205516634334153E+03   1.6456598E-15   8.9565661E-17      0
  3.208263396117273E+03   1.7807057E-15   9.3601263E-17      0
  3.211010173152736E+03   1.7751978E-15   1.0133364E-16     16
  3.213756965376442E+03   1.8111220E-15   1.6333576E-16     16
  3.216503772724291E+03   1.7010800E-15   9.3367787E-17     16
  3.219250595132177E+03   1.7024431E-15   8.9023461E-17      0
  3.221997432535992E+03   1.5621012E-15   8.8754534E-17      0
  3.224744284871623E+03   1.5740134E-15   8.8096337E-17      0
  3.227491152074957E+03   1.4095040E-15   9.9332758E-17     16
  3.230238034081872E+03   1.6144302E-15   8.7199541E-17      0
  3.232984930828248E+03   1.3509080E-15   8.7874176E-17      0
  3.235731842249958E+03   1.0889769E-15   1.3866767E-16     16
  3.238478768282872E+03   1.3441931E-15   8.3346758E-17      0
  3.241225708862858E+03   1.3297416E-15   1.1713760E-16     16
  3.243972663925781E+03   1.1445916E-15   8.2527969E-17      0
  3.246719633407500E+03   1.2305489E-15   7.7800281E-17      0
  3.249466617243872E+03   1.3652959E-15   8.2336559E-17      0
  3.252213615370752E+03   1.3223808E-15   8.2785321E-17      0
  3.254960627723990E+03   1.2689367E-15   7.9822519E-17      0
  3.257707654239432E+03   1.2142502E-15   1.0383142E-16     16
  3.260454694852922E+03   1.1433613E-15   7.5342555E-17      0
  3.263201749500302E+03   1.1296104E-15   7.5717982E-17      0
  3.265948818117408E+03   1.0071789E-15   8.7651135E-17      0
  3.268695900640073E+03   1.3485500E-15   8.1210561E-17      0
  3.271442997004131E+03   1.2425403E-15   8.6608153E-17     16
  3.274190107145405E+03   1.3508065E-15   1.0069473E-16     16
  3.276937230999722E+03   1.5125158E-15   8.2727107E-17      0
  3.279684368502904E+03   1.2134907E-15   7.5632703E-17      0
  3.282431519590766E+03   1.3398702E-15   7.8352222E-17      0
  3.285178684199123E+03   1.1005531E-15   7.8769306E-17     16
  3.287925862263789E+03   1.2948877E-15   8.3161774E-17      0
  3.290673053720569E+03   1.2127641E-15   8.2346406E-17      0
  3.293420258505271E+03   1.2053985E-15   7.3138992E-17      0
  3.296167476553695E+03   1.2255301E-15   7.7340732E-17     16
  3.298914707801640E+03   1.1357362E-15   8.8786470E-17      0
  3.301661952184904E+03   1.1579299E-15   7.5635814E-17      0
  3.304409209639278E+03   1.2932991E-15   7.5545307E-17      0
  3.307156480100552E+03   1.1353996E-15   7.7275345E-17      0
  3.309903763504513E+03   1.2196101E-15   7.7263407E-17      0
  3.312651059786945E+03   1.1915625E-15   8.1845578E-17      0
  3.315398368883627E+03   1.4240623E-15   8.6667313E-17      0
  3.318145690730338E+03   1.2240000E-15   8.0760019E-17      0
  3.320893025262853E+03   1.2955483E-15   8.1552167E-17      0
  3.323640372416942E+03   1.1877449E-15   8.5604690E-17      0
  3.326387732128376E+03   1.2014025E-15   8.8638822E-17     16
  3.329135104332919E+03   1.3937867E-15   7.3678896E-17      0
  3.331882488966334E+03   1.3113070E-15   7.3545892E-17      0
  3.334629885964382E+03   1.4457202E-15   7.4608204E-17      0
  3.337377295262819E+03   1.3105658E-15   7.2188562E-17      0
  3.340124716797400E+03   1.3960161E-15   7.5176146E-17      0
  3.342872150503877E+03   1.3246712E-15   7.1965428E-17      0
  3.345619596317996E+03   1.2366875E-15   7.2613031E-17      0
  3.348367054175504E+03   1.3545871E-15   8.4302741E-17     16
  3.351114524012145E+03   1.5256271E-14   4.9615558E-16     16
  3.353862005763657E+03   1.4549442E-15   7.2925573E-17      0
  3.356609499365778E+03   1.5024251E-15   8.9994749E-17     16
  3.359357004754243E+03   1.5387567E-15   8.3634730E-17     16
  3.362104521864783E+03   1.5394054E-15   7.3135465E-17      0
  3.364852050633127E+03   1.5251926E-15   8.1815667E-17     16
  3.367599590995002E+03   1.5399936E-15   7.1920357E-17      0
  3.370347142886130E+03   1.5589573E-15   7.1890360E-17      0
  3.373094706242233E+03   1.4898748E-15   8.2849907E-17      0
  3.375842280999029E+03   1.4378941E-15   6.9890727E-17      0
  3.378589867092233E+03   1.5124452E-15   8.0238472E-17     16
  3.381337464457558E+03   1.6341669E-15   7.6364997E-17      0
  3.384085073030714E+03   1.5153315E-15   7.5872566E-17     16
  3.386832692747408E+03   1.5748238E-15   7.5395673E-17      0
  3.389580323543346E+03   1.5636162E-15   8.5558858E-17      0
  3.392327965354230E+03   1.3468561E-15   2.3824501E-16     16
  3.395075618115759E+03   1.6923311E-15   1.1417043E-16     16
  3.397823281763632E+03   1.6151652E-15   8.4818564E-17     16
  3.400570956233541E+03   1.9582703E-15   8.9382477E-17     16
  3.403318641461179E+03   1.8491002E-15   8.3280657E-17     16
  3.406066337382236E+03   1.8073650E-15   9.4580526E-17     16
  3.408814043932400E+03   1.9418785E-15   7.4302848E-17      0
  3.411561761047354E+03   1.9465554E-15   7.5205832E-17      0
  3.414309488662781E+03   2.0601540E-15   1.0719945E-16     16
  3.417057226714359E+03   2.1381625E-15   7.7194817E-17     16
  3.419804975137768E+03   2.0616380E-15   7.8736940E-17     16
  3.422552733868680E+03   2.1713118E-15   1.0510457E-16     16
  3.425300502842769E+03   2.0213319E-15   7.4712852E-17     16
  3.428048281995704E+03   2.1864777E-15   7.6206105E-17      0
  3.430796071263153E+03   2.3605351E-15   7.8324124E-17      0
  3.433543870580781E+03   2.0660228E-15   8.4939127E-17     16
  3.436291679884252E+03   2.2179058E-15   9.2039467E-17     16
  3.439039499109225E+03   2.4579816E-15   9.7952147E-17     16
  3.441787328191358E+03   2.2909952E-15   7.5263926E-17      0
  3.444535167066308E+03   2.1514167E-15   7.4416761E-17      0
  3.447283015669728E+03   2.1338088E-15   7.3857647E-17      0
  3.450030873937269E+03   2.3108950E-15   7.9935644E-17     16
  3.452778741804580E+03   2.1260889E-15   9.9860532E-17     16
  3.455526619207308E+03   2.2713199E-15   8.1776412E-17      0
  3.458274506081098E+03   2.1674559E-15   7.3852181E-17      0
  3.461022402361592E+03   2.1736864E-15   7.5028709E-17      0
  3.463770307984430E+03   2.2080673E-15   7.3429293E-17      0
  3.466518222885249E+03   2.1743255E-15   7.3431721E-17      0
  3.469266146999686E+03   2.3292457E-15   7.4278483E-17      0
  3.472014080263375E+03   2.2691492E-15   7.4790667E-17      0
  3.474762022611946E+03   2.4138559E-15   7.5403799E-17      0
  3.477509973981029E+03   2.2537054E-15   7.5511796E-17      0
  3.480257934306250E+03   2.3336408E-15   7.4018629E-17      0
  3.483005903523236E+03   2.4332463E-15   7.4170890E-17      0
  3.485753881567610E+03   2.3281031E-15   7.3316743E-17      0
  3.488501868374990E+03   2.3054960E-15   7.2318191E-17      0
  3.491249863880999E+03   2.1950435E-15   7.7583586E-17      0
  3.493997868021251E+03   2.3338299E-15   1.1477831E-16     16
  3.496745880731361E+03   2.3762008E-15   7.3470354E-17      0
  3.499493901946944E+03   2.5941671E-15   7.8541904E-17     16
  3.502241931603608E+03   2.5295726E-15   7.8920025E-17      0
  3.504989969636963E+03   2.5425623E-15   7.4561471E-17      0
  3.507738015982617E+03   2.4900810E-15   7.8206420E-17     16
  3.510486070576173E+03   2.6495358E-15   7.5620137E-17      0
  3.513234133353235E+03   2.7767646E-15   7.6816518E-17      0
  3.515982204249403E+03   2.8695333E-15   7.7901514E-17      0
  3.518730283200278E+03   2.8819470E-15   7.8934815E-17      0
  3.521478370141456E+03   2.9819488E-15   7.9030047E-17      0
  3.524226465008533E+03   3.1627043E-15   9.4941111E-17      0
  3.526974567737102E+03   2.9971333E-15   9.5110947E-17      0
  3.529722678262755E+03   3.4055851E-15   8.3847308E-17      0
  3.532470796521082E+03   3.5244048E-15   8.5035358E-17     16
  3.535218922447672E+03   3.7354848E-15   8.5651932E-17      0
  3.537967055978108E+03   3.9079614E-15   1.0989957E-16     16
  3.540715197047978E+03   3.5292951E-15   8.4220334E-17      0
  3.543463345592863E+03   3.6838314E-15   8.5017670E-17      0
  3.546211501548344E+03   3.7842383E-15   8.5578405E-17      0
  3.548959664850001E+03   3.8817601E-15   9.0254636E-17     16
  3.551707835433409E+03   3.6069687E-15   8.8623727E-17      0
  3.554456013234148E+03   3.9762581E-15   8.6644105E-17      0
  3.557204198187790E+03   3.9925872E-15   9.0516184E-17     16
  3.559952390229906E+03   4.0507026E-15   8.7240866E-17      0
  3.562700589296069E+03   4.1453759E-15   8.8442012E-17      0
  3.565448795321846E+03   4.2720166E-15   9.1887616E-17      0
  3.568197008242807E+03   4.3432525E-15   9.0795870E-17      0
  3.570945227994514E+03   4.2473192E-15   8.8834202E-17      0
  3.573693454512536E+03   4.1707288E-15   8.8387240E-17      0
  3.576441687732433E+03   4.3382550E-15   9.9080978E-17     16
  3.579189927589766E+03   4.4320512E-15   9.0183293E-17      0
  3.581938174020095E+03   4.5425212E-15   9.6470707E-17     16
  3.584686426958978E+03   4.5660493E-15   9.1249708E-17      0
  3.587434686341972E+03   4.3846720E-15   9.0286698E-17      0
  3.590182952104631E+03   4.5294456E-15   9.0619152E-17      0
  3.592931224182508E+03   4.2803709E-15   1.0920342E-16      0
  3.595679502511156E+03   4.5081380E-15   1.0757767E-16      0
  3.598427787026127E+03   4.6042644E-15   9.0832478E-17      0
  3.601176077662968E+03   4.6593059E-15   9.1426083E-17      0
  3.603924374357226E+03   4.5226304E-15   1.0688679E-16      0
  3.606672677044448E+03   4.4360704E-15   1.0583026E-16      0
  3.609420985660181E+03   4.7368374E-15   9.2215425E-17      0
  3.612169300139964E+03   4.6073269E-15   9.2820405E-17     16
  3.614917620419343E+03   4.4913604E-15   1.1510671E-16     16
  3.617665946433857E+03   4.3242658E-15   1.0730718E-16     16
  3.620414278119045E+03   4.3800184E-15   9.6753457E-17     16
  3.623162615410446E+03   4.4726245E-15   1.1184987E-16     16
  3.625910958243596E+03   4.1483943E-15   8.8465590E-17     16
  3.628659306554030E+03   4.3525021E-15   8.9195627E-17      0
  3.631407660277283E+03   3.9707888E-15   8.8852830E-17      0
  3.634156019348887E+03   4.0971208E-15   1.0529036E-16     16
  3.636904383704374E+03   4.0159924E-15   8.8632978E-17     16
  3.639652753279275E+03   3.9223008E-15   8.4596423E-17   1024
  3.642401128009118E+03   3.7616449E-15   9.5400156E-17   1024
  3.645149507829432E+03   3.5860664E-15   9.7165664E-17   1024
  3.647897892675743E+03   3.6503965E-15   7.9788651E-17   1024
  3.650646282483575E+03   3.6392135E-15   8.5014500E-17   1024
  3.653394677188455E+03   3.5106875E-15   9.2560902E-17   1024
  3.656143076725905E+03   3.6767168E-15   9.8685870E-17   1296
  3.658891481031447E+03   3.6548858E-15   8.1452448E-17   1024
  3.661639890040603E+03   3.5278471E-15   8.4274319E-17   1024
  3.664388303688891E+03   3.8324713E-15   9.5583949E-17   1024
  3.667136721911832E+03   3.7816540E-15   8.5630564E-17   1040
  3.669885144644941E+03   3.4751335E-15   9.6477966E-17   1024
  3.672633571823737E+03   3.8397206E-15   8.0853206E-17   1024
  3.675382003383734E+03   3.9785290E-15   1.1481905E-16   1040
  3.678130439260448E+03   3.9854429E-15   1.1178352E-16   1040
  3.680878879389391E+03   3.6829090E-15   9.3318109E-17   1024
  3.683627323706077E+03   3.7497403E-15   8.4339514E-17   1024
  3.686375772146016E+03   4.0868730E-15   9.1624196E-17   1040
  3.689124224644720E+03   3.7920107E-15   7.9694087E-17   1024
  3.691872681137699E+03   3.9119145E-15   8.1841223E-17   1040
  3.694621141560459E+03   3.8888867E-15   9.2876494E-17   1024
  3.697369605848511E+03   3.6694873E-15   8.4174118E-17   1024
  3.700118073937360E+03   3.7871830E-15   8.5676787E-17   1040
  3.702866545762513E+03   1.5922034E-14   2.2814372E-16   1040
  3.705615021259474E+03   3.3473605E-15   7.6938590E-17   1040
  3.708363500363748E+03   3.3723984E-15   7.7585320E-17   1040
  3.711111983010838E+03   3.2566621E-15   7.2542886E-17   1024
  3.713860469136247E+03   3.2228183E-15   7.2219134E-17   1024
  3.716608958675477E+03   2.7598618E-15   6.7198757E-17   1024
  3.719357451564028E+03   2.9922248E-15   6.9345747E-17   1024
  3.722105947737401E+03   2.7894224E-15   6.8280127E-17   1024
  3.724854447131096E+03   2.5873761E-15   6.6570357E-17      0
  3.727602949680609E+03   2.4349557E-15   6.4157756E-17      0
  3.730351455321440E+03   2.3938830E-15   6.2970640E-17      0
  3.733099963989087E+03   2.3702656E-15   6.3395857E-17      0
  3.735848475619044E+03   2.5048221E-15   6.7034657E-17     16
  3.738596990146809E+03   2.1993079E-15   5.9711521E-17      0
  3.741345507507876E+03   2.3086933E-15   6.0885542E-17      0
  3.744094027637739E+03   2.1118007E-15   5.9316116E-17      0
  3.746842550471893E+03   2.0549763E-15   5.9135943E-17      0
  3.749591075945829E+03   2.0353878E-15   5.9358315E-17      0
  3.752339603995042E+03   2.0289296E-15   5.7891625E-17      0
  3.755088134555023E+03   2.0448083E-15   6.0326931E-17     16
  3.757836667561263E+03   2.1026202E-15   7.3095291E-17     16
  3.760585202949253E+03   2.0495430E-15   6.0269729E-17      0
  3.763333740654483E+03   2.0360732E-15   7.2231727E-17     16
  3.766082280612443E+03   2.0522393E-15   5.7101720E-17      0
  3.768830822758622E+03   2.2668594E-15   6.3935145E-17     16
  3.771579367028509E+03   2.1995809E-15   5.8630621E-17      0
  3.774327913357591E+03   2.1862115E-15   5.7066965E-17      0
  3.777076461681356E+03   2.2471953E-15   5.8864224E-17      0
  3.779825011935292E+03   2.2802574E-15   5.8560066E-17      0
  3.782573564054885E+03   2.4024861E-15   6.5476474E-17     16
  3.785322117975621E+03   2.3773517E-15   6.1805056E-17     16
  3.788070673632987E+03   2.4807549E-15   6.0143707E-17      0
  3.790819230962467E+03   2.3789204E-15   6.0588465E-17     16
  3.793567789899546E+03   2.2976855E-15   7.0088555E-17     16
  3.796316350379711E+03   2.5258787E-15   6.5537791E-17     16
  3.799064912338444E+03   2.5055167E-15   5.8715318E-17      0
  3.801813475711230E+03   2.5690442E-15   5.9484450E-17      0
  3.804562040433552E+03   2.7663581E-15   6.1356638E-17      0
  3.807310606440893E+03   2.7139262E-15   6.1042740E-17      0
  3.810059173668737E+03   2.7202937E-15   6.0480541E-17      0
  3.812807742052566E+03   2.7330628E-15   6.1503969E-17     16
  3.815556311527863E+03   2.7448723E-15   6.0296543E-17      0
  3.818304882030111E+03   2.9242068E-15   8.7943877E-17     16
  3.821053453494789E+03   2.8969105E-15   6.1096599E-17      0
  3.823802025857382E+03   3.1248432E-15   7.1810236E-17     16
  3.826550599053369E+03   3.1029951E-15   6.2255320E-17      0
  3.829299173018233E+03   3.1733600E-15   6.2851188E-17      0
  3.832047747687454E+03   3.4325155E-15   6.6039169E-17      0
  3.834796322996514E+03   3.6379235E-15   6.9533193E-17     16
  3.837544898880894E+03   3.4942578E-15   6.7126501E-17     16
  3.840293475276073E+03   3.6824080E-15   6.8730139E-17      0
  3.843042052117533E+03   3.8233886E-15   6.6342274E-17      0
  3.845790629340754E+03   4.0056616E-15   6.8109807E-17      0
  3.848539206881217E+03   3.9673033E-15   6.7572881E-17      0
  3.851287784674401E+03   4.2837031E-15   7.3960627E-17     16
  3.854036362655787E+03   4.5243337E-15   9.1435671E-17     16
  3.856784940760856E+03   4.6281448E-15   7.1155029E-17      0
  3.859533518925087E+03   4.8462965E-15   7.2633128E-17      0
  3.862282097083960E+03   5.0190484E-15   7.4968788E-17     16
  3.865030675172956E+03   5.2184455E-15   7.5248832E-17      0
  3.867779253127555E+03   5.3065119E-15   7.5424591E-17     16
  3.870527830883236E+03   5.7186887E-15   7.7792108E-17      0
  3.873276408375481E+03   6.0278735E-15   1.0787726E-16     16
  3.876024985539770E+03   5.9067639E-15   8.1257664E-17      0
  3.878773562311582E+03   6.4241422E-15   8.2954350E-17     16
  3.881522138626399E+03   6.6669362E-15   9.4967283E-17     16
  3.884270714419702E+03   6.8272943E-15   8.2660059E-17      0
  3.887019289626969E+03   7.1765883E-15   8.4841983E-17      0
  3.889767864183683E+03   7.0301388E-15   1.0119147E-16      0
  3.892516438025325E+03   7.6312934E-15   1.1156230E-16     16
  3.895265011087376E+03   7.6866165E-15   1.0101537E-16      0
  3.898013583305316E+03   8.0167942E-15   1.0846850E-16     16
  3.900762154614629E+03   8.1859314E-15   1.1065679E-16      0
  3.903510724950794E+03   8.6365741E-15   1.0596658E-16      0
  3.906259294249296E+03   9.1584294E-15   9.2875991E-17      0
  3.909007862445614E+03   8.8168938E-15   1.0749665E-16      0
  3.911756429475233E+03   9.1892987E-15   1.0960992E-16     16
  3.914504995273634E+03   9.2810256E-15   9.2866820E-17      0
  3.917253559776302E+03   9.6196778E-15   9.5180814E-17      0
  3.920002122918719E+03   9.6445950E-15   9.6886950E-17     16
  3.922750684636369E+03   9.4674168E-15   1.0927307E-16      0
  3.925499244864735E+03   9.6518591E-15   9.3698077E-17      0
  3.928247803539303E+03   9.6725157E-15   1.1025420E-16      0
  3.930996360595558E+03   9.9163951E-15   9.4635888E-17     16
  3.933744915968983E+03   9.8414480E-15   1.1070589E-16      0
  3.936493469595065E+03   9.8235476E-15   1.1056106E-16      0
  3.939242021409289E+03   1.0239770E-14   1.1197492E-16      0
  3.941990571347143E+03   1.0267868E-14   1.1206525E-16      0
  3.944739119344113E+03   1.0452826E-14   1.1296814E-16      0
  3.947487665335684E+03   1.0333043E-14   1.1150531E-16      0
  3.950236209257347E+03   1.0441389E-14   1.1185614E-16      0
  3.952984751044589E+03   1.0537812E-14   9.6587888E-17     16
  3.955733290632897E+03   1.0664740E-14   9.5279216E-17      0
  3.958481827957763E+03   9.9991731E-15   1.2015418E-16      0
  3.961230362954675E+03   1.0465389E-14   1.1070377E-16      0
  3.963978895559124E+03   1.0916279E-14   1.1259359E-16      0
  3.966727425706601E+03   1.0886338E-14   1.1213477E-16      0
  3.969475953332596E+03   1.0736873E-14   1.1184115E-16      0
  3.972224478372603E+03   1.1049939E-14   1.1408701E-16     16
  3.974973000762113E+03   1.0955915E-14   9.9934158E-17      0
  3.977721520436620E+03   1.1214388E-14   9.8482330E-17     16
  3.980470037331618E+03   1.0946595E-14   9.5094549E-17     16
  3.983218551382601E+03   1.0430804E-14   1.0889251E-16      0
  3.985967062525064E+03   1.0461177E-14   1.1997805E-16     16
  3.988715570694504E+03   1.0150972E-14   1.0658390E-16     16
  3.991464075826416E+03   9.5641997E-15   1.1552250E-16      0
  3.994212577856300E+03   9.4493403E-15   1.0696405E-16     16
  3.996961076719651E+03   9.5684340E-15   8.9746013E-17      0
  3.999709572351970E+03   9.1862011E-15   1.0169352E-16     16
  4.002458064688754E+03   9.1848433E-15   9.1468467E-17      0
  4.005206553665507E+03   9.1485784E-15   8.6337407E-17      0
  4.007955039217726E+03   8.7572475E-15   9.7854752E-17      0
  4.010703521280915E+03   8.3632908E-15   9.5435176E-17      0
  4.013451999790577E+03   8.5845154E-15   9.8873825E-17     16
  4.016200474682216E+03   8.0413683E-15   9.4320394E-17     16
  4.018948945891334E+03   7.8542434E-15   9.3219741E-17      0
  4.021697413353439E+03   7.5722924E-15   9.0330783E-17     16
  4.024445877004035E+03   7.7512739E-15   7.9950805E-17     16
  4.027194336778630E+03   7.4154626E-15   8.8875819E-17      0
  4.029942792612732E+03   7.0752899E-15   1.0597980E-16     16
  4.032691244441849E+03   7.0342660E-15   9.7136759E-17      0
  4.035439692201493E+03   6.8567376E-15   8.8165363E-17      0
  4.038188135827172E+03   6.8740324E-15   8.5783904E-17      0
  4.040936575254399E+03   6.8574195E-15   8.5467563E-17      0
  4.043685010418687E+03   6.8680659E-15   8.5553630E-17      0
  4.046433441255549E+03   6.7640138E-15   8.4673265E-17     16
  4.049181867700502E+03   7.0168531E-15   8.6217307E-17     16
  4.051930289689058E+03   6.6804040E-15   9.0469756E-17     16
  4.054678707156736E+03   6.9155124E-15   8.7386966E-17     16
  4.057427120039053E+03   7.0278142E-15   7.4328081E-17      0
  4.060175528271530E+03   6.8099501E-15   9.8030802E-17     16
  4.062923931789684E+03   7.0759671E-15   7.5471615E-17     16
  4.065672330529038E+03   7.2370817E-15   8.9531574E-17     16
  4.068420724425114E+03   7.1751678E-15   9.6782712E-17      0
  4.071169113413436E+03   7.1572759E-15   8.5664518E-17      0
  4.073917497429528E+03   7.5891272E-15   9.2137789E-17      0
  4.076665876408915E+03   7.4286729E-15   8.7678988E-17      0
  4.079414250287125E+03   7.4703131E-15   9.0051209E-17      0
  4.082162618999685E+03   7.6002860E-15   8.7952579E-17      0
  4.084910982482125E+03   7.6635077E-15   7.6685479E-17      0
  4.087659340669975E+03   7.4852310E-15   9.4676287E-17     16
  4.090407693498768E+03   7.5473380E-15   8.6672415E-17      0
  4.093156040904036E+03   7.5914616E-15   8.8216165E-17      0
  4.095904382821314E+03   7.5468662E-15   7.8119592E-17     16
  4.098652719186136E+03   7.3414463E-15   8.2077519E-17     16
  4.101401049934041E+03   7.2552489E-15   8.9511398E-17      0
  4.104149375000566E+03   7.2337300E-15   1.0113786E-16      0
  4.106897694321251E+03   7.1246431E-15   8.5420136E-17     16
  4.109646007831636E+03   7.2836041E-15   9.6074904E-17      0
  4.112394315467264E+03   7.3936320E-15   8.6419390E-17      0
  4.115142617163679E+03   7.3816939E-15   7.4979264E-17      0
  4.117890912856426E+03   7.3163301E-15   8.6086473E-17      0
  4.120639202481050E+03   7.2913020E-15   8.5981871E-17     16
  4.123387485973101E+03   7.3164131E-15   7.4385381E-17      0
  4.126135763268127E+03   7.3342830E-15   7.7773149E-17     16
  4.128884034301678E+03   7.2555284E-15   8.4962679E-17      0
  4.131632299009309E+03   7.0744522E-15   9.4631811E-17      0
  4.134380557326570E+03   7.2995555E-15   7.3959251E-17      0
  4.137128809189019E+03   7.5006910E-15   7.6260719E-17      0
  4.139877054532212E+03   7.2349251E-15   8.9012462E-17     16
  4.142625293291706E+03   7.2587090E-15   8.7725389E-17      0
  4.145373525403063E+03   7.2224195E-15   8.6189632E-17      0
  4.148121750801843E+03   7.3001975E-15   8.4442878E-17     16
  4.150869969423609E+03   7.1383634E-15   8.4837536E-17     16
  4.153618181203926E+03   7.2596788E-15   8.8948829E-17      0
  4.156366386078359E+03   7.6067912E-15   7.5315007E-17     16
  4.159114583982477E+03   7.5803918E-15   7.4808785E-17      0
  4.161862774851849E+03   7.4893391E-15   7.4137591E-17      0
  4.164610958622046E+03   7.4420527E-15   7.4223710E-17     16
  4.167359135228639E+03   7.4764828E-15   8.3974502E-17      0
  4.170107304607207E+03   7.7682662E-15   7.5203939E-17      0
  4.172855466693321E+03   7.7703838E-15   7.5058693E-17      0
  4.175603621422562E+03   8.0256389E-15   9.4595058E-17      0
  4.178351768730508E+03   8.3053452E-15   1.0464986E-16      0
  4.181099908552739E+03   7.9560128E-15   1.0003570E-16     16
  4.183848040824841E+03   7.8552480E-15   8.5266466E-17      0
  4.186596165482398E+03   8.1058571E-15   8.6698077E-17      0
  4.189344282460995E+03   8.1829015E-15   8.7506491E-17      0
  4.192092391696220E+03   8.1993264E-15   8.7759409E-17      0
  4.194840493123666E+03   8.3976591E-15   8.8253514E-17      0
  4.197588586678924E+03   8.2092553E-15   9.9322137E-17      0
  4.200336672297585E+03   8.2927092E-15   9.0322055E-17     16
  4.203084749915250E+03   8.2033311E-15   8.7368815E-17      0
  4.205832819467511E+03   8.4803541E-15   9.1234349E-17      0
  4.208580880889971E+03   8.4814934E-15   1.0181949E-16     16
  4.211328934118231E+03   8.3326798E-15   9.9610234E-17      0
  4.214076979087893E+03   8.4346008E-15   1.0496361E-16     16
  4.216825015734562E+03   8.2582434E-15   8.7420629E-17     16
  4.219573043993848E+03   7.9991081E-15   9.8094522E-17      0
  4.222321063801358E+03   8.3347195E-15   8.8570331E-17     16
  4.225069075092702E+03   7.8408137E-15   9.5696287E-17      0
  4.227817077803496E+03   8.0973343E-15   8.5508962E-17      0
  4.230565071869353E+03   8.0426973E-15   8.5200033E-17      0
  4.233313057225891E+03   8.2088919E-15   7.5904647E-17      0
  4.236061033808730E+03   8.0961476E-15   8.5398808E-17      0
  4.238809001553489E+03   7.7424546E-15   9.7772186E-17     16
  4.241556960395794E+03   8.2543556E-15   7.6290511E-17      0
  4.244304910271268E+03   8.2390132E-15   7.6494738E-17      0
  4.247052851115542E+03   8.3581171E-15   7.7267596E-17     16
  4.249800782864241E+03   8.2985114E-15   7.5826039E-17      0
  4.252548705453000E+03   8.2832699E-15   8.1828683E-17      0
  4.255296618817451E+03   8.2814327E-15   7.7677295E-17      0
  4.258044522893233E+03   8.0663227E-15   7.4915002E-17      0
  4.260792417615982E+03   7.9824444E-15   8.6953252E-17      0
  4.263540302921338E+03   8.0473466E-15   8.7798571E-17      0
  4.266288178744946E+03   8.2404430E-15   8.0064439E-17     16
  4.269036045022449E+03   8.0653444E-15   7.6208937E-17      0
  4.271783901689494E+03   7.9460635E-15   8.3864335E-17      0
  4.274531748681730E+03   7.7848147E-15   9.4927816E-17     16
  4.277279585934812E+03   7.6882080E-15   9.3795962E-17      0
  4.280027413384390E+03   7.6317076E-15   8.1282162E-17      0
  4.282775230966122E+03   7.4445895E-15   9.1879642E-17      0
  4.285523038615666E+03   7.6974983E-15   8.2212237E-17      0
  4.288270836268684E+03   7.5355625E-15   8.3272113E-17     16
  4.291018623860838E+03   7.5960492E-15   9.3043909E-17      0
  4.293766401327794E+03   7.4074802E-15   8.0180456E-17      0
  4.296514168605220E+03   7.7822846E-15   7.2606612E-17      0
  4.299261925628786E+03   7.4510905E-15   8.3623440E-17      0
  4.302009672334166E+03   7.5866327E-15   7.1854103E-17      0
  4.304757408657033E+03   7.6111484E-15   8.2176417E-17     16
  4.307505134533067E+03   7.5981668E-15   8.0629781E-17      0
  4.310252849897945E+03   7.5659990E-15   8.2621863E-17     16
  4.313000554687352E+03   7.6498688E-15   7.4003297E-17      0
  4.315748248836971E+03   7.4891367E-15   9.1564698E-17      0
  4.318495932282492E+03   7.5102710E-15   8.5361909E-17     16
  4.321243604959604E+03   7.4938538E-15   9.0458202E-17     16
  4.323991266803998E+03   7.3892740E-15   9.0757873E-17      0
  4.326738917751371E+03   7.3332004E-15   8.2542831E-17      0
  4.329486557737420E+03   7.1376934E-15   8.8860817E-17     16
  4.332234186697844E+03   7.3455934E-15   7.8998706E-17     16
  4.334981804568348E+03   6.9058723E-15   8.9386633E-17      0
  4.337729411284634E+03   7.0527389E-15   7.9458851E-17      0
  4.340477006782414E+03   7.0703233E-15   8.5178924E-17     16
  4.343224590997395E+03   6.9395410E-15   8.9664810E-17      0
  4.345972163865292E+03   7.0164139E-15   7.0249723E-17      0
  4.348719725321821E+03   7.0320214E-15   6.8317336E-17      0
  4.351467275302700E+03   6.6203858E-15   7.5730834E-17      0
  4.354214813743650E+03   6.5200281E-15   7.3558584E-17      0
  4.356962340580396E+03   6.4764076E-15   6.5781360E-17      0
  4.359709855748662E+03   6.2716772E-15   7.6428134E-17      0
  4.362457359184183E+03   5.9056806E-15   8.0185486E-17      0
  4.365204850822684E+03   5.9945593E-15   7.1476829E-17     16
  4.367952330599905E+03   5.9488305E-15   6.2574711E-17      0
  4.370699798451582E+03   5.7691681E-15   6.1951897E-17      0
  4.373447254313456E+03   5.7295570E-15   6.2508768E-17     16
  4.376194698121269E+03   5.6366871E-15   6.1145714E-17      0
  4.378942129810768E+03   5.2475915E-15   5.9347919E-17      0
  4.381689549317702E+03   5.3778520E-15   6.0360501E-17     16
  4.384436956577823E+03   4.9762745E-15   7.5426074E-17     16
  4.387184351526885E+03   4.9808002E-15   6.3702191E-17      0
  4.389931734100645E+03   4.8400890E-15   7.3295819E-17      0
  4.392679104234865E+03   5.0598546E-15   5.7696430E-17      0
  4.395426461865308E+03   4.9929543E-15   5.7423599E-17      0
  4.398173806927740E+03   4.7568189E-15   5.6375687E-17      0
  4.400921139357930E+03   4.7609291E-15   5.6057269E-17      0
  4.403668459091648E+03   4.6352438E-15   6.1955351E-17      0
  4.406415766064674E+03   4.5463354E-15   6.1273238E-17      0
  4.409163060212784E+03   4.3850781E-15   5.9787285E-17      0
  4.411910341471757E+03   4.5882839E-15   6.1391366E-17      0
  4.414657609777380E+03   4.5180653E-15   5.4616595E-17      0
  4.417404865065439E+03   4.4539644E-15   5.4101950E-17      0
  4.420152107271722E+03   4.2334279E-15   6.2108327E-17      0
  4.422899336332028E+03   4.3053567E-15   6.0235709E-17     16
  4.425646552182148E+03   4.2131470E-15   6.1946107E-17      0
  4.428393754757883E+03   4.1643905E-15   6.1929471E-17     16
  4.431140943995038E+03   4.3194907E-15   5.3679459E-17     16
  4.433888119829416E+03   4.2051959E-15   6.2641938E-17     16
  4.436635282196825E+03   4.2917631E-15   5.3110402E-17     16
  4.439382431033080E+03   4.2877134E-15   6.1851676E-17      0
  4.442129566273994E+03   4.3609220E-15   5.8851836E-17      0
  4.444876687855385E+03   4.4324197E-15   7.2498357E-17     16
  4.447623795713077E+03   4.5140821E-15   5.5081672E-17     16
  4.450370889782893E+03   4.6087817E-15   5.4281974E-17      0
  4.453117970000661E+03   4.6407250E-15   5.4487879E-17      0
  4.455865036302213E+03   4.6911374E-15   5.4748779E-17      0
  4.458612088623382E+03   4.7145947E-15   5.6333706E-17     16
  4.461359126900007E+03   4.7533786E-15   6.3629565E-17     16
  4.464106151067928E+03   5.0189201E-15   5.6408391E-17      0
  4.466853161062990E+03   5.0780608E-15   5.6656942E-17      0
  4.469600156821042E+03   5.2028012E-15   5.9265896E-17      0
  4.472347138277932E+03   5.3540703E-15   5.9241994E-17   1040
  4.475094105369517E+03   5.4750994E-15   5.8664073E-17   1024
  4.477841058031652E+03   5.5913458E-15   5.9490366E-17   1040
  4.480587996200202E+03   5.6898938E-15   5.9660302E-17   1024
  4.483334919811026E+03   5.7371159E-15   7.6869557E-17   1024
  4.486081828799995E+03   5.7189018E-15   7.6708978E-17   1024
  4.488828723102982E+03   6.1235823E-15   6.2011534E-17   1024
  4.491575602655859E+03   6.2418273E-15   6.2433382E-17   1024
  4.494322467394504E+03   5.9934298E-15   6.9313672E-17   1024
  4.497069317254801E+03   6.2700132E-15   7.5837229E-17   1024
  4.499816152172633E+03   6.5470687E-15   6.4527155E-17   1024
  4.502562972083889E+03   6.7706859E-15   7.1655288E-17   1024
  4.505309776924461E+03   6.5953907E-15   7.7538111E-17   1040
  4.508056566630246E+03   6.9007588E-15   6.9852941E-17   1040
  4.510803341137141E+03   6.7323064E-15   8.3107293E-17   1024
  4.513550100381050E+03   6.9735490E-15   6.5924204E-17   1024
  4.516296844297879E+03   6.7571693E-15   8.1289434E-17   1024
  4.519043572823537E+03   7.1064497E-15   8.0176188E-17   1024
  4.521790285893940E+03   7.3984779E-15   6.8187926E-17   1024
  4.524536983445002E+03   7.5594794E-15   6.8417068E-17      0
  4.527283665412647E+03   7.8550320E-15   6.9316743E-17      0
  4.530030331732795E+03   7.5977839E-15   8.8000007E-17      0
  4.532776982341378E+03   7.7871347E-15   8.8809545E-17     16
  4.535523617174325E+03   7.9743392E-15   8.9298065E-17      0
  4.538270236167574E+03   7.8946376E-15   8.2690943E-17     16
  4.541016839257062E+03   8.4022382E-15   8.2910576E-17     16
  4.543763426378732E+03   8.5505037E-15   8.2924724E-17     16
  4.546509997468531E+03   8.8001031E-15   8.9535479E-17     16
  4.549256552462410E+03   8.8102040E-15   9.6148722E-17      0
  4.552003091296320E+03   9.2386908E-15   9.6101202E-17      0
  4.554749613906222E+03   9.6493536E-15   9.7734639E-17      0
  4.557496120228077E+03   9.9436798E-15   9.2759167E-17     16
  4.560242610197849E+03   1.0248625E-14   8.1364986E-17      0
  4.562989083751509E+03   1.0430479E-14   8.2683670E-17      0
  4.565735540825029E+03   1.0213356E-14   1.0063107E-16     16
  4.568481981354385E+03   1.0792526E-14   9.6172922E-17      0
  4.571228405275559E+03   1.0906176E-14   8.1760735E-17     16
  4.573974812524537E+03   1.1212212E-14   8.2980443E-17      0
  4.576721203037305E+03   1.1448943E-14   8.5639597E-17     16
  4.579467576749857E+03   1.1386663E-14   1.0649660E-16      0
  4.582213933598187E+03   1.1570587E-14   9.9383388E-17     16
  4.584960273518300E+03   1.1559688E-14   9.9565692E-17      0
  4.587706596446195E+03   1.1713614E-14   1.0265861E-16      0
  4.590452902317884E+03   1.1856371E-14   1.0814768E-16      0
  4.593199191069378E+03   1.2038435E-14   1.0453688E-16      0
  4.595945462636692E+03   1.1849331E-14   1.1067881E-16     16
  4.598691716955848E+03   1.2293983E-14   8.7003406E-17      0
  4.601437953962871E+03   1.2011403E-14   1.1104634E-16      0
  4.604184173593786E+03   1.2413411E-14   1.0610888E-16      0
  4.606930375784628E+03   1.2106480E-14   1.1155738E-16      0
  4.609676560471433E+03   1.2151415E-14   1.1211091E-16      0
  4.612422727590241E+03   1.2321602E-14   1.1064795E-16      0
  4.615168877077096E+03   1.2517208E-14   1.0468000E-16      0
  4.617915008868050E+03   1.2696571E-14   1.1186453E-16      0
  4.620661122899151E+03   1.2599419E-14   1.1156080E-16      0
  4.623407219106461E+03   1.2789911E-14   9.7217697E-17     16
  4.626153297426037E+03   1.2832039E-14   1.0777669E-16      0
  4.628899357793947E+03   1.2750429E-14   1.1230868E-16     16
  4.631645400146259E+03   1.2907033E-14   1.1290726E-16     16
  4.634391424419047E+03   1.3085665E-14   1.1319244E-16      0
  4.637137430548391E+03   1.2832946E-14   1.1487135E-16     16
  4.639883418470371E+03   1.3265484E-14   9.1117055E-17      0
  4.642629388121074E+03   1.4194240E-14   1.4274313E-16     16
  4.645375339436590E+03   1.3027405E-14   1.0921974E-16      0
  4.648121272353016E+03   1.2665669E-14   1.0877493E-16     16
  4.650867186806449E+03   1.2523966E-14   1.1520790E-16      0
  4.653613082732994E+03   1.2802316E-14   9.2532003E-17      0
  4.656358960068760E+03   1.2161302E-14   1.0892845E-16      0
  4.659104818749856E+03   1.2145552E-14   1.1206642E-16      0
  4.661850658712403E+03   1.2066179E-14   1.1310444E-16     16
  4.664596479892518E+03   1.1689807E-14   1.0985433E-16      0
  4.667342282226328E+03   1.2119269E-14   1.2126263E-16     16
  4.670088065649962E+03   1.1631118E-14   1.0039880E-16      0
  4.672833830099557E+03   1.1542946E-14   1.0036116E-16      0
  4.675579575511248E+03   1.1032506E-14   9.7897414E-17      0
  4.678325301821180E+03   1.0806084E-14   9.6238222E-17      0
  4.681071008965500E+03   1.0627644E-14   1.0232245E-16      0
  4.683816696880360E+03   1.0284035E-14   9.5163887E-17     16
  4.686562365501916E+03   1.0878641E-14   8.2308150E-17     16
  4.689308014766330E+03   1.0050847E-14   8.6852191E-17     16
  4.692053644609769E+03   9.3760618E-15   9.5171159E-17     16
  4.694799254968398E+03   9.1224991E-15   9.7562022E-17      0
  4.697544845778396E+03   9.1916432E-15   7.5553883E-17      0
  4.700290416975940E+03   8.8368169E-15   8.8340646E-17      0
  4.703035968497215E+03   8.8611683E-15   8.7687888E-17     16
  4.705781500278408E+03   8.5724156E-15   9.2113271E-17      0
  4.708527012255713E+03   8.4510391E-15   9.1653524E-17      0
  4.711272504365327E+03   8.2417847E-15   9.0148373E-17      0
  4.714017976543453E+03   8.5142024E-15   8.5953873E-17      0
  4.716763428726296E+03   8.3358876E-15   8.7841962E-17     16
  4.719508860850069E+03   8.2843253E-15   8.4798037E-17   1024
  4.722254272850988E+03   8.0028867E-15   8.3565279E-17   1024
  4.724999664665272E+03   8.3361645E-15   7.2101966E-17   1040
  4.727745036229148E+03   7.7704109E-15   8.2802665E-17   1024
  4.730490387478847E+03   7.8111752E-15   8.8414735E-17   1024
  4.733235718350602E+03   7.8066639E-15   7.5947846E-17   1024
  4.735981028780654E+03   7.7752085E-15   7.0611949E-17   1040
  4.738726318705248E+03   7.6364840E-15   8.2086208E-17   1040
  4.741471588060631E+03   7.0952846E-15   8.1024121E-17   1024
  4.744216836783060E+03   7.0516293E-15   7.9066489E-17   1024
  4.746962064808791E+03   6.8326031E-15   7.1337479E-17   1024
  4.749707272074091E+03   6.6380286E-15   8.1503026E-17      0
  4.752452458515225E+03   6.6321884E-15   6.4996762E-17      0
  4.755197624068469E+03   6.2157984E-15   7.9053479E-17     16
  4.757942768670100E+03   6.2846393E-15   7.9329817E-17      0
  4.760687892256401E+03   6.0086412E-15   6.2131270E-17      0
  4.763432994763661E+03   6.0552929E-15   6.2127643E-17      0
  4.766178076128173E+03   5.7395194E-15   6.0677748E-17      0
  4.768923136286233E+03   5.6340367E-15   6.2058901E-17     16
  4.771668175174145E+03   5.4883987E-15   5.9581820E-17     16
  4.774413192728217E+03   5.2416614E-15   6.8285943E-17      0
  4.777158188884761E+03   5.2406479E-15   6.3768273E-17     16
  4.779903163580097E+03   5.3088967E-15   6.0165333E-17     16
  4.782648116750544E+03   5.0501438E-15   6.6661619E-17      0
  4.785393048332432E+03   5.0864989E-15   5.7138017E-17      0
  4.788137958262095E+03   5.2813474E-15   5.8356705E-17     16
  4.790882846475867E+03   5.1210782E-15   5.7008619E-17      0
  4.793627712910094E+03   5.0593253E-15   5.6806370E-17      0
  4.796372557501123E+03   5.2375558E-15   5.7717679E-17      0
  4.799117380185307E+03   5.4285600E-15   5.9423702E-17     16
  4.801862180899003E+03   5.3446360E-15   5.8916336E-17      0
  4.804606959578577E+03   5.5226485E-15   5.9246481E-17      0
  4.807351716160393E+03   5.6117839E-15   7.0129120E-17      0
  4.810096450580829E+03   5.6433532E-15   7.5337373E-17     16
  4.812841162776262E+03   5.7816258E-15   7.1085625E-17      0
  4.815585852683074E+03   6.0028979E-15   6.2386015E-17      0
  4.818330520237656E+03   6.1611584E-15   6.3889842E-17     16
  4.821075165376403E+03   6.0766326E-15   7.7502635E-17      0
  4.823819788035712E+03   6.2740264E-15   7.6848666E-17     16
  4.826564388151989E+03   6.3495081E-15   7.6067953E-17     16
  4.829308965661644E+03   6.3945960E-15   7.9511764E-17      0
  4.832053520501092E+03   6.2201369E-15   7.7954454E-17      0
  4.834798052606752E+03   6.3887718E-15   6.3179903E-17      0
  4.837542561915053E+03   6.2169228E-15   6.2621377E-17      0
  4.840287048362423E+03   6.0480147E-15   6.4911675E-17      0
  4.843031511885300E+03   5.9979030E-15   6.3129207E-17     16
  4.845775952420126E+03   5.7973031E-15   7.1672599E-17      0
  4.848520369903345E+03   5.5849643E-15   7.9038285E-17      0
  4.851264764271414E+03   5.7193731E-15   6.5034376E-17     16
  4.854009135460788E+03   5.5539904E-15   6.9790816E-17      0
  4.856753483407930E+03   5.4366153E-15   6.8918240E-17      0
  4.859497808049308E+03   5.4859016E-15   7.0128022E-17     16
  4.862242109321398E+03   5.3095011E-15   7.1967314E-17     16
  4.864986387160679E+03   5.3434184E-15   7.2682104E-17     16
  4.867730641503636E+03   5.3938351E-15   5.8455934E-17      0
  4.870474872286758E+03   5.3237067E-15   5.8772499E-17      0
  4.873219079446540E+03   5.3262956E-15   5.8940715E-17      0
  4.875963262919487E+03   5.2722935E-15   6.2406681E-17     16
  4.878707422642104E+03   5.1849153E-15   5.9989772E-17      0
  4.881451558550903E+03   5.1357416E-15   5.8334967E-17      0
  4.884195670582400E+03   5.3633902E-15   5.8054030E-17      0
  4.886939758673122E+03   5.3149941E-15   5.7767349E-17      0
  4.889683822759595E+03   5.2587083E-15   5.7479954E-17      0
  4.892427862778357E+03   5.4195942E-15   6.2633249E-17      0
  4.895171878665945E+03   5.4184901E-15   6.0684021E-17      0
  4.897915870358906E+03   5.6042681E-15   6.6309154E-17     16
  4.900659837793790E+03   5.8351155E-15   6.7021085E-17      0
  4.903403780907156E+03   5.8748494E-15   6.6260754E-17     16
  4.906147699635568E+03   5.6577727E-15   6.1809735E-17      0
  4.908891593915590E+03   5.8777463E-15   6.0463832E-17      0
  4.911635463683800E+03   5.8658124E-15   7.5164466E-17      0
  4.914379308876774E+03   6.0215373E-15   7.1699254E-17      0
  4.917123129431102E+03   6.2104032E-15   6.6353180E-17      0
  4.919866925283372E+03   6.2032572E-15   7.4367984E-17      0
  4.922610696370181E+03   6.2144266E-15   7.6861014E-17      0
  4.925354442628131E+03   6.6569175E-15   6.4122664E-17      0
  4.928098163993835E+03   6.6017515E-15   7.7662902E-17      0
  4.930841860403901E+03   6.8688278E-15   7.7315698E-17     16
  4.933585531794952E+03   6.9403855E-15   8.2333826E-17      0
  4.936329178103615E+03   7.2165547E-15   7.9228802E-17      0
  4.939072799266520E+03   7.4155939E-15   7.9752883E-17      0
  4.941816395220305E+03   7.5991214E-15   1.0781125E-16     16
  4.944559965901612E+03   7.7050293E-15   7.3143452E-17      0
  4.947303511247093E+03   7.6448493E-15   7.9823386E-17     16
  4.950047031193400E+03   7.9024218E-15   6.9773466E-17      0
  4.952790525677196E+03   8.0296055E-15   7.3580634E-17      0
  4.955533994635146E+03   8.4290248E-15   7.2136886E-17     16
  4.958277438003926E+03   8.2451661E-15   7.0304046E-17      0
  4.961020855720211E+03   8.0981576E-15   8.2905467E-17      0
  4.963764247720689E+03   7.9401868E-15   8.6094996E-17     16
  4.966507613942048E+03   8.0952768E-15   7.4797271E-17     16
  4.969250954320987E+03   7.6390937E-15   9.9453268E-17     16
  4.971994268794208E+03   7.6150032E-15   8.2263787E-17      0
  4.974737557298417E+03   7.3925283E-15   8.4538580E-17      0
  4.977480819770332E+03   7.3573163E-15   7.7909773E-17      0
  4.980224056146672E+03   7.2147217E-15   7.9766476E-17      0
  4.982967266364166E+03   7.1732163E-15   6.9678240E-17     16
  4.985710450359544E+03   6.9032588E-15   7.5876887E-17      0
  4.988453608069546E+03   6.5260619E-15   7.7140310E-17      0
  4.991196739430917E+03   6.3553043E-15   7.3795502E-17     16
  4.993939844380409E+03   6.4983144E-15   7.3557724E-17      0
  4.996682922854779E+03   6.4635877E-15   6.3133210E-17     16
  4.999425974790789E+03   6.3594844E-15   6.1877385E-17      0
  5.002169000125210E+03   5.9661939E-15   7.4672611E-17      0
  5.004911998794817E+03   5.8060792E-15   7.2713338E-17      0
  5.007654970736393E+03   6.0158643E-15   6.1118860E-17      0
  5.010397915886724E+03   5.8480235E-15   7.0704891E-17      0
  5.013140834182606E+03   5.6709521E-15   6.8671595E-17      0
  5.015883725560841E+03   5.6025355E-15   6.8259738E-17      0
  5.018626589958234E+03   5.7571521E-15   5.9125381E-17      0
  5.021369427311597E+03   5.4151384E-15   7.2131400E-17     16
  5.024112237557750E+03   5.3541279E-15   6.7764952E-17     16
  5.026855020633519E+03   5.3185457E-15   6.8899089E-17      0
  5.029597776475737E+03   5.3741255E-15   6.6451528E-17     16
  5.032340505021240E+03   5.2726378E-15   6.6411016E-17      0
  5.035083206206875E+03   5.3393980E-15   7.0792797E-17     16
  5.037825879969491E+03   5.3078282E-15   6.6410447E-17      0
  5.040568526245945E+03   5.4141685E-15   5.7245246E-17      0
  5.043311144973102E+03   5.3227644E-15   5.6756779E-17      0
  5.046053736087832E+03   5.3965248E-15   5.8731981E-17      0
  5.048796299527010E+03   5.5902938E-15   6.4677695E-17     16
  5.051538835227520E+03   5.3441884E-15   6.6867309E-17      0
  5.054281343126251E+03   5.1613597E-15   6.5502176E-17      0
  5.057023823160099E+03   5.4368267E-15   6.7355643E-17     16
  5.059766275265965E+03   5.5268455E-15   6.1664819E-17      0
  5.062508699380758E+03   5.4085802E-15   5.6983023E-17      0
  5.065251095441395E+03   5.4604233E-15   5.7166412E-17      0
  5.067993463384793E+03   5.7044671E-15   6.4329591E-17     16
  5.070735803147885E+03   5.5865215E-15   6.2382607E-17     16
  5.073478114667602E+03   5.7578737E-15   6.0783078E-17      0
  5.076220397880888E+03   5.5313259E-15   6.7511735E-17      0
  5.078962652724688E+03   5.6175568E-15   6.8048754E-17      0
  5.081704879135959E+03   5.4777125E-15   6.7125594E-17      0
  5.084447077051661E+03   5.6270698E-15   7.1908386E-17     16
  5.087189246408760E+03   5.6894250E-15   5.8767841E-17     16
  5.089931387144230E+03   5.9174844E-15   6.4835919E-17     16
  5.092673499195054E+03   5.6901069E-15   6.8620482E-17      0
  5.095415582498218E+03   5.7525658E-15   6.8680290E-17      0
  5.098157636990715E+03   5.8675819E-15   5.9236177E-17     16
  5.100899662609548E+03   5.8987019E-15   5.9138782E-17      0
  5.103641659291722E+03   5.8174333E-15   6.9580494E-17     16
  5.106383626974253E+03   6.0750651E-15   8.2037808E-17     16
  5.109125565594160E+03   5.8767616E-15   7.4769200E-17      0
  5.111867475088471E+03   5.9705667E-15   6.9756359E-17      0
  5.114609355394220E+03   6.0964955E-15   6.5242852E-17      0
  5.117351206448448E+03   6.1808862E-15   6.4371433E-17     16
  5.120093028188206E+03   6.1747279E-15   7.5544824E-17     16
  5.122834820550542E+03   6.0801541E-15   7.0663657E-17      0
  5.125576583472522E+03   6.2617457E-15   6.0694629E-17      0
  5.128318316891213E+03   6.2386793E-15   6.0929244E-17      0
  5.131060020743690E+03   6.2981478E-15   6.0926689E-17      0
  5.133801694967034E+03   6.0935626E-15   7.1812347E-17      0
  5.136543339498334E+03   6.1524539E-15   7.5757078E-17   1040
  5.139284954274686E+03   6.3710036E-15   6.1108041E-17   1024
  5.142026539233192E+03   6.2631573E-15   6.2091340E-17   1040
  5.144768094310961E+03   6.3409573E-15   7.2529406E-17   1040
  5.147509619445110E+03   6.2098709E-15   7.0723367E-17   1024
  5.150251114572760E+03   6.4160378E-15   7.2274244E-17   1024
  5.152992579631044E+03   6.3229155E-15   7.5166815E-17   1040
  5.155734014557097E+03   6.4974330E-15   7.0510040E-17   1040
  5.158475419288062E+03   6.5606268E-15   7.3473603E-17   1024
  5.161216793761093E+03   6.6707508E-15   7.3743701E-17   1024
  5.163958137913345E+03   6.6300716E-15   7.6798082E-17   1024
  5.166699451681984E+03   6.9092778E-15   7.5281132E-17     16
  5.169440735004183E+03   6.9630271E-15   6.4548761E-17     16
  5.172181987817118E+03   6.9664398E-15   6.7108647E-17      0
  5.174923210057977E+03   6.9014716E-15   7.5050143E-17      0
  5.177664401663955E+03   7.1482965E-15   7.7258874E-17     16
  5.180405562572249E+03   7.4772520E-15   6.6642342E-17      0
  5.183146692720066E+03   7.4114748E-15   8.5328339E-17     16
  5.185887792044624E+03   7.4620655E-15   8.2299005E-17      0
  5.188628860483140E+03   7.5830201E-15   8.4510489E-17     16
  5.191369897972845E+03   8.0531336E-15   7.6537771E-17     16
  5.194110904450975E+03   7.7748214E-15   8.4802973E-17      0
  5.196851879854772E+03   8.0245022E-15   8.7744844E-17     16
  5.199592824121486E+03   8.4834814E-15   8.8809095E-17     16
  5.202333737188374E+03   8.5368876E-15   8.9186819E-17      0
  5.205074618992702E+03   8.6499843E-15   8.9135401E-17      0
  5.207815469471740E+03   8.6820013E-15   8.9248295E-17     16
  5.210556288562769E+03   9.1221806E-15   8.6504186E-17      0
  5.213297076203072E+03   9.0636439E-15   9.9337609E-17      0
  5.216037832329945E+03   9.4020666E-15   9.0113976E-17     16
  5.218778556880688E+03   9.4596750E-15   8.8835234E-17      0
  5.221519249792607E+03   9.1559747E-15   8.7385729E-17      0
  5.224259911003021E+03   9.4112035E-15   9.1803873E-17      0
  5.227000540449249E+03   9.6323392E-15   8.8831687E-17      0
  5.229741138068624E+03   9.6600381E-15   8.8812682E-17     16
  5.232481703798479E+03   1.0066212E-14   8.2001650E-17      0
  5.235222237576164E+03   1.0174910E-14   9.1675792E-17      0
  5.237962739339028E+03   1.0069700E-14   1.0171203E-16      0
  5.240703209024430E+03   1.0289165E-14   9.5328595E-17      0
  5.243443646569737E+03   1.0286396E-14   9.1696127E-17      0
  5.246184051912324E+03   1.0319671E-14   9.1754573E-17      0
  5.248924424989573E+03   1.0294607E-14   9.2058651E-17      0
  5.251664765738870E+03   1.0325158E-14   9.6616396E-17      0
  5.254405074097615E+03   1.0531311E-14   9.3757984E-17      0
  5.257145350003210E+03   1.0597990E-14   9.3049362E-17      0
  5.259885593393068E+03   1.0606233E-14   9.5116083E-17     16
  5.262625804204607E+03   1.0636501E-14   9.3638142E-17      0
  5.265365982375251E+03   1.0833886E-14   9.5152187E-17      0
  5.268106127842439E+03   1.0674631E-14   9.4254127E-17     16
  5.270846240543608E+03   1.0828428E-14   9.4653298E-17      0
  5.273586320416210E+03   1.0839049E-14   9.5487804E-17      0
  5.276326367397699E+03   1.0763835E-14   9.9404432E-17      0
  5.279066381425542E+03   1.0970737E-14   8.7518958E-17     16
  5.281806362437209E+03   1.0790148E-14   9.8711704E-17      0
  5.284546310370180E+03   1.0475360E-14   9.7395521E-17      0
  5.287286225161940E+03   1.0588566E-14   9.7844309E-17      0
  5.290026106749987E+03   1.0518685E-14   9.9986436E-17     16
  5.292765955071822E+03   1.0613716E-14   1.0018520E-16      0
  5.295505770064954E+03   1.0249880E-14   1.0638607E-16      0
  5.298245551666902E+03   1.0216581E-14   9.3682923E-17      0
  5.300985299815189E+03   1.0612953E-14   8.7758165E-17     16
  5.303725014447349E+03   1.0204335E-14   9.8911829E-17      0
  5.306464695500925E+03   1.0076148E-14   9.4860325E-17      0
  5.309204342913464E+03   1.0052895E-14   8.6795559E-17      0
  5.311943956622521E+03   9.8553452E-15   1.0173161E-16      0
  5.314683536565661E+03   9.9994120E-15   9.5672788E-17      0
  5.317423082680455E+03   9.9474287E-15   7.8368772E-17      0
  5.320162594904484E+03   9.5472861E-15   9.0089346E-17      0
  5.322902073175334E+03   9.5367702E-15   9.8997187E-17     16
  5.325641517430602E+03   2.0970799E-14   1.6571588E-16     16
  5.328380927607888E+03   9.7403783E-15   9.0708864E-17      0
  5.331120303644804E+03   9.7185867E-15   9.1213464E-17      0
  5.333859645478969E+03   9.7729569E-15   9.0656494E-17    256
  5.336598953048010E+03   9.6675216E-15   9.1699727E-17    272
  5.339338226289562E+03   9.5010076E-15   9.6828525E-17     16
  5.342077465141265E+03   9.4319855E-15   8.8873635E-17      0
  5.344816669540771E+03   9.5193925E-15   7.8440750E-17      0
  5.347555839425738E+03   9.5623531E-15   7.7273433E-17     16
  5.350294974733830E+03   9.4297036E-15   9.5460501E-17     16
  5.353034075402723E+03   9.3078519E-15   8.8820953E-17      0
  5.355773141370099E+03   9.5620508E-15   9.0989014E-17      0
  5.358512172573647E+03   9.2008598E-15   8.8166045E-17      0
  5.361251168951066E+03   9.1756216E-15   8.4181701E-17      0
  5.363990130440062E+03   9.1770675E-15   9.6522898E-17      0
  5.366729056978347E+03   9.3362911E-15   7.6427333E-17      0
  5.369467948503646E+03   9.3475752E-15   8.0569403E-17      0
  5.372206804953687E+03   9.3632640E-15   7.8901490E-17      0
  5.374945626266208E+03   9.0838329E-15   8.8334260E-17      0
  5.377684412378955E+03   9.0939355E-15   8.8045508E-17      0
  5.380423163229685E+03   9.2066163E-15   7.7181880E-17     16
  5.383161878756158E+03   9.0944293E-15   8.8255830E-17      0
  5.385900558896145E+03   9.1293736E-15   8.7758086E-17      0
  5.388639203587424E+03   9.1882661E-15   8.8510662E-17      0
  5.391377812767782E+03   8.9143933E-15   9.6547813E-17      0
  5.394116386375014E+03   9.0161694E-15   9.7080703E-17      0
  5.396854924346925E+03   8.8737704E-15   9.6516929E-17      0
  5.399593426621323E+03   8.9694275E-15   8.8098137E-17     16
  5.402331893136030E+03   9.0162456E-15   7.6570508E-17      0
  5.405070323828872E+03   9.1791360E-15   7.6261910E-17      0
  5.407808718637687E+03   8.9795242E-15   9.2040559E-17     16
  5.410547077500318E+03   8.7351848E-15   9.1353132E-17      0
  5.413285400354615E+03   8.7328495E-15   8.6731045E-17      0
  5.416023687138442E+03   8.7140369E-15   8.6446429E-17      0
  5.418761937789668E+03   8.7737680E-15   8.6972953E-17     16
  5.421500152246168E+03   8.8944177E-15   8.5682293E-17     16
  5.424238330445828E+03   8.8302397E-15   8.7895517E-17      0
  5.426976472326543E+03   8.6705155E-15   7.5337910E-17      0
  5.429714577826215E+03   8.6238576E-15   7.4558355E-17      0
  5.432452646882754E+03   8.6392643E-15   8.7687716E-17     16
  5.435190679434079E+03   8.5960537E-15   8.6423189E-17      0
  5.437928675418117E+03   8.6249807E-15   7.4814635E-17      0
  5.440666634772803E+03   8.7395572E-15   8.7227982E-17      0
  5.443404557436083E+03   8.3052411E-15   8.5089045E-17      0
  5.446142443345910E+03   8.5500514E-15   7.4220402E-17      0
  5.448880292440242E+03   8.6367748E-15   7.4461429E-17      0
  5.451618104657050E+03   8.4892971E-15   7.3749994E-17      0
  5.454355879934312E+03   8.4222858E-15   8.2404844E-17      0
  5.457093618210013E+03   8.5297150E-15   8.6592443E-17      0
  5.459831319422148E+03   8.2274902E-15   8.6511108E-17      0
  5.462568983508722E+03   8.3884866E-15   8.5956553E-17      0
  5.465306610407746E+03   8.0742391E-15   8.8960330E-17      0
  5.468044200057239E+03   8.2245688E-15   8.5053874E-17     16
  5.470781752395231E+03   8.3191891E-15   7.3569007E-17      0
  5.473519267359758E+03   7.9745814E-15   8.3354375E-17      0
  5.476256744888868E+03   8.2277689E-15   8.5124072E-17      0
  5.478994184920614E+03   8.1876382E-15   7.4659396E-17      0
  5.481731587393059E+03   1.2993337E-14   1.2053690E-16     16
  5.484468952244276E+03   7.9740164E-15   8.3249177E-17      0
  5.487206279412345E+03   7.8219224E-15   8.3775873E-17      0
  5.489943568835353E+03   8.0198231E-15   8.3865533E-17      0
  5.492680820451400E+03   7.6629207E-15   8.3627371E-17     16
  5.495418034198593E+03   7.8506791E-15   8.3210869E-17      0
  5.498155210015042E+03   7.6783511E-15   8.2569056E-17     16
  5.500892347838876E+03   7.7284396E-15   9.0745723E-17     16
  5.503629447608225E+03   7.5931701E-15   8.1415497E-17      0
  5.506366509261228E+03   7.6255810E-15   8.5735153E-17      0
  5.509103532736039E+03   7.6529461E-15   8.2287537E-17      0
  5.511840517970814E+03   7.3794612E-15   8.0608268E-17      0
  5.514577464903721E+03   7.4937852E-15   7.1919443E-17      0
  5.517314373472934E+03   7.5017219E-15   7.0483100E-17      0
  5.520051243616641E+03   7.2140178E-15   8.9050255E-17      0
  5.522788075273033E+03   7.2524723E-15   8.1584189E-17     16
  5.525524868380314E+03   7.4302247E-15   8.0277005E-17      0
  5.528261622876693E+03   7.5192165E-15   8.1496666E-17      0
  5.530998338700393E+03   7.5104582E-15   8.1200165E-17      0
  5.533735015789640E+03   7.5478708E-15   8.4263440E-17     16
  5.536471654082675E+03   7.2950247E-15   7.9626020E-17      0
  5.539208253517741E+03   7.4124616E-15   8.0904087E-17      0
  5.541944814033094E+03   7.4189456E-15   8.1420877E-17     16
  5.544681335567000E+03   7.7146439E-15   7.2209188E-17     16
  5.547417818057734E+03   7.6812937E-15   7.1404044E-17      0
  5.550154261443574E+03   7.4812042E-15   9.0745796E-17     16
  5.552890665662812E+03   7.7158171E-15   9.6853929E-17     16
  5.555627030653751E+03   7.4705875E-15   8.0790333E-17      0
  5.558363356354698E+03   7.5128892E-15   8.1573369E-17      0
  5.561099642703972E+03   7.4667394E-15   8.1297296E-17     16
  5.563835889639898E+03   7.4464928E-15   8.1333904E-17      0
  5.566572097100814E+03   7.5743931E-15   7.0848105E-17      0
  5.569308265025064E+03   7.6509572E-15   7.2787937E-17      0
  5.572044393351005E+03   7.6717705E-15   7.1102950E-17      0
  5.574780482016995E+03   7.3901719E-15   8.8863299E-17      0
  5.577516530961409E+03   7.4825307E-15   8.2436846E-17     16
  5.580252540122629E+03   7.5534925E-15   8.1944720E-17     16
  5.582988509439045E+03   7.6106723E-15   7.0917364E-17     16
  5.585724438849054E+03   7.5781090E-15   7.2941799E-17      0
  5.588460328291068E+03   7.4260776E-15   8.1788555E-17      0
  5.591196177703504E+03   7.3552267E-15   7.1328572E-17      0
  5.593931987024786E+03   7.4306228E-15   8.0286825E-17      0
  5.596667756193355E+03   7.4547005E-15   7.6223522E-17     16
  5.599403485147650E+03   7.4226166E-15   7.0658635E-17      0
  5.602139173826131E+03   7.4657442E-15   7.0312006E-17      0
  5.604874822167258E+03   7.5842932E-15   7.2380706E-17     16
  5.607610430109504E+03   7.4247554E-15   8.0866699E-17     16
  5.610345997591352E+03   6.9483519E-15   7.7975828E-17      0
  5.613081524551295E+03   7.3112445E-15   8.5159932E-17      0
  5.615817010927829E+03   7.2643172E-15   7.2527871E-17     16
  5.618552456659466E+03   7.6368465E-15   1.1770590E-16     16
  5.621287861684726E+03   7.1367845E-15   7.9819303E-17      0
  5.624023225942135E+03   7.1102563E-15   7.0474193E-17      0
  5.626758549370232E+03   7.0238293E-15   6.8745558E-17     16
  5.629493831907564E+03   6.9871557E-15   6.8892194E-17      0
  5.632229073492686E+03   6.9775110E-15   7.2361700E-17     16
  5.634964274064164E+03   7.1242738E-15   7.7730321E-17     16
  5.637699433560573E+03   6.9457091E-15   6.8149776E-17      0
  5.640434551920496E+03   6.7627712E-15   6.7821591E-17      0
  5.643169629082531E+03   6.9407210E-15   6.8239304E-17      0
  5.645904664985275E+03   6.5797989E-15   7.8122557E-17     16
  5.648639659567343E+03   6.5813973E-15   7.6786892E-17      0
  5.651374612767358E+03   6.5559270E-15   8.1502516E-17      0
  5.654109524523949E+03   6.4860697E-15   6.8145038E-17      0
  5.656844394775760E+03   6.4758595E-15   7.6773551E-17      0
  5.659579223461436E+03   6.3874915E-15   8.7737221E-17     16
  5.662314010519641E+03   6.4628046E-15   6.8800489E-17     16
  5.665048755889041E+03   6.3602421E-15   8.0828675E-17      0
  5.667783459508317E+03   6.4044178E-15   8.1315368E-17      0
  5.670518121316156E+03   6.3242093E-15   7.6774709E-17      0
  5.673252741251255E+03   6.1931682E-15   7.4364695E-17      0
  5.675987319252323E+03   6.2481771E-15   7.5218081E-17      0
  5.678721855258074E+03   6.1380137E-15   6.4770472E-17      0
  5.681456349207237E+03   6.1297962E-15   6.6442376E-17      0
  5.684190801038546E+03   6.2323630E-15   6.7482083E-17     16
  5.686925210690746E+03   6.2091831E-15   7.2465475E-17     16
  5.689659578102594E+03   6.1709616E-15   6.9137608E-17     16
  5.692393903212852E+03   6.1559962E-15   7.4539078E-17      0
  5.695128185960296E+03   6.0248001E-15   7.6733006E-17     16
  5.697862426283708E+03   8.7317010E-15   4.1199047E-16    512
