

  2.889653553782919E+03  -1.5867712E-14   9.4962888E-15  18960
  2.892398157057969E+03  -1.2583160E-14   6.4847415E-15  18944
  2.895142782928057E+03  -1.2523621E-15   5.0027735E-15    512
  2.897887431329591E+03   7.5505889E-15   4.1847197E-15    528
  2.900632102198975E+03   1.4595784E-15   3.3571382E-15    512
  2.903376795472605E+03   6.5806217E-16   2.9156204E-15    512
  2.906121511086876E+03   3.3740526E-15   2.5869144E-15    512
  2.908866248978175E+03   4.1332006E-15   2.3611895E-15    512
  2.911611009082882E+03   3.9173731E-16   4.2215207E-15    528
  2.914355791337376E+03   1.2352375E-15   1.8280212E-15    512
  2.917100595678029E+03   4.2925605E-15   1.7087134E-15    512
  2.919845422041208E+03   1.0778290E-15   1.4704218E-15    512
  2.922590270363274E+03   1.6044728E-15   1.4955308E-15    528
  2.925335140580583E+03   3.1950305E-15   1.2251635E-15    512
  2.928080032629489E+03   9.6725530E-16   1.2757180E-15    528
  2.930824946446336E+03   5.8187483E-15   1.0338035E-15    512
  2.933569881967467E+03   8.9097990E-15   1.4383656E-15    528
  2.936314839129217E+03   6.3498320E-15   9.6680266E-16    528
  2.939059817867919E+03   5.4803451E-15   2.2012940E-15    528
  2.941804818119897E+03   4.1359111E-15   6.2063555E-16    512
  2.944549839821473E+03   4.0556200E-15   5.5885879E-16    512
  2.947294882908964E+03   3.3793180E-15   5.0314652E-16    512
  2.950039947318681E+03   3.4757226E-15   4.7975443E-16    528
  2.952785032986930E+03   4.0332888E-15   4.2389012E-16    512
  2.955530139850012E+03   4.5464570E-15   4.0270628E-16    512
  2.958275267844224E+03   3.7692928E-15   3.7021571E-16    512
  2.961020416905858E+03   3.3207531E-15   4.7225777E-16    528
  2.963765586971199E+03   4.0208086E-15   3.2460357E-16    512
  2.966510777976530E+03   3.4076341E-15   3.3714000E-16    512
  2.969255989858128E+03   4.2835426E-15   4.3740419E-16    528
  2.972001222552263E+03   4.2865932E-15   3.2887166E-16      0
  2.974746475995204E+03   3.0094075E-15   2.6057910E-16      0
  2.977491750123212E+03   3.5158245E-15   2.6093213E-16      0
  2.980237044872545E+03   4.3227111E-15   2.7117720E-16      0
  2.982982360179456E+03   3.7468426E-15   2.8735312E-16     16
  2.985727695980193E+03   4.9656074E-15   3.0751161E-16     16
  2.988473052210999E+03   4.1467142E-15   3.0532713E-16     16
  2.991218428808110E+03   4.5925055E-15   2.8074086E-16     16
  2.993963825707762E+03   4.8998671E-15   3.3356504E-16      0
  2.996709242846184E+03   3.9218506E-15   3.3191542E-16     16
  2.999454680159598E+03   3.9319324E-15   2.4248295E-16      0
  3.002200137584225E+03   4.3324757E-15   2.5853208E-16     16
  3.004945615056280E+03   4.3604977E-15   2.5979175E-16     16
  3.007691112511972E+03   5.1843816E-15   5.2007791E-16     16
  3.010436629887507E+03   3.5617405E-15   2.3459255E-16      0
  3.013182167119085E+03   4.1867373E-15   2.3983005E-16      0
  3.015927724142903E+03   4.1550795E-15   2.4393477E-16      0
  3.018673300895152E+03   4.6942117E-15   5.1938520E-16     16
  3.021418897312019E+03   3.6275757E-15   2.1986353E-16      0
  3.024164513329686E+03   3.6205068E-15   2.1415133E-16     16
  3.026910148884332E+03   3.9951317E-15   2.2455368E-16      0
  3.029655803912127E+03   3.5017464E-15   2.3169308E-16      0
  3.032401478349243E+03   4.2449590E-15   2.2270434E-16      0
  3.035147172131843E+03   3.5604657E-15   2.0688469E-16     16
  3.037892885196085E+03   3.3710107E-15   2.2265232E-16     16
  3.040638617478128E+03   3.5854663E-15   2.4457441E-16     16
  3.043384368914119E+03   3.4967237E-15   2.4072594E-16     16
  3.046130139440205E+03   3.7869119E-15   1.9918910E-16     16
  3.048875928992527E+03   3.6880598E-15   1.9077850E-16      0
  3.051621737507225E+03   3.5163154E-15   2.0386586E-16      0
  3.054367564920429E+03   4.0309468E-15   2.1956347E-16      0
  3.057113411168269E+03   4.0471645E-15   2.1202121E-16      0
  3.059859276186868E+03   4.1381435E-15   1.9207523E-16      0
  3.062605159912346E+03   3.8034930E-15   1.8451168E-16      0
  3.065351062280818E+03   4.2711649E-15   1.9172529E-16      0
  3.068096983228396E+03   4.0735559E-15   1.8597927E-16      0
  3.070842922691185E+03   4.2627187E-15   1.8432786E-16      0
  3.073588880605289E+03   3.9720865E-15   1.7929263E-16      0
  3.076334856906804E+03   4.3375050E-15   1.8562854E-16      0
  3.079080851531826E+03   4.4413148E-15   1.9787358E-16     16
  3.081826864416443E+03   4.4608736E-15   1.9097308E-16     16
  3.084572895496739E+03   4.2991746E-15   1.7587894E-16      0
  3.087318944708798E+03   4.5803866E-15   1.8104437E-16      0
  3.090065011988693E+03   4.6720338E-15   2.0596444E-16     16
  3.092811097272499E+03   4.4316256E-15   1.9946492E-16      0
  3.095557200496284E+03   4.5785663E-15   2.1229365E-16     16
  3.098303321596110E+03   4.7164450E-15   2.0283371E-16     16
  3.101049460508039E+03   4.8369973E-15   1.7836276E-16      0
  3.103795617168127E+03   5.0526193E-15   2.1216612E-16      0
  3.106541791512424E+03   5.2542284E-15   2.1981122E-16     16
  3.109287983476978E+03   5.0043702E-15   1.8379629E-16      0
  3.112034192997832E+03   5.4967750E-15   2.3123849E-16     16
  3.114780420011026E+03   4.9318709E-15   2.2439134E-16      0
  3.117526664452594E+03   5.3742284E-15   2.0462630E-16     16
  3.120272926258569E+03   5.4030093E-15   1.8411534E-16     16
  3.123019205364976E+03   5.9120439E-15   1.8833490E-16      0
  3.125765501707839E+03   5.9684559E-15   1.9413590E-16     16
  3.128511815223177E+03   5.7733368E-15   1.9198563E-16     16
  3.131258145847004E+03   6.1775506E-15   1.9777746E-16      0
  3.134004493515331E+03   5.3708322E-15   2.0798246E-16      0
  3.136750858164167E+03   5.8665333E-15   1.8914123E-16     16
  3.139497239729513E+03   6.0632037E-15   1.9468508E-16     16
  3.142243638147369E+03   6.1557776E-15   1.9691467E-16     16
  3.144990053353728E+03   6.1204068E-15   1.9393418E-16     16
  3.147736485284584E+03   6.5236089E-15   1.9059393E-16      0
  3.150482933875924E+03   6.7132973E-15   1.9695218E-16     16
  3.153229399063729E+03   6.4443071E-15   1.8796049E-16      0
  3.155975880783980E+03   6.1864686E-15   1.8919342E-16      0
  3.158722378972654E+03   6.4492830E-15   1.8535670E-16      0
  3.161468893565720E+03   6.8378738E-15   2.5022240E-16     16
  3.164215424499148E+03   5.8607091E-15   3.2626026E-16     16
  3.166961971708901E+03   5.9138388E-15   2.1246472E-16      0
  3.169708535130941E+03   6.4523260E-15   1.8332345E-16      0
  3.172455114701223E+03   6.5570739E-15   1.8570815E-16     16
  3.175201710355700E+03   6.0852317E-15   1.7570454E-16      0
  3.177948322030321E+03   5.7679776E-15   2.0180154E-16      0
  3.180694949661031E+03   5.9217407E-15   2.1699245E-16     16
  3.183441593183773E+03   6.3930879E-15   1.8706246E-16     16
  3.186188252534483E+03   5.8372314E-15   1.6917608E-16      0
  3.188934927649097E+03   6.4374995E-15   1.9774310E-16     16
  3.191681618463543E+03   5.9086083E-15   1.6767791E-16      0
  3.194428324913750E+03   5.9766954E-15   1.6768934E-16      0
  3.197175046935639E+03   6.2498351E-15   1.7484807E-16     16
  3.199921784465132E+03   5.8039930E-15   1.6509341E-16      0
  3.202668537438144E+03   5.9612836E-15   1.6570602E-16      0
  3.205415305790586E+03   5.9962360E-15   1.6511650E-16      0
  3.208162089458368E+03   5.9630942E-15   1.6596095E-16      0
  3.210908888377394E+03   5.8975999E-15   1.7241341E-16     16
  3.213655702483566E+03   6.1019169E-15   2.9611618E-16     16
  3.216402531712782E+03   5.4407738E-15   1.8345370E-16     16
  3.219149376000937E+03   5.5330001E-15   1.8720280E-16     16
  3.221896235283921E+03   5.2232782E-15   1.5591718E-16      0
  3.224643109497621E+03   4.8749821E-15   1.7552844E-16      0
  3.227389998577922E+03   5.4490498E-15   1.5752802E-16      0
  3.230136902460704E+03   5.2110217E-15   1.5179973E-16      0
  3.232883821081844E+03   4.8113005E-15   1.4675962E-16      0
  3.235630754377215E+03   5.3629362E-15   1.9865551E-16     16
  3.238377702282688E+03   4.9131968E-15   1.4763988E-16      0
  3.241124664734129E+03   5.3504517E-15   1.8701390E-16     16
  3.243871641667401E+03   4.6903505E-15   1.4704434E-16      0
  3.246618633018365E+03   4.5876583E-15   1.4030471E-16      0
  3.249365638722876E+03   4.6187711E-15   1.4229742E-16      0
  3.252112658716788E+03   4.5465133E-15   1.4271441E-16      0
  3.254859692935951E+03   4.1776368E-15   1.3605456E-16      0
  3.257606741316211E+03   4.6472433E-15   1.6258416E-16     16
  3.260353803793412E+03   4.0070058E-15   1.5450806E-16      0
  3.263100880303392E+03   4.1047581E-15   1.3352241E-16      0
  3.265847970781990E+03   4.2399767E-15   1.3830244E-16      0
  3.268595075165037E+03   4.3824201E-15   1.3772500E-16      0
  3.271342193388365E+03   3.7218636E-15   1.5742191E-16     16
  3.274089325387799E+03   4.2504342E-15   1.6612763E-16     16
  3.276836471099164E+03   4.4780366E-15   1.3710079E-16      0
  3.279583630458279E+03   3.8679721E-15   1.4797283E-16      0
  3.282330803400962E+03   3.8075478E-15   1.4898954E-16      0
  3.285077989863029E+03   4.3055815E-15   1.5750619E-16     16
  3.287825189780287E+03   4.5100689E-15   1.3736771E-16      0
  3.290572403088547E+03   4.2034294E-15   1.5209550E-16      0
  3.293319629723611E+03   4.2227129E-15   1.5213872E-16      0
  3.296066869621282E+03   4.3713689E-15   1.5516070E-16      0
  3.298814122717359E+03   4.4200974E-15   1.3548570E-16      0
  3.301561388947634E+03   4.4015275E-15   1.3990132E-16      0
  3.304308668247903E+03   4.2973577E-15   1.3915641E-16      0
  3.307055960553953E+03   4.0889071E-15   1.5163564E-16      0
  3.309803265801570E+03   4.5734248E-15   1.4005511E-16      0
  3.312550583926539E+03   4.7741996E-15   1.3407712E-16      0
  3.315297914864638E+03   4.6726543E-15   1.3251206E-16      0
  3.318045258551645E+03   4.5757520E-15   1.3024168E-16      0
  3.320792614923333E+03   4.6432423E-15   1.3074795E-16      0
  3.323539983915474E+03   4.6935908E-15   1.5619494E-16      0
  3.326287365463836E+03   4.4520471E-15   1.6911853E-16     16
  3.329034759504184E+03   4.8819222E-15   1.5498423E-16      0
  3.331782165972280E+03   4.9107235E-15   1.5645374E-16      0
  3.334529584803884E+03   5.0953161E-15   1.3425647E-16      0
  3.337277015934752E+03   5.1662577E-15   1.3415579E-16      0
  3.340024459300638E+03   5.2175163E-15   1.3423889E-16      0
  3.342771914837292E+03   5.0353864E-15   1.5488490E-16      0
  3.345519382480462E+03   5.0944127E-15   1.3283966E-16      0
  3.348266862165895E+03   5.3141538E-15   1.3844456E-16      0
  3.351014353829330E+03   4.8878210E-15   2.6992460E-16     16
  3.353761857406508E+03   5.9794474E-15   1.3984842E-16      0
  3.356509372833166E+03   6.0727235E-15   1.4470101E-16     16
  3.359256900045037E+03   5.5723922E-15   1.6323114E-16     16
  3.362004438977852E+03   5.8653097E-15   1.6193348E-16      0
  3.364751989567340E+03   6.3191910E-15   1.4886370E-16     16
  3.367499551749227E+03   5.9055234E-15   1.7049544E-16      0
  3.370247125459235E+03   6.2141251E-15   1.7416592E-16      0
  3.372994710633084E+03   6.2026647E-15   1.7444437E-16      0
  3.375742307206492E+03   6.1539180E-15   1.6346981E-16      0
  3.378489915115174E+03   6.3352559E-15   1.4475682E-16     16
  3.381237534294842E+03   6.5451587E-15   1.4126622E-16     16
  3.383985164681205E+03   6.0409047E-15   1.6736012E-16     16
  3.386732806209970E+03   5.8854492E-15   1.6010340E-16      0
  3.389480458816842E+03   6.3702443E-15   1.3991444E-16      0
  3.392228122437523E+03   6.9454809E-15   2.4560120E-16     16
  3.394975797007712E+03   6.3895964E-15   1.9456433E-16     16
  3.397723482463104E+03   6.0712776E-15   1.6107786E-16     16
  3.400471178739394E+03   6.6846866E-15   1.7515551E-16     16
  3.403218885772274E+03   6.2202496E-15   1.3940231E-16     16
  3.405966603497431E+03   6.5565301E-15   1.5369267E-16     16
  3.408714331850555E+03   6.1331407E-15   1.7194401E-16      0
  3.411462070767327E+03   6.2403700E-15   1.6248926E-16      0
  3.414209820183429E+03   6.6945478E-15   1.8399260E-16     16
  3.416957580034540E+03   6.4906432E-15   1.6623255E-16     16
  3.419705350256338E+03   6.4844709E-15   1.6122724E-16      0
  3.422453130784495E+03   6.8350913E-15   1.8494201E-16     16
  3.425200921554685E+03   7.2485175E-15   1.4022514E-16     16
  3.427948722502575E+03   7.1282320E-15   1.4002985E-16      0
  3.430696533563835E+03   7.3477736E-15   1.6983739E-16     16
  3.433444354674127E+03   7.2257467E-15   1.7302791E-16     16
  3.436192185769113E+03   7.7049641E-15   1.5665731E-16     16
  3.438940026784454E+03   8.0253500E-15   1.6199329E-16     16
  3.441687877655808E+03   7.1911683E-15   1.6845180E-16      0
  3.444435738318829E+03   6.9656449E-15   1.6667891E-16      0
  3.447183608709171E+03   7.0677526E-15   1.6081414E-16      0
  3.449931488762484E+03   7.6876634E-15   1.6951734E-16     16
  3.452679378414417E+03   7.5353389E-15   1.7736151E-16     16
  3.455427277600616E+03   7.2490782E-15   1.6642345E-16      0
  3.458175186256724E+03   7.7127610E-15   1.6654421E-16      0
  3.460923104318384E+03   7.8044853E-15   1.6635366E-16      0
  3.463671031721235E+03   7.5634647E-15   1.6377993E-16      0
  3.466418968400914E+03   7.8384548E-15   1.6638461E-16      0
  3.469166914293056E+03   8.0785589E-15   1.6852041E-16      0
  3.471914869333295E+03   7.7658386E-15   1.7186670E-16      0
  3.474662833457261E+03   8.3140494E-15   1.7618766E-16      0
  3.477410806600583E+03   8.1109156E-15   1.7954408E-16      0
  3.480158788698887E+03   8.4662552E-15   1.7554784E-16      0
  3.482906779687798E+03   8.9101649E-15   1.5257271E-16      0
  3.485654779502940E+03   8.4764323E-15   1.7490311E-16      0
  3.488402788079930E+03   8.8584315E-15   1.7259100E-16      0
  3.491150805354388E+03   8.9792675E-15   1.7276301E-16      0
  3.493898831261932E+03   9.4247382E-15   1.8504190E-16     16
  3.496646865738173E+03   9.0709038E-15   1.7919101E-16      0
  3.499394908718725E+03   9.4920020E-15   1.7914731E-16     16
  3.502142960139198E+03   9.8108777E-15   1.8041661E-16      0
  3.504891019935200E+03   1.0042500E-14   1.8149104E-16     16
  3.507639088042337E+03   1.0578694E-14   1.6183724E-16     16
  3.510387164396215E+03   1.0158100E-14   1.9201154E-16      0
  3.513135248932434E+03   1.0211214E-14   1.8995249E-16      0
  3.515883341586597E+03   1.0559147E-14   1.9109662E-16      0
  3.518631442294300E+03   1.0921814E-14   1.9374371E-16      0
  3.521379550991141E+03   1.1045443E-14   1.9370599E-16      0
  3.524127667612715E+03   1.1382691E-14   1.8951037E-16      0
  3.526875792094614E+03   1.1553640E-14   2.0658682E-16      0
  3.529623924372431E+03   1.1200584E-14   2.0244899E-16      0
  3.532372064381753E+03   1.3166015E-14   1.7204613E-16     16
  3.535120212058169E+03   1.2715698E-14   1.9888212E-16      0
  3.537868367337264E+03   1.3175136E-14   2.2268186E-16     16
  3.540616530154622E+03   1.2784489E-14   2.0741734E-16      0
  3.543364700445825E+03   1.3481324E-14   2.1080904E-16      0
  3.546112878146454E+03   1.3732544E-14   2.0515642E-16      0
  3.548861063192087E+03   1.4055624E-14   2.1659967E-16     16
  3.551609255518301E+03   1.3822645E-14   2.1186093E-16      0
  3.554357455060671E+03   1.4378603E-14   1.9362441E-16      0
  3.557105661754771E+03   1.4061508E-14   2.0808061E-16     16
  3.559853875536172E+03   1.4219356E-14   2.0666249E-16      0
  3.562602096340446E+03   1.3838842E-14   2.1254037E-16      0
  3.565350324103159E+03   1.4667815E-14   2.2009308E-16      0
  3.568098558759880E+03   1.4466781E-14   2.1759973E-16      0
  3.570846800246173E+03   1.4524345E-14   2.1747630E-16      0
  3.573595048497603E+03   1.4319942E-14   2.2276278E-16      0
  3.576343303449730E+03   1.4304811E-14   2.5179560E-16     16
  3.579091565038117E+03   1.4813314E-14   2.1669149E-16      0
  3.581839833198320E+03   1.5356967E-14   2.1549063E-16     16
  3.584588107865899E+03   1.5378559E-14   2.1292958E-16      0
  3.587336388976409E+03   1.5435835E-14   2.1492736E-16      0
  3.590084676465404E+03   1.5806999E-14   2.2179619E-16      0
  3.592832970268437E+03   1.5478128E-14   2.1936966E-16      0
  3.595581270321060E+03   1.4999292E-14   2.2216676E-16      0
  3.598329576558822E+03   1.5632471E-14   2.2078692E-16      0
  3.601077888917273E+03   1.4588365E-14   2.3890744E-16      0
  3.603826207331958E+03   1.5428505E-14   2.2152843E-16      0
  3.606574531738424E+03   1.5046192E-14   2.0842948E-16      0
  3.609322862072215E+03   1.5382942E-14   2.2050549E-16     16
  3.612071198268874E+03   1.5003564E-14   2.1150227E-16     16
  3.614819540263942E+03   1.5077312E-14   2.5026983E-16     16
  3.617567887992959E+03   1.4799151E-14   2.1738598E-16     16
  3.620316241391464E+03   1.4394288E-14   2.0857633E-16     16
  3.623064600394994E+03   1.4595077E-14   2.1110345E-16     16
  3.625812964939087E+03   1.3280941E-14   2.3233079E-16     16
  3.628561334959275E+03   1.3698123E-14   2.0761647E-16      0
  3.631309710391092E+03   1.3314495E-14   1.9643687E-16      0
  3.634058091170072E+03   1.3315606E-14   2.0102138E-16     16
  3.636806477231745E+03   1.2280765E-14   2.1157229E-16     16
  3.639554868511641E+03   1.2014912E-14   2.0558822E-16   1024
  3.642303264945289E+03   1.2339450E-14   1.9080557E-16   1024
  3.645051666468215E+03   1.1595210E-14   1.8756541E-16   1024
  3.647800073015945E+03   1.1404702E-14   1.8488769E-16   1024
  3.650548484524006E+03   1.1126388E-14   1.7801499E-16   1024
  3.653296900927920E+03   1.0801326E-14   1.7342686E-16   1024
  3.656045322163209E+03   1.0482933E-14   1.8510609E-16   1040
  3.658793748165397E+03   1.0241801E-14   1.7600645E-16   1024
  3.661542178870002E+03   9.4018802E-15   1.6808779E-16   1024
  3.664290614212545E+03   8.8804611E-15   1.6345253E-16   1024
  3.667039054128544E+03   8.8486305E-15   1.5896300E-16   1040
  3.669787498553515E+03   8.2557032E-15   1.5008979E-16   1024
  3.672535947422974E+03   7.3454621E-15   1.6309138E-16   1024
  3.675284400672437E+03   7.2907099E-15   1.6751846E-16   1040
  3.678032858237418E+03   7.7293357E-15   1.5621099E-16   1040
  3.680781320053429E+03   6.2251594E-15   1.4976883E-16   1024
  3.683529786055983E+03   6.3909233E-15   1.3501336E-16   1024
  3.686278256180591E+03   5.8670423E-15   1.6122109E-16   1040
  3.689026730362762E+03   6.1203378E-15   1.1361532E-16   1024
  3.691775208538005E+03   5.7845515E-15   1.1233008E-16   1040
  3.694523690641830E+03   5.0765789E-15   1.3421279E-16   1024
  3.697272176609742E+03   5.1677349E-15   1.2044580E-16   1024
  3.700020666377249E+03   4.8581659E-15   1.1846182E-16   1040
  3.702769159879855E+03   1.1998126E-14   2.3331364E-16   1040
  3.705517657053067E+03   4.1824899E-15   1.0344494E-16   1040
  3.708266157832385E+03   4.3916769E-15   1.1471361E-16   1040
  3.711014662153315E+03   4.2176210E-15   1.0888826E-16   1024
  3.713763169951357E+03   3.9802176E-15   1.1907408E-16   1024
  3.716511681162014E+03   3.9525594E-15   9.1607050E-17   1024
  3.719260195720785E+03   3.9716668E-15   1.0734155E-16   1024
  3.722008713563170E+03   3.8444056E-15   1.0597493E-16   1024
  3.724757234624667E+03   3.9444266E-15   1.0507149E-16      0
  3.727505758840774E+03   3.9258770E-15   9.1251204E-17      0
  3.730254286146992E+03   3.9841779E-15   9.0968493E-17      0
  3.733002816478813E+03   3.7922669E-15   1.0146653E-16      0
  3.735751349771735E+03   4.0634796E-15   9.4096599E-17     16
  3.738499885961253E+03   3.7224379E-15   9.7304147E-17      0
  3.741248424982861E+03   3.8160206E-15   1.0113472E-16      0
  3.743996966772054E+03   3.8898125E-15   8.8292279E-17      0
  3.746745511264324E+03   3.8511941E-15   1.0541126E-16      0
  3.749494058395163E+03   3.7676081E-15   9.7767752E-17      0
  3.752242608100066E+03   3.9698821E-15   8.8687579E-17      0
  3.754991160314521E+03   4.0799138E-15   9.1848977E-17     16
  3.757739714974021E+03   4.4948350E-15   1.0696833E-16     16
  3.760488272014054E+03   4.4436517E-15   9.0975832E-17      0
  3.763236831370111E+03   4.6012045E-15   1.1268123E-16     16
  3.765985392977682E+03   4.2144937E-15   1.1375195E-16      0
  3.768733956772255E+03   5.0535455E-15   9.9371755E-17     16
  3.771482522689316E+03   4.8466908E-15   1.0602539E-16      0
  3.774231090664355E+03   5.0916391E-15   1.0697293E-16      0
  3.776979660632859E+03   5.1597321E-15   1.1528858E-16      0
  3.779728232530313E+03   5.4353109E-15   1.1319216E-16      0
  3.782476806292203E+03   5.7015359E-15   1.2764610E-16      0
  3.785225381854017E+03   5.7189763E-15   1.1338833E-16      0
  3.787973959151238E+03   6.0073254E-15   1.4006223E-16     16
  3.790722538119353E+03   6.4481184E-15   1.0516292E-16     16
  3.793471118693844E+03   6.7293333E-15   1.1524546E-16     16
  3.796219700810197E+03   6.6256311E-15   1.2121861E-16     16
  3.798968284403894E+03   6.5475571E-15   1.2726858E-16      0
  3.801716869410421E+03   6.7144251E-15   1.3372014E-16      0
  3.804465455765258E+03   6.8808311E-15   1.1903028E-16      0
  3.807214043403891E+03   7.2760461E-15   1.2573275E-16      0
  3.809962632261800E+03   7.2666584E-15   1.3704317E-16      0
  3.812711222274468E+03   7.4825027E-15   1.3934654E-16     16
  3.815459813377377E+03   7.5370889E-15   1.2789368E-16      0
  3.818208405506008E+03   7.6392622E-15   1.4557284E-16     16
  3.820956998595843E+03   7.5346638E-15   1.4060732E-16      0
  3.823705592582362E+03   7.7043821E-15   1.5728888E-16     16
  3.826454187401049E+03   7.8632906E-15   1.3979100E-16      0
  3.829202782987381E+03   8.0319315E-15   1.4164520E-16      0
  3.831951379276841E+03   8.2482383E-15   1.4630543E-16     16
  3.834699976204908E+03   8.6156939E-15   1.5635552E-16     16
  3.837448573707064E+03   8.8853358E-15   1.3737094E-16     16
  3.840197171718787E+03   8.7181739E-15   1.4433723E-16      0
  3.842945770175559E+03   8.7216425E-15   1.5128538E-16      0
  3.845694369012859E+03   9.4202363E-15   1.5882152E-16      0
  3.848442968166166E+03   9.5577580E-15   1.5970204E-16     16
  3.851191567570961E+03   9.6871228E-15   1.5777415E-16     16
  3.853940167162723E+03   1.0052229E-14   1.6184184E-16     16
  3.856688766876932E+03   1.0129548E-14   1.6168083E-16      0
  3.859437366649068E+03   1.0699940E-14   1.5853231E-16      0
  3.862185966414610E+03   1.1299486E-14   1.4592686E-16     16
  3.864934566109037E+03   1.1260410E-14   1.7066011E-16      0
  3.867683165667830E+03   1.1759762E-14   1.6152178E-16      0
  3.870431765026467E+03   1.1878417E-14   1.6187553E-16      0
  3.873180364120429E+03   1.2614529E-14   1.9080217E-16     16
  3.875928962885196E+03   1.2632812E-14   1.7467830E-16      0
  3.878677561256246E+03   1.3610454E-14   1.7116719E-16     16
  3.881426159169062E+03   1.3953751E-14   2.0110759E-16     16
  3.884174756559121E+03   1.4477208E-14   1.7819961E-16      0
  3.886923353361904E+03   1.4649747E-14   1.8811989E-16      0
  3.889671949512893E+03   1.5423591E-14   1.8259187E-16      0
  3.892420544947566E+03   1.6078960E-14   1.9103926E-16     16
  3.895169139601404E+03   1.6223400E-14   1.8580652E-16      0
  3.897917733409890E+03   1.6657623E-14   1.9918767E-16     16
  3.900666326308503E+03   1.7440808E-14   1.9213255E-16     16
  3.903414918232724E+03   1.7895921E-14   2.0313454E-16      0
  3.906163509118036E+03   1.8500914E-14   2.0727537E-16      0
  3.908912098899920E+03   1.8335046E-14   2.0719446E-16      0
  3.911660687513857E+03   1.8864284E-14   1.9835308E-16     16
  3.914409274895330E+03   1.9322790E-14   1.9947593E-16      0
  3.917157860979823E+03   1.9471903E-14   2.1271311E-16      0
  3.919906445702815E+03   1.9305414E-14   2.0897806E-16      0
  3.922655028999792E+03   1.9498429E-14   2.0970036E-16      0
  3.925403610806238E+03   1.9568692E-14   2.0990809E-16      0
  3.928152191057634E+03   1.9563942E-14   1.9838318E-16      0
  3.930900769689468E+03   2.0385549E-14   2.0287348E-16      0
  3.933649346637221E+03   2.0088525E-14   2.0133110E-16      0
  3.936397921836380E+03   1.9514618E-14   1.9665257E-16      0
  3.939146495222429E+03   1.9454427E-14   2.0622491E-16      0
  3.941895066730855E+03   1.9801155E-14   2.0881752E-16     16
  3.944643636297144E+03   2.0118229E-14   1.9896204E-16      0
  3.947392203856783E+03   2.0339867E-14   1.9866597E-16      0
  3.950140769345257E+03   2.0530363E-14   2.1080870E-16      0
  3.952889332698056E+03   1.9839031E-14   2.0708411E-16     16
  3.955637893850667E+03   2.0360488E-14   1.9626906E-16      0
  3.958386452738580E+03   1.9709925E-14   2.0509959E-16      0
  3.961135009297283E+03   1.9282583E-14   2.0231464E-16      0
  3.963883563462266E+03   1.9928898E-14   2.0551575E-16      0
  3.966632115169019E+03   2.0574210E-14   1.9682494E-16      0
  3.969380664353032E+03   2.0574053E-14   2.0783356E-16      0
  3.972129210949800E+03   2.0290983E-14   2.0514254E-16      0
  3.974877754894812E+03   2.0731018E-14   1.9538518E-16      0
  3.977626296123560E+03   2.0555140E-14   1.9556911E-16     16
  3.980374834571541E+03   2.0026805E-14   1.9178582E-16     16
  3.983123370174245E+03   1.9937251E-14   1.9100090E-16      0
  3.985871902867169E+03   1.9668418E-14   2.0077332E-16     16
  3.988620432585808E+03   1.9331782E-14   1.9841793E-16     16
  3.991368959265658E+03   1.8784648E-14   1.8633084E-16      0
  3.994117482842214E+03   1.8398725E-14   1.9780209E-16     16
  3.996866003250976E+03   1.7679151E-14   1.8941809E-16      0
  3.999614520427442E+03   1.8144779E-14   1.8124800E-16     16
  4.002363034307110E+03   1.7895880E-14   1.8064803E-16      0
  4.005111544825479E+03   1.7561980E-14   1.7822297E-16      0
  4.007860051918051E+03   1.6982546E-14   1.8512874E-16     16
  4.010608555520327E+03   1.7395661E-14   1.7331668E-16      0
  4.013357055567810E+03   1.6988689E-14   1.7538697E-16     16
  4.016105551996000E+03   1.6526245E-14   1.7286775E-16     16
  4.018854044740405E+03   1.6270795E-14   1.8044664E-16      0
  4.021602533736527E+03   1.5811388E-14   1.6688420E-16      0
  4.024351018919872E+03   1.6073152E-14   1.6911423E-16      0
  4.027099500225946E+03   1.6237174E-14   1.6858757E-16      0
  4.029847977590258E+03   1.6060195E-14   1.6812435E-16      0
  4.032596450948315E+03   1.5831237E-14   1.7680066E-16      0
  4.035344920235627E+03   1.5980086E-14   1.6672180E-16      0
  4.038093385387704E+03   1.6696571E-14   1.7043923E-16     16
  4.040841846340057E+03   1.6381541E-14   1.6835588E-16      0
  4.043590303028198E+03   1.6450083E-14   1.6959876E-16      0
  4.046338755387641E+03   1.6321151E-14   1.6668122E-16      0
  4.049087203353899E+03   1.6747691E-14   1.8139050E-16      0
  4.051835646862489E+03   1.6886534E-14   1.9627175E-16     16
  4.054584085848925E+03   1.7182587E-14   1.8316994E-16     16
  4.057332520248727E+03   1.7523075E-14   1.7315352E-16      0
  4.060080949997411E+03   1.8002162E-14   1.7510102E-16     16
  4.062829375030497E+03   1.8024470E-14   1.7633913E-16     16
  4.065577795283506E+03   1.7917444E-14   1.7617060E-16     16
  4.068326210691960E+03   1.8767384E-14   1.7834305E-16      0
  4.071074621191382E+03   1.8737270E-14   1.7737597E-16      0
  4.073823026717295E+03   1.8640339E-14   1.7656888E-16      0
  4.076571427205226E+03   1.9276132E-14   1.7968208E-16      0
  4.079319822590699E+03   1.9643175E-14   1.8150672E-16      0
  4.082068212809244E+03   1.9668981E-14   1.8199994E-16      0
  4.084816597796387E+03   1.9904546E-14   1.8199477E-16      0
  4.087564977487660E+03   2.0179317E-14   1.8784046E-16     16
  4.090313351818594E+03   2.0156514E-14   1.8241913E-16      0
  4.093061720724721E+03   2.0070823E-14   1.9045009E-16      0
  4.095810084141576E+03   2.0581952E-14   1.8621778E-16     16
  4.098558442004693E+03   2.0207242E-14   1.9498000E-16     16
  4.101306794249607E+03   2.0525465E-14   1.8446796E-16      0
  4.104055140811857E+03   2.0522965E-14   1.8574345E-16      0
  4.106803481626984E+03   2.0112491E-14   1.9474047E-16     16
  4.109551816630526E+03   2.0771962E-14   1.8440290E-16      0
  4.112300145758025E+03   2.0739869E-14   1.8649916E-16      0
  4.115048468945024E+03   2.0612460E-14   1.9621745E-16      0
  4.117796786127069E+03   2.0634981E-14   1.8438164E-16      0
  4.120545097239705E+03   2.0319716E-14   1.8398027E-16     16
  4.123293402218478E+03   2.0573973E-14   1.8477195E-16      0
  4.126041700998938E+03   2.0844790E-14   1.8621303E-16      0
  4.128789993516634E+03   2.0738363E-14   1.8481563E-16      0
  4.131538279707121E+03   2.0287671E-14   1.8134678E-16      0
  4.134286559505949E+03   1.9834893E-14   1.9120382E-16      0
  4.137034832848674E+03   2.0269671E-14   1.8068003E-16      0
  4.139783099670852E+03   2.0135733E-14   1.8225902E-16     16
  4.142531359908040E+03   1.9998826E-14   1.7983276E-16      0
  4.145279613495798E+03   1.9608166E-14   1.7783862E-16      0
  4.148027860369687E+03   1.9247130E-14   1.8770938E-16      0
  4.150776100465270E+03   1.9540115E-14   1.9167368E-16     16
  4.153524333718109E+03   1.9025410E-14   1.8644834E-16      0
  4.156272560063770E+03   1.9295222E-14   1.8892534E-16     16
  4.159020779437822E+03   1.8971942E-14   1.7508235E-16      0
  4.161768991775833E+03   1.8619263E-14   1.8364924E-16      0
  4.164517197013373E+03   1.8404310E-14   1.7042692E-16     16
  4.167265395086014E+03   1.8530894E-14   1.7216716E-16      0
  4.170013585929331E+03   1.8272412E-14   1.7119967E-16      0
  4.172761769478899E+03   1.8515559E-14   1.7006243E-16      0
  4.175509945670295E+03   1.8284595E-14   1.7061906E-16      0
  4.178258114439097E+03   1.8422565E-14   1.7122551E-16      0
  4.181006275720888E+03   1.8398974E-14   1.7330647E-16     16
  4.183754429451248E+03   1.8056430E-14   1.6832709E-16      0
  4.186502575565763E+03   1.7915506E-14   1.6765277E-16      0
  4.189250714000020E+03   1.8109068E-14   1.6984710E-16      0
  4.191998844689604E+03   1.8017009E-14   1.6780228E-16      0
  4.194746967570106E+03   1.8104167E-14   1.6797489E-16      0
  4.197495082577118E+03   1.8320010E-14   1.6933234E-16      0
  4.200243189646233E+03   1.8078775E-14   1.6638391E-16     16
  4.202991288713046E+03   1.8256420E-14   1.6839220E-16      0
  4.205739379713154E+03   1.8118450E-14   1.6812212E-16      0
  4.208487462582156E+03   1.8116825E-14   1.6886451E-16     16
  4.211235537255652E+03   1.8144442E-14   1.6814467E-16      0
  4.213983603669248E+03   1.8503838E-14   1.7802167E-16     16
  4.216731661758544E+03   1.7996777E-14   1.6829159E-16     16
  4.219479711459151E+03   1.7680256E-14   1.6723347E-16      0
  4.222227752706674E+03   1.7771863E-14   1.6774903E-16     16
  4.224975785436728E+03   1.7254654E-14   1.6141850E-16      0
  4.227723809584921E+03   1.7119315E-14   1.6162544E-16      0
  4.230471825086870E+03   1.6593143E-14   1.6010899E-16      0
  4.233219831878192E+03   1.6798056E-14   1.5988072E-16      0
  4.235967829894505E+03   1.6310299E-14   1.5815095E-16      0
  4.238715819071429E+03   1.6081813E-14   1.5863852E-16    272
  4.241463799344588E+03   1.6133453E-14   1.5826930E-16      0
  4.244211770649606E+03   1.5708148E-14   1.5574756E-16      0
  4.246959732922111E+03   1.6105064E-14   1.5715992E-16     16
  4.249707686097732E+03   1.5539295E-14   1.5425256E-16      0
  4.252455630112099E+03   1.5373575E-14   1.5473311E-16      0
  4.255203564900848E+03   1.5034222E-14   1.5249272E-16      0
  4.257951490399611E+03   1.4771999E-14   1.5111527E-16      0
  4.260699406544029E+03   1.4825850E-14   1.5390509E-16      0
  4.263447313269741E+03   1.4559744E-14   1.5858917E-16      0
  4.266195210512388E+03   1.4355326E-14   1.5357917E-16     16
  4.268943098207616E+03   1.4032485E-14   1.4636348E-16      0
  4.271690976291070E+03   1.3867300E-14   1.4562548E-16      0
  4.274438844698400E+03   1.3864324E-14   1.4450910E-16     16
  4.277186703365257E+03   1.3739509E-14   1.4384119E-16      0
  4.279934552227294E+03   1.3354721E-14   1.5079606E-16      0
  4.282682391220167E+03   1.3274285E-14   1.5140890E-16      0
  4.285430220279533E+03   1.3150029E-14   1.4188487E-16      0
  4.288178039341055E+03   1.3144857E-14   1.3882542E-16     16
  4.290925848340395E+03   1.2690644E-14   1.3777600E-16      0
  4.293673647213214E+03   1.2459330E-14   1.3548508E-16      0
  4.296421435895185E+03   1.2406819E-14   1.3595154E-16      0
  4.299169214321975E+03   1.2261450E-14   1.3527365E-16      0
  4.301916982429256E+03   1.2048208E-14   1.3374527E-16      0
  4.304664740152703E+03   1.1923162E-14   1.3346317E-16     16
  4.307412487427994E+03   1.1652426E-14   1.3060447E-16      0
  4.310160224190809E+03   1.1366154E-14   1.2963495E-16     16
  4.312907950376826E+03   1.1304193E-14   1.3010603E-16      0
  4.315655665921735E+03   1.0727241E-14   1.3578061E-16      0
  4.318403370761218E+03   1.0742761E-14   1.3099993E-16     16
  4.321151064830969E+03   1.0633599E-14   1.3446848E-16     16
  4.323898748066676E+03   1.0527838E-14   1.1944921E-16      0
  4.326646420404036E+03   1.0272826E-14   1.2380421E-16      0
  4.329394081778746E+03   1.0219737E-14   1.2180998E-16     16
  4.332141732126503E+03   1.0216400E-14   1.2324926E-16     16
  4.334889371383014E+03   1.0135737E-14   1.1527142E-16      0
  4.337636999483980E+03   1.0161570E-14   1.2973624E-16      0
  4.340384616365108E+03   1.0563871E-14   1.2342513E-16      0
  4.343132221962111E+03   1.0349987E-14   1.2420536E-16      0
  4.345879816210700E+03   1.0224655E-14   1.2130307E-16      0
  4.348627399046591E+03   1.0375696E-14   1.3121532E-16      0
  4.351374970405501E+03   1.0631577E-14   1.2065245E-16      0
  4.354122530223151E+03   1.0616700E-14   1.3340312E-16      0
  4.356870078435266E+03   1.0648905E-14   1.1940915E-16      0
  4.359617614977571E+03   1.0826762E-14   1.2483302E-16      0
  4.362365139785794E+03   1.1129849E-14   1.2646296E-16      0
  4.365112652795669E+03   1.1340591E-14   1.2169276E-16     16
  4.367860153942927E+03   1.1115665E-14   1.3544860E-16      0
  4.370607643163309E+03   1.1322805E-14   1.2783072E-16      0
  4.373355120392553E+03   1.1208517E-14   1.3667070E-16     16
  4.376102585566400E+03   1.0975631E-14   1.3507788E-16     16
  4.378850038620599E+03   1.1378953E-14   1.2608873E-16      0
  4.381597479490897E+03   1.2026208E-14   1.2955365E-16     16
  4.384344908113046E+03   1.1676317E-14   1.3042141E-16     16
  4.387092324422798E+03   1.1527052E-14   1.2753232E-16      0
  4.389839728355912E+03   1.2250052E-14   1.2044067E-16      0
  4.392587119848146E+03   1.1827960E-14   1.3408492E-16      0
  4.395334498835266E+03   1.1848760E-14   1.2527440E-16      0
  4.398081865253034E+03   1.2269884E-14   1.2497962E-16     16
  4.400829219037222E+03   1.1951187E-14   1.2899084E-16      0
  4.403576560123601E+03   1.2289734E-14   1.4162435E-16     16
  4.406323888447945E+03   1.2147881E-14   1.3628448E-16      0
  4.409071203946031E+03   1.2370179E-14   1.3134195E-16      0
  4.411818506553641E+03   1.2713409E-14   1.2874459E-16      0
  4.414565796206557E+03   1.2511611E-14   1.2739305E-16      0
  4.417313072840568E+03   1.2522899E-14   1.3161727E-16      0
  4.420060336391461E+03   1.2446223E-14   1.2942650E-16      0
  4.422807586795032E+03   1.2506371E-14   1.4296368E-16     16
  4.425554823987073E+03   1.2779710E-14   1.3255068E-16      0
  4.428302047903387E+03   1.2790945E-14   1.2780913E-16     16
  4.431049258479773E+03   1.2934268E-14   1.4444043E-16     16
  4.433796455652037E+03   1.2819903E-14   1.4488133E-16     16
  4.436543639355988E+03   1.2951084E-14   1.3263816E-16     16
  4.439290809527438E+03   1.2951949E-14   1.3295390E-16      0
  4.442037966102201E+03   1.2823235E-14   1.3215384E-16      0
  4.444785109016094E+03   1.3202451E-14   1.5318991E-16     16
  4.447532238204939E+03   1.2798277E-14   1.3910702E-16     16
  4.450279353604560E+03   1.2604152E-14   1.3957728E-16      0
  4.453026455150783E+03   1.2545217E-14   1.4070344E-16      0
  4.455773542779442E+03   1.2543654E-14   1.4228195E-16      0
  4.458520616426368E+03   1.2921845E-14   1.4348501E-16     16
  4.461267676027401E+03   1.3181074E-14   1.3538709E-16     16
  4.464014721518378E+03   1.3179127E-14   1.3053956E-16      0
  4.466761752835146E+03   1.2814219E-14   1.3093276E-16      0
  4.469508769913551E+03   1.3059251E-14   1.4396198E-16      0
  4.472255772689443E+03   1.3041578E-14   1.3839097E-16   1040
  4.475002761098675E+03   1.3296426E-14   1.2754600E-16   1040
  4.477749735077106E+03   1.3189970E-14   1.4419019E-16   1040
  4.480496694560597E+03   1.3655672E-14   1.4103551E-16   1024
  4.483243639485010E+03   1.3599748E-14   1.4486507E-16   1024
  4.485990569786212E+03   1.3753305E-14   1.4675635E-16   1024
  4.488737485400077E+03   1.4088877E-14   1.4856312E-16   1040
  4.491484386262477E+03   1.4129057E-14   1.3520189E-16   1024
  4.494231272309289E+03   1.4395608E-14   1.4583734E-16   1024
  4.496978143476395E+03   1.5101515E-14   1.3617647E-16   1024
  4.499724999699681E+03   1.4696083E-14   1.4661195E-16   1024
  4.502471840915032E+03   1.5274814E-14   1.5288660E-16   1024
  4.505218667058341E+03   1.5522904E-14   1.4001500E-16   1040
  4.507965478065505E+03   1.5663521E-14   1.6027628E-16   1040
  4.510712273872420E+03   1.5964509E-14   1.4085196E-16   1024
  4.513459054414990E+03   1.6299387E-14   1.4892393E-16   1024
  4.516205819629119E+03   1.5816617E-14   1.5698559E-16   1024
  4.518952569450718E+03   1.6340226E-14   1.5503202E-16   1024
  4.521699303815701E+03   1.6704096E-14   1.6212845E-16   1024
  4.524446022659980E+03   1.6984701E-14   1.6265549E-16      0
  4.527192725919480E+03   1.6560800E-14   1.6030764E-16      0
  4.529939413530124E+03   1.6733293E-14   1.6119950E-16      0
  4.532686085427837E+03   1.6881311E-14   1.5844216E-16     16
  4.535432741548553E+03   1.7169051E-14   1.6362854E-16      0
  4.538179381828205E+03   1.7087877E-14   1.5406950E-16      0
  4.540926006202732E+03   1.7614845E-14   1.6922842E-16     16
  4.543672614608078E+03   1.7644679E-14   1.6852748E-16     16
  4.546419206980186E+03   1.7473219E-14   1.6247131E-16     16
  4.549165783255009E+03   1.7274734E-14   1.6463362E-16      0
  4.551912343368497E+03   1.7590250E-14   1.6563225E-16     16
  4.554658887256611E+03   1.7604421E-14   1.6326834E-16      0
  4.557405414855310E+03   1.7713702E-14   1.5587837E-16      0
  4.560151926100559E+03   1.7599640E-14   1.6379979E-16      0
  4.562898420928327E+03   1.7409144E-14   1.6416515E-16      0
  4.565644899274586E+03   1.7416847E-14   1.6019642E-16     16
  4.568391361075314E+03   1.7058840E-14   1.6243698E-16      0
  4.571137806266490E+03   1.7151460E-14   1.5917928E-16     16
  4.573884234784099E+03   1.6939310E-14   1.6306558E-16      0
  4.576630646564128E+03   1.6905336E-14   1.6545682E-16     16
  4.579377041542571E+03   1.6932619E-14   1.6256438E-16      0
  4.582123419655420E+03   1.6635959E-14   1.5601293E-16     16
  4.584869780838679E+03   1.6385314E-14   1.5977627E-16      0
  4.587616125028349E+03   1.5827788E-14   1.5710350E-16      0
  4.590362452160440E+03   1.6178856E-14   1.5871259E-16     16
  4.593108762170962E+03   1.5994447E-14   1.4749792E-16      0
  4.595855054995931E+03   1.6695070E-14   1.3911038E-16     16
  4.598601330571368E+03   1.5978787E-14   1.4729784E-16      0
  4.601347588833296E+03   1.5972072E-14   1.5146959E-16      0
  4.604093829717741E+03   1.6124639E-14   1.5215491E-16      0
  4.606840053160739E+03   1.5686605E-14   1.5617866E-16      0
  4.609586259098322E+03   1.5662547E-14   1.4998027E-16      0
  4.612332447466532E+03   1.6103958E-14   1.5853374E-16      0
  4.615078618201413E+03   1.6441860E-14   1.5443245E-16      0
  4.617824771239014E+03   1.6778129E-14   1.5093214E-16      0
  4.620570906515385E+03   1.5757495E-14   1.5742522E-16      0
  4.623317023966585E+03   1.6649634E-14   1.5539129E-16     16
  4.626063123528673E+03   1.6445856E-14   1.5699797E-16      0
  4.628809205137717E+03   1.6266251E-14   1.5699021E-16     16
  4.631555268729781E+03   1.6295159E-14   1.6019247E-16      0
  4.634301314240942E+03   1.6746907E-14   1.4868969E-16      0
  4.637047341607278E+03   1.6730261E-14   1.5521824E-16     16
  4.639793350764868E+03   1.6612813E-14   1.6244328E-16      0
  4.642539341649798E+03   1.7204225E-14   1.8676934E-16     16
  4.645285314198162E+03   1.6286260E-14   1.4897090E-16      0
  4.648031268346052E+03   1.5933864E-14   1.5278427E-16     16
  4.650777204029565E+03   1.6184623E-14   1.5554757E-16      0
  4.653523121184808E+03   1.6327116E-14   1.4932381E-16      0
  4.656269019747885E+03   1.6060021E-14   1.5404141E-16      0
  4.659014899654911E+03   1.5852154E-14   1.5377671E-16      0
  4.661760760842000E+03   1.5377593E-14   1.5148197E-16     16
  4.664506603245272E+03   1.5035892E-14   1.4516456E-16      0
  4.667252426800855E+03   1.5233854E-14   1.6082507E-16     16
  4.669998231444876E+03   1.4815308E-14   1.4910554E-16      0
  4.672744017113468E+03   1.4399684E-14   1.5107606E-16      0
  4.675489783742770E+03   1.4241514E-14   1.3991898E-16      0
  4.678235531268926E+03   1.4252851E-14   1.4342006E-16      0
  4.680981259628080E+03   1.3791544E-14   1.4316064E-16      0
  4.683726968756387E+03   1.3246809E-14   1.4073685E-16     16
  4.686472658590001E+03   1.3002893E-14   1.4246289E-16     16
  4.689218329065083E+03   1.2951550E-14   1.3522582E-16     16
  4.691963980117798E+03   1.2501976E-14   1.3160147E-16     16
  4.694709611684315E+03   1.2606911E-14   1.3601284E-16      0
  4.697455223700808E+03   1.2298323E-14   1.3198110E-16      0
  4.700200816103456E+03   1.2299198E-14   1.3619419E-16      0
  4.702946388828444E+03   1.2335506E-14   1.3806350E-16     16
  4.705691941811958E+03   1.2321131E-14   1.3207067E-16      0
  4.708437474990189E+03   1.2541402E-14   1.3182347E-16      0
  4.711182988299338E+03   1.1990952E-14   1.3456241E-16      0
  4.713928481675603E+03   1.2165122E-14   1.3545137E-16   1024
  4.716673955055191E+03   1.2282947E-14   1.3212297E-16   1040
  4.719419408374315E+03   1.2530021E-14   1.4137883E-16   1024
  4.722164841569189E+03   1.2213399E-14   1.3343048E-16   1024
  4.724910254576033E+03   1.2123417E-14   1.3275209E-16   1024
  4.727655647331074E+03   1.2263201E-14   1.3099731E-16   1024
  4.730401019770539E+03   1.1923940E-14   1.3485406E-16   1024
  4.733146371830666E+03   1.2359220E-14   1.3125333E-16   1024
  4.735891703447691E+03   1.2092407E-14   1.3405375E-16   1040
  4.738637014557859E+03   1.1828688E-14   1.3163842E-16   1040
  4.741382305097420E+03   1.1819089E-14   1.3711007E-16   1024
  4.744127575002627E+03   1.1618034E-14   1.2756975E-16   1024
  4.746872824209737E+03   1.1540369E-14   1.3707779E-16   1024
  4.749618052655015E+03   1.1231161E-14   1.2579608E-16   1024
  4.752363260274728E+03   1.1258253E-14   1.2573014E-16   1024
  4.755108447005150E+03   1.1178766E-14   1.3196716E-16     16
  4.757853612782558E+03   1.1093500E-14   1.3175047E-16      0
  4.760598757543235E+03   1.0879215E-14   1.2689853E-16      0
  4.763343881223468E+03   1.0596043E-14   1.3065557E-16      0
  4.766088983759551E+03   1.0608939E-14   1.2227160E-16      0
  4.768834065087779E+03   1.0427730E-14   1.2939199E-16     16
  4.771579125144455E+03   1.0348222E-14   1.2411019E-16     16
  4.774324163865889E+03   1.0405015E-14   1.2363450E-16      0
  4.777069181188390E+03   1.0047164E-14   1.1776143E-16     16
  4.779814177048277E+03   1.0145563E-14   1.2061211E-16     16
  4.782559151381871E+03   1.0020622E-14   1.1613341E-16      0
  4.785304104125500E+03   9.9746973E-15   1.1605928E-16      0
  4.788049035215497E+03   9.7928554E-15   1.1707434E-16     16
  4.790793944588198E+03   9.8719420E-15   1.2077640E-16      0
  4.793538832179947E+03   9.4798344E-15   1.1759059E-16      0
  4.796283697927091E+03   9.6729638E-15   1.1558704E-16      0
  4.799028541765980E+03   9.7149233E-15   1.2035578E-16     16
  4.801773363632975E+03   9.8276345E-15   1.1988348E-16      0
  4.804518163464436E+03   9.5481874E-15   1.1527267E-16      0
  4.807262941196735E+03   1.0335778E-14   1.0692540E-16     16
  4.810007696766240E+03   1.0359774E-14   1.2632289E-16     16
  4.812752430109333E+03   1.0788011E-14   1.2633020E-16      0
  4.815497141162395E+03   1.0923415E-14   1.2997930E-16      0
  4.818241829861816E+03   1.0693560E-14   1.2952698E-16     16
  4.820986496143989E+03   1.0590832E-14   1.2513408E-16      0
  4.823731139945314E+03   1.0783316E-14   1.2927499E-16     16
  4.826475761202194E+03   1.0926578E-14   1.2306658E-16     16
  4.829220359851039E+03   1.0717468E-14   1.1994707E-16      0
  4.831964935828264E+03   1.0993663E-14   1.2118956E-16      0
  4.834709489070287E+03   1.0515380E-14   1.2333835E-16      0
  4.837454019513537E+03   1.0558188E-14   1.2064114E-16      0
  4.840198527094442E+03   1.0468179E-14   1.2169228E-16      0
  4.842943011749439E+03   1.0586623E-14   1.1421404E-16     16
  4.845687473414968E+03   1.0036380E-14   1.2691426E-16      0
  4.848431912027476E+03   1.0457171E-14   1.2082881E-16      0
  4.851176327523416E+03   9.8879331E-15   1.1795228E-16     16
  4.853920719839245E+03   1.0044613E-14   1.2676366E-16      0
  4.856665088911424E+03   1.0079679E-14   1.1673473E-16      0
  4.859409434676424E+03   9.7739886E-15   1.1670309E-16     16
  4.862153757070717E+03   9.5016742E-15   1.1555909E-16     16
  4.864898056030781E+03   9.3474668E-15   1.1491479E-16     16
  4.867642331493101E+03   9.2061394E-15   1.1652206E-16      0
  4.870386583394169E+03   9.0914672E-15   1.0667786E-16      0
  4.873130811670478E+03   8.8083490E-15   1.1050700E-16      0
  4.875875016258529E+03   8.7873112E-15   1.1310661E-16     16
  4.878619197094829E+03   8.8892643E-15   1.1174767E-16     16
  4.881363354115891E+03   8.6614819E-15   1.0811617E-16      0
  4.884107487258230E+03   8.4489444E-15   1.1326570E-16      0
  4.886851596458372E+03   8.2946752E-15   1.0748753E-16      0
  4.889595681652842E+03   8.4754837E-15   1.0619981E-16      0
  4.892339742778177E+03   8.1631055E-15   1.0436863E-16      0
  4.895083779770915E+03   8.2049964E-15   1.0400190E-16      0
  4.897827792567603E+03   8.2466459E-15   9.3545147E-17      0
  4.900571781104791E+03   8.1311300E-15   1.0439144E-16      0
  4.903315745319035E+03   8.2170056E-15   1.0965229E-16     16
  4.906059685146897E+03   8.1168753E-15   1.0558785E-16      0
  4.908803600524948E+03   8.2480011E-15   1.0636760E-16      0
  4.911547491389758E+03   8.0875366E-15   1.1057959E-16      0
  4.914291357677908E+03   8.3727682E-15   1.0488986E-16      0
  4.917035199325983E+03   8.3068148E-15   1.0645080E-16      0
  4.919779016270573E+03   8.6604680E-15   9.8639779E-17      0
  4.922522808448274E+03   8.5850618E-15   1.0708168E-16      0
  4.925266575795691E+03   8.6526093E-15   1.0861785E-16      0
  4.928010318249429E+03   8.7395953E-15   1.0844065E-16      0
  4.930754035746103E+03   9.4678150E-15   8.8477310E-17     16
  4.933497728222332E+03   9.3712354E-15   1.1345444E-16     16
  4.936241395614741E+03   9.2158802E-15   1.1043056E-16      0
  4.938985037859964E+03   9.5773304E-15   1.1801230E-16      0
  4.941728654894636E+03   9.5136132E-15   1.1649597E-16     16
  4.944472246655399E+03   9.6180481E-15   1.1636343E-16      0
  4.947215813078901E+03   9.7449641E-15   1.1314216E-16     16
  4.949959354101801E+03   9.2305094E-15   1.1935394E-16      0
  4.952702869660756E+03   9.7622885E-15   1.0106817E-16      0
  4.955446359692433E+03   9.7093193E-15   1.2124116E-16     16
  4.958189824133505E+03   9.7257382E-15   1.2028054E-16      0
  4.960933262920650E+03   9.4681809E-15   1.1374723E-16      0
  4.963676675990553E+03   9.2384401E-15   1.1684919E-16     16
  4.966420063279902E+03   9.3083618E-15   1.1262384E-16     16
  4.969163424725397E+03   9.7334851E-15   1.2132725E-16     16
  4.971906760263736E+03   1.0070415E-14   1.0321221E-16      0
  4.974650069831629E+03   9.4773695E-15   1.0110930E-16      0
  4.977393353365792E+03   9.4816394E-15   1.1291048E-16      0
  4.980136610802943E+03   9.2908901E-15   1.1166001E-16      0
  4.982879842079809E+03   9.5107239E-15   1.1603492E-16     16
  4.985623047133124E+03   9.0824980E-15   1.1068655E-16      0
  4.988366225899624E+03   9.2500572E-15   1.1176593E-16      0
  4.991109378316055E+03   8.9855694E-15   1.1067974E-16     16
  4.993852504319167E+03   9.3791433E-15   9.8783054E-17      0
  4.996595603845717E+03   9.1091880E-15   1.1191281E-16     16
  4.999338676832469E+03   8.8911337E-15   1.0875255E-16      0
  5.002081723216191E+03   8.8466128E-15   1.0921569E-16      0
  5.004824742933658E+03   8.8565477E-15   1.0951712E-16      0
  5.007567735921654E+03   8.8569509E-15   1.0737174E-16     16
  5.010310702116964E+03   8.7852411E-15   1.0861856E-16      0
  5.013053641456383E+03   8.7292361E-15   1.1402223E-16      0
  5.015796553876710E+03   8.8743837E-15   1.0881201E-16      0
  5.018539439314754E+03   8.8214831E-15   1.0876826E-16      0
  5.021282297707323E+03   8.9017911E-15   1.0982932E-16     16
  5.024025128991242E+03   9.0080522E-15   1.1246745E-16     16
  5.026767933103332E+03   8.9232592E-15   1.0878016E-16      0
  5.029510709980425E+03   9.2048239E-15   1.0836380E-16     16
  5.032253459559360E+03   8.9654829E-15   1.0773874E-16      0
  5.034996181776981E+03   9.1157601E-15   1.1238481E-16     16
  5.037738876570136E+03   9.1961130E-15   1.1113725E-16     16
  5.040481543875685E+03   9.0506792E-15   1.1823671E-16      0
  5.043224183630490E+03   8.9029626E-15   1.1104395E-16      0
  5.045966795771421E+03   9.0604260E-15   1.1451476E-16      0
  5.048709380235353E+03   9.5953332E-15   1.1130475E-16     16
  5.051451936959168E+03   9.4562555E-15   1.1242036E-16      0
  5.054194465879757E+03   9.5767044E-15   1.1332875E-16     16
  5.056936966934012E+03   9.7147683E-15   1.1410874E-16     16
  5.059679440058838E+03   9.7259127E-15   1.2236775E-16     16
  5.062421885191142E+03   9.7490739E-15   1.1439151E-16      0
  5.065164302267838E+03   9.8526296E-15   1.2108777E-16      0
  5.067906691225847E+03   1.0102271E-14   1.1874573E-16     16
  5.070649052002098E+03   9.8458737E-15   1.1662828E-16     16
  5.073391384533525E+03   1.0009654E-14   1.1802353E-16      0
  5.076133688757067E+03   1.0095726E-14   1.1780664E-16      0
  5.078875964609671E+03   1.0205083E-14   1.1337217E-16      0
  5.081618212028296E+03   1.0107604E-14   1.1273642E-16      0
  5.084360430949896E+03   1.0506081E-14   1.1531439E-16     16
  5.087102621311442E+03   1.0639997E-14   1.2381138E-16     16
  5.089844783049906E+03   1.0979288E-14   1.2632876E-16     16
  5.092586916102269E+03   1.0894741E-14   1.1932033E-16      0
  5.095329020405517E+03   1.0988171E-14   1.1970451E-16      0
  5.098071095896645E+03   1.0953832E-14   1.1834650E-16      0
  5.100813142512650E+03   1.1264788E-14   1.2717216E-16      0
  5.103555160190544E+03   1.1245478E-14   1.2226891E-16     16
  5.106297148867337E+03   1.1928999E-14   1.3287280E-16     16
  5.109039108480050E+03   1.1719040E-14   1.2338696E-16      0
  5.111781038965712E+03   1.1624380E-14   1.2282658E-16     16
  5.114522940261353E+03   1.1869545E-14   1.2520740E-16      0
  5.117264812304016E+03   1.2061282E-14   1.2645920E-16     16
  5.120006655030748E+03   1.2264788E-14   1.3208297E-16     16
  5.122748468378603E+03   1.2015673E-14   1.2522035E-16      0
  5.125490252284641E+03   1.2477065E-14   1.2704365E-16      0
  5.128232006685932E+03   1.2471401E-14   1.2828473E-16      0
  5.130973731519548E+03   1.3005290E-14   1.3002725E-16   1024
  5.133715426722572E+03   1.2796527E-14   1.2902866E-16   1024
  5.136457092232091E+03   1.3140862E-14   1.2878740E-16   1040
  5.139198727985201E+03   1.3069624E-14   1.2978817E-16   1040
  5.141940333919003E+03   1.3246643E-14   1.3089461E-16   1040
  5.144681909970607E+03   1.3060840E-14   1.3475033E-16   1040
  5.147423456077128E+03   1.3333932E-14   1.3195282E-16   1024
  5.150164972175689E+03   1.3408970E-14   1.3510780E-16   1024
  5.152906458203420E+03   1.3771974E-14   1.3606166E-16   1040
  5.155647914097456E+03   1.3787773E-14   1.3609154E-16   1040
  5.158389339794940E+03   1.3341465E-14   1.3174479E-16   1024
  5.161130735233026E+03   1.3360694E-14   1.3177249E-16   1024
  5.163872100348870E+03   1.3505925E-14   1.3241866E-16   1024
  5.166613435079634E+03   1.3747111E-14   1.3464685E-16   1040
  5.169354739362492E+03   1.3654353E-14   1.3274307E-16   1024
  5.172096013134622E+03   1.3188596E-14   1.3125922E-16      0
  5.174837256333210E+03   1.2975061E-14   1.3290261E-16      0
  5.177578468895448E+03   1.3280452E-14   1.2920539E-16     16
  5.180319650758537E+03   1.2925091E-14   1.3897492E-16      0
  5.183060801859682E+03   1.2942852E-14   1.3730425E-16     16
  5.185801922136097E+03   1.2927055E-14   1.3673904E-16     16
  5.188543011525004E+03   1.2924276E-14   1.3299894E-16   8208
  5.191284069963631E+03   1.3174793E-14   1.3157720E-16     16
  5.194025097389215E+03   1.2927560E-14   1.2696213E-16      0
  5.196766093738995E+03   1.2561301E-14   1.3193160E-16     16
  5.199507058950222E+03   1.2965531E-14   1.2698331E-16     16
  5.202247992960154E+03   1.2886542E-14   1.3039322E-16      0
  5.204988895706054E+03   1.2872766E-14   1.2665415E-16      0
  5.207729767125194E+03   1.2543235E-14   1.3739597E-16     16
  5.210470607154853E+03   1.2891924E-14   1.3100503E-16      0
  5.213211415732314E+03   1.2779517E-14   1.2979836E-16      0
  5.215952192794873E+03   1.2905530E-14   1.3354921E-16     16
  5.218692938279828E+03   1.2869138E-14   1.2966645E-16      0
  5.221433652124488E+03   1.2674616E-14   1.2849173E-16      0
  5.224174334266168E+03   1.2756224E-14   1.2930088E-16      0
  5.226914984642191E+03   1.3011979E-14   1.2889823E-16      0
  5.229655603189884E+03   1.2555967E-14   1.3110412E-16      0
  5.232396189846583E+03   1.2910261E-14   1.3113710E-16      0
  5.235136744549637E+03   1.3199793E-14   1.3156038E-16      0
  5.237877267236393E+03   1.2977743E-14   1.3367079E-16      0
  5.240617757844213E+03   1.3099189E-14   1.3166782E-16      0
  5.243358216310461E+03   1.3161051E-14   1.3164155E-16      0
  5.246098642572512E+03   1.2992815E-14   1.3001170E-16      0
  5.248839036567748E+03   1.2650116E-14   1.3145892E-16      0
  5.251579398233557E+03   1.2943767E-14   1.3138875E-16     16
  5.254319727507333E+03   1.2891515E-14   1.3002128E-16      0
  5.257060024326483E+03   1.2467752E-14   1.2770976E-16      0
  5.259800288628417E+03   1.2214641E-14   1.2904952E-16     16
  5.262540520350552E+03   1.2182345E-14   1.2751754E-16      0
  5.265280719430313E+03   1.2273393E-14   1.2703300E-16     16
  5.268020885805137E+03   1.1782687E-14   1.2593786E-16     16
  5.270761019412465E+03   1.1606182E-14   1.2507843E-16      0
  5.273501120189742E+03   1.1326356E-14   1.1937929E-16      0
  5.276241188074428E+03   1.1209085E-14   1.1946868E-16      0
  5.278981223003984E+03   1.1100547E-14   1.2028200E-16     16
  5.281721224915884E+03   1.0553722E-14   1.1879726E-16      0
  5.284461193747605E+03   1.0287402E-14   1.1732800E-16      0
  5.287201129436634E+03   1.0085303E-14   1.1660160E-16      0
  5.289941031920465E+03   1.0050611E-14   1.2580824E-16     16
  5.292680901136601E+03   9.9881244E-15   1.1409502E-16      0
  5.295420737022551E+03   9.6544790E-15   1.1593210E-16      0
  5.298160539515832E+03   9.0384946E-15   1.0831025E-16      0
  5.300900308553969E+03   9.3116297E-15   1.0972357E-16      0
  5.303640044074495E+03   9.1102993E-15   1.0819294E-16      0
  5.306379746014949E+03   8.9604007E-15   1.1106496E-16     16
  5.309119414312882E+03   8.9163702E-15   1.0658533E-16      0
  5.311859048905847E+03   8.8285346E-15   1.0708437E-16      0
  5.314598649731408E+03   8.7439779E-15   1.0963032E-16      0
  5.317338216727137E+03   8.6285086E-15   1.0809158E-16      0
  5.320077749830613E+03   8.2013118E-15   1.0596632E-16     16
  5.322817248979423E+03   8.5153281E-15   1.0836188E-16     16
  5.325556714111161E+03   1.6951216E-14   1.8414652E-16     16
  5.328296145163431E+03   8.5235358E-15   1.0846582E-16      0
  5.331035542073842E+03   8.7016169E-15   1.0574154E-16     16
  5.333774904780013E+03   8.2896294E-15   1.0649766E-16      0
  5.336514233219570E+03   8.5998764E-15   1.0106982E-16     16
  5.339253527330148E+03   8.4558249E-15   1.1130259E-16     16
  5.341992787049387E+03   8.3698807E-15   1.0698601E-16      0
  5.344732012314939E+03   8.6270882E-15   1.0628645E-16      0
  5.347471203064459E+03   8.4662146E-15   1.1010081E-16     16
  5.350210359235614E+03   8.4894690E-15   1.2081770E-16     16
  5.352949480766079E+03   8.7285017E-15   9.9524757E-17      0
  5.355688567593535E+03   8.7662311E-15   1.1183839E-16     16
  5.358427619655668E+03   8.4172544E-15   1.1409380E-16      0
  5.361166636890181E+03   8.5941284E-15   1.0686938E-16      0
  5.363905619234776E+03   8.5996824E-15   1.1082167E-16      0
  5.366644566627169E+03   8.5335435E-15   1.0929257E-16      0
  5.369383479005081E+03   8.7073996E-15   1.1001783E-16      0
  5.372122356306239E+03   8.8314620E-15   1.0833373E-16      0
  5.374861198468383E+03   8.8963921E-15   1.0773722E-16      0
  5.377600005429259E+03   8.8325191E-15   1.1095890E-16      0
  5.380338777126621E+03   8.9550119E-15   1.0969811E-16     16
  5.383077513498230E+03   9.3231925E-15   1.1169250E-16      0
  5.385816214481856E+03   9.0725538E-15   1.1454989E-16      0
  5.388554880015278E+03   9.0249954E-15   1.1466699E-16      0
  5.391293510036284E+03   9.3692313E-15   1.1486848E-16      0
  5.394032104482666E+03   9.1947934E-15   1.1478072E-16      0
  5.396770663292226E+03   9.5769704E-15   1.1304592E-16      0
  5.399509186402778E+03   9.4356311E-15   1.2601620E-16     16
  5.402247673752139E+03   9.4153709E-15   1.1312756E-16      0
  5.404986125278137E+03   9.3320500E-15   1.1634076E-16      0
  5.407724540918607E+03   9.4487762E-15   1.1560509E-16     16
  5.410462920611393E+03   9.4075867E-15   1.1360472E-16      0
  5.413201264294347E+03   9.2175260E-15   1.1402220E-16      0
  5.415939571905330E+03   9.4791355E-15   1.1203858E-16      0
  5.418677843382210E+03   9.6094685E-15   1.1319678E-16     16
  5.421416078662864E+03   9.5218531E-15   1.1578706E-16     16
  5.424154277685176E+03   9.6031623E-15   1.1403280E-16      0
  5.426892440387041E+03   9.4172115E-15   1.1296304E-16      0
  5.429630566706361E+03   9.5063431E-15   1.1309360E-16      0
  5.432368656581045E+03   9.3633046E-15   1.1917801E-16     16
  5.435106709949010E+03   9.3114527E-15   1.1652643E-16      0
  5.437844726748188E+03   9.3965634E-15   1.1303988E-16      0
  5.440582706916510E+03   9.4710599E-15   1.1433061E-16      0
  5.443320650391920E+03   9.2477346E-15   1.1280516E-16      0
  5.446058557112372E+03   9.4105631E-15   1.1578570E-16      0
  5.448796427015825E+03   8.8569560E-15   1.1375997E-16      0
  5.451534260040247E+03   9.0503082E-15   1.1378274E-16      0
  5.454272056123619E+03   8.8494436E-15   1.0947902E-16      0
  5.457009815203925E+03   8.8572982E-15   1.0971457E-16      0
  5.459747537219158E+03   8.6061622E-15   1.0835140E-16      0
  5.462485222107322E+03   8.2641396E-15   1.0678865E-16      0
  5.465222869806429E+03   8.3270344E-15   1.0962349E-16      0
  5.467960480254498E+03   8.2660539E-15   1.0976670E-16     16
  5.470698053389558E+03   7.9730356E-15   1.0910840E-16      0
  5.473435589149646E+03   7.8925268E-15   9.9270600E-17      0
  5.476173087472806E+03   7.8773175E-15   1.0373511E-16      0
  5.478910548297095E+03   7.9963298E-15   1.1120273E-16      0
  5.481647971560575E+03   1.5650895E-14   1.7288596E-16     16
  5.484385357201314E+03   7.3595762E-15   1.0453762E-16      0
  5.487122705157397E+03   7.3947738E-15   1.0347469E-16      0
  5.489860015366908E+03   7.7291604E-15   9.8838640E-17      0
  5.492597287767947E+03   7.2198768E-15   1.0001769E-16      0
  5.495334522298618E+03   7.3551471E-15   1.0101306E-16      0
  5.498071718897038E+03   7.0170005E-15   1.0272121E-16     16
  5.500808877501329E+03   6.9017892E-15   9.5915285E-17     16
  5.503545998049623E+03   7.2590165E-15   9.6802393E-17      0
  5.506283080480060E+03   7.1208662E-15   1.0042171E-16      0
  5.509020124730790E+03   7.4147943E-15   9.4291039E-17      0
  5.511757130739970E+03   7.0831936E-15   9.8534363E-17      0
  5.514494098445770E+03   7.2546076E-15   1.0008765E-16      0
  5.517231027786363E+03   7.3734930E-15   1.0073721E-16      0
  5.519967918699932E+03   7.4981211E-15   1.0161330E-16      0
  5.522704771124673E+03   7.5301204E-15   1.0373601E-16     16
  5.525441584998787E+03   7.6235032E-15   1.0317854E-16      0
  5.528178360260486E+03   8.0403095E-15   1.0883461E-16      0
  5.530915096847988E+03   8.0991961E-15   1.0599022E-16      0
  5.533651794699523E+03   8.4873726E-15   1.0921622E-16     16
  5.536388453753326E+03   8.3240681E-15   1.1118660E-16      0
  5.539125073947645E+03   8.4235309E-15   1.1241117E-16      0
  5.541861655220734E+03   8.5772970E-15   1.1671144E-16     16
  5.544598197510859E+03   8.8238124E-15   1.1754293E-16     16
  5.547334700756291E+03   9.2261556E-15   1.1257286E-16      0
  5.550071164895313E+03   9.2942715E-15   1.1318934E-16     16
  5.552807589866215E+03   9.8690062E-15   1.1971520E-16     16
  5.555543975607296E+03   9.4092858E-15   1.1836441E-16      0
  5.558280322056868E+03   9.7714813E-15   1.1700463E-16      0
  5.561016629153246E+03   9.6891404E-15   1.1663364E-16      0
  5.563752896834757E+03   9.9075487E-15   1.2105898E-16      0
  5.566489125039737E+03   1.0029444E-14   1.1832452E-16      0
  5.569225313706529E+03   1.0340418E-14   1.1875391E-16      0
  5.571961462773490E+03   1.0360954E-14   1.2249957E-16      0
  5.574697572178981E+03   1.0359354E-14   1.1948362E-16      0
  5.577433641861374E+03   1.0725781E-14   1.2421221E-16     16
  5.580169671759049E+03   1.0869848E-14   1.2188542E-16     16
  5.582905661810399E+03   1.0723844E-14   1.2215180E-16     16
  5.585641611953818E+03   1.1039025E-14   1.2844127E-16      0
  5.588377522127718E+03   1.1090696E-14   1.2935716E-16      0
  5.591113392270518E+03   1.0905741E-14   1.3283262E-16      0
  5.593849222320639E+03   1.1271246E-14   1.2386176E-16     16
  5.596585012216521E+03   1.1314540E-14   1.3007676E-16     16
  5.599320761896606E+03   1.1230080E-14   1.2350883E-16     16
  5.602056471299352E+03   1.1364080E-14   1.3192186E-16      0
  5.604792140363218E+03   1.1485172E-14   1.2885675E-16     16
  5.607527769026678E+03   1.1570867E-14   1.3443117E-16     16
  5.610263357228215E+03   1.1394059E-14   1.2988582E-16      0
  5.612998904906315E+03   1.1921347E-14   1.2477055E-16      0
  5.615734411999485E+03   1.1819400E-14   1.2956767E-16     16
  5.618469878446229E+03   1.1726117E-14   1.6137313E-16     16
  5.621205304185067E+03   1.1500286E-14   1.3117257E-16      0
  5.623940689154528E+03   1.1944734E-14   1.2730958E-16      0
  5.626676033293148E+03   1.1540657E-14   1.3129302E-16     16
  5.629411336539474E+03   1.1773467E-14   1.2898398E-16      0
  5.632146598832061E+03   1.1866358E-14   1.3475929E-16     16
  5.634881820109476E+03   1.1996019E-14   1.4063892E-16     16
  5.637617000310292E+03   1.2067813E-14   1.1950690E-16      0
  5.640352139373093E+03   1.2061147E-14   1.2185172E-16      0
  5.643087237236471E+03   1.1962583E-14   1.2846147E-16      0
  5.645822293839032E+03   1.2145285E-14   1.2082949E-16     16
  5.648557309119385E+03   1.2128704E-14   1.2949745E-16     16
  5.651292283016153E+03   1.2089990E-14   1.3467615E-16      0
  5.654027215467965E+03   1.1630120E-14   1.2838682E-16      0
  5.656762106413465E+03   1.1744644E-14   1.3640008E-16      0
  5.659496955791298E+03   1.1605754E-14   1.3910863E-16     16
  5.662231763540128E+03   1.1617192E-14   1.4070531E-16      0
  5.664966529598619E+03   1.1376055E-14   1.3157861E-16      0
  5.667701253905453E+03   1.1465973E-14   1.2632505E-16      0
  5.670435936399315E+03   1.1635112E-14   1.3113695E-16      0
  5.673170577018905E+03   1.1718772E-14   1.2698563E-16      0
  5.675905175702927E+03   1.1839706E-14   1.2564610E-16      0
  5.678639732390099E+03   1.1463594E-14   1.2805786E-16      0
  5.681374247019147E+03   1.1318148E-14   1.3344919E-16      0
  5.684108719528805E+03   1.1299691E-14   1.2723799E-16     16
  5.686843149857820E+03   1.1376006E-14   1.3875952E-16     16
  5.689577537944945E+03   1.2071981E-14   1.3140075E-16     16
  5.692311883728945E+03   1.1558213E-14   1.2576563E-16      0
  5.695046187148594E+03   1.1420821E-14   1.2733119E-16     16
  5.697780448142675E+03   1.6934416E-14   8.0285653E-16    512
