

  1.563418806274414E+03   0.0000000E+00   0.0000000E+00   2564
  1.564962330891983E+03   0.0000000E+00   0.0000000E+00   2564
  1.566505864617447E+03   0.0000000E+00   0.0000000E+00   2564
  1.568049407450968E+03   0.0000000E+00   0.0000000E+00   2564
  1.569592959392706E+03   0.0000000E+00   0.0000000E+00   2560
  1.571136520442823E+03   0.0000000E+00   0.0000000E+00    512
  1.572680090601480E+03   0.0000000E+00   0.0000000E+00    512
  1.574223669868838E+03   0.0000000E+00   0.0000000E+00    512
  1.575767258245058E+03   0.0000000E+00   0.0000000E+00    512
  1.577310855730303E+03   0.0000000E+00   0.0000000E+00    512
  1.578854462324732E+03   0.0000000E+00   0.0000000E+00    512
  1.580398078028508E+03  -2.5098935E-14   8.4906969E-14      0
  1.581941702841791E+03  -3.6809680E-14   2.5906164E-14      0
  1.583485336764743E+03  -6.3893749E-15   1.6556741E-14      0
  1.585028979797525E+03   1.4001799E-14   1.3025421E-14      0
  1.586572631940299E+03  -5.1282797E-15   9.0480576E-15      0
  1.588116293193225E+03   1.8145023E-14   8.7380868E-15      0
  1.589659963556465E+03  -8.0176742E-15   5.9313630E-15      0
  1.591203643030181E+03  -8.1818121E-16   5.6818246E-15      0
  1.592747331614533E+03   1.4804082E-15   4.9843700E-15      0
  1.594291029309682E+03  -5.1713716E-15   4.0127970E-15      0
  1.595834736115792E+03   1.3088975E-15   3.9393025E-15      0
  1.597378452033022E+03  -8.4640281E-16   3.2660904E-15      0
  1.598922177061533E+03   5.2184361E-16   3.0710475E-15      0
  1.600465911201488E+03   3.3227072E-15   2.8635010E-15      0
  1.602009654453048E+03  -1.1066838E-15   2.3271224E-15      0
  1.603553406816373E+03   1.4872362E-15   2.2481633E-15      0
  1.605097168291626E+03  -3.6688842E-15   1.6929697E-15      0
  1.606640938878967E+03  -2.4328372E-15   1.6413069E-15      0
  1.608184718578558E+03  -7.6083903E-16   1.5468848E-15      0
  1.609728507390560E+03  -1.4096090E-15   1.3977511E-15      0
  1.611272305315135E+03  -1.5292069E-15   1.2707014E-15      0
  1.612816112352444E+03   1.0969875E-15   1.3520493E-15      0
  1.614359928502649E+03   4.8855659E-16   1.1921530E-15      0
  1.615903753765910E+03   4.7381895E-16   1.1309881E-15      0
  1.617447588142389E+03  -4.8704495E-16   9.8731854E-16      0
  1.618991431632249E+03   5.5578464E-17   9.4897273E-16      0
  1.620535284235648E+03   1.7095546E-15   9.7964707E-16      0
  1.622079145952750E+03  -7.5630841E-16   7.8540278E-16      0
  1.623623016783717E+03  -2.9951998E-17   7.7949779E-16      0
  1.625166896728708E+03   8.3859326E-17   7.3990911E-16      0
  1.626710785787885E+03   2.3246250E-17   7.0867626E-16      0
  1.628254683961411E+03   5.4390707E-16   6.9679519E-16      0
  1.629798591249446E+03   1.1089002E-16   6.2456615E-16      0
  1.631342507652152E+03   1.0896235E-15   6.6669010E-16      0
  1.632886433169690E+03   7.6084285E-16   6.1539760E-16      0
  1.634430367802222E+03   2.1961739E-16   5.5588173E-16      0
  1.635974311549909E+03   8.3240051E-16   5.7081661E-16      0
  1.637518264412913E+03  -1.4882685E-16   4.9385398E-16      0
  1.639062226391395E+03   4.5846781E-16   5.0923949E-16      0
  1.640606197485516E+03  -2.1858497E-16   4.3991675E-16      0
  1.642150177695438E+03  -3.7699464E-16   4.2437981E-16      0
  1.643694167021323E+03   4.8259882E-16   4.5741113E-16      0
  1.645238165463331E+03   8.5748078E-16   4.7301247E-16      0
  1.646782173021625E+03  -2.0027296E-16   3.9258606E-16      0
  1.648326189696366E+03   2.8645204E-16   4.0951624E-16      0
  1.649870215487714E+03  -2.7081215E-17   3.7693530E-16      0
  1.651414250395833E+03   1.1261738E-16   3.6742354E-16      0
  1.652958294420883E+03   5.1440120E-16   3.8567739E-16      0
  1.654502347563026E+03   2.1871693E-16   3.6758575E-16      0
  1.656046409822423E+03   1.0741845E-16   3.4834233E-16      0
  1.657590481199236E+03   1.5556672E-16   3.4006517E-16      0
  1.659134561693626E+03   7.3633008E-16   3.6259924E-16      0
  1.660678651305756E+03  -1.3837363E-16   3.1001811E-16      0
  1.662222750035785E+03  -7.7155027E-17   3.0460247E-16      0
  1.663766857883876E+03   3.6629246E-16   3.2315011E-16      0
  1.665310974850191E+03  -1.5258291E-17   2.9155880E-16      0
  1.666855100934891E+03   5.4191342E-17   2.9264671E-16      0
  1.668399236138137E+03   3.6529156E-16   3.0193591E-16      0
  1.669943380460091E+03   3.0132099E-16   2.9590162E-16      0
  1.671487533900915E+03   5.0600101E-17   2.7654294E-16      0
  1.673031696460770E+03  -9.9087304E-17   2.5813374E-16      0
  1.674575868139818E+03   1.7330491E-16   2.7585973E-16      0
  1.676120048938220E+03   5.6777439E-16   2.8655371E-16      0
  1.677664238856138E+03   7.8364041E-17   2.5970811E-16      0
  1.679208437893733E+03  -7.0092473E-17   2.4452769E-16      0
  1.680752646051167E+03  -1.1527343E-16   2.3792467E-16      0
  1.682296863328602E+03  -7.7043840E-17   2.3195635E-16      0
  1.683841089726199E+03   1.5016437E-17   2.3682401E-16      0
  1.685385325244119E+03   1.0626369E-16   2.4021206E-16      0
  1.686929569882526E+03  -8.4842261E-17   2.2140712E-16      0
  1.688473823641579E+03   2.4629513E-16   2.4386208E-16      0
  1.690018086521440E+03  -1.1534532E-16   2.1318757E-16      0
  1.691562358522272E+03  -3.2129889E-17   2.1829036E-16      0
  1.693106639644236E+03   2.7043721E-16   2.3068768E-16      0
  1.694650929887492E+03   2.7932410E-17   2.1581591E-16      0
  1.696195229252205E+03  -8.8155172E-17   2.0575062E-16      0
  1.697739537738533E+03   2.4759289E-16   2.2294683E-16      0
  1.699283855346640E+03  -2.0247904E-16   1.9133683E-16      0
  1.700828182076687E+03   1.6745206E-16   2.1394896E-16      0
  1.702372517928836E+03  -1.7890000E-16   1.8811937E-16      0
  1.703916862903247E+03  -6.5690237E-17   1.9355019E-16      0
  1.705461217000084E+03   3.4568063E-16   2.1788622E-16      0
  1.707005580219507E+03   1.8137592E-16   2.0069689E-16      0
  1.708549952561679E+03   2.0957751E-16   2.0654540E-16      0
  1.710094334026760E+03  -8.9839067E-17   1.8379002E-16      0
  1.711638724614913E+03  -1.8617654E-16   1.7452987E-16      0
  1.713183124326300E+03   9.4499052E-17   1.8915052E-16      0
  1.714727533161081E+03   4.8575365E-16   2.1230280E-16      0
  1.716271951119418E+03   1.7876996E-16   1.8867030E-16      0
  1.717816378201474E+03  -3.5071584E-17   1.7669024E-16      0
  1.719360814407410E+03   9.9261343E-17   1.8117652E-16      0
  1.720905259737388E+03   2.8220520E-16   1.9265212E-16      0
  1.722449714191569E+03   8.6228831E-18   1.7241222E-16      0
  1.723994177770116E+03   6.2418038E-16   2.0450642E-16      0
  1.725538650473189E+03   1.5126026E-16   1.7720743E-16      0
  1.727083132300951E+03  -2.0313729E-16   1.5619082E-16      0
  1.728627623253563E+03  -2.4102501E-17   1.6486936E-16      0
  1.730172123331187E+03   4.0114376E-18   1.6263165E-16      0
  1.731716632533985E+03   2.2740495E-17   1.6580670E-16      0
  1.733261150862118E+03  -6.1551350E-17   1.5307798E-16      0
  1.734805678315749E+03   1.3121810E-16   1.6415242E-16      0
  1.736350214895039E+03   8.5873596E-17   1.6191494E-16      0
  1.737894760600150E+03   2.0331692E-16   1.6547262E-16      0
  1.739439315431242E+03  -2.5625496E-17   1.5236361E-16      0
  1.740983879388480E+03  -1.2212415E-16   1.5204048E-16      0
  1.742528452472023E+03   6.5570270E-17   1.5722549E-16      0
  1.744073034682034E+03   1.2325706E-16   1.5712726E-16      0
  1.745617626018675E+03   1.6844866E-16   1.5973551E-16      0
  1.747162226482107E+03  -9.4786937E-17   1.3865797E-16      0
  1.748706836072493E+03   4.0417117E-17   1.4762572E-16      0
  1.750251454789993E+03  -6.9172443E-17   1.3864595E-16      0
  1.751796082634770E+03  -4.4752374E-17   1.3681696E-16      0
  1.753340719606986E+03  -8.8532539E-17   1.3703631E-16      0
  1.754885365706802E+03   1.0670699E-16   1.4831131E-16      0
  1.756430020934380E+03   4.2460216E-17   1.4262909E-16      0
  1.757974685289882E+03  -6.2199985E-17   1.3273350E-16      0
  1.759519358773471E+03   1.7415641E-16   1.4626962E-16      0
  1.761064041385307E+03   3.4569823E-16   1.5549601E-16      0
  1.762608733125552E+03   8.4299432E-17   1.3912642E-16      0
  1.764153433994369E+03   1.4332499E-17   1.3253865E-16      0
  1.765698143991919E+03   6.2042205E-17   1.3640169E-16      0
  1.767242863118364E+03   2.2506317E-16   1.4424413E-16      0
  1.768787591373865E+03   8.7283370E-17   1.3320934E-16      0
  1.770332328758586E+03  -1.0731256E-16   1.2079578E-16      0
  1.771877075272687E+03   6.9104085E-17   1.2879488E-16      0
  1.773421830916331E+03   1.5997527E-17   1.2811597E-16      0
  1.774966595689679E+03   3.1735721E-17   1.2374142E-16      0
  1.776511369592893E+03   2.9957594E-16   1.4240917E-16      0
  1.778056152626135E+03   8.4453122E-18   1.2239551E-16      0
  1.779600944789567E+03   1.9861782E-16   1.3290323E-16      0
  1.781145746083351E+03  -1.3878895E-17   1.1881524E-16      0
  1.782690556507649E+03  -1.3638824E-16   1.1022665E-16      0
  1.784235376062623E+03   1.6865572E-16   1.2829450E-16      0
  1.785780204748434E+03   4.1475805E-17   1.1957788E-16      0
  1.787325042565245E+03  -1.9007267E-16   1.0153823E-16      0
  1.788869889513216E+03   2.8792471E-16   1.3533472E-16      0
  1.790414745592512E+03  -1.3078082E-16   1.0535336E-16      0
  1.791959610803292E+03  -1.6457560E-16   1.0152307E-16      0
  1.793504485145720E+03   5.0520575E-17   1.1615111E-16      0
  1.795049368619956E+03   1.7782166E-17   1.1145905E-16      0
  1.796594261226164E+03   9.1841724E-17   1.1673749E-16      0
  1.798139162964505E+03   6.9347113E-18   1.0937169E-16      0
  1.799684073835140E+03   1.8470228E-16   1.1987693E-16      0
  1.801228993838233E+03   9.1788864E-17   1.1506334E-16      0
  1.802773922973944E+03   3.0284227E-17   1.0896673E-16      0
  1.804318861242436E+03   7.0233861E-17   1.1210684E-16      0
  1.805863808643871E+03  -1.9559137E-16   8.9320127E-17      0
  1.807408765178410E+03  -8.8727403E-17   9.6916583E-17      0
  1.808953730846216E+03  -5.4509131E-17   1.0095277E-16      0
  1.810498705647451E+03  -8.3563380E-17   9.7448421E-17      0
  1.812043689582277E+03  -1.0805953E-16   9.3274481E-17      0
  1.813588682650854E+03  -1.0513844E-17   1.0231467E-16      0
  1.815133684853348E+03   1.5290190E-16   1.0829134E-16      0
  1.816678696189917E+03   6.5692500E-17   1.0438393E-16      0
  1.818223716660725E+03   1.6973930E-17   9.9506393E-17      0
  1.819768746265933E+03  -4.1638327E-17   9.5059967E-17      0
  1.821313785005705E+03  -2.3261798E-16   8.0133651E-17      0
  1.822858832880201E+03   3.6143561E-17   9.8906753E-17      0
  1.824403889889584E+03   2.6299251E-17   9.7270286E-17      0
  1.825948956034016E+03   1.0161547E-17   9.6612379E-17      0
  1.827494031313658E+03   2.7141455E-17   9.6872869E-17      0
  1.829039115728673E+03   1.0953424E-16   1.0139368E-16      0
  1.830584209279223E+03   1.8897632E-16   1.0535148E-16      0
  1.832129311965470E+03  -3.9458279E-17   9.0779155E-17      0
  1.833674423787576E+03  -1.9880138E-17   9.1898575E-17      0
  1.835219544745702E+03   2.8108838E-17   9.4329447E-17      0
  1.836764674840012E+03  -9.2747613E-17   8.4591453E-17      0
  1.838309814070667E+03  -5.6463448E-17   8.5574792E-17      0
  1.839854962437829E+03  -4.0300713E-17   8.6236808E-17      0
  1.841400119941661E+03  -7.2070235E-17   8.3384120E-17      0
  1.842945286582324E+03   8.8099487E-17   9.4833551E-17      0
  1.844490462359980E+03  -7.2038359E-17   8.3492210E-17      0
  1.846035647274792E+03  -5.4253016E-17   8.3888535E-17      0
  1.847580841326922E+03   9.2953669E-18   8.7273265E-17      0
  1.849126044516531E+03   1.0620092E-16   9.4811971E-17      0
  1.850671256843782E+03   2.5075105E-16   1.0075416E-16      0
  1.852216478308837E+03   2.7404737E-17   8.8685607E-17      0
  1.853761708911858E+03   7.9087175E-17   9.0769262E-17      0
  1.855306948653007E+03   3.7027082E-17   8.7285951E-17      0
  1.856852197532447E+03   1.6580760E-16   9.4450599E-17      0
  1.858397455550339E+03  -2.9659262E-17   8.1461475E-17      0
  1.859942722706846E+03   2.0333787E-17   8.5248963E-17      0
  1.861487999002129E+03   2.8612803E-17   8.3449580E-17      0
  1.863033284436351E+03  -5.7853886E-17   7.9083079E-17      0
  1.864578579009674E+03  -1.2935244E-17   8.1317089E-17      0
  1.866123882722261E+03  -5.6267038E-18   8.0465768E-17      0
  1.867669195574272E+03   2.4450506E-17   8.2839319E-17      0
  1.869214517565872E+03   4.5776043E-17   8.4668977E-17      0
  1.870759848697220E+03   7.5218842E-17   8.3761493E-17      0
  1.872305188968481E+03  -6.3514812E-17   7.6167413E-17      0
  1.873850538379815E+03   3.2938630E-18   7.8431108E-17      0
  1.875395896931386E+03   4.5853387E-17   8.1705897E-17      0
  1.876941264623355E+03   7.3235726E-18   7.7688406E-17      0
  1.878486641455885E+03   6.1300410E-17   8.1387968E-17      0
  1.880032027429137E+03   7.6776482E-17   8.2414771E-17      0
  1.881577422543275E+03   4.2552940E-17   7.8766997E-17      0
  1.883122826798459E+03   7.9603925E-17   8.2141887E-17      0
  1.884668240194853E+03   7.3333274E-17   8.0841473E-17      0
  1.886213662732619E+03  -3.4335642E-17   7.2321652E-17      0
  1.887759094411918E+03  -1.4554900E-17   7.4811942E-17      0
  1.889304535232913E+03   1.0437391E-16   8.0114719E-17      0
  1.890849985195767E+03   9.7726651E-17   8.1165562E-17      0
  1.892395444300641E+03  -9.0144112E-17   6.7592349E-17      0
  1.893940912547697E+03  -5.9755172E-18   7.3577431E-17      0
  1.895486389937099E+03   9.9438002E-17   8.0440019E-17      0
  1.897031876469008E+03  -1.0903719E-17   7.1995736E-17      0
  1.898577372143587E+03   3.0299441E-17   7.5588135E-17      0
  1.900122876960997E+03   1.4210045E-17   7.2447284E-17      0
  1.901668390921401E+03   8.8387564E-17   7.8737920E-17      0
  1.903213914024961E+03   8.1936230E-17   7.6059932E-17      0
  1.904759446271840E+03   7.7224881E-17   7.5617252E-17      0
  1.906304987662200E+03   9.9791056E-17   7.6359306E-17      0
  1.907850538196202E+03  -1.8524259E-18   6.9706762E-17      0
  1.909396097874011E+03   1.2809178E-18   6.9982299E-17      0
  1.910941666695787E+03   1.0333494E-16   7.6864964E-17      0
  1.912487244661693E+03   3.2658960E-17   7.1871811E-17      0
  1.914032831771891E+03   1.9095537E-16   7.9657950E-17      0
  1.915578428026544E+03   1.3247012E-17   6.8918710E-17      0
  1.917124033425813E+03   8.7034356E-17   7.2622209E-17      0
  1.918669647969862E+03   1.7272325E-17   6.8939323E-17      0
  1.920215271658853E+03   2.4600360E-17   6.8077156E-17      0
  1.921760904492947E+03   1.6314600E-18   6.5564565E-17      0
  1.923306546472307E+03  -6.0516209E-17   6.2568762E-17      0
  1.924852197597096E+03   1.1248178E-16   7.3086092E-17      0
  1.926397857867476E+03   1.9549102E-17   6.7809051E-17      0
  1.927943527283609E+03   1.2262661E-16   7.3061998E-17      0
  1.929489205845657E+03  -1.0964283E-17   6.4452378E-17      0
  1.931034893553784E+03   8.6361845E-17   7.1223798E-17      0
  1.932580590408150E+03   1.3184976E-16   7.3407647E-17      0
  1.934126296408920E+03   1.5405974E-17   6.5429384E-17      0
  1.935672011556254E+03   1.7689896E-17   6.3929858E-17      0
  1.937217735850316E+03   9.0530101E-17   6.9750960E-17      0
  1.938763469291267E+03   9.2749300E-17   7.0284279E-17      0
  1.940309211879271E+03   4.2074241E-17   6.5465602E-17      0
  1.941854963614489E+03  -4.6103093E-17   6.0007308E-17      0
  1.943400724497084E+03  -1.0360212E-17   6.1287506E-17      0
  1.944946494527218E+03   8.5851579E-18   6.3081746E-17      0
  1.946492273705054E+03   3.9886556E-17   6.5157282E-17      0
  1.948038062030755E+03   1.1868061E-16   6.9665634E-17      0
  1.949583859504482E+03  -7.4417330E-17   5.6764178E-17      0
  1.951129666126397E+03   6.4550746E-17   6.5842935E-17      0
  1.952675481896664E+03   4.7025313E-18   6.0869157E-17      0
  1.954221306815445E+03   2.9956822E-17   6.2806745E-17      0
  1.955767140882902E+03   8.1724128E-17   6.5829535E-17      0
  1.957312984099198E+03   1.8588254E-17   6.0947812E-17      0
  1.958858836464495E+03   7.8743611E-17   6.5533371E-17      0
  1.960404697978955E+03   6.1680323E-18   6.0347213E-17      0
  1.961950568642741E+03   1.3455254E-17   5.9085260E-17      0
  1.963496448456016E+03  -5.2378820E-17   5.6221600E-17      0
  1.965042337418942E+03  -5.3816929E-19   5.8804051E-17      0
  1.966588235531681E+03  -4.4951704E-19   5.8936327E-17      0
  1.968134142794397E+03  -6.5680913E-17   5.3849961E-17      0
  1.969680059207250E+03   1.4646551E-17   5.8259522E-17      0
  1.971225984770404E+03   4.7981492E-17   6.1559741E-17      0
  1.972771919484022E+03   1.6219310E-16   6.7440876E-17      0
  1.974317863348265E+03   1.1061965E-17   5.7420972E-17      0
  1.975863816363296E+03   7.1378176E-17   6.1976620E-17      0
  1.977409778529279E+03   2.7662928E-17   5.9073653E-17      0
  1.978955749846375E+03   3.6164704E-17   5.7935757E-17      0
  1.980501730314746E+03   1.7341668E-16   6.7331728E-17      0
  1.982047719934556E+03   3.6906450E-17   5.7766833E-17      0
  1.983593718705966E+03   5.0082765E-17   5.8910744E-17      0
  1.985139726629140E+03   1.2314305E-17   5.6426437E-17      0
  1.986685743704240E+03   3.1575271E-17   5.7212146E-17      0
  1.988231769931428E+03   3.0338010E-17   5.6753001E-17      0
  1.989777805310867E+03   7.0436057E-17   5.8176168E-17      0
  1.991323849842719E+03   8.5379167E-17   5.9570140E-17      0
  1.992869903527148E+03   2.5078958E-17   5.4735368E-17      0
  1.994415966364315E+03   7.2048861E-17   5.8449647E-17      0
  1.995962038354383E+03   2.1688285E-16   6.6841580E-17      0
  1.997508119497515E+03   3.2624027E-17   5.4593295E-17      0
  1.999054209793874E+03   2.7145090E-17   5.5923928E-17      0
  2.000600309243621E+03   1.3589216E-16   6.0835011E-17      0
  2.002146417846919E+03   5.5085193E-17   5.6250148E-17      0
  2.003692535603931E+03   9.0266382E-17   5.7760573E-17      0
  2.005238662514821E+03   3.2845817E-17   5.3089977E-17      0
  2.006784798579749E+03   2.0749237E-17   5.3421640E-17      0
  2.008330943798879E+03   1.3860800E-16   6.0206665E-17      0
  2.009877098172373E+03  -6.1567477E-17   4.6366713E-17      0
  2.011423261700395E+03   9.3291084E-17   5.7477313E-17      0
  2.012969434383105E+03   4.3445319E-17   5.2906809E-17      0
  2.014515616220669E+03   8.5770980E-17   5.6020112E-17      0
  2.016061807213247E+03   1.0783927E-16   5.7650617E-17      0
  2.017608007361002E+03   4.8068928E-17   5.2554431E-17      0
  2.019154216664097E+03   2.3027979E-17   5.0872001E-17      0
  2.020700435122695E+03   1.8613689E-16   6.1185154E-17      0
  2.022246662736958E+03   8.3190858E-17   5.4212398E-17      0
  2.023792899507050E+03   1.3573909E-16   5.7617960E-17      0
  2.025339145433132E+03   7.3434746E-17   5.3408286E-17      0
  2.026885400515367E+03   1.0515580E-16   5.5378812E-17      0
  2.028431664753918E+03   6.1116650E-17   5.2724883E-17      0
  2.029977938148948E+03   9.4492461E-17   5.3489115E-17      0
  2.031524220700619E+03   7.4236026E-17   5.2832863E-17      0
  2.033070512409094E+03   4.7040570E-17   5.0617190E-17      0
  2.034616813274535E+03   8.3897310E-17   5.2665822E-17      0
  2.036163123297106E+03   9.8536845E-17   5.3475083E-17      0
  2.037709442476969E+03   1.5672901E-16   5.6959902E-17      0
  2.039255770814286E+03   1.2200518E-16   5.4025819E-17      0
  2.040802108309221E+03   1.9636483E-16   5.8513916E-17      0
  2.042348454961936E+03   8.3145462E-17   5.2447539E-17      0
  2.043894810772593E+03   5.0691656E-17   4.8404330E-17      0
  2.045441175741357E+03   4.1151266E-17   4.8677779E-17      0
  2.046987549868388E+03   3.1574169E-17   4.7548965E-17      0
  2.048533933153850E+03   3.5503442E-17   4.7045815E-17      0
  2.050080325597906E+03   8.7658063E-17   5.0835476E-17      0
  2.051626727200719E+03  -2.4960780E-17   4.3605061E-17      0
  2.053173137962450E+03   3.9644394E-17   4.6957832E-17      0
  2.054719557883263E+03   1.0226634E-16   5.0930771E-17      0
  2.056265986963321E+03   3.6757630E-17   4.6952753E-17      0
  2.057812425202786E+03   1.1322837E-16   5.1298082E-17      0
  2.059358872601821E+03   2.9622622E-17   4.5406683E-17      0
  2.060905329160589E+03   5.9261191E-17   4.7277253E-17      0
  2.062451794879253E+03  -2.7380876E-18   4.3281987E-17      0
  2.063998269757975E+03   6.7617138E-17   4.8162475E-17      0
  2.065544753796918E+03   7.1803155E-17   4.7690036E-17      0
  2.067091246996245E+03   2.8666593E-17   4.5358399E-17      0
  2.068637749356119E+03   3.8984361E-17   4.4852826E-17      0
  2.070184260876702E+03   2.9058096E-18   4.2547798E-17      0
  2.071730781558158E+03   8.3485883E-17   4.7387288E-17      0
  2.073277311400649E+03   2.1837148E-17   4.3789830E-17      0
  2.074823850404338E+03   2.4149250E-17   4.3950465E-17      0
  2.076370398569387E+03   1.7748847E-17   4.2495941E-17      0
  2.077916955895960E+03   1.9213440E-17   4.3360057E-17      0
  2.079463522384219E+03   5.7711736E-17   4.4917519E-17      0
  2.081010098034328E+03   5.4913828E-18   4.1594122E-17      0
  2.082556682846448E+03   1.0470635E-16   4.7283993E-17      0
  2.084103276820743E+03   5.3686348E-17   4.4279868E-17      0
  2.085649879957376E+03   1.4639593E-17   4.1491770E-17      0
  2.087196492256508E+03   4.1898567E-17   4.2742900E-17      0
  2.088743113718305E+03  -1.4793290E-17   3.9229692E-17      0
  2.090289744342928E+03   2.8074037E-17   4.1328888E-17      0
  2.091836384130540E+03   6.1805360E-17   4.3781158E-17      0
  2.093383033081303E+03  -3.9411475E-18   3.9233487E-17      0
  2.094929691195382E+03  -3.1961177E-17   3.7409194E-17      0
  2.096476358472938E+03   1.6519819E-17   3.9876981E-17      0
  2.098023034914134E+03   6.8144979E-17   4.3236942E-17      0
  2.099569720519135E+03   2.0022334E-17   3.9897158E-17      0
  2.101116415288101E+03   6.2379066E-17   4.3091822E-17      0
  2.102663119221196E+03   7.5061386E-17   4.3297565E-17      0
  2.104209832318584E+03   5.7814353E-17   4.1783599E-17      0
  2.105756554580426E+03   4.0790224E-18   3.8529749E-17      0
  2.107303286006886E+03   1.1688387E-18   3.7606814E-17      0
  2.108850026598127E+03   3.9776310E-17   4.0752638E-17      0
  2.110396776354311E+03   3.9376467E-17   4.0194291E-17      0
  2.111943535275603E+03   3.8947462E-17   3.8891703E-17      0
  2.113490303362164E+03   2.6779636E-17   3.9277067E-17      0
  2.115037080614157E+03   3.6778359E-17   3.9558387E-17      0
  2.116583867031745E+03   3.9865649E-17   3.9398460E-17      0
  2.118130662615092E+03  -1.4221686E-17   3.5500832E-17      0
  2.119677467364360E+03   6.5255478E-17   4.0212621E-17      0
  2.121224281279713E+03   6.5267389E-17   4.0838608E-17      0
  2.122771104361312E+03   3.5931746E-17   3.8455203E-17      0
  2.124317936609322E+03  -1.4639517E-17   3.5330780E-17      0
  2.125864778023904E+03  -2.3176888E-17   3.3918872E-17      0
  2.127411628605223E+03  -5.9700541E-18   3.4932013E-17      0
  2.128958488353440E+03   2.2596268E-17   3.7706340E-17      0
  2.130505357268720E+03   1.6869988E-17   3.6671444E-17      0
  2.132052235351225E+03   2.8484931E-17   3.7668078E-17      0
  2.133599122601117E+03   6.6048943E-17   3.9150879E-17      0
  2.135146019018561E+03   6.9511792E-17   3.9266647E-17      0
  2.136692924603718E+03   2.4701210E-17   3.6850390E-17      0
  2.138239839356752E+03  -4.1218724E-17   3.1248203E-17      0
  2.139786763277827E+03   1.4106341E-17   3.6056277E-17      0
  2.141333696367104E+03  -4.0893100E-17   3.1689561E-17      0
  2.142880638624747E+03  -4.8816090E-17   3.0855045E-17      0
  2.144427590050919E+03   7.0643458E-19   3.4167483E-17      0
  2.145974550645783E+03   3.8614134E-17   3.6648459E-17      0
  2.147521520409503E+03   4.5952480E-17   3.7112398E-17      0
  2.149068499342240E+03   1.1702335E-17   3.5198663E-17      0
  2.150615487444158E+03   4.6698058E-17   3.7398285E-17      0
  2.152162484715420E+03   1.3895571E-17   3.4574932E-17      0
  2.153709491156191E+03  -1.1196875E-17   3.3225427E-17      0
  2.155256506766630E+03   8.6249778E-17   3.8246228E-17      0
  2.156803531546903E+03  -3.6731915E-17   3.1174641E-17      0
  2.158350565497173E+03   3.2551327E-17   3.5512061E-17      0
  2.159897608617602E+03   1.9134470E-18   3.3077374E-17      0
  2.161444660908354E+03   9.8201890E-17   3.9881190E-17      0
  2.162991722369591E+03   2.5942856E-17   3.4179523E-17      0
  2.164538793001477E+03   1.7459908E-17   3.4013826E-17      0
  2.166085872804174E+03   2.7550130E-17   3.4755790E-17      0
  2.167632961777847E+03   4.4061178E-17   3.4890214E-17      0
  2.169180059922657E+03   2.2242016E-17   3.4171407E-17      0
  2.170727167238768E+03  -1.7688809E-17   3.0840857E-17      0
  2.172274283726344E+03   1.6533658E-17   3.2891011E-17      0
  2.173821409385547E+03  -9.5091376E-18   3.1502340E-17      0
  2.175368544216540E+03   1.7667531E-17   3.3036264E-17      0
  2.176915688219487E+03   9.0196254E-18   3.2560542E-17      0
  2.178462841394550E+03   5.6154340E-17   3.5351880E-17      0
  2.180010003741892E+03  -2.9402631E-17   2.9440053E-17      0
  2.181557175261679E+03   2.5779744E-17   3.2755201E-17      0
  2.183104355954071E+03   1.3008194E-17   3.2366181E-17      0
  2.184651545819232E+03   9.3153524E-18   3.1559022E-17      0
  2.186198744857325E+03   6.2404878E-19   3.1119339E-17      0
  2.187745953068514E+03   4.6157562E-17   3.4110708E-17      0
  2.189293170452962E+03   4.9732934E-17   3.3628144E-17      0
  2.190840397010832E+03   2.5882281E-17   3.2953800E-17      0
  2.192387632742286E+03   1.4794011E-17   3.1517947E-17      0
  2.193934877647488E+03   6.8604878E-17   3.5078103E-17      0
  2.195482131726602E+03  -3.0365241E-17   2.8156695E-17      0
  2.197029394979790E+03   3.7368255E-17   3.3074307E-17      0
  2.198576667407216E+03   1.8100722E-17   3.1825681E-17      0
  2.200123949009043E+03   4.0791654E-17   3.3219018E-17      0
  2.201671239785434E+03   8.1684873E-17   3.5222366E-17      0
  2.203218539736552E+03   3.1617252E-17   3.1999988E-17      0
  2.204765848862561E+03   4.7230120E-17   3.3436559E-17      0
  2.206313167163623E+03   8.2923235E-18   3.0468989E-17      0
  2.207860494639903E+03   1.0832348E-16   3.6823043E-17      0
  2.209407831291563E+03   2.8454236E-17   3.1786629E-17      0
  2.210955177118765E+03   4.6033825E-17   3.2597553E-17      0
  2.212502532121675E+03   1.6243404E-17   3.0378764E-17      0
  2.214049896300454E+03   3.3584625E-17   3.1841672E-17      0
  2.215597269655267E+03  -7.5393882E-18   2.8410498E-17      0
  2.217144652186276E+03  -1.0237417E-17   2.8386450E-17      0
  2.218692043893644E+03   4.8095646E-17   3.2217917E-17      0
  2.220239444777535E+03   7.0836604E-18   2.9204488E-17      0
  2.221786854838112E+03   6.5860689E-17   3.3134480E-17      0
  2.223334274075539E+03  -1.5410343E-17   2.7938746E-17      0
  2.224881702489979E+03   7.0287613E-18   2.9295634E-17      0
  2.226429140081594E+03  -2.2494876E-17   2.7016697E-17      0
  2.227976586850548E+03   2.6925639E-17   3.0103862E-17      0
  2.229524042797005E+03   8.0975013E-17   3.3971732E-17      0
  2.231071507921128E+03   3.0501852E-17   3.0231374E-17      0
  2.232618982223079E+03   2.8621442E-17   2.9679376E-17      0
  2.234166465703023E+03   6.0537041E-17   3.2429216E-17      0
  2.235713958361123E+03   1.7404429E-17   2.9202602E-17      0
  2.237261460197542E+03   4.0556404E-17   3.0932052E-17      0
  2.238808971212443E+03  -2.6764602E-19   2.8040817E-17      0
  2.240356491405990E+03   5.2955214E-18   2.8236938E-17      0
  2.241904020778346E+03   1.0577024E-17   2.8183417E-17      0
  2.243451559329674E+03  -4.6184683E-17   2.4306555E-17      0
  2.244999107060137E+03   7.0983657E-17   3.2267942E-17      0
  2.246546663969899E+03   3.4222550E-17   2.9917740E-17      0
  2.248094230059124E+03   4.0132636E-18   2.8483667E-17      0
  2.249641805327974E+03   7.0921341E-17   3.1568974E-17      0
  2.251189389776614E+03  -5.7092414E-19   2.7147472E-17      0
  2.252736983405205E+03   4.9649723E-17   3.0836039E-17      0
  2.254284586213912E+03   3.0671463E-17   2.9276135E-17      0
  2.255832198202899E+03   1.8016217E-17   2.8623364E-17      0
  2.257379819372327E+03  -4.2461138E-19   2.7560205E-17      0
  2.258927449722362E+03   4.8258293E-17   2.9664136E-17      0
  2.260475089253166E+03   6.5737114E-18   2.7351720E-17      0
  2.262022737964903E+03   4.8474213E-17   3.0356020E-17      0
  2.263570395857735E+03   1.1515984E-17   2.7643610E-17      0
  2.265118062931826E+03   4.4481717E-17   3.0481212E-17      0
  2.266665739187341E+03   5.1195209E-18   2.6990834E-17      0
  2.268213424624442E+03   1.5021426E-17   2.7627809E-17      0
  2.269761119243292E+03  -1.5055539E-17   2.5738249E-17      0
  2.271308823044055E+03   2.3862200E-17   2.8110472E-17      0
  2.272856536026895E+03   1.2782567E-18   2.7295860E-17      0
  2.274404258191975E+03   5.5805952E-17   2.9871361E-17      0
  2.275951989539458E+03  -6.9706684E-18   2.6644032E-17      0
  2.277499730069507E+03   6.5864918E-17   3.0431928E-17      0
  2.279047479782287E+03  -3.0687236E-18   2.6083283E-17      0
  2.280595238677960E+03   4.4213902E-17   2.9297781E-17      0
  2.282143006756691E+03   3.8361239E-17   2.8598076E-17      0
  2.283690784018642E+03   2.7753250E-17   2.8331968E-17      0
  2.285238570463977E+03   3.5471417E-17   2.8579150E-17      0
  2.286786366092859E+03   2.4207235E-17   2.7908591E-17      0
  2.288334170905453E+03   3.6431651E-17   2.8671989E-17      0
  2.289881984901921E+03   3.6556063E-17   2.8037790E-17      0
  2.291429808082426E+03   1.4748918E-18   2.6318091E-17      0
  2.292977640447133E+03   4.1607172E-17   2.8375504E-17      0
  2.294525481996204E+03   7.2733151E-17   3.0436355E-17      0
  2.296073332729804E+03   1.0497238E-16   3.2524269E-17      0
  2.297621192648096E+03   6.5766808E-17   3.0016475E-17      0
  2.299169061751244E+03   2.3192391E-17   2.7637340E-17      0
  2.300716940039410E+03   5.8531552E-17   2.9322815E-17      0
  2.302264827512758E+03   1.0150852E-17   2.6185043E-17      0
  2.303812724171452E+03   4.2584962E-17   2.8391515E-17      0
  2.305360630015656E+03   4.0841014E-17   2.8136082E-17      0
  2.306908545045532E+03   4.2349556E-17   2.8066728E-17      0
  2.308456469261246E+03   3.0619973E-17   2.7772996E-17      0
  2.310004402662958E+03   2.3538556E-17   2.6707735E-17      0
  2.311552345250835E+03  -3.8864903E-18   2.5417535E-17      0
  2.313100297025038E+03   1.5055478E-17   2.6354801E-17      0
  2.314648257985733E+03   2.7488696E-17   2.7259494E-17      0
  2.316196228133081E+03   2.4628226E-17   2.7050078E-17      0
  2.317744207467247E+03   3.1872480E-17   2.7179082E-17      0
  2.319292195988395E+03   5.0115978E-18   2.5949738E-17      0
  2.320840193696687E+03   8.7438503E-17   3.0268587E-17      0
  2.322388200592288E+03   5.8578205E-17   2.9056585E-17      0
  2.323936216675360E+03   1.8289127E-17   2.6020811E-17      0
  2.325484241946069E+03   6.5975304E-17   2.9456401E-17      0
  2.327032276404577E+03   5.4087190E-17   2.8478267E-17      0
  2.328580320051047E+03   4.3814516E-17   2.7777182E-17      0
  2.330128372885645E+03   5.2334361E-17   2.8609080E-17      0
  2.331676434908531E+03   8.8105866E-17   3.0627385E-17      0
  2.333224506119871E+03   5.3855579E-17   2.8108107E-17      0
  2.334772586519829E+03   1.1222248E-16   3.1810604E-17      0
  2.336320676108568E+03   1.0570295E-16   3.1427265E-17      0
  2.337868774886252E+03   3.3224259E-17   2.6668910E-17      0
  2.339416882853043E+03   4.7320157E-17   2.8395837E-17      0
  2.340965000009106E+03   8.8768457E-17   3.0037956E-17      0
  2.342513126354604E+03   3.8337006E-17   2.7162970E-17      0
  2.344061261889701E+03   4.4547273E-17   2.7497371E-17      0
  2.345609406614562E+03  -7.6817426E-18   2.3803508E-17      0
  2.347157560529348E+03   1.0543221E-17   2.5549938E-17      0
  2.348705723634225E+03   4.4673302E-17   2.7600878E-17      0
  2.350253895929355E+03   2.5892312E-17   2.6511392E-17      0
  2.351802077414902E+03   4.4084591E-17   2.7443778E-17      0
  2.353350268091031E+03   4.9817118E-17   2.7473317E-17      0
  2.354898467957903E+03   8.0846375E-18   2.4858514E-17      0
  2.356446677015685E+03   3.1481465E-17   2.6628846E-17      0
  2.357994895264539E+03  -1.9833748E-18   2.4103404E-17      0
  2.359543122704628E+03   6.7988099E-17   2.8779787E-17      0
  2.361091359336117E+03   5.2355355E-17   2.7863404E-17      0
  2.362639605159168E+03   4.9097921E-17   2.7550384E-17      0
  2.364187860173947E+03   1.9872922E-17   2.5700599E-17      0
  2.365736124380616E+03   5.4297909E-17   2.7261689E-17      0
  2.367284397779340E+03   7.3015253E-17   2.9082628E-17      0
  2.368832680370281E+03   3.8450683E-17   2.6780412E-17      0
  2.370380972153604E+03   1.0377681E-17   2.4362304E-17      0
  2.371929273129473E+03   4.5412487E-17   2.7209051E-17      0
  2.373477583298051E+03   7.9147665E-17   2.8318115E-17      0
  2.375025902659502E+03   8.4058947E-17   2.9394555E-17      0
  2.376574231213990E+03   1.3770553E-16   3.1703831E-17      0
  2.378122568961677E+03   3.7716759E-17   2.6464783E-17      0
  2.379670915902730E+03   1.4155684E-17   2.4602181E-17      0
  2.381219272037310E+03   3.8413427E-17   2.6611578E-17      0
  2.382767637365581E+03   2.9270875E-17   2.5747603E-17      0
  2.384316011887709E+03   5.5910031E-17   2.7351332E-17      0
  2.385864395603855E+03   4.5288727E-17   2.6733027E-17      0
  2.387412788514185E+03   5.0705047E-17   2.6554815E-17      0
  2.388961190618862E+03   3.6379059E-17   2.5871108E-17      0
  2.390509601918049E+03   7.9919206E-17   2.8799911E-17      0
  2.392058022411910E+03   9.3383080E-17   2.9485578E-17      0
  2.393606452100610E+03   4.9968886E-17   2.6871788E-17      0
  2.395154890984311E+03   4.7694490E-17   2.6402159E-17      0
  2.396703339063179E+03   5.6793354E-17   2.6947412E-17      0
  2.398251796337377E+03   4.1912590E-17   2.6309179E-17      0
  2.399800262807067E+03   5.5126621E-17   2.6419166E-17      0
  2.401348738472414E+03   8.3043084E-17   2.8481532E-17      0
  2.402897223333583E+03   6.7088166E-17   2.7482814E-17      0
  2.404445717390737E+03   7.2831790E-17   2.7959462E-17      0
  2.405994220644040E+03   2.1526194E-17   2.4722121E-17      0
  2.407542733093655E+03   5.5864887E-17   2.7009204E-17      0
  2.409091254739747E+03   5.0600431E-17   2.6246433E-17      0
  2.410639785582479E+03   7.2359298E-17   2.7560641E-17      0
  2.412188325622016E+03   6.6900211E-17   2.7411872E-17      0
  2.413736874858520E+03   2.3646372E-17   2.4664067E-17      0
  2.415285433292157E+03   4.5606226E-17   2.5720564E-17      0
  2.416834000923088E+03   8.4083412E-17   2.8214135E-17      0
  2.418382577751480E+03   7.6922536E-17   2.7677829E-17      0
  2.419931163777495E+03   2.6621006E-17   2.4557651E-17      0
  2.421479759001298E+03   4.9517751E-17   2.5811992E-17      0
  2.423028363423052E+03   3.2417618E-17   2.4929988E-17      0
  2.424576977042921E+03  -1.1848965E-17   2.2116307E-17      0
  2.426125599861070E+03   5.0376706E-17   2.5616475E-17      0
  2.427674231877661E+03   5.9308764E-17   2.6467584E-17      0
  2.429222873092859E+03   7.6138283E-17   2.7630264E-17      0
  2.430771523506829E+03   6.4476472E-17   2.6752459E-17      0
  2.432320183119733E+03   8.7921735E-17   2.7965024E-17      0
  2.433868851931735E+03   4.1652236E-17   2.5311361E-17      0
  2.435417529943001E+03   6.8513348E-18   2.3225872E-17      0
  2.436966217153692E+03   3.0876108E-17   2.4792302E-17      0
  2.438514913563975E+03   1.2065655E-17   2.3623193E-17      0
  2.440063619174012E+03   4.6766952E-17   2.5524100E-17      0
  2.441612333983968E+03   5.7376589E-17   2.6194155E-17      0
  2.443161057994005E+03   4.5896937E-17   2.5144509E-17      0
  2.444709791204289E+03   5.1457572E-17   2.5423323E-17      0
  2.446258533614983E+03   6.1368106E-17   2.6442559E-17      0
  2.447807285226252E+03   6.2553099E-17   2.6171619E-17      0
  2.449356046038259E+03   1.8464600E-17   2.3898523E-17      0
  2.450904816051167E+03   5.6512126E-17   2.5932503E-17      0
  2.452453595265143E+03   8.0204948E-17   2.6903522E-17      0
  2.454002383680348E+03   3.6333458E-17   2.4564311E-17      0
  2.455551181296947E+03   9.7443109E-18   2.2673524E-17      0
  2.457099988115106E+03  -5.4574109E-18   2.1807844E-17      0
  2.458648804134985E+03   7.2263881E-17   2.7062881E-17      0
  2.460197629356752E+03   7.8674002E-17   2.6772811E-17      0
  2.461746463780568E+03   5.5967047E-17   2.5983536E-17      0
  2.463295307406599E+03   4.9391878E-17   2.5514717E-17      0
  2.464844160235007E+03   3.1308856E-17   2.4116509E-17      0
  2.466393022265958E+03   4.2071359E-17   2.4768468E-17      0
  2.467941893499616E+03   6.7014633E-17   2.6479926E-17      0
  2.469490773936143E+03   5.8482993E-17   2.5105340E-17      0
  2.471039663575706E+03   4.8470623E-17   2.5293961E-17      0
  2.472588562418466E+03   7.0034372E-17   2.7453198E-17      0
  2.474137470464590E+03   7.4238328E-17   2.7314867E-17      0
  2.475686387714239E+03   4.5103290E-17   2.4648429E-17      0
  2.477235314167579E+03   1.4115731E-17   2.3071684E-17      0
  2.478784249824774E+03   2.7608339E-17   2.3530130E-17      0
  2.480333194685988E+03   2.1840022E-17   2.3193061E-17      0
  2.481882148751385E+03   6.9409334E-17   2.6159900E-17      0
  2.483431112021128E+03   7.5459505E-17   2.6503183E-17      0
  2.484980084495382E+03   1.0677478E-16   2.8347936E-17      0
  2.486529066174312E+03   5.6543532E-17   2.5673114E-17      0
  2.488078057058080E+03   8.6449678E-17   2.6973212E-17      0
  2.489627057146852E+03   4.6526669E-17   2.4800544E-17      0
  2.491176066440792E+03   5.0775999E-17   2.5295033E-17      0
  2.492725084940063E+03   8.3051944E-17   2.6716928E-17      0
  2.494274112644829E+03   6.8635192E-17   2.6370482E-17      0
  2.495823149555255E+03   3.3095874E-17   2.3685187E-17      0
  2.497372195671506E+03   5.4327446E-17   2.5562930E-17      0
  2.498921250993744E+03   9.4105109E-17   2.7493083E-17      0
  2.500470315522134E+03   9.7943882E-17   2.7391196E-17      0
  2.502019389256840E+03   7.1047205E-17   2.6569016E-17      0
  2.503568472198027E+03   6.4236921E-17   2.5651703E-17      0
  2.505117564345859E+03   7.2201737E-17   2.6300884E-17      0
  2.506666665700499E+03   9.1177293E-17   2.7331179E-17      0
  2.508215776262112E+03   9.1736037E-17   2.6713541E-17      0
  2.509764896030862E+03   9.5554237E-17   2.7988262E-17      0
  2.511314025006914E+03   1.1918340E-16   2.8723929E-17      0
  2.512863163190431E+03   6.4217631E-17   2.5728194E-17      0
  2.514412310581577E+03   1.1644951E-16   2.8542340E-17      0
  2.515961467180518E+03   9.8781174E-17   2.7599255E-17      0
  2.517510632987416E+03   9.7964211E-17   2.8421145E-17      0
  2.519059808002436E+03   9.5385889E-17   2.7635280E-17      0
  2.520608992225743E+03   1.0116962E-16   2.7910639E-17      0
  2.522158185657500E+03   1.3765552E-16   2.9930366E-17      0
  2.523707388297872E+03   1.1221594E-16   2.8201763E-17      0
  2.525256600147023E+03   1.2045804E-16   2.9011620E-17      0
  2.526805821205116E+03   5.5074208E-17   2.5150175E-17      0
  2.528355051472319E+03   1.1492019E-16   2.8210710E-17      0
  2.529904290948792E+03   1.7529968E-16   3.1856433E-17      0
  2.531453539634701E+03   1.2845030E-16   2.8613385E-17      0
  2.533002797530210E+03   8.3976190E-17   2.6879381E-17      0
  2.534552064635483E+03   7.8576434E-17   2.6200089E-17      0
  2.536101340950685E+03   8.9374006E-17   2.7072741E-17      0
  2.537650626475981E+03   1.2853356E-16   2.9347687E-17      0
  2.539199921211532E+03   9.0690382E-17   2.6469161E-17      0
  2.540749225157506E+03   1.0334556E-16   2.8088364E-17      0
  2.542298538314065E+03   1.0498222E-16   2.8000593E-17      0
  2.543847860681374E+03   1.3376826E-16   2.8674583E-17      0
  2.545397192259597E+03   1.0692107E-16   2.8242557E-17      0
  2.546946533048899E+03   8.8317300E-17   2.6598591E-17      0
  2.548495883049443E+03   8.6911007E-17   2.6732006E-17      0
  2.550045242261394E+03   7.2702016E-17   2.6482376E-17      0
  2.551594610684917E+03   1.0109180E-16   2.7002798E-17      0
  2.553143988320176E+03   1.1736999E-16   2.8410008E-17      0
  2.554693375167334E+03   9.0329513E-17   2.6773064E-17      0
  2.556242771226557E+03   1.0715271E-16   2.7273594E-17      0
  2.557792176498008E+03   6.1862442E-17   2.5729711E-17      0
  2.559341590981852E+03   1.3777053E-16   2.9171550E-17      0
  2.560891014678254E+03   7.3862199E-17   2.6181378E-17      0
  2.562440447587377E+03   9.6252119E-17   2.7312422E-17      0
  2.563989889709386E+03   1.3954256E-16   2.9411396E-17      0
  2.565539341044445E+03   9.1505770E-17   2.6821110E-17      0
  2.567088801592719E+03   1.0537558E-16   2.7615306E-17      0
  2.568638271354372E+03   1.2023659E-16   2.8567060E-17      0
  2.570187750329567E+03   4.2427225E-17   2.4001876E-17      0
  2.571737238518471E+03   1.3966464E-16   2.9463224E-17      0
  2.573286735921246E+03   8.4686989E-17   2.6885653E-17      0
  2.574836242538058E+03   1.2632428E-16   2.8244817E-17      0
  2.576385758369071E+03   1.0823899E-16   2.7845374E-17      0
  2.577935283414449E+03   5.6839762E-17   2.4768491E-17      0
  2.579484817674357E+03   1.1103271E-16   2.8124280E-17      0
  2.581034361148958E+03   1.0455498E-16   2.7659553E-17      0
  2.582583913838418E+03   4.0113796E-17   2.4051820E-17      0
  2.584133475742900E+03   5.8401459E-17   2.5046084E-17      0
  2.585683046862569E+03   7.7472565E-17   2.6111880E-17      0
  2.587232627197590E+03   1.0541985E-16   2.7392685E-17      0
  2.588782216748128E+03   9.2258762E-17   2.7119239E-17      0
  2.590331815514345E+03   7.9638216E-17   2.6295852E-17      0
  2.591881423496407E+03   3.0026652E-18   2.1424643E-17      0
  2.593431040694478E+03   6.0035035E-17   2.4795736E-17      0
  2.594980667108723E+03   4.9403303E-17   2.4287108E-17      0
  2.596530302739307E+03   6.6410599E-17   2.5364072E-17      0
  2.598079947586392E+03   9.4829375E-17   2.6599819E-17      0
  2.599629601650144E+03   2.3825248E-18   2.1387213E-17      0
  2.601179264930728E+03   5.8850685E-17   2.4784760E-17      0
  2.602728937428308E+03   5.0225824E-17   2.4286392E-17      0
  2.604278619143048E+03   2.0241890E-17   2.3262304E-17      0
  2.605828310075113E+03   2.2081239E-17   2.3254353E-17      0
  2.607378010224667E+03   3.2359177E-17   2.3250259E-17      0
  2.608927719591876E+03   5.2781052E-17   2.4203818E-17      0
  2.610477438176902E+03   8.8164199E-17   2.6425615E-17      0
  2.612027165979911E+03   1.0608325E-16   2.7995389E-17      0
  2.613576903001067E+03  -3.6224721E-18   2.0536997E-17      0
  2.615126649240535E+03   3.9989656E-17   2.3845102E-17      0
  2.616676404698479E+03   3.4113438E-17   2.3573635E-17      0
  2.618226169375064E+03   3.9332084E-17   2.3703276E-17      0
  2.619775943270454E+03   6.3239420E-17   2.5225935E-17      0
  2.621325726384814E+03   4.8557352E-17   2.4091357E-17      0
  2.622875518718308E+03   2.8562060E-17   2.2957931E-17      0
  2.624425320271102E+03   4.7276942E-17   2.4317216E-17      0
  2.625975131043358E+03   3.5240329E-17   2.3193019E-17      0
  2.627524951035242E+03   1.1118504E-16   2.7934981E-17      0
  2.629074780246919E+03   5.6397333E-17   2.4708798E-17      0
  2.630624618678552E+03   5.4280783E-17   2.4491746E-17      0
  2.632174466330307E+03   8.1737674E-17   2.6545841E-17      0
  2.633724323202349E+03   1.4600947E-17   2.1936421E-17      0
  2.635274189294840E+03   1.1704408E-16   2.8780184E-17      0
  2.636824064607948E+03   7.0131231E-17   2.5396696E-17      0
  2.638373949141834E+03   3.8242214E-17   2.3763015E-17      0
  2.639923842896665E+03   9.5353827E-17   2.6933510E-17      0
  2.641473745872605E+03   9.6262694E-17   2.6838054E-17      0
  2.643023658069819E+03   1.0488348E-16   2.7423979E-17      0
  2.644573579488470E+03   6.2805746E-17   2.5004626E-17      0
  2.646123510128725E+03   9.5806328E-17   2.7452657E-17      0
  2.647673449990747E+03   6.6603498E-17   2.5169905E-17      0
  2.649223399074700E+03   1.1105100E-16   2.7853305E-17      0
  2.650773357380750E+03   9.9678242E-17   2.7247045E-17      0
  2.652323324909061E+03   6.3444607E-17   2.5022498E-17      0
  2.653873301659798E+03   3.3074241E-17   2.3474888E-17      0
  2.655423287633125E+03   7.7972235E-17   2.5988541E-17      0
  2.656973282829208E+03   9.9875587E-17   2.7842459E-17      0
  2.658523287248209E+03   1.3277190E-16   2.8904781E-17      0
  2.660073300890296E+03   1.0304006E-16   2.7445573E-17      0
  2.661623323755630E+03   1.4371837E-16   2.9679826E-17      0
  2.663173355844379E+03   1.6329624E-16   3.0215144E-17      0
  2.664723397156706E+03   9.4662165E-17   2.6872873E-17      0
  2.666273447692776E+03   1.8845009E-16   3.1680541E-17      0
  2.667823507452753E+03   1.5166932E-16   2.9681004E-17      0
  2.669373576436803E+03   1.1025108E-16   2.8769335E-17      0
  2.670923654645089E+03   1.7637398E-16   3.0795921E-17      0
  2.672473742077777E+03   1.5385522E-16   3.0447168E-17      0
  2.674023838735031E+03   2.0534682E-16   3.2356755E-17      0
  2.675573944617016E+03   1.2369714E-16   2.8555711E-17      0
  2.677124059723897E+03   1.2705658E-16   2.8621657E-17      0
  2.678674184055837E+03   1.5732124E-16   3.0499076E-17      0
  2.680224317613004E+03   2.1389746E-16   3.2659562E-17      0
  2.681774460395559E+03   1.5742240E-16   3.0181627E-17      0
  2.683324612403670E+03   1.6138138E-16   3.0471818E-17      0
  2.684874773637498E+03   2.2667261E-16   3.3319100E-17      0
  2.686424944097212E+03   2.7756597E-16   3.5533568E-17      0
  2.687975123782974E+03   1.8869960E-16   3.2473344E-17      0
  2.689525312694949E+03   2.2622236E-16   3.3210471E-17      0
  2.691075510833302E+03   1.8542685E-16   3.1917952E-17      0
  2.692625718198198E+03   1.9759177E-16   3.2168018E-17      0
  2.694175934789802E+03   2.4007873E-16   3.4031888E-17      0
  2.695726160608278E+03   2.4538627E-16   3.4806867E-17      0
  2.697276395653791E+03   1.9430878E-16   3.1830267E-17      0
  2.698826639926506E+03   2.2762346E-16   3.3831455E-17      0
  2.700376893426588E+03   2.5704279E-16   3.4775110E-17      0
  2.701927156154200E+03   1.8496477E-16   3.1843502E-17      0
  2.703477428109509E+03   1.8638105E-16   3.1763431E-17      0
  2.705027709292679E+03   2.6294653E-16   3.5542677E-17      0
  2.706577999703875E+03   2.5747380E-16   3.5031953E-17      0
  2.708128299343261E+03   2.9795273E-16   3.6410092E-17      0
  2.709678608211002E+03   2.6766723E-16   3.5836885E-17      0
  2.711228926307264E+03   2.9111829E-16   3.6373534E-17      0
  2.712779253632210E+03   3.0920194E-16   3.7238467E-17      0
  2.714329590186006E+03   1.9849530E-16   3.2597074E-17      0
  2.715879935968818E+03   3.1832681E-16   3.7513872E-17      0
  2.717430290980808E+03   2.6558972E-16   3.5682927E-17      0
  2.718980655222142E+03   3.0844040E-16   3.6891729E-17      0
  2.720531028692985E+03   3.2448660E-16   3.8193225E-17      0
  2.722081411393503E+03   3.4858148E-16   3.8538279E-17      0
  2.723631803323858E+03   3.1730386E-16   3.7548051E-17      0
  2.725182204484218E+03   3.9861214E-16   4.0785166E-17      0
  2.726732614874745E+03   3.8718138E-16   4.0137235E-17      0
  2.728283034495606E+03   3.9466373E-16   4.0837609E-17      0
  2.729833463346966E+03   3.4076090E-16   3.8320790E-17      0
  2.731383901428988E+03   4.1692153E-16   4.1177521E-17      0
  2.732934348741837E+03   3.5107006E-16   3.9381060E-17      0
  2.734484805285681E+03   3.3667241E-16   3.8446485E-17      0
  2.736035271060680E+03   3.4455524E-16   3.9526690E-17      0
  2.737585746067003E+03   4.1289839E-16   4.1185200E-17      0
  2.739136230304813E+03   3.0755933E-16   3.7446890E-17      0
  2.740686723774275E+03   3.6597647E-16   3.9957572E-17      0
  2.742237226475555E+03   3.9500497E-16   4.0037841E-17      0
  2.743787738408816E+03   3.4811635E-16   3.9495317E-17      0
  2.745338259574225E+03   3.6459811E-16   4.0030506E-17      0
  2.746888789971945E+03   4.0709513E-16   4.1591485E-17      0
  2.748439329602143E+03   4.6106989E-16   4.3641444E-17      0
  2.749989878464981E+03   4.2789330E-16   4.1706185E-17      0
  2.751540436560626E+03   4.2630202E-16   4.2559127E-17      0
  2.753091003889244E+03   3.9031974E-16   4.1159273E-17      0
  2.754641580450998E+03   3.9802017E-16   4.0728527E-17      0
  2.756192166246053E+03   5.2713057E-16   4.6393387E-17      0
  2.757742761274574E+03   3.7190400E-16   4.0122498E-17      0
  2.759293365536727E+03   3.5935434E-16   3.9777240E-17      0
  2.760843979032676E+03   3.5834361E-16   4.0435662E-17      0
  2.762394601762586E+03   4.1800700E-16   4.1930421E-17      0
  2.763945233726623E+03   5.1770352E-16   4.5224174E-17      0
  2.765495874924951E+03   4.5469316E-16   4.3956765E-17      0
  2.767046525357735E+03   4.5306157E-16   4.3186157E-17      0
  2.768597185025140E+03   3.8312195E-16   4.1499446E-17      0
  2.770147853927332E+03   4.5921769E-16   4.3472527E-17      0
  2.771698532064475E+03   4.8612957E-16   4.4691678E-17      0
  2.773249219436734E+03   4.6344577E-16   4.4059140E-17      0
  2.774799916044274E+03   3.9435861E-16   4.1663737E-17      0
  2.776350621887260E+03   4.7029138E-16   4.4052837E-17      0
  2.777901336965857E+03   4.7174388E-16   4.4418623E-17      0
  2.779452061280231E+03   5.0205019E-16   4.5715258E-17      0
  2.781002794830546E+03   4.8619246E-16   4.5188529E-17      0
  2.782553537616967E+03   4.7806492E-16   4.5011804E-17      0
  2.784104289639659E+03   4.5290555E-16   4.4274806E-17      0
  2.785655050898788E+03   4.3364736E-16   4.2703934E-17      0
  2.787205821394518E+03   4.8762707E-16   4.5301466E-17      0
  2.788756601127015E+03   4.8227150E-16   4.5537567E-17      0
  2.790307390096442E+03   5.2357669E-16   4.6435911E-17      0
  2.791858188302966E+03   4.3130714E-16   4.3760961E-17      0
  2.793408995746753E+03   3.6987157E-16   4.1663473E-17      0
  2.794959812427965E+03   3.4023609E-16   4.0178280E-17      0
  2.796510638346770E+03   3.3812332E-16   4.0117082E-17      0
  2.798061473503331E+03   4.7931307E-16   4.5202376E-17      0
  2.799612317897814E+03   4.0377208E-16   4.2754335E-17      0
  2.801163171530383E+03   2.5168041E-16   3.6775722E-17      0
  2.802714034401205E+03   3.8551924E-16   4.2528465E-17      0
  2.804264906510445E+03   3.9007548E-16   4.2773447E-17      0
  2.805815787858267E+03   4.1065274E-16   4.2637041E-17      0
  2.807366678444835E+03   4.6477121E-16   4.5125803E-17      0
  2.808917578270316E+03   5.0721900E-16   4.6693694E-17      0
  2.810468487334875E+03   3.1043845E-16   3.9485298E-17      0
  2.812019405638676E+03   3.4097258E-16   4.0999631E-17      0
  2.813570333181885E+03   3.9007635E-16   4.2452027E-17      0
  2.815121269964668E+03   4.5047420E-16   4.5250859E-17      0
  2.816672215987188E+03   4.6959750E-16   4.5312160E-17      0
  2.818223171249611E+03   3.7314906E-16   4.2192326E-17      0
  2.819774135752103E+03   2.9340419E-16   3.8954665E-17      0
  2.821325109494828E+03   4.4447519E-16   4.4436467E-17      0
  2.822876092477953E+03   4.1177927E-16   4.4098140E-17      0
  2.824427084701641E+03   5.5997968E-16   4.8186649E-17      0
  2.825978086166057E+03   5.2524015E-16   4.8719188E-17      0
  2.827529096871368E+03   5.5896197E-16   4.8823350E-17      0
  2.829080116817738E+03   5.2947987E-16   4.7608218E-17      0
  2.830631146005333E+03   5.6332477E-16   4.9788871E-17      0
  2.832182184434319E+03   4.7138760E-16   4.5757014E-17      0
  2.833733232104857E+03   5.3288992E-16   4.8882218E-17      0
  2.835284289017117E+03   6.1357770E-16   5.1348259E-17      0
  2.836835355171262E+03   4.9037337E-16   4.6489106E-17      0
  2.838386430567457E+03   4.8461974E-16   4.7388979E-17      0
  2.839937515205869E+03   6.0137301E-16   5.0808156E-17      0
  2.841488609086660E+03   6.1842172E-16   5.1628289E-17      0
  2.843039712209998E+03   6.2063274E-16   5.1916535E-17      0
  2.844590824576047E+03   6.2564373E-16   5.1960091E-17      0
  2.846141946184974E+03   5.7962216E-16   5.1009290E-17      0
  2.847693077036942E+03   6.3723099E-16   5.2337289E-17      0
  2.849244217132116E+03   5.3627016E-16   4.9091558E-17      0
  2.850795366470663E+03   5.1858258E-16   4.8547991E-17      0
  2.852346525052748E+03   5.2990746E-16   4.9489845E-17      0
  2.853897692878536E+03   5.1554576E-16   4.8080816E-17      0
  2.855448869948191E+03   5.9082729E-16   5.1879355E-17      0
  2.857000056261880E+03   6.2919423E-16   5.3506105E-17      0
  2.858551251819767E+03   6.3176619E-16   5.3525382E-17      0
  2.860102456622019E+03   7.4525834E-16   5.7166558E-17      0
  2.861653670668799E+03   5.7956641E-16   5.0936409E-17      0
  2.863204893960274E+03   6.7385928E-16   5.4757563E-17      0
  2.864756126496608E+03   6.5865346E-16   5.3953749E-17      0
  2.866307368277968E+03   6.7513465E-16   5.4562253E-17      0
  2.867858619304518E+03   6.3834071E-16   5.4506587E-17      0
  2.869409879576423E+03   6.5372198E-16   5.4069064E-17      0
  2.870961149093850E+03   6.1710924E-16   5.4118351E-17      0
  2.872512427856962E+03   6.6025048E-16   5.4176320E-17      0
  2.874063715865926E+03   7.1589933E-16   5.6962244E-17      0
  2.875615013120907E+03   7.6502793E-16   5.8079534E-17      0
  2.877166319622070E+03   8.5893725E-16   6.1973397E-17      0
  2.878717635369580E+03   8.1491912E-16   6.0679726E-17      0
  2.880268960363604E+03   7.5750072E-16   5.8984522E-17      0
  2.881820294604305E+03   7.5772005E-16   5.8624772E-17      0
  2.883371638091850E+03   7.9134720E-16   5.9504759E-17      0
  2.884922990826404E+03   7.8033186E-16   5.8927076E-17      0
  2.886474352808133E+03   8.8292491E-16   6.3111869E-17      0
  2.888025724037201E+03   9.9309711E-16   6.5701454E-17      0
  2.889577104513774E+03   9.8121641E-16   6.6460773E-17      0
  2.891128494238017E+03   8.6094107E-16   6.1323531E-17      0
  2.892679893210096E+03   9.4482756E-16   6.4395468E-17      0
  2.894231301430176E+03   9.6759813E-16   6.6563872E-17      0
  2.895782718898422E+03   9.9296857E-16   6.5453498E-17      0
  2.897334145615001E+03   1.0491992E-15   6.8637065E-17      0
  2.898885581580076E+03   1.0526268E-15   6.8996882E-17      0
  2.900437026793815E+03   1.2142035E-15   7.2607261E-17      0
  2.901988481256381E+03   1.1217231E-15   7.1194628E-17      0
  2.903539944967940E+03   1.2167447E-15   7.3427566E-17      0
  2.905091417928659E+03   1.2091316E-15   7.2676817E-17      0
  2.906642900138703E+03   1.1700835E-15   7.1778326E-17      0
  2.908194391598236E+03   1.2461748E-15   7.5077420E-17      0
  2.909745892307424E+03   1.1789290E-15   7.2658036E-17      0
  2.911297402266432E+03   1.2988010E-15   7.6096408E-17      0
  2.912848921475427E+03   1.1972913E-15   7.3452421E-17      0
  2.914400449934573E+03   1.2638098E-15   7.4751286E-17      0
  2.915951987644036E+03   1.1811182E-15   7.3684217E-17      0
  2.917503534603982E+03   1.2102111E-15   7.4316447E-17      0
  2.919055090814576E+03   1.4263731E-15   8.0012393E-17      0
  2.920606656275982E+03   1.2105625E-15   7.5324489E-17      0
  2.922158230988367E+03   1.3740363E-15   7.8631273E-17      0
  2.923709814951897E+03   1.2671160E-15   7.6639290E-17      0
  2.925261408166737E+03   1.2285279E-15   7.5787088E-17      0
  2.926813010633052E+03   1.4747387E-15   8.1280693E-17      0
  2.928364622351008E+03   1.3156687E-15   7.8799938E-17      0
  2.929916243320769E+03   1.2450750E-15   7.6102502E-17      0
  2.931467873542503E+03   1.2957923E-15   7.8754285E-17      0
  2.933019513016373E+03   1.3584798E-15   8.0190932E-17      0
  2.934571161742547E+03   1.5111769E-15   8.4201613E-17      0
  2.936122819721189E+03   1.3309153E-15   7.9504240E-17      0
  2.937674486952465E+03   1.4659534E-15   8.2743624E-17      0
  2.939226163436539E+03   1.2756193E-15   7.8360421E-17      0
  2.940777849173579E+03   1.1080197E-15   7.3349308E-17      0
  2.942329544163749E+03   1.2576375E-15   7.8554067E-17      0
  2.943881248407215E+03   1.4135366E-15   8.2934213E-17      0
  2.945432961904142E+03   1.2785014E-15   7.8790628E-17      0
  2.946984684654697E+03   1.2998703E-15   8.0916019E-17      0
  2.948536416659043E+03   1.3381121E-15   8.0210394E-17      0
  2.950088157917348E+03   1.2963078E-15   8.0236916E-17      0
  2.951639908429776E+03   1.2627758E-15   8.0721247E-17      0
  2.953191668196495E+03   1.3290716E-15   7.9925374E-17      0
  2.954743437217667E+03   1.1873777E-15   7.9045948E-17      0
  2.956295215493461E+03   1.2955242E-15   8.0583717E-17      0
  2.957847003024039E+03   1.2870315E-15   8.1694283E-17      0
  2.959398799809569E+03   1.2834853E-15   8.1712719E-17      0
  2.960950605850217E+03   1.2188500E-15   7.8267730E-17      0
  2.962502421146148E+03   1.3892775E-15   8.5539594E-17      0
  2.964054245697527E+03   1.2809386E-15   8.1797012E-17      0
  2.965606079504520E+03   1.2085656E-15   7.8898657E-17      0
  2.967157922567292E+03   1.3221373E-15   8.5051346E-17      0
  2.968709774886010E+03   1.1786329E-15   7.8477444E-17      0
  2.970261636460838E+03   1.4382372E-15   8.7500363E-17      0
  2.971813507291943E+03   1.2670396E-15   8.2694688E-17      0
  2.973365387379490E+03   1.2251114E-15   8.2170977E-17      0
  2.974917276723645E+03   1.2665718E-15   8.3064557E-17      0
  2.976469175324572E+03   1.2580009E-15   8.4002150E-17      0
  2.978021083182439E+03   1.2044966E-15   8.1696599E-17      0
  2.979573000297411E+03   1.1084725E-15   7.9299575E-17      0
  2.981124926669653E+03   1.2216324E-15   8.3625260E-17      0
  2.982676862299330E+03   1.4216485E-15   8.8609811E-17      0
  2.984228807186610E+03   1.2454019E-15   8.4317908E-17      0
  2.985780761331657E+03   1.2644413E-15   8.6061850E-17      0
  2.987332724734636E+03   1.1632174E-15   8.2574304E-17      0
  2.988884697395715E+03   1.1924724E-15   8.3732946E-17      0
  2.990436679315058E+03   1.1102346E-15   8.1928924E-17      0
  2.991988670492831E+03   1.1126401E-15   8.2351673E-17      0
  2.993540670929200E+03   1.1294790E-15   8.3385252E-17      0
  2.995092680624330E+03   9.8427505E-16   7.9597685E-17      0
  2.996644699578387E+03   1.1538390E-15   8.2922686E-17      0
  2.998196727791537E+03   1.0552504E-15   8.1052867E-17      0
  2.999748765263946E+03   1.0273053E-15   8.1405478E-17      0
  3.001300811995779E+03   9.4256397E-16   7.8570611E-17      0
  3.002852867987202E+03   1.0361213E-15   8.2811347E-17      0
  3.004404933238381E+03   1.0452648E-15   8.2051857E-17      0
  3.005957007749481E+03   1.0346409E-15   8.1413968E-17      0
  3.007509091520668E+03   1.0818848E-15   8.4481088E-17      0
  3.009061184552109E+03   1.1974006E-15   8.7932059E-17      0
  3.010613286843969E+03   1.0825239E-15   8.2861316E-17      0
  3.012165398396412E+03   1.0870533E-15   8.7806612E-17      0
  3.013717519209607E+03   1.0365208E-15   8.4769860E-17      0
  3.015269649283717E+03   1.0862013E-15   8.5906148E-17      0
  3.016821788618908E+03   1.1747310E-15   8.9816462E-17      0
  3.018373937215347E+03   1.0988864E-15   8.7119430E-17      0
  3.019926095073200E+03   9.9431292E-16   8.4154603E-17      0
  3.021478262192632E+03   1.0973800E-15   8.7949337E-17      0
  3.023030438573810E+03   1.0340759E-15   8.6512372E-17      0
  3.024582624216896E+03   1.0132128E-15   8.6237629E-17      0
  3.026134819122061E+03   9.4919243E-16   8.3678881E-17      0
  3.027687023289468E+03   1.0453317E-15   8.7389104E-17      0
  3.029239236719282E+03   9.2705183E-16   8.4123388E-17      0
  3.030791459411671E+03   7.9717098E-16   7.9498913E-17      0
  3.032343691366799E+03   9.7032600E-16   8.6144455E-17      0
  3.033895932584833E+03   1.0423212E-15   8.9422248E-17      0
  3.035448183065938E+03   1.0145060E-15   8.7586390E-17      0
  3.037000442810281E+03   9.6032879E-16   8.7827847E-17      0
  3.038552711818026E+03   1.0724294E-15   9.1130938E-17      0
  3.040104990089341E+03   1.1692220E-15   9.4212590E-17      0
  3.041657277624391E+03   9.7536257E-16   8.9613631E-17      0
  3.043209574423341E+03   9.9214335E-16   9.0003855E-17      0
  3.044761880486357E+03   1.0459876E-15   9.1467131E-17      0
  3.046314195813606E+03   1.0109840E-15   9.2274823E-17      0
  3.047866520405254E+03   1.0988827E-15   9.4532338E-17      0
  3.049418854261465E+03   1.1591858E-15   9.7567813E-17      0
  3.050971197382407E+03   1.1317999E-15   9.7213144E-17      0
  3.052523549768244E+03   1.0569465E-15   9.4554414E-17      0
  3.054075911419144E+03   1.0669551E-15   9.6929884E-17      0
  3.055628282335270E+03   1.0680775E-15   9.6186064E-17      0
  3.057180662516791E+03   1.0277374E-15   9.6376223E-17      0
  3.058733051963870E+03   9.7596936E-16   9.4072961E-17      0
  3.060285450676676E+03   9.9474353E-16   9.5058471E-17      0
  3.061837858655372E+03   1.1307269E-15   1.0075279E-16      0
  3.063390275900126E+03   9.2936963E-16   9.4514047E-17      0
  3.064942702411103E+03   1.0713371E-15   9.8979658E-17      0
  3.066495138188469E+03   8.9432004E-16   9.4278506E-17      0
  3.068047583232390E+03   9.8883187E-16   9.8578932E-17      0
  3.069600037543033E+03   9.7181742E-16   9.8664621E-17      0
  3.071152501120562E+03   1.0085253E-15   1.0013661E-16      0
  3.072704973965143E+03   9.4076180E-16   9.8777329E-17      0
  3.074257456076944E+03   9.7444714E-16   9.8919353E-17      0
  3.075809947456129E+03   9.9324174E-16   1.0032877E-16      0
  3.077362448102866E+03   1.0653206E-15   1.0435359E-16      0
  3.078914958017318E+03   9.7136224E-16   1.0122013E-16      0
  3.080467477199653E+03   9.3613319E-16   1.0050737E-16      0
  3.082020005650037E+03   1.2297378E-15   1.1242553E-16      0
  3.083572543368636E+03   9.8353665E-16   1.0318617E-16      0
  3.085125090355616E+03   9.6794034E-16   1.0430020E-16      0
  3.086677646611141E+03   9.6447883E-16   1.0472363E-16      0
  3.088230212135380E+03   1.2143800E-15   1.1416179E-16      0
  3.089782786928497E+03   1.2506529E-15   1.1665530E-16      0
  3.091335370990659E+03   1.1322920E-15   1.1319145E-16      0
  3.092887964322032E+03   1.2239574E-15   1.1679717E-16      0
  3.094440566922781E+03   1.1179911E-15   1.1226453E-16      0
  3.095993178793073E+03   1.0316836E-15   1.1057424E-16      0
  3.097545799933073E+03   8.7824865E-16   1.0560812E-16      0
  3.099098430342948E+03   1.1598989E-15   1.1719022E-16      0
  3.100651070022865E+03   1.1397672E-15   1.1926380E-16      0
  3.102203718972987E+03   1.0651247E-15   1.1574966E-16      0
  3.103756377193483E+03   1.1477862E-15   1.1714115E-16      0
  3.105309044684518E+03   1.0644859E-15   1.1705144E-16      0
  3.106861721446257E+03   1.1917822E-15   1.2296700E-16      0
  3.108414407478868E+03   1.2675977E-15   1.2632491E-16      0
  3.109967102782516E+03   1.1433782E-15   1.2302150E-16      0
  3.111519807357367E+03   1.1514859E-15   1.2225947E-16      0
  3.113072521203587E+03   1.2172722E-15   1.2749707E-16      0
  3.114625244321343E+03   1.1938828E-15   1.2642715E-16      0
  3.116177976710801E+03   1.4080345E-15   1.3475654E-16      0
  3.117730718372125E+03   1.2270352E-15   1.3027318E-16      0
  3.119283469305483E+03   1.3167325E-15   1.3504215E-16      0
  3.120836229511041E+03   1.0881707E-15   1.2607675E-16      0
  3.122388998988965E+03   1.5521628E-15   1.4452964E-16      0
  3.123941777739421E+03   1.2209755E-15   1.3229593E-16      0
  3.125494565762574E+03   1.1253538E-15   1.2843944E-16      0
  3.127047363058593E+03   1.2483047E-15   1.3451178E-16      0
  3.128600169627641E+03   1.2996066E-15   1.3915412E-16      0
  3.130152985469886E+03   1.3557674E-15   1.4108361E-16      0
  3.131705810585494E+03   1.2483909E-15   1.4048262E-16      0
  3.133258644974630E+03   1.4338826E-15   1.4632011E-16      0
  3.134811488637461E+03   1.4972191E-15   1.4803047E-16      0
  3.136364341574153E+03   1.4086195E-15   1.5063015E-16      0
  3.137917203784872E+03   1.5219484E-15   1.5198033E-16      0
  3.139470075269785E+03   1.3753117E-15   1.4588675E-16      0
  3.141022956029057E+03   1.0598102E-15   1.1892272E-16   2560
  3.142575846062854E+03   9.9697366E-16   1.2776558E-16   2564
  3.144128745371344E+03   1.7355408E-15   1.6972713E-16   2564
  3.145681653954692E+03   2.9358323E-15   2.2328572E-16   2564
  3.147234571813064E+03   2.3926386E-17   2.0344530E-17   2564
