

  1.562945699847199E+03   0.0000000E+00   0.0000000E+00   2564
  1.564489218527891E+03   0.0000000E+00   0.0000000E+00   2564
  1.566032746314156E+03   0.0000000E+00   0.0000000E+00   2564
  1.567576283206153E+03   0.0000000E+00   0.0000000E+00   2564
  1.569119829204044E+03   0.0000000E+00   0.0000000E+00   2560
  1.570663384307990E+03   0.0000000E+00   0.0000000E+00    512
  1.572206948518153E+03   0.0000000E+00   0.0000000E+00    512
  1.573750521834693E+03   0.0000000E+00   0.0000000E+00    512
  1.575294104257771E+03   0.0000000E+00   0.0000000E+00    512
  1.576837695787550E+03   0.0000000E+00   0.0000000E+00    512
  1.578381296424189E+03   0.0000000E+00   0.0000000E+00    512
  1.579924906167851E+03   5.1964086E-13   2.8391639E-13      0
  1.581468525018696E+03   1.7856351E-14   4.0183460E-14      0
  1.583012152976886E+03   1.7207539E-14   2.2324117E-14      0
  1.584555790042581E+03   1.3681515E-14   1.5415703E-14      0
  1.586099436215943E+03  -1.6473741E-14   1.0004505E-14      0
  1.587643091497134E+03   1.3767131E-14   9.6781442E-15      0
  1.589186755886313E+03  -1.1005231E-14   6.7544648E-15      0
  1.590730429383644E+03   2.2382818E-15   6.7206800E-15      0
  1.592274111989286E+03   3.8432269E-15   5.8056341E-15      0
  1.593817803703402E+03   3.4084876E-16   4.9897008E-15      0
  1.595361504526151E+03  -2.6350902E-17   4.3745618E-15      0
  1.596905214457697E+03  -5.3915951E-15   3.4542669E-15      0
  1.598448933498199E+03  -2.4511487E-16   3.4404121E-15      0
  1.599992661647819E+03   7.8015668E-16   3.0634681E-15      0
  1.601536398906718E+03  -3.1486288E-15   2.5225092E-15      0
  1.603080145275058E+03  -2.1759402E-15   2.3053867E-15      0
  1.604623900753000E+03   1.6526997E-15   2.3030544E-15      0
  1.606167665340705E+03   2.9785969E-15   2.2030704E-15      0
  1.607711439038334E+03   2.9079566E-15   1.9642230E-15      0
  1.609255221846049E+03   2.7234703E-15   1.8380242E-15      0
  1.610799013764011E+03   2.9459302E-15   1.7110781E-15      0
  1.612342814792381E+03  -3.4127230E-18   1.4420264E-15      0
  1.613886624931321E+03  -8.7770335E-17   1.3036109E-15      0
  1.615430444180991E+03   7.3445247E-16   1.2788134E-15      0
  1.616974272541553E+03   3.0394155E-16   1.1625897E-15      0
  1.618518110013169E+03  -4.3534150E-16   1.0344214E-15      0
  1.620061956596000E+03   6.2143223E-16   1.0213106E-15      0
  1.621605812290207E+03   8.2602616E-16   9.8682303E-16      0
  1.623149677095951E+03   8.1751814E-16   9.1911175E-16      0
  1.624693551013393E+03  -4.6666311E-16   7.9481532E-16      0
  1.626237434042696E+03   1.6987838E-15   8.8723689E-16      0
  1.627781326184020E+03   5.6584861E-16   7.7380737E-16      0
  1.629325227437527E+03  -1.6700074E-16   6.7825676E-16      0
  1.630869137803377E+03   4.9703337E-16   6.9663034E-16      0
  1.632413057281734E+03   3.5321896E-16   6.5436064E-16      0
  1.633956985872757E+03  -4.8859894E-16   5.7255213E-16      0
  1.635500923576608E+03   5.8625278E-16   6.1318293E-16      0
  1.637044870393448E+03   7.2892511E-16   6.0182797E-16      0
  1.638588826323439E+03  -1.1940205E-15   4.5927418E-16      0
  1.640132791366743E+03   1.5897817E-16   5.1383501E-16      0
  1.641676765523520E+03   1.6460051E-16   5.0899523E-16      0
  1.643220748793932E+03   1.0021327E-15   5.3166379E-16      0
  1.644764741178140E+03   4.6394456E-16   4.9333952E-16      0
  1.646308742676307E+03  -9.5346190E-16   3.9268778E-16      0
  1.647852753288592E+03  -5.8076645E-16   4.0242784E-16      0
  1.649396773015158E+03   1.8122942E-16   4.3234671E-16      0
  1.650940801856165E+03   1.1444256E-16   4.0726551E-16      0
  1.652484839811777E+03   2.7226810E-16   4.1052442E-16      0
  1.654028886882153E+03  -1.5218912E-16   3.8444507E-16      0
  1.655572943067455E+03   2.6076833E-16   3.9380068E-16      0
  1.657117008367844E+03  -2.4310431E-16   3.5368377E-16      0
  1.658661082783483E+03  -1.3514806E-16   3.4501089E-16      0
  1.660205166314532E+03  -6.3759955E-16   3.1590872E-16      0
  1.661749258961153E+03   2.2910642E-16   3.5786861E-16      0
  1.663293360723508E+03  -2.9297880E-16   3.1546133E-16      0
  1.664837471601757E+03   3.6834766E-17   3.2640637E-16      0
  1.666381591596063E+03   3.7336490E-16   3.4335028E-16      0
  1.667925720706586E+03   2.4210894E-16   3.2303918E-16      0
  1.669469858933489E+03   4.9701320E-16   3.3543598E-16      0
  1.671014006276932E+03   3.8479677E-16   3.2546746E-16      0
  1.672558162737078E+03  -3.8024987E-17   2.9148090E-16      0
  1.674102328314086E+03   1.6418979E-16   3.0348606E-16      0
  1.675646503008121E+03  -6.5793410E-17   2.7617835E-16      0
  1.677190686819341E+03   5.5061403E-16   3.1388185E-16      0
  1.678734879747910E+03  -2.3350856E-16   2.6231663E-16      0
  1.680279081793988E+03   1.2633012E-16   2.7940115E-16      0
  1.681823292957738E+03  -1.3940808E-16   2.5408095E-16      0
  1.683367513239320E+03   5.9991124E-16   2.9611425E-16      0
  1.684911742638895E+03  -2.1643964E-16   2.4564607E-16      0
  1.686455981156627E+03   5.1085023E-16   2.8051751E-16      0
  1.688000228792676E+03   2.1029362E-16   2.6445539E-16      0
  1.689544485547204E+03   7.3333042E-17   2.5239544E-16      0
  1.691088751420371E+03   1.2111535E-16   2.5196729E-16      0
  1.692633026412341E+03   4.1867793E-16   2.6113809E-16      0
  1.694177310523273E+03   3.6892134E-16   2.5889295E-16      0
  1.695721603753331E+03  -4.8721430E-16   2.0492038E-16      0
  1.697265906102675E+03   5.1241122E-18   2.3014920E-16      0
  1.698810217571466E+03  -2.6228592E-16   2.1043934E-16      0
  1.700354538159867E+03   3.4341058E-16   2.4475176E-16      0
  1.701898867868040E+03  -7.7415660E-18   2.2172506E-16      0
  1.703443206696144E+03  -6.6736912E-17   2.1661441E-16      0
  1.704987554644343E+03   7.3788556E-18   2.1855527E-16      0
  1.706531911712798E+03  -4.9977657E-17   2.0643089E-16      0
  1.708076277901670E+03   1.7025238E-16   2.2435129E-16      0
  1.709620653211121E+03  -2.4825535E-16   1.9484643E-16      0
  1.711165037641313E+03  -2.2360958E-16   1.9411107E-16      0
  1.712709431192406E+03  -2.4100438E-16   1.8834793E-16      0
  1.714253833864564E+03   4.1950286E-16   2.2624255E-16      0
  1.715798245657946E+03   4.0510370E-17   1.9874036E-16      0
  1.717342666572716E+03   5.5429267E-17   2.0167563E-16      0
  1.718887096609034E+03   1.5215274E-16   2.0235947E-16      0
  1.720431535767062E+03  -2.4500060E-16   1.7889864E-16      0
  1.721975984046962E+03   2.8304749E-16   2.0704983E-16      0
  1.723520441448896E+03   2.9016464E-16   2.0239419E-16      0
  1.725064907973025E+03  -2.8187033E-17   1.8456062E-16      0
  1.726609383619510E+03   1.8789814E-16   1.9945416E-16      0
  1.728153868388514E+03   3.2505678E-16   2.0300566E-16      0
  1.729698362280197E+03  -1.5385655E-17   1.7957955E-16      0
  1.731242865294722E+03   2.7430704E-16   1.9828341E-16      0
  1.732787377432251E+03  -1.6126750E-16   1.6491297E-16      0
  1.734331898692945E+03   3.9020375E-16   1.9541868E-16      0
  1.735876429076965E+03  -4.0743138E-17   1.7077006E-16      0
  1.737420968584473E+03  -1.4869343E-16   1.6122160E-16      0
  1.738965517215632E+03  -3.6851373E-17   1.6975047E-16      0
  1.740510074970602E+03   8.8954383E-18   1.7929546E-16      0
  1.742054641849546E+03  -6.4593760E-17   1.6638161E-16      0
  1.743599217852624E+03   2.3488271E-16   1.8185919E-16      0
  1.745143802980000E+03  -3.1267117E-18   1.6277419E-16      0
  1.746688397231834E+03   1.6493672E-16   1.7115796E-16      0
  1.748233000608288E+03   1.6289108E-16   1.7125239E-16      0
  1.749777613109524E+03   2.8801469E-17   1.6053410E-16      0
  1.751322234735703E+03   3.9509285E-16   1.7723368E-16      0
  1.752866865486988E+03   3.7245988E-17   1.6020310E-16      0
  1.754411505363540E+03   1.8710735E-16   1.6840878E-16      0
  1.755956154365520E+03   3.2567538E-16   1.7305450E-16      0
  1.757500812493092E+03   2.7727782E-16   1.6782199E-16      0
  1.759045479746415E+03   1.1180755E-16   1.5652334E-16      0
  1.760590156125652E+03   1.0090717E-16   1.5551015E-16      0
  1.762134841630965E+03   3.2167992E-17   1.5050034E-16      0
  1.763679536262516E+03  -2.0504780E-16   1.3344926E-16      0
  1.765224240020466E+03   2.2706619E-17   1.4788642E-16      0
  1.766768952904977E+03  -1.2839696E-16   1.3712329E-16      0
  1.768313674916211E+03   5.5338254E-17   1.4554067E-16      0
  1.769858406054329E+03  -1.0452686E-16   1.3590188E-16      0
  1.771403146319493E+03  -1.4295096E-16   1.2938624E-16      0
  1.772947895711866E+03  -5.1843323E-17   1.3776738E-16      0
  1.774492654231609E+03   1.0059568E-16   1.4101869E-16      0
  1.776037421878883E+03   1.6657315E-16   1.4754339E-16      0
  1.777582198653851E+03   1.0587907E-16   1.4132153E-16      0
  1.779126984556674E+03   6.3546668E-17   1.3762459E-16      0
  1.780671779587514E+03   4.1800404E-17   1.3585699E-16      0
  1.782216583746534E+03  -1.2571744E-16   1.2551490E-16      0
  1.783761397033894E+03   7.7819981E-17   1.3483948E-16      0
  1.785306219449756E+03   1.4337925E-16   1.3868871E-16      0
  1.786851050994283E+03   1.2229892E-16   1.3463763E-16      0
  1.788395891667636E+03  -5.3402717E-17   1.2674775E-16      0
  1.789940741469977E+03  -9.3179798E-17   1.2154171E-16      0
  1.791485600401469E+03   1.7905723E-16   1.3601247E-16      0
  1.793030468462271E+03  -1.5216443E-16   1.1541814E-16      0
  1.794575345652548E+03  -2.0566692E-16   1.0941644E-16      0
  1.796120231972460E+03   1.8825294E-16   1.3407552E-16      0
  1.797665127422169E+03   1.4533199E-16   1.2950187E-16      0
  1.799210032001837E+03  -5.9699564E-17   1.1643453E-16      0
  1.800754945711627E+03  -2.6203168E-16   1.0406276E-16      0
  1.802299868551699E+03  -5.3573984E-17   1.1557574E-16      0
  1.803844800522216E+03   3.5725917E-17   1.2148369E-16      0
  1.805389741623340E+03   2.0786583E-16   1.2712519E-16      0
  1.806934691855232E+03   6.8201755E-19   1.1475504E-16      0
  1.808479651218055E+03   1.0437385E-16   1.2274705E-16      0
  1.810024619711970E+03   1.7182982E-16   1.2486686E-16      0
  1.811569597337140E+03  -4.9721089E-17   1.0904242E-16      0
  1.813114584093726E+03  -1.1580142E-16   1.0745500E-16      0
  1.814659579981889E+03   2.1390188E-16   1.2167333E-16      0
  1.816204585001793E+03   2.1706491E-17   1.1242633E-16      0
  1.817749599153599E+03   1.3965425E-16   1.1743762E-16      0
  1.819294622437468E+03   7.5694451E-17   1.1331117E-16      0
  1.820839654853563E+03   9.4600372E-17   1.1347187E-16      0
  1.822384696402047E+03  -7.0703653E-17   1.0269668E-16      0
  1.823929747083079E+03  -8.8847900E-17   1.0088643E-16      0
  1.825474806896824E+03  -2.2400362E-17   1.0506733E-16      0
  1.827019875843441E+03  -9.1787567E-20   1.0608930E-16      0
  1.828564953923095E+03   1.3972310E-16   1.1293546E-16      0
  1.830110041135946E+03  -1.3892930E-16   9.4884882E-17      0
  1.831655137482156E+03  -4.9826859E-17   1.0111722E-16      0
  1.833200242961888E+03  -4.5584309E-17   1.0129158E-16      0
  1.834745357575303E+03   6.5006099E-17   1.0700857E-16      0
  1.836290481322563E+03   1.3025256E-16   1.0928338E-16      0
  1.837835614203831E+03  -1.7455066E-16   8.8679876E-17      0
  1.839380756219268E+03   1.4219237E-16   1.0752146E-16      0
  1.840925907369036E+03   3.7227419E-17   1.0050992E-16      0
  1.842471067653298E+03   1.1759361E-16   1.0624402E-16      0
  1.844016237072216E+03   1.6207090E-17   9.9769232E-17      0
  1.845561415625950E+03   1.9120725E-16   1.0867185E-16      0
  1.847106603314664E+03   6.4830850E-17   1.0049477E-16      0
  1.848651800138519E+03   1.3961833E-16   1.0590892E-16      0
  1.850197006097678E+03   1.6859566E-16   1.0497261E-16      0
  1.851742221192302E+03   6.1594211E-17   1.0047830E-16      0
  1.853287445422553E+03   8.9671825E-17   1.0079351E-16      0
  1.854832678788594E+03   1.0044410E-17   9.4976349E-17      0
  1.856377921290587E+03   2.1449098E-17   9.4717329E-17      0
  1.857923172928693E+03   1.3309167E-16   1.0078897E-16      0
  1.859468433703074E+03   5.6299633E-17   9.6657914E-17      0
  1.861013703613894E+03   3.2065324E-16   1.0816306E-16      0
  1.862558982661313E+03   9.3071067E-17   9.7989463E-17      0
  1.864104270845494E+03   1.1214995E-16   9.8390851E-17      0
  1.865649568166599E+03   9.7036491E-18   9.0521749E-17      0
  1.867194874624789E+03   2.3505187E-17   9.2049439E-17      0
  1.868740190220229E+03   5.7696394E-18   9.1322619E-17      0
  1.870285514953078E+03   4.5887170E-17   9.0615545E-17      0
  1.871830848823499E+03   6.6596761E-17   9.3940824E-17      0
  1.873376191831654E+03   1.5444890E-16   9.6156014E-17      0
  1.874921543977706E+03   6.3353503E-18   8.8318193E-17      0
  1.876466905261816E+03   2.4359752E-16   1.0006262E-16      0
  1.878012275684148E+03   5.8724755E-17   8.9828446E-17      0
  1.879557655244862E+03   5.4691207E-17   8.9476570E-17      0
  1.881103043944120E+03   1.6721944E-17   8.5557468E-17      0
  1.882648441782086E+03  -2.1215447E-17   8.3980220E-17      0
  1.884193848758920E+03  -1.4381480E-17   8.3922138E-17      0
  1.885739264874786E+03   7.4578061E-17   8.7640375E-17      0
  1.887284690129846E+03   1.1637563E-16   9.1507596E-17      0
  1.888830124524261E+03  -5.7654067E-18   8.1206485E-17      0
  1.890375568058193E+03   6.1275773E-17   8.6866015E-17      0
  1.891921020731805E+03  -1.1362089E-16   7.5421958E-17      0
  1.893466482545260E+03   9.7191591E-17   8.8244773E-17      0
  1.895011953498718E+03  -2.7643794E-17   8.0368762E-17      0
  1.896557433592343E+03   1.2302338E-16   8.8253746E-17      0
  1.898102922826296E+03   1.8578377E-16   9.2675972E-17      0
  1.899648421200740E+03   8.6862881E-18   8.0260018E-17      0
  1.901193928715837E+03  -3.5689647E-17   7.9294705E-17      0
  1.902739445371748E+03   2.7865915E-17   8.0264458E-17      0
  1.904284971168637E+03  -3.7082692E-17   7.6275350E-17      0
  1.905830506106666E+03  -1.3066634E-18   7.7701085E-17      0
  1.907376050185996E+03   1.4702119E-16   8.6324337E-17      0
  1.908921603406790E+03  -4.4713635E-17   7.5342072E-17      0
  1.910467165769209E+03  -3.5217645E-17   7.5604017E-17      0
  1.912012737273418E+03  -4.7212468E-17   7.4752319E-17      0
  1.913558317919576E+03   4.8584473E-17   7.8245463E-17      0
  1.915103907707847E+03   3.2801811E-17   7.7684025E-17      0
  1.916649506638393E+03   2.9888580E-17   7.6340512E-17      0
  1.918195114711376E+03  -1.1070893E-16   6.8072292E-17      0
  1.919740731926959E+03   1.6000200E-16   8.3325106E-17      0
  1.921286358285303E+03   9.3592848E-18   7.3518198E-17      0
  1.922831993786571E+03   3.4590897E-17   7.6903623E-17      0
  1.924377638430925E+03   5.0983396E-17   7.6318456E-17      0
  1.925923292218528E+03   1.5668472E-16   8.3220325E-17      0
  1.927468955149541E+03   1.5989366E-16   8.1999016E-17      0
  1.929014627224127E+03   1.2371979E-17   7.3689299E-17      0
  1.930560308442448E+03  -2.6500885E-17   7.1184444E-17      0
  1.932105998804667E+03   6.5893717E-17   7.6173051E-17      0
  1.933651698310945E+03   1.1712832E-16   7.8568817E-17      0
  1.935197406961445E+03   2.0347396E-17   7.1395262E-17      0
  1.936743124756330E+03   3.0198177E-17   7.2710552E-17      0
  1.938288851695761E+03  -7.3822801E-18   7.0661341E-17      0
  1.939834587779902E+03   4.6344150E-18   7.0130953E-17      0
  1.941380333008913E+03   2.1097613E-16   8.2996583E-17      0
  1.942926087382958E+03   7.3169710E-17   7.3294787E-17      0
  1.944471850902199E+03   3.9699091E-17   7.2357214E-17      0
  1.946017623566798E+03  -6.7739561E-17   6.5155025E-17      0
  1.947563405376918E+03   1.2822027E-17   6.9584954E-17      0
  1.949109196332720E+03   5.9474597E-17   7.2922919E-17      0
  1.950654996434367E+03  -1.9581847E-17   6.7275248E-17      0
  1.952200805682023E+03   2.0682821E-17   6.8814022E-17      0
  1.953746624075847E+03   7.1997403E-17   7.2221993E-17      0
  1.955292451616004E+03   8.1400462E-17   7.2275621E-17      0
  1.956838288302656E+03   1.5127568E-16   7.5093971E-17      0
  1.958384134135964E+03   1.6358391E-16   7.6829846E-17      0
  1.959929989116092E+03   5.4646734E-17   7.0121060E-17      0
  1.961475853243201E+03   6.2416296E-17   6.8905958E-17      0
  1.963021726517454E+03   1.6761399E-16   7.6597236E-17      0
  1.964567608939014E+03  -7.3381707E-17   6.1162297E-17      0
  1.966113500508043E+03   1.2924610E-16   7.3584505E-17      0
  1.967659401224702E+03   6.1219414E-18   6.5746274E-17      0
  1.969205311089155E+03  -3.7242819E-18   6.3705758E-17      0
  1.970751230101564E+03  -7.5352018E-17   6.0320492E-17      0
  1.972297158262091E+03   3.7299046E-17   6.5779447E-17      0
  1.973843095570900E+03   4.6406923E-17   6.5984138E-17      0
  1.975389042028151E+03   7.9747338E-17   6.8529710E-17      0
  1.976934997634008E+03   1.1358290E-16   7.0475709E-17      0
  1.978480962388633E+03   9.8964200E-17   6.7714699E-17      0
  1.980026936292188E+03   2.4512372E-17   6.4286135E-17      0
  1.981572919344836E+03   3.5376801E-17   6.3598251E-17      0
  1.983118911546739E+03   3.3928553E-17   6.3949293E-17      0
  1.984664912898060E+03   1.9416513E-17   6.3180816E-17      0
  1.986210923398961E+03   3.4441074E-17   6.3641794E-17      0
  1.987756943049605E+03   1.2164947E-16   6.8007991E-17      0
  1.989302971850154E+03   9.3638261E-17   6.5231456E-17      0
  1.990849009800771E+03   1.3076926E-16   6.7660489E-17      0
  1.992395056901617E+03   1.0400832E-16   6.5188311E-17      0
  1.993941113152856E+03   5.2351381E-17   6.2910004E-17      0
  1.995487178554650E+03   9.4581724E-17   6.5197277E-17      0
  1.997033253107161E+03   7.2642446E-17   6.2906139E-17      0
  1.998579336810552E+03   2.7466931E-17   6.1999728E-17      0
  2.000125429664986E+03   1.1775325E-16   6.4949772E-17      0
  2.001671531670624E+03   1.9841142E-16   6.9951217E-17      0
  2.003217642827630E+03   3.3111749E-17   5.9803623E-17      0
  2.004763763136166E+03   1.1451261E-16   6.3210661E-17      0
  2.006309892596394E+03   7.8013508E-17   6.2952521E-17      0
  2.007856031208477E+03  -1.3798848E-17   5.6637334E-17      0
  2.009402178972577E+03   1.8712565E-18   5.6860263E-17      0
  2.010948335888857E+03  -1.8184773E-17   5.6159370E-17      0
  2.012494501957480E+03   4.2582636E-17   5.8248835E-17      0
  2.014040677178608E+03   1.0841081E-16   6.2358559E-17      0
  2.015586861552403E+03   1.1405455E-16   6.2978243E-17      0
  2.017133055079029E+03   1.8645421E-16   6.5604263E-17      0
  2.018679257758647E+03   6.9939431E-17   5.9233265E-17      0
  2.020225469591420E+03   3.8001905E-17   5.7661596E-17      0
  2.021771690577511E+03  -2.0695135E-18   5.4198518E-17      0
  2.023317920717082E+03   1.5137815E-16   6.3243080E-17      0
  2.024864160010296E+03   6.4633967E-17   5.7866240E-17      0
  2.026410408457315E+03   8.5322171E-17   5.8980472E-17      0
  2.027956666058303E+03   9.1015503E-17   5.9469799E-17      0
  2.029502932813421E+03   3.8386147E-17   5.5047794E-17      0
  2.031049208722832E+03   3.9683831E-17   5.5750670E-17      0
  2.032595493786699E+03   3.3036806E-18   5.3092938E-17      0
  2.034141788005184E+03   7.5356465E-17   5.7175942E-17      0
  2.035688091378451E+03   7.2450520E-17   5.6630955E-17      0
  2.037234403906660E+03   1.1240750E-17   5.3016838E-17      0
  2.038780725589976E+03   1.2699467E-16   5.8888510E-17      0
  2.040327056428561E+03   1.2865769E-16   5.9251119E-17      0
  2.041873396422577E+03  -3.7689136E-18   5.2104067E-17      0
  2.043419745572187E+03   1.1956218E-16   5.6994524E-17      0
  2.044966103877554E+03   7.2536963E-17   5.5481968E-17      0
  2.046512471338840E+03   4.6916050E-17   5.3349884E-17      0
  2.048058847956208E+03   8.0813574E-17   5.4503152E-17      0
  2.049605233729820E+03   1.0132178E-16   5.6306780E-17      0
  2.051151628659840E+03   3.4880661E-17   5.2711108E-17      0
  2.052698032746429E+03  -4.9692723E-17   4.6077768E-17      0
  2.054244445989751E+03   1.7148579E-16   5.8884824E-17      0
  2.055790868389968E+03  -2.1622531E-17   4.8114188E-17      0
  2.057337299947244E+03  -3.7137448E-18   4.9165273E-17      0
  2.058883740661739E+03   4.2720163E-17   5.0893889E-17      0
  2.060430190533617E+03   1.7981482E-16   5.8360643E-17      0
  2.061976649563042E+03  -8.2534502E-18   4.7905728E-17      0
  2.063523117750175E+03   7.3745541E-17   5.3322226E-17      0
  2.065069595095179E+03   1.3296433E-16   5.5443061E-17      0
  2.066616081598217E+03   2.6196739E-17   4.9646328E-17      0
  2.068162577259452E+03   1.8854998E-17   4.8265181E-17      0
  2.069709082079047E+03   4.3105173E-17   4.9865260E-17      0
  2.071255596057162E+03   9.3134608E-17   5.2393259E-17      0
  2.072802119193963E+03  -2.3303994E-17   4.5749328E-17      0
  2.074348651489612E+03   6.8094282E-17   5.1297645E-17      0
  2.075895192944271E+03   1.9679255E-17   4.7256842E-17      0
  2.077441743558102E+03  -2.9108966E-17   4.4849184E-17      0
  2.078988303331269E+03   5.6850800E-17   4.9131398E-17      0
  2.080534872263935E+03  -6.6440225E-17   4.1809368E-17      0
  2.082081450356262E+03   4.2432225E-17   4.8053152E-17      0
  2.083628037608412E+03  -5.3982475E-17   4.1467414E-17      0
  2.085174634020550E+03   1.9236502E-17   4.6320281E-17      0
  2.086721239592836E+03   4.6756589E-17   4.7259379E-17      0
  2.088267854325436E+03   2.4606620E-17   4.6364310E-17      0
  2.089814478218509E+03   5.8305817E-17   4.7359720E-17      0
  2.091361111272221E+03   6.7186567E-17   4.8132419E-17      0
  2.092907753486732E+03  -6.0257831E-17   4.0069443E-17      0
  2.094454404862208E+03   9.7864155E-17   4.9964690E-17      0
  2.096001065398809E+03   3.0846131E-17   4.5110268E-17      0
  2.097547735096699E+03  -7.7101902E-18   4.2738715E-17      0
  2.099094413956041E+03   8.9798827E-17   4.8215054E-17      0
  2.100641101976997E+03   1.1789411E-16   5.0154482E-17      0
  2.102187799159731E+03   6.5849857E-17   4.6781415E-17      0
  2.103734505504404E+03   3.4898604E-17   4.4452170E-17      0
  2.105281221011181E+03  -4.0543037E-17   4.0047840E-17      0
  2.106827945680223E+03   1.7121780E-17   4.3044636E-17      0
  2.108374679511694E+03   3.5948244E-17   4.4630060E-17      0
  2.109921422505755E+03   1.8970625E-17   4.3053007E-17      0
  2.111468174662572E+03   6.2726628E-17   4.4053879E-17      0
  2.113014935982304E+03   1.8268375E-17   4.2910656E-17      0
  2.114561706465118E+03   5.9107931E-17   4.5054903E-17      0
  2.116108486111174E+03   4.4377276E-18   4.1007572E-17      0
  2.117655274920635E+03  -3.0576493E-17   3.8720837E-17      0
  2.119202072893665E+03   4.8034080E-17   4.2886486E-17      0
  2.120748880030426E+03   5.2521241E-17   4.3789843E-17      0
  2.122295696331081E+03   1.5333768E-17   4.1259425E-17      0
  2.123842521795793E+03   1.1122128E-19   4.0593293E-17      0
  2.125389356424725E+03  -2.6604109E-17   3.7928445E-17      0
  2.126936200218041E+03   1.6994788E-17   4.0622555E-17      0
  2.128483053175901E+03   9.4134916E-18   4.0948845E-17      0
  2.130029915298470E+03   1.3059712E-18   3.9648927E-17      0
  2.131576786585910E+03   4.7175705E-17   4.2588456E-17      0
  2.133123667038386E+03  -3.3274755E-18   3.8460656E-17      0
  2.134670556656058E+03   3.0559787E-17   4.0637431E-17      0
  2.136217455439090E+03  -1.3685635E-17   3.8109088E-17      0
  2.137764363387646E+03   6.4784964E-17   4.2109197E-17      0
  2.139311280501888E+03   6.6620372E-17   4.3122841E-17      0
  2.140858206781979E+03  -5.0966790E-17   3.5203626E-17      0
  2.142405142228081E+03   3.3086698E-17   4.0458095E-17      0
  2.143952086840358E+03   4.6602191E-17   4.0977958E-17      0
  2.145499040618974E+03   1.1976783E-17   3.8656274E-17      0
  2.147046003564089E+03   9.8215993E-18   3.8632256E-17      0
  2.148592975675869E+03  -5.5034684E-18   3.7946745E-17      0
  2.150139956954476E+03   3.4268081E-17   4.0312409E-17      0
  2.151686947400071E+03   8.6984047E-18   3.7917096E-17      0
  2.153233947012819E+03   1.5746876E-19   3.8128794E-17      0
  2.154780955792883E+03   1.9274380E-17   3.7641598E-17      0
  2.156327973740425E+03  -4.9914307E-18   3.7430922E-17      0
  2.157875000855609E+03   1.0360742E-16   4.3158132E-17      0
  2.159422037138597E+03   4.4917995E-17   3.9332332E-17      0
  2.160969082589553E+03   2.3179414E-17   3.8776659E-17      0
  2.162516137208639E+03   1.0250352E-17   3.6672172E-17      0
  2.164063200996018E+03   1.7447259E-17   3.7590148E-17      0
  2.165610273951854E+03  -6.1690336E-17   3.2570687E-17      0
  2.167157356076309E+03   4.5091567E-17   3.8282160E-17      0
  2.168704447369548E+03   3.9503363E-18   3.6650801E-17      0
  2.170251547831731E+03   1.2010326E-16   4.2648195E-17      0
  2.171798657463023E+03  -8.7586714E-18   3.4930431E-17      0
  2.173345776263586E+03   5.1173032E-17   3.9051667E-17      0
  2.174892904233584E+03   4.9051427E-17   3.8384909E-17      0
  2.176440041373180E+03  -1.5513192E-17   3.4576858E-17      0
  2.177987187682536E+03   6.7274520E-17   3.9293097E-17      0
  2.179534343161816E+03  -2.2105365E-17   3.3710637E-17      0
  2.181081507811183E+03   2.6394107E-17   3.6207370E-17      0
  2.182628681630800E+03  -1.0753893E-17   3.4340850E-17      0
  2.184175864620829E+03  -1.7171846E-17   3.3308419E-17      0
  2.185723056781434E+03   1.9749177E-17   3.5836760E-17      0
  2.187270258112778E+03  -7.3346849E-18   3.3958600E-17      0
  2.188817468615025E+03  -9.3078184E-18   3.3220725E-17      0
  2.190364688288336E+03   3.2621621E-17   3.6805491E-17      0
  2.191911917132876E+03   1.6737937E-17   3.5032075E-17      0
  2.193459155148807E+03   1.0312536E-17   3.4524090E-17      0
  2.195006402336293E+03   2.8844704E-17   3.5606545E-17      0
  2.196553658695495E+03  -2.8222238E-17   3.2066728E-17      0
  2.198100924226580E+03   1.5743793E-17   3.5103547E-17      0
  2.199648198929707E+03   5.9582468E-17   3.7592196E-17      0
  2.201195482805042E+03   1.9120809E-17   3.4477268E-17      0
  2.202742775852746E+03   2.5981690E-17   3.4824420E-17      0
  2.204290078072983E+03  -1.0942881E-17   3.2926275E-17      0
  2.205837389465917E+03  -4.2675906E-18   3.2907673E-17      0
  2.207384710031710E+03   3.7352558E-17   3.5615036E-17      0
  2.208932039770526E+03   2.1516642E-17   3.4383744E-17      0
  2.210479378682527E+03  -8.9093283E-18   3.2300400E-17      0
  2.212026726767876E+03   3.1985857E-17   3.4526108E-17      0
  2.213574084026739E+03   2.8000587E-17   3.4645858E-17      0
  2.215121450459276E+03   7.1107741E-17   3.6417804E-17      0
  2.216668826065651E+03   6.1596130E-17   3.5982403E-17      0
  2.218216210846028E+03   3.2503374E-17   3.4323115E-17      0
  2.219763604800569E+03   1.8237789E-17   3.3056569E-17      0
  2.221311007929438E+03   2.4566348E-17   3.3736618E-17      0
  2.222858420232798E+03   3.5305021E-17   3.4454170E-17      0
  2.224405841710813E+03   6.7467504E-17   3.6034684E-17      0
  2.225953272363645E+03   1.0070949E-17   3.2451781E-17      0
  2.227500712191457E+03   1.8067037E-17   3.2656478E-17      0
  2.229048161194413E+03   2.0945012E-17   3.3244220E-17      0
  2.230595619372677E+03  -2.9567811E-19   3.1336103E-17      0
  2.232143086726409E+03   2.7751828E-17   3.2519825E-17      0
  2.233690563255776E+03   2.8037360E-17   3.3313660E-17      0
  2.235238048960939E+03   3.8379228E-18   3.1363913E-17      0
  2.236785543842062E+03   4.3248334E-17   3.3877678E-17      0
  2.238333047899308E+03   8.4492920E-17   3.6314159E-17      0
  2.239880561132841E+03   9.0975554E-17   3.6290442E-17      0
  2.241428083542823E+03   7.9447116E-18   3.1070416E-17      0
  2.242975615129418E+03   1.0928202E-17   3.1531705E-17      0
  2.244523155892789E+03  -5.7373367E-18   3.0269672E-17      0
  2.246070705833099E+03  -1.6248310E-19   3.0699650E-17      0
  2.247618264950511E+03   3.4280287E-17   3.3553212E-17      0
  2.249165833245190E+03   9.1242468E-17   3.5132041E-17      0
  2.250713410717297E+03   1.3878977E-17   3.1222528E-17      0
  2.252260997366998E+03  -3.0809397E-17   2.8471186E-17      0
  2.253808593194453E+03  -2.1194106E-17   2.8950441E-17      0
  2.255356198199828E+03  -1.9291472E-17   2.9149163E-17      0
  2.256903812383285E+03   2.8243731E-17   3.2342484E-17      0
  2.258451435744987E+03   2.3460331E-17   3.0804742E-17      0
  2.259999068285098E+03   3.8313365E-17   3.2234113E-17      0
  2.261546710003782E+03   5.7724918E-17   3.3639235E-17      0
  2.263094360901201E+03   6.5732102E-18   3.0221047E-17      0
  2.264642020977517E+03  -1.2294444E-17   2.9745339E-17      0
  2.266189690232897E+03   3.8104432E-17   3.1964737E-17      0
  2.267737368667502E+03   1.9993303E-17   3.0784433E-17      0
  2.269285056281496E+03   2.6094013E-17   3.1557255E-17      0
  2.270832753075041E+03   2.6305442E-17   3.1111947E-17      0
  2.272380459048303E+03  -3.3000407E-17   2.8047574E-17      0
  2.273928174201442E+03   4.7556595E-18   2.9509404E-17      0
  2.275475898534624E+03   3.2165289E-17   3.2202528E-17      0
  2.277023632048012E+03  -1.5088104E-17   2.8012134E-17      0
  2.278571374741767E+03   6.0012073E-17   3.2773468E-17      0
  2.280119126616055E+03   9.3065321E-18   2.9847112E-17      0
  2.281666887671039E+03   9.2547945E-17   3.4300411E-17      0
  2.283214657906882E+03   5.6481906E-18   2.9826019E-17      0
  2.284762437323747E+03  -7.6425963E-18   2.8651690E-17      0
  2.286310225921797E+03   3.3301375E-17   3.1134264E-17      0
  2.287858023701197E+03  -4.8261843E-17   2.6146893E-17      0
  2.289405830662109E+03   3.5687434E-17   3.0630915E-17      0
  2.290953646804696E+03   2.2353553E-18   2.9249768E-17      0
  2.292501472129123E+03   1.7768458E-18   2.8434165E-17      0
  2.294049306635553E+03  -1.6185931E-17   2.7504854E-17      0
  2.295597150324149E+03  -3.2783598E-18   2.8616773E-17      0
  2.297145003195073E+03   4.0425359E-18   2.8855005E-17      0
  2.298692865248491E+03  -2.4069856E-17   2.7345739E-17      0
  2.300240736484565E+03   6.9109100E-18   2.8794326E-17      0
  2.301788616903459E+03   6.6170234E-17   3.2284148E-17      0
  2.303336506505336E+03   3.8181426E-17   3.0688225E-17      0
  2.304884405290360E+03   5.2538006E-17   3.1289761E-17      0
  2.306432313258694E+03   3.1671789E-17   2.9920364E-17      0
  2.307980230410500E+03   7.8916041E-17   3.3262514E-17      0
  2.309528156745945E+03   1.7863371E-17   2.9034010E-17      0
  2.311076092265189E+03   3.0960566E-17   3.0594165E-17      0
  2.312624036968397E+03   8.5899590E-17   3.3173331E-17      0
  2.314171990855733E+03   6.9309788E-17   3.2286074E-17      0
  2.315719953927360E+03   3.1834658E-17   3.0149575E-17      0
  2.317267926183441E+03   4.0515210E-17   3.0255630E-17      0
  2.318815907624139E+03   7.7043649E-17   3.3028422E-17      0
  2.320363898249619E+03   1.5186381E-17   2.8490344E-17      0
  2.321911898060043E+03   7.6652763E-17   3.2482079E-17      0
  2.323459907055576E+03   4.4080736E-18   2.7721036E-17      0
  2.325007925236380E+03   5.9518497E-17   3.1559634E-17      0
  2.326555952602620E+03   1.2627107E-16   3.4830025E-17      0
  2.328103989154459E+03   4.7758176E-17   3.0417598E-17      0
  2.329652034892059E+03   4.5268720E-17   3.0692772E-17      0
  2.331200089815586E+03   5.8996454E-17   3.1256978E-17      0
  2.332748153925201E+03   5.2614590E-17   3.0384270E-17      0
  2.334296227221070E+03   8.9581318E-17   3.2754367E-17      0
  2.335844309703356E+03   9.9226659E-18   2.8245535E-17      0
  2.337392401372221E+03   2.4719166E-17   2.8657828E-17      0
  2.338940502227829E+03   4.9541964E-17   3.1078115E-17      0
  2.340488612270345E+03   5.4875804E-17   3.0451096E-17      0
  2.342036731499931E+03   7.9604474E-17   3.1906732E-17      0
  2.343584859916752E+03   6.7955892E-17   3.1287726E-17      0
  2.345132997520969E+03   1.4874623E-17   2.7937301E-17      0
  2.346681144312749E+03   5.2556889E-17   3.0826609E-17      0
  2.348229300292253E+03   2.7523527E-17   2.9037964E-17      0
  2.349777465459646E+03   1.0169786E-16   3.3361753E-17      0
  2.351325639815090E+03   1.2654878E-17   2.7900058E-17      0
  2.352873823358751E+03   6.5880992E-17   3.0648964E-17      0
  2.354422016090790E+03   6.7056674E-17   3.1027148E-17      0
  2.355970218011372E+03  -5.9822463E-18   2.6847953E-17      0
  2.357518429120661E+03   1.5153764E-17   2.7804981E-17      0
  2.359066649418820E+03   5.1363423E-17   3.0122818E-17      0
  2.360614878906012E+03   5.7966998E-17   3.0603178E-17      0
  2.362163117582402E+03   9.2771059E-17   3.2355841E-17      0
  2.363711365448152E+03   9.1131673E-17   3.2246485E-17      0
  2.365259622503428E+03   1.0548319E-16   3.2184926E-17      0
  2.366807888748391E+03   2.3406070E-17   2.8594807E-17      0
  2.368356164183206E+03   7.7912122E-17   3.1377565E-17      0
  2.369904448808036E+03   8.6344395E-17   3.1258950E-17      0
  2.371452742623045E+03   7.2622302E-17   3.1083624E-17      0
  2.373001045628398E+03   7.8361691E-17   3.0410948E-17      0
  2.374549357824256E+03   2.4397603E-17   2.8106356E-17      0
  2.376097679210784E+03   4.3242491E-17   2.8587802E-17      0
  2.377646009788147E+03   3.6061012E-17   2.8768869E-17      0
  2.379194349556506E+03   5.1060152E-17   2.9214223E-17      0
  2.380742698516027E+03   4.6698759E-17   2.9433462E-17      0
  2.382291056666873E+03   4.2414411E-17   2.8857688E-17      0
  2.383839424009207E+03   4.9747717E-17   2.9213951E-17      0
  2.385387800543193E+03   5.9092903E-17   2.9864211E-17      0
  2.386936186268994E+03   7.1471760E-17   2.9899376E-17      0
  2.388484581186776E+03   5.6864306E-17   2.9542967E-17      0
  2.390032985296701E+03   5.8777383E-17   2.9775150E-17      0
  2.391581398598932E+03   8.7766669E-17   3.1281956E-17      0
  2.393129821093634E+03   8.5546913E-17   3.1016785E-17      0
  2.394678252780971E+03   3.7410060E-17   2.8203011E-17      0
  2.396226693661105E+03   8.4238770E-17   3.0633158E-17      0
  2.397775143734202E+03   3.4112237E-17   2.8277748E-17      0
  2.399323603000424E+03   2.8898104E-17   2.7064347E-17      0
  2.400872071459935E+03   3.2524570E-17   2.7736709E-17      0
  2.402420549112900E+03   4.6064907E-17   2.8614312E-17      0
  2.403969035959481E+03   7.5095215E-17   3.0293296E-17      0
  2.405517531999843E+03  -1.7119055E-17   2.4613777E-17      0
  2.407066037234149E+03   3.7879509E-17   2.8223396E-17      0
  2.408614551662562E+03   3.7180650E-17   2.7683272E-17      0
  2.410163075285249E+03   4.1278837E-17   2.7987828E-17      0
  2.411711608102371E+03   5.8170901E-17   2.9007513E-17      0
  2.413260150114091E+03   4.5481246E-17   2.8328153E-17      0
  2.414808701320576E+03   7.0710317E-17   2.9242578E-17      0
  2.416357261721987E+03   3.6232589E-17   2.7585549E-17      0
  2.417905831318489E+03   2.6356213E-17   2.6879896E-17      0
  2.419454410110246E+03   1.7528472E-17   2.6213064E-17      0
  2.421002998097420E+03   3.5627182E-17   2.7129461E-17      0
  2.422551595280177E+03   1.4873680E-17   2.6108227E-17      0
  2.424100201658680E+03   3.4381643E-17   2.7594677E-17      0
  2.425648817233093E+03   1.1266713E-16   3.1166256E-17      0
  2.427197442003580E+03   6.8685783E-17   2.9161028E-17      0
  2.428746075970304E+03   2.5718143E-18   2.5500744E-17      0
  2.430294719133429E+03   2.6391902E-17   2.6576529E-17      0
  2.431843371493120E+03   1.5083928E-17   2.5697640E-17      0
  2.433392033049539E+03   8.0971936E-17   2.9677358E-17      0
  2.434940703802852E+03   8.1475219E-17   3.0032056E-17      0
  2.436489383753220E+03   3.3035489E-17   2.7085439E-17      0
  2.438038072900810E+03   1.9248134E-17   2.6452305E-17      0
  2.439586771245783E+03   3.0031014E-17   2.6805350E-17      0
  2.441135478788306E+03   6.4442968E-17   2.8649017E-17      0
  2.442684195528539E+03   5.7710565E-17   2.7975027E-17      0
  2.444232921466650E+03   8.2811314E-17   2.9150126E-17      0
  2.445781656602800E+03   7.6821428E-17   2.9407799E-17      0
  2.447330400937154E+03   3.2312103E-17   2.6509370E-17      0
  2.448879154469875E+03   2.4467523E-17   2.6595883E-17      0
  2.450427917201128E+03   3.8177105E-17   2.6930865E-17      0
  2.451976689131076E+03   6.3749936E-17   2.8031444E-17      0
  2.453525470259885E+03   4.3378572E-17   2.7062451E-17      0
  2.455074260587716E+03   8.2981535E-17   2.9101359E-17      0
  2.456623060114734E+03   3.1789094E-17   2.6530829E-17      0
  2.458171868841104E+03   2.2996411E-18   2.4873308E-17      0
  2.459720686766988E+03   8.0194975E-17   2.8824290E-17      0
  2.461269513892552E+03   6.3460086E-17   2.8516446E-17      0
  2.462818350217959E+03   3.1843231E-17   2.6678165E-17      0
  2.464367195743372E+03   2.4147543E-17   2.5894689E-17      0
  2.465916050468956E+03   2.2198556E-17   2.5697779E-17      0
  2.467464914394875E+03   4.5301453E-17   2.7213799E-17      0
  2.469013787521292E+03   1.5747904E-17   2.4684994E-17      0
  2.470562669848372E+03   1.0062007E-17   2.5168219E-17      0
  2.472111561376279E+03   4.0892133E-17   2.8156315E-17      0
  2.473660462105177E+03   5.1205269E-17   2.8226324E-17      0
  2.475209372035228E+03   7.4773719E-17   2.8384756E-17      0
  2.476758291166599E+03  -6.6790268E-18   2.3995270E-17      0
  2.478307219499452E+03   4.2183472E-17   2.6541676E-17      0
  2.479856157033952E+03   2.5738669E-17   2.5519372E-17      0
  2.481405103770262E+03   9.6502007E-17   2.9481981E-17      0
  2.482954059708546E+03   9.3275989E-17   2.9325247E-17      0
  2.484503024848969E+03   3.1517156E-17   2.6020341E-17      0
  2.486051999191694E+03   8.9805861E-17   2.9524399E-17      0
  2.487600982736887E+03   1.4612534E-17   2.4975822E-17      0
  2.489149975484709E+03   1.1819895E-16   3.0636603E-17      0
  2.490698977435326E+03   1.0354966E-17   2.5012129E-17      0
  2.492247988588902E+03   1.0296714E-16   2.9683955E-17      0
  2.493797008945600E+03   5.9722467E-17   2.7859943E-17      0
  2.495346038505586E+03   6.3649682E-17   2.7486805E-17      0
  2.496895077269021E+03   3.8539235E-17   2.6720563E-17      0
  2.498444125236072E+03   5.3639225E-17   2.7252929E-17      0
  2.499993182406901E+03   5.0815492E-17   2.6701043E-17      0
  2.501542248781673E+03   8.9713402E-17   2.9598560E-17      0
  2.503091324360552E+03   6.3790812E-17   2.7600220E-17      0
  2.504640409143702E+03   4.7298518E-17   2.6964996E-17      0
  2.506189503131287E+03   9.4281252E-17   2.9338243E-17      0
  2.507738606323472E+03   8.0932668E-17   2.7989757E-17      0
  2.509287718720419E+03   8.7060065E-17   2.9452626E-17      0
  2.510836840322294E+03   5.7236293E-17   2.7064789E-17      0
  2.512385971129260E+03   9.8508357E-17   2.9491278E-17      0
  2.513935111141482E+03   8.9038065E-17   2.8931423E-17      0
  2.515484260359123E+03   7.3355495E-17   2.8151822E-17      0
  2.517033418782348E+03   7.1708400E-17   2.8935271E-17      0
  2.518582586411321E+03   1.1730030E-16   3.0698089E-17      0
  2.520131763246206E+03   1.4926233E-16   3.2039144E-17      0
  2.521680949287166E+03   1.0836548E-16   3.0261542E-17      0
  2.523230144534367E+03   8.0811562E-17   2.8292505E-17      0
  2.524779348987972E+03   7.6066278E-17   2.8637304E-17      0
  2.526328562648146E+03   1.1670461E-16   3.0401879E-17      0
  2.527877785515052E+03   1.3712794E-16   3.0972617E-17      0
  2.529427017588855E+03   1.2130527E-16   3.1038162E-17      0
  2.530976258869719E+03   1.2942008E-16   3.0287767E-17      0
  2.532525509357808E+03   7.9201121E-17   2.8430687E-17      0
  2.534074769053286E+03   4.8919541E-17   2.6425329E-17      0
  2.535624037956317E+03   8.8079820E-17   2.8871257E-17      0
  2.537173316067066E+03   9.0697131E-17   2.9048866E-17      0
  2.538722603385696E+03   6.8587368E-17   2.7130118E-17      0
  2.540271899912373E+03   9.5124368E-17   2.9493310E-17      0
  2.541821205647258E+03   3.5951145E-17   2.6046662E-17      0
  2.543370520590519E+03   5.7000156E-17   2.6374316E-17      0
  2.544919844742318E+03   1.3778103E-16   3.1634950E-17      0
  2.546469178102820E+03   6.5568397E-17   2.7110902E-17      0
  2.548018520672189E+03   1.5473409E-16   3.1879954E-17      0
  2.549567872450588E+03   1.3174544E-16   3.1350254E-17      0
  2.551117233438183E+03   1.1746984E-16   2.9629484E-17      0
  2.552666603635138E+03   1.0049833E-16   2.9432631E-17      0
  2.554215983041615E+03   1.6726385E-16   3.2305536E-17      0
  2.555765371657782E+03   6.4915335E-17   2.6864681E-17      0
  2.557314769483799E+03   7.2347063E-17   2.8380646E-17      0
  2.558864176519834E+03   9.1231311E-17   2.8559863E-17      0
  2.560413592766049E+03   3.9711714E-17   2.6202926E-17      0
  2.561963018222609E+03   1.0053238E-16   2.9333998E-17      0
  2.563512452889678E+03   1.2083486E-16   3.0109636E-17      0
  2.565061896767420E+03   1.0428800E-16   2.9317253E-17      0
  2.566611349856000E+03   8.8504176E-17   2.8402398E-17      0
  2.568160812155582E+03   9.3072265E-17   2.8939172E-17      0
  2.569710283666330E+03   8.8309385E-17   2.8473439E-17      0
  2.571259764388409E+03   5.4320140E-17   2.6772367E-17      0
  2.572809254321982E+03   1.5339335E-16   3.2325524E-17      0
  2.574358753467215E+03   1.1198489E-16   2.9257233E-17      0
  2.575908261824270E+03   1.4154597E-16   3.1295005E-17      0
  2.577457779393314E+03   5.0182176E-17   2.6452960E-17      0
  2.579007306174509E+03   8.3601503E-17   2.8598234E-17      0
  2.580556842168020E+03   5.6507507E-17   2.6847730E-17      0
  2.582106387374012E+03   6.6681471E-17   2.7580500E-17      0
  2.583655941792649E+03   2.4337205E-17   2.5052746E-17      0
  2.585205505424095E+03   4.8231373E-17   2.6392759E-17      0
  2.586755078268514E+03   9.5759689E-17   2.8636483E-17      0
  2.588304660326072E+03   5.1136997E-17   2.6618268E-17      0
  2.589854251596931E+03   8.8310967E-17   2.8621425E-17      0
  2.591403852081257E+03   2.1458862E-17   2.4698081E-17      0
  2.592953461779214E+03   5.6921110E-17   2.6559294E-17      0
  2.594503080690965E+03   9.2220983E-17   2.8515288E-17      0
  2.596052708816677E+03   1.7587923E-17   2.4359605E-17      0
  2.597602346156512E+03   2.1853419E-17   2.4216050E-17      0
  2.599151992710636E+03   6.6161553E-18   2.3833790E-17      0
  2.600701648479213E+03   1.7825489E-17   2.4275121E-17      0
  2.602251313462406E+03   2.8693125E-17   2.4876522E-17      0
  2.603800987660381E+03   8.8461573E-17   2.9198304E-17      0
  2.605350671073301E+03   3.8747228E-17   2.6418615E-17      0
  2.606900363701332E+03   4.9568014E-17   2.6247437E-17      0
  2.608450065544637E+03   1.6913747E-17   2.4120678E-17      0
  2.609999776603381E+03   4.4902533E-17   2.5736027E-17      0
  2.611549496877728E+03   4.7098360E-17   2.6587567E-17      0
  2.613099226367843E+03   3.2560082E-17   2.4865524E-17      0
  2.614648965073891E+03   8.6915043E-17   2.8424156E-17      0
  2.616198712996035E+03   5.3540297E-17   2.6755915E-17      0
  2.617748470134440E+03   5.6228204E-17   2.6663770E-17      0
  2.619298236489270E+03   7.4276399E-17   2.7665008E-17      0
  2.620848012060691E+03   1.2372571E-16   3.0008918E-17      0
  2.622397796848865E+03   8.7212617E-17   2.8268186E-17      0
  2.623947590853959E+03   3.1878922E-17   2.5443864E-17      0
  2.625497394076135E+03   3.8209703E-17   2.5335660E-17      0
  2.627047206515560E+03   3.8302310E-17   2.5634314E-17      0
  2.628597028172396E+03   4.2974541E-17   2.5878069E-17      0
  2.630146859046809E+03   5.3078684E-17   2.6418078E-17      0
  2.631696699138963E+03   6.2816638E-17   2.7229163E-17      0
  2.633246548449023E+03   4.0656678E-17   2.5569766E-17      0
  2.634796406977152E+03   7.2313909E-17   2.8103915E-17      0
  2.636346274723516E+03   6.8643179E-17   2.7114994E-17      0
  2.637896151688279E+03   4.9313567E-17   2.6373747E-17      0
  2.639446037871605E+03   1.0546448E-16   2.9158044E-17      0
  2.640995933273660E+03   9.2378968E-17   2.8351986E-17      0
  2.642545837894606E+03   2.9934492E-17   2.5021006E-17      0
  2.644095751734610E+03   7.0732836E-17   2.7298294E-17      0
  2.645645674793835E+03   1.0443186E-16   2.9786572E-17      0
  2.647195607072446E+03   1.2642189E-16   3.0059492E-17      0
  2.648745548570608E+03   5.8421583E-17   2.6786644E-17      0
  2.650295499288485E+03   9.7782741E-17   2.8796126E-17      0
  2.651845459226241E+03   1.1764201E-16   2.9668722E-17      0
  2.653395428384041E+03   7.7554211E-17   2.7890965E-17      0
  2.654945406762050E+03   4.9382173E-17   2.6226145E-17      0
  2.656495394360432E+03   6.4252829E-17   2.7706143E-17      0
  2.658045391179352E+03   9.5980513E-17   2.8720359E-17      0
  2.659595397218974E+03   9.4226453E-17   2.8714539E-17      0
  2.661145412479464E+03   1.0441648E-16   2.9336844E-17      0
  2.662695436960983E+03   8.6443259E-17   2.8053457E-17      0
  2.664245470663700E+03   1.1613524E-16   2.9636283E-17      0
  2.665795513587777E+03   4.9840712E-17   2.6279621E-17      0
  2.667345565733379E+03   1.4923780E-16   3.1089018E-17      0
  2.668895627100670E+03   1.5237442E-16   3.2670560E-17      0
  2.670445697689816E+03   1.8336573E-16   3.2619173E-17      0
  2.671995777500982E+03   1.2958515E-16   3.0872766E-17      0
  2.673545866534330E+03   1.1832749E-16   2.9758699E-17      0
  2.675095964790027E+03   1.6832540E-16   3.2362346E-17      0
  2.676646072268235E+03   1.1469289E-16   2.9602442E-17      0
  2.678196188969122E+03   1.6293626E-16   3.2294448E-17      0
  2.679746314892850E+03   1.4439678E-16   3.1061598E-17      0
  2.681296450039586E+03   1.5415168E-16   3.1583754E-17      0
  2.682846594409492E+03   1.2973743E-16   3.0455996E-17      0
  2.684396748002734E+03   2.0311481E-16   3.3762402E-17      0
  2.685946910819477E+03   1.0726861E-16   2.9363932E-17      0
  2.687497082859884E+03   1.5187146E-16   3.2268782E-17      0
  2.689047264124121E+03   1.6774577E-16   3.2068595E-17      0
  2.690597454612353E+03   1.2563157E-16   3.0693298E-17      0
  2.692147654324744E+03   1.6199596E-16   3.2019480E-17      0
  2.693697863261459E+03   1.4521375E-16   3.1246681E-17      0
  2.695248081422661E+03   2.1209410E-16   3.4755572E-17      0
  2.696798308808518E+03   1.7101668E-16   3.2272379E-17      0
  2.698348545419191E+03   2.2252440E-16   3.5007504E-17      0
  2.699898791254847E+03   1.5664335E-16   3.1751212E-17      0
  2.701449046315650E+03   1.6916808E-16   3.2599300E-17      0
  2.702999310601766E+03   1.9639923E-16   3.3751973E-17      0
  2.704549584113357E+03   2.4279850E-16   3.6037099E-17      0
  2.706099866850590E+03   2.2315483E-16   3.5114882E-17      0
  2.707650158813629E+03   1.9609336E-16   3.3592311E-17      0
  2.709200460002638E+03   2.2681996E-16   3.5572872E-17      0
  2.710750770417783E+03   2.4199782E-16   3.5737865E-17      0
  2.712301090059228E+03   2.0627648E-16   3.4397664E-17      0
  2.713851418927137E+03   2.0463787E-16   3.4314939E-17      0
  2.715401757021676E+03   1.9199739E-16   3.3616326E-17      0
  2.716952104343010E+03   2.5124847E-16   3.6528154E-17      0
  2.718502460891302E+03   2.0760600E-16   3.4151343E-17      0
  2.720052826666718E+03   3.0884507E-16   3.8857421E-17      0
  2.721603201669422E+03   2.9357177E-16   3.7662996E-17      0
  2.723153585899580E+03   2.1982939E-16   3.4873806E-17      0
  2.724703979357356E+03   2.4897239E-16   3.6117409E-17      0
  2.726254382042914E+03   3.0270358E-16   3.8140808E-17      0
  2.727804793956420E+03   2.8346685E-16   3.7861883E-17      0
  2.729355215098039E+03   2.4479964E-16   3.5774579E-17      0
  2.730905645467934E+03   3.0670102E-16   3.8325448E-17      0
  2.732456085066271E+03   2.8297947E-16   3.8036584E-17      0
  2.734006533893216E+03   2.8550315E-16   3.7740099E-17      0
  2.735556991948931E+03   2.9078985E-16   3.8667186E-17      0
  2.737107459233583E+03   3.1093680E-16   3.8596181E-17      0
  2.738657935747335E+03   2.9137028E-16   3.8194602E-17      0
  2.740208421490355E+03   2.6710133E-16   3.7408284E-17      0
  2.741758916462803E+03   3.0544177E-16   3.7845684E-17      0
  2.743309420664849E+03   3.1477743E-16   3.9385163E-17      0
  2.744859934096654E+03   3.4857730E-16   4.0748889E-17      0
  2.746410456758384E+03   3.4306452E-16   4.0427189E-17      0
  2.747960988650204E+03   4.2171769E-16   4.3478870E-17      0
  2.749511529772280E+03   3.4928484E-16   4.0047480E-17      0
  2.751062080124775E+03   4.4742535E-16   4.4490144E-17      0
  2.752612639707855E+03   3.9655184E-16   4.2629590E-17      0
  2.754163208521683E+03   2.9473255E-16   3.8108131E-17      0
  2.755713786566426E+03   3.6835962E-16   4.1955438E-17      0
  2.757264373842248E+03   2.9256380E-16   3.8381965E-17      0
  2.758814970349315E+03   3.7146760E-16   4.1427759E-17      0
  2.760365576087790E+03   4.3010448E-16   4.4406688E-17      0
  2.761916191057839E+03   4.5530573E-16   4.4425502E-17      0
  2.763466815259626E+03   4.0665051E-16   4.2529683E-17      0
  2.765017448693317E+03   3.0251536E-16   3.9623573E-17      0
  2.766568091359077E+03   4.0727525E-16   4.2764295E-17      0
  2.768118743257069E+03   3.5764606E-16   4.1818774E-17      0
  2.769669404387460E+03   3.9849155E-16   4.2589088E-17      0
  2.771220074750414E+03   3.2652575E-16   4.0087998E-17      0
  2.772770754346096E+03   2.5164123E-16   3.7455095E-17      0
  2.774321443174671E+03   3.8402203E-16   4.2514360E-17      0
  2.775872141236303E+03   3.8261304E-16   4.2141507E-17      0
  2.777422848531159E+03   3.6507538E-16   4.1741767E-17      0
  2.778973565059402E+03   3.8194606E-16   4.2728812E-17      0
  2.780524290821198E+03   4.1453509E-16   4.3895603E-17      0
  2.782075025816711E+03   3.6810334E-16   4.2235508E-17      0
  2.783625770046108E+03   3.8610062E-16   4.3221100E-17      0
  2.785176523509551E+03   3.9902822E-16   4.2802120E-17      0
  2.786727286207208E+03   3.7519274E-16   4.2531569E-17      0
  2.788278058139240E+03   3.8887857E-16   4.3448763E-17      0
  2.789828839305816E+03   3.3774708E-16   4.1038736E-17      0
  2.791379629707100E+03   3.5705782E-16   4.2396894E-17      0
  2.792930429343255E+03   2.3904996E-16   3.7717351E-17      0
  2.794481238214448E+03   3.0499118E-16   4.0115189E-17      0
  2.796032056320843E+03   3.3908550E-16   4.1588570E-17      0
  2.797582883662605E+03   3.7452758E-16   4.2677249E-17      0
  2.799133720239900E+03   4.2730385E-16   4.4978462E-17      0
  2.800684566052892E+03   3.2546526E-16   4.1381070E-17      0
  2.802235421101746E+03   3.7209538E-16   4.3383522E-17      0
  2.803786285386628E+03   3.1723157E-16   4.1326390E-17      0
  2.805337158907701E+03   4.3403226E-16   4.4776881E-17      0
  2.806888041665133E+03   4.5182431E-16   4.5884767E-17      0
  2.808438933659086E+03   3.7907459E-16   4.3285283E-17      0
  2.809989834889727E+03   3.1655379E-16   4.1142048E-17      0
  2.811540745357220E+03   2.4409028E-16   3.8472859E-17      0
  2.813091665061731E+03   3.5108785E-16   4.2317048E-17      0
  2.814642594003425E+03   3.3926065E-16   4.2256664E-17      0
  2.816193532182465E+03   3.6777813E-16   4.3069822E-17      0
  2.817744479599019E+03   2.9788359E-16   4.0640118E-17      0
  2.819295436253250E+03   3.5080904E-16   4.2675144E-17      0
  2.820846402145324E+03   3.6838929E-16   4.3014884E-17      0
  2.822397377275406E+03   4.3887427E-16   4.6472909E-17      0
  2.823948361643661E+03   4.0965031E-16   4.4331431E-17      0
  2.825499355250253E+03   4.9279874E-16   4.8985742E-17      0
  2.827050358095349E+03   3.7193455E-16   4.3512966E-17      0
  2.828601370179113E+03   4.5043772E-16   4.6107534E-17      0
  2.830152391501710E+03   3.5440481E-16   4.3579144E-17      0
  2.831703422063305E+03   4.5434789E-16   4.6380854E-17      0
  2.833254461864064E+03   5.2908865E-16   5.0012905E-17      0
  2.834805510904152E+03   4.3676497E-16   4.6456819E-17      0
  2.836356569183733E+03   4.6207114E-16   4.6837772E-17      0
  2.837907636702973E+03   5.2725763E-16   5.0088661E-17      0
  2.839458713462036E+03   4.0801008E-16   4.5421692E-17      0
  2.841009799461090E+03   4.6680933E-16   4.7685262E-17      0
  2.842560894700296E+03   4.1177554E-16   4.5897489E-17      0
  2.844111999179823E+03   4.4661924E-16   4.7070332E-17      0
  2.845663112899833E+03   4.3830821E-16   4.7224492E-17      0
  2.847214235860494E+03   4.8129407E-16   4.8375385E-17      0
  2.848765368061969E+03   4.8346957E-16   4.8584562E-17      0
  2.850316509504424E+03   4.3403355E-16   4.6861638E-17      0
  2.851867660188024E+03   4.5981808E-16   4.8312943E-17      0
  2.853418820112935E+03   4.7360688E-16   4.7901192E-17      0
  2.854969989279321E+03   4.0229753E-16   4.6404157E-17      0
  2.856521167687347E+03   5.7600332E-16   5.2948159E-17      0
  2.858072355337179E+03   5.1771315E-16   5.1055801E-17      0
  2.859623552228982E+03   4.8819512E-16   4.9780619E-17      0
  2.861174758362922E+03   5.1311938E-16   5.0085055E-17      0
  2.862725973739162E+03   5.6119776E-16   5.2180297E-17      0
  2.864277198357870E+03   6.1619508E-16   5.3794027E-17      0
  2.865828432219208E+03   5.3021478E-16   5.1212965E-17      0
  2.867379675323345E+03   5.2739559E-16   5.2006142E-17      0
  2.868930927670443E+03   5.0553123E-16   5.0355493E-17      0
  2.870482189260668E+03   5.1366217E-16   5.1839581E-17      0
  2.872033460094186E+03   6.4101664E-16   5.4848206E-17      0
  2.873584740171163E+03   5.4927143E-16   5.2807356E-17      0
  2.875136029491762E+03   5.5798152E-16   5.2745761E-17      0
  2.876687328056149E+03   6.3859524E-16   5.6213679E-17      0
  2.878238635864491E+03   6.1040762E-16   5.5507263E-17      0
  2.879789952916951E+03   6.1065226E-16   5.5447028E-17      0
  2.881341279213695E+03   6.5369185E-16   5.6435655E-17      0
  2.882892614754889E+03   6.2906321E-16   5.5650455E-17      0
  2.884443959540697E+03   6.5410791E-16   5.6204898E-17      0
  2.885995313571285E+03   7.0290542E-16   5.8862258E-17      0
  2.887546676846818E+03   7.0701920E-16   5.8357652E-17      0
  2.889098049367462E+03   6.8099342E-16   5.8529997E-17      0
  2.890649431133382E+03   7.4478284E-16   5.9056136E-17      0
  2.892200822144742E+03   7.3571927E-16   5.9392197E-17      0
  2.893752222401709E+03   7.5901855E-16   6.1502506E-17      0
  2.895303631904448E+03   7.2286475E-16   5.8884228E-17      0
  2.896855050653124E+03   8.4772211E-16   6.4003755E-17      0
  2.898406478647902E+03   7.6507674E-16   6.1736632E-17      0
  2.899957915888947E+03   7.6422727E-16   6.1006297E-17      0
  2.901509362376426E+03   8.6952485E-16   6.5100491E-17      0
  2.903060818110502E+03   8.4226632E-16   6.4051771E-17      0
  2.904612283091342E+03   1.0568805E-15   6.9675349E-17      0
  2.906163757319111E+03   8.4902935E-16   6.3941240E-17      0
  2.907715240793974E+03   8.2259033E-16   6.4416670E-17      0
  2.909266733516097E+03   9.6582286E-16   6.7835990E-17      0
  2.910818235485645E+03   1.0849652E-15   7.1648479E-17      0
  2.912369746702783E+03   9.4582939E-16   6.7693609E-17      0
  2.913921267167677E+03   1.0275881E-15   6.9684057E-17      0
  2.915472796880492E+03   9.6541681E-16   6.8815564E-17      0
  2.917024335841393E+03   1.0266816E-15   7.0467152E-17      0
  2.918575884050546E+03   1.0795953E-15   7.2102012E-17      0
  2.920127441508116E+03   9.7990150E-16   6.9966536E-17      0
  2.921679008214269E+03   9.9262086E-16   6.9583657E-17      0
  2.923230584169170E+03   1.0278920E-15   7.1317183E-17      0
  2.924782169372983E+03   9.5047039E-16   6.9223476E-17      0
  2.926333763825875E+03   9.9378458E-16   6.9871635E-17      0
  2.927885367528012E+03   1.0781689E-15   7.3548427E-17      0
  2.929436980479558E+03   1.0184013E-15   7.1150576E-17      0
  2.930988602680679E+03   1.0891629E-15   7.4469707E-17      0
  2.932540234131541E+03   9.7748396E-16   7.0995999E-17      0
  2.934091874832308E+03   1.0509937E-15   7.3456133E-17      0
  2.935643524783147E+03   1.0784091E-15   7.3888537E-17      0
  2.937195183984222E+03   1.0903176E-15   7.4123006E-17      0
  2.938746852435699E+03   1.0926339E-15   7.4711271E-17      0
  2.940298530137743E+03   1.0905226E-15   7.4101949E-17      0
  2.941850217090521E+03   1.0010596E-15   7.2786229E-17      0
  2.943401913294198E+03   1.0571306E-15   7.4656213E-17      0
  2.944953618748937E+03   1.0709968E-15   7.4453144E-17      0
  2.946505333454907E+03   1.2551553E-15   8.0881806E-17      0
  2.948057057412271E+03   1.0218403E-15   7.2954663E-17      0
  2.949608790621196E+03   1.1072240E-15   7.6372157E-17      0
  2.951160533081846E+03   1.0886966E-15   7.7165065E-17      0
  2.952712284794387E+03   9.9091176E-16   7.2130778E-17      0
  2.954264045758986E+03   1.1182596E-15   7.8280667E-17      0
  2.955815815975806E+03   1.1090512E-15   7.6898753E-17      0
  2.957367595445014E+03   9.8255674E-16   7.4355292E-17      0
  2.958919384166776E+03   1.0029414E-15   7.5102090E-17      0
  2.960471182141256E+03   1.0028058E-15   7.3632369E-17      0
  2.962022989368621E+03   9.8522320E-16   7.5431143E-17      0
  2.963574805849035E+03   9.6350622E-16   7.4139828E-17      0
  2.965126631582665E+03   9.8850683E-16   7.4200457E-17      0
  2.966678466569675E+03   1.0574409E-15   7.8970807E-17      0
  2.968230310810231E+03   1.0675622E-15   7.6778355E-17      0
  2.969782164304500E+03   1.0536767E-15   7.8247302E-17      0
  2.971334027052646E+03   1.0699613E-15   7.8613697E-17      0
  2.972885899054836E+03   1.0242169E-15   7.7873377E-17      0
  2.974437780311233E+03   1.0335853E-15   7.7839873E-17      0
  2.975989670822005E+03   1.0689736E-15   8.0039571E-17      0
  2.977541570587317E+03   9.9277534E-16   7.6971393E-17      0
  2.979093479607334E+03   9.9296984E-16   7.7387994E-17      0
  2.980645397882221E+03   1.1625663E-15   8.3381751E-17      0
  2.982197325412144E+03   1.1183470E-15   8.1652117E-17      0
  2.983749262197271E+03   8.8309003E-16   7.5043440E-17      0
  2.985301208237764E+03   1.0462829E-15   8.1217575E-17      0
  2.986853163533791E+03   1.1000728E-15   8.2442200E-17      0
  2.988405128085516E+03   8.9428309E-16   7.6187689E-17      0
  2.989957101893106E+03   7.9399370E-16   7.3851929E-17      0
  2.991509084956725E+03   9.6189676E-16   7.9353904E-17      0
  2.993061077276540E+03   9.4210361E-16   7.9280067E-17      0
  2.994613078852717E+03   7.9234379E-16   7.5195045E-17      0
  2.996165089685420E+03   8.5771001E-16   7.5613857E-17      0
  2.997717109774815E+03   9.5623085E-16   7.9869020E-17      0
  2.999269139121069E+03   8.1344746E-16   7.6425268E-17      0
  3.000821177724346E+03   8.3190012E-16   7.6902710E-17      0
  3.002373225584813E+03   8.7069174E-16   7.9402516E-17      0
  3.003925282702635E+03   8.7745366E-16   7.8529669E-17      0
  3.005477349077977E+03   8.1984997E-16   7.6242845E-17      0
  3.007029424711006E+03   8.3873462E-16   7.8476008E-17      0
  3.008581509601886E+03   9.6519002E-16   8.2520861E-17      0
  3.010133603750785E+03   8.3176777E-16   7.6432614E-17      0
  3.011685707157866E+03   8.0436557E-16   8.0732444E-17      0
  3.013237819823296E+03   8.2711063E-16   7.9826787E-17      0
  3.014789941747241E+03   8.1717816E-16   7.9198375E-17      0
  3.016342072929867E+03   7.0454941E-16   7.6122758E-17      0
  3.017894213371339E+03   9.0683061E-16   8.3018626E-17      0
  3.019446363071821E+03   9.5506109E-16   8.4835266E-17      0
  3.020998522031482E+03   7.5516518E-16   7.8514435E-17      0
  3.022550690250486E+03   8.9528217E-16   8.4168738E-17      0
  3.024102867728999E+03   7.7945560E-16   8.0442765E-17      0
  3.025655054467186E+03   6.6058368E-16   7.5794487E-17      0
  3.027207250465213E+03   8.8227349E-16   8.4053455E-17      0
  3.028759455723246E+03   7.9519877E-16   8.1774969E-17      0
  3.030311670241451E+03   7.7355633E-16   8.1000272E-17      0
  3.031863894019994E+03   7.5621238E-16   8.0955372E-17      0
  3.033416127059040E+03   8.8694519E-16   8.6497747E-17      0
  3.034968369358755E+03   8.1338583E-16   8.3021498E-17      0
  3.036520620919304E+03   8.8041436E-16   8.7458144E-17      0
  3.038072881740854E+03   8.4548844E-16   8.5731977E-17      0
  3.039625151823570E+03   8.2388698E-16   8.4996044E-17      0
  3.041177431167618E+03   8.1937489E-16   8.6705555E-17      0
  3.042729719773165E+03   8.2130363E-16   8.6463873E-17      0
  3.044282017640373E+03   6.4223499E-16   7.9688721E-17      0
  3.045834324769412E+03   7.7357656E-16   8.6292646E-17      0
  3.047386641160446E+03   1.0341329E-15   9.4631884E-17      0
  3.048938966813641E+03   8.4959893E-16   8.9500115E-17      0
  3.050491301729163E+03   8.3491238E-16   8.9684497E-17      0
  3.052043645907176E+03   8.4661345E-16   8.9773687E-17      0
  3.053595999347849E+03   8.6462524E-16   9.2533214E-17      0
  3.055148362051345E+03   8.9307236E-16   9.2745575E-17      0
  3.056700734017831E+03   7.4555300E-16   8.9058440E-17      0
  3.058253115247473E+03   6.8061818E-16   8.6091714E-17      0
  3.059805505740436E+03   8.1186901E-16   9.1153226E-17      0
  3.061357905496887E+03   8.6201198E-16   9.4096248E-17      0
  3.062910314516991E+03   8.0053407E-16   9.2772203E-17      0
  3.064462732800914E+03   8.4466909E-16   9.3562710E-17      0
  3.066015160348822E+03   7.6564129E-16   9.2579517E-17      0
  3.067567597160881E+03   8.7529605E-16   9.7102031E-17      0
  3.069120043237257E+03   6.8521328E-16   9.0984123E-17      0
  3.070672498578113E+03   8.1982662E-16   9.6491320E-17      0
  3.072224963183620E+03   8.2170492E-16   9.7517540E-17      0
  3.073777437053940E+03   8.6474891E-16   9.8009216E-17      0
  3.075329920189241E+03   6.6863113E-16   9.1245704E-17      0
  3.076882412589687E+03   7.6424961E-16   9.6613015E-17      0
  3.078434914255445E+03   8.0849808E-16   9.8352940E-17      0
  3.079987425186681E+03   7.7082444E-16   9.7660781E-17      0
  3.081539945383560E+03   7.4236636E-16   9.7571532E-17      0
  3.083092474846249E+03   9.3616601E-16   1.0450636E-16      0
  3.084645013574914E+03   8.9396418E-16   1.0494063E-16      0
  3.086197561569719E+03   9.9152925E-16   1.0945197E-16      0
  3.087750118830832E+03   6.1507567E-16   9.5007173E-17      0
  3.089302685358419E+03   8.8413087E-16   1.0694123E-16      0
  3.090855261152643E+03   7.7356724E-16   1.0313672E-16      0
  3.092407846213674E+03   8.3892382E-16   1.0650731E-16      0
  3.093960440541675E+03   8.5204511E-16   1.0602364E-16      0
  3.095513044136813E+03   1.0024061E-15   1.1295171E-16      0
  3.097065656999254E+03   8.6928937E-16   1.0935044E-16      0
  3.098618279129164E+03   8.8148453E-16   1.1028642E-16      0
  3.100170910526708E+03   7.8283733E-16   1.0929651E-16      0
  3.101723551192053E+03   9.6152830E-16   1.1564992E-16      0
  3.103276201125365E+03   9.1661215E-16   1.1248379E-16      0
  3.104828860326809E+03   8.8150549E-16   1.1401459E-16      0
  3.106381528796552E+03   9.2152590E-16   1.1673002E-16      0
  3.107934206534759E+03   9.1770705E-16   1.1743132E-16      0
  3.109486893541597E+03   1.1075287E-15   1.2581898E-16      0
  3.111039589817232E+03   9.1090749E-16   1.1745618E-16      0
  3.112592295361829E+03   9.3599766E-16   1.2104924E-16      0
  3.114145010175554E+03   9.8173109E-16   1.2280531E-16      0
  3.115697734258575E+03   7.8464616E-16   1.1571547E-16      0
  3.117250467611055E+03   7.8474188E-16   1.1720396E-16      0
  3.118803210233163E+03   1.0661669E-15   1.3002832E-16      0
  3.120355962125062E+03   9.3031227E-16   1.2485477E-16      0
  3.121908723286921E+03   9.0613880E-16   1.2461844E-16      0
  3.123461493718904E+03   9.6760089E-16   1.2725791E-16      0
  3.125014273421177E+03   9.2747355E-16   1.2534040E-16      0
  3.126567062393907E+03   1.0490189E-15   1.3117308E-16      0
  3.128119860637261E+03   9.3210481E-16   1.3012218E-16      0
  3.129672668151402E+03   9.5553935E-16   1.3008205E-16      0
  3.131225484936499E+03   1.0367857E-15   1.3738112E-16      0
  3.132778310992716E+03   1.2461225E-15   1.4398451E-16      0
  3.134331146320221E+03   9.1521677E-16   1.3341837E-16      0
  3.135883990919178E+03   1.2247334E-15   1.4770232E-16      0
  3.137436844789755E+03   1.0365947E-15   1.3854764E-16      0
  3.138989707932117E+03   1.0954515E-15   1.4388369E-16      0
  3.140542580346430E+03   1.1742909E-15   1.2278856E-16   2560
  3.142095462032860E+03   4.7454804E-16   1.1086248E-16   2564
  3.143648352991574E+03   1.3216358E-15   1.6550725E-16   2564
  3.145201253222737E+03   1.3965151E-15   1.9491605E-16   2564
  3.146754162726516E+03   7.7778221E-18   1.6592360E-17   2564
