

  1.578646369502810E+03   0.0000000E+00   0.0000000E+00   2564
  1.580189847087348E+03  -3.8216804E-13   1.8054643E-13   2564
  1.581733333665119E+03  -4.4316533E-14   2.5140516E-14   2564
  1.583276829236281E+03  -3.8320231E-14   1.9026327E-14   2564
  1.584820333800991E+03  -7.6528614E-15   1.4461165E-14   2048
  1.586363847359406E+03  -6.3821082E-15   1.0848246E-14      0
  1.587907369911684E+03   1.0107736E-14   9.7310906E-15      0
  1.589450901457981E+03   2.9390622E-15   7.5810321E-15      0
  1.590994441998455E+03  -3.6989878E-15   6.3768774E-15      0
  1.592537991533262E+03  -4.3330297E-15   5.3645659E-15      0
  1.594081550062562E+03   3.7957452E-15   5.1840085E-15      0
  1.595625117586509E+03   8.8130109E-16   4.3594224E-15      0
  1.597168694105262E+03   2.7804899E-16   3.7890198E-15      0
  1.598712279618978E+03   6.9492650E-15   3.7703075E-15      0
  1.600255874127814E+03   1.2493298E-15   3.0977750E-15      0
  1.601799477631928E+03  -2.8140802E-15   2.5456967E-15      0
  1.603343090131477E+03  -1.1696200E-15   2.3565661E-15      0
  1.604886711626618E+03  -7.1417895E-16   2.1652049E-15      0
  1.606430342117508E+03   1.4087149E-15   2.1411165E-15      0
  1.607973981604304E+03   1.8069886E-16   1.8024948E-15      0
  1.609517630087164E+03   1.0772776E-15   1.7506906E-15      0
  1.611061287566246E+03  -2.3307589E-16   1.5155342E-15      0
  1.612604954041705E+03  -2.3119224E-16   1.3955641E-15      0
  1.614148629513701E+03   1.1571112E-15   1.3815991E-15      0
  1.615692313982389E+03   3.2428791E-16   1.2458865E-15      0
  1.617236007447928E+03   1.3519326E-15   1.1943012E-15      0
  1.618779709910475E+03  -2.7540061E-16   1.0650714E-15      0
  1.620323421370186E+03   1.4930082E-15   1.0967244E-15      0
  1.621867141827219E+03   1.1295503E-16   9.5334829E-16      0
  1.623410871281733E+03  -3.8640351E-16   8.3645769E-16      0
  1.624954609733883E+03   3.2432153E-16   8.4046887E-16      0
  1.626498357183827E+03  -3.3818399E-16   7.6867822E-16      0
  1.628042113631723E+03  -8.3886186E-17   7.5362152E-16      0
  1.629585879077727E+03   7.6461357E-16   7.3496017E-16      0
  1.631129653521998E+03   1.2278331E-15   7.5172120E-16      0
  1.632673436964692E+03   6.8496082E-16   6.7921174E-16      0
  1.634217229405968E+03   1.2038164E-15   6.7997867E-16      0
  1.635761030845982E+03   3.4577259E-16   6.0106750E-16      0
  1.637304841284891E+03  -8.4854135E-16   5.2287381E-16      0
  1.638848660722853E+03   1.6957478E-16   5.5041651E-16      0
  1.640392489160026E+03   5.4262026E-16   5.5019682E-16      0
  1.641936326596566E+03  -1.7397028E-16   4.9267888E-16      0
  1.643480173032632E+03   1.0183247E-15   5.3744399E-16      0
  1.645024028468380E+03   6.6256638E-16   5.0017057E-16      0
  1.646567892903968E+03  -9.7448897E-17   4.5209510E-16      0
  1.648111766339553E+03  -3.6227316E-16   4.1488788E-16      0
  1.649655648775294E+03   1.3384391E-16   4.3770570E-16      0
  1.651199540211346E+03  -4.0282229E-16   3.9207098E-16      0
  1.652743440647867E+03  -8.3538419E-17   4.0099847E-16      0
  1.654287350085016E+03   6.2983522E-16   4.2207848E-16      0
  1.655831268522949E+03   6.6220385E-16   4.1033791E-16      0
  1.657375195961824E+03  -2.2316364E-16   3.6008069E-16      0
  1.658919132401798E+03  -3.9612390E-16   3.3686143E-16      0
  1.660463077843028E+03  -4.5878497E-16   3.3039963E-16      0
  1.662007032285673E+03  -8.2190982E-17   3.3588379E-16      0
  1.663550995729890E+03   5.2147425E-16   3.6286553E-16      0
  1.665094968175835E+03   8.8937282E-17   3.3449508E-16      0
  1.666638949623666E+03  -1.3307306E-16   3.1339443E-16      0
  1.668182940073542E+03  -2.0909131E-16   2.9923011E-16      0
  1.669726939525618E+03   3.1435971E-16   3.3410741E-16      0
  1.671270947980054E+03  -3.9234402E-16   2.8212635E-16      0
  1.672814965437006E+03  -2.0337632E-16   2.9230612E-16      0
  1.674358991896632E+03  -6.6417766E-17   2.8982291E-16      0
  1.675903027359088E+03  -1.1533080E-16   2.8148379E-16      0
  1.677447071824534E+03  -2.2427492E-16   2.7176067E-16      0
  1.678991125293125E+03  -2.1814831E-16   2.6174755E-16      0
  1.680535187765020E+03   1.5560934E-16   2.8663028E-16      0
  1.682079259240377E+03  -8.7109424E-17   2.6256666E-16      0
  1.683623339719352E+03  -2.6258823E-16   2.4838924E-16      0
  1.685167429202103E+03  -3.5636129E-16   2.4003098E-16      0
  1.686711527688788E+03   1.5456087E-16   2.7339434E-16      0
  1.688255635179564E+03   4.8306183E-16   2.7534786E-16      0
  1.689799751674589E+03   6.9318523E-17   2.5292923E-16      0
  1.691343877174020E+03   1.1799027E-16   2.4739281E-16      0
  1.692888011678014E+03  -3.5079592E-16   2.2169216E-16      0
  1.694432155186730E+03   3.7591730E-16   2.6232587E-16      0
  1.695976307700325E+03   2.0635758E-16   2.4640787E-16      0
  1.697520469218956E+03   4.2318501E-17   2.3499471E-16      0
  1.699064639742781E+03   1.0261784E-17   2.3242012E-16      0
  1.700608819271958E+03   9.1807770E-17   2.3136271E-16      0
  1.702153007806643E+03   2.4493305E-16   2.3535043E-16      0
  1.703697205346995E+03   2.0437032E-16   2.3587284E-16      0
  1.705241411893172E+03   2.2333030E-16   2.3029113E-16      0
  1.706785627445330E+03   4.9768416E-16   2.4399880E-16      0
  1.708329852003627E+03   3.3151760E-16   2.2954985E-16      0
  1.709874085568221E+03  -1.9573580E-17   2.0537924E-16      0
  1.711418328139269E+03   1.7456004E-16   2.2055553E-16      0
  1.712962579716930E+03  -1.7499065E-17   2.0104312E-16      0
  1.714506840301360E+03   1.1827556E-16   2.1046193E-16      0
  1.716051109892717E+03  -2.5504607E-16   1.8646268E-16      0
  1.717595388491159E+03  -1.0529593E-16   1.9734912E-16      0
  1.719139676096844E+03  -9.7326455E-17   1.9085413E-16      0
  1.720683972709929E+03   1.3095456E-16   2.0348192E-16      0
  1.722228278330571E+03   3.1529412E-16   2.0595958E-16      0
  1.723772592958929E+03   2.6764399E-16   2.0803227E-16      0
  1.725316916595159E+03   1.1203513E-16   1.9476996E-16      0
  1.726861249239420E+03  -2.2268899E-16   1.7720406E-16      0
  1.728405590891869E+03  -1.2438572E-16   1.7281473E-16      0
  1.729949941552664E+03   2.1622953E-16   1.9336800E-16      0
  1.731494301221962E+03  -2.7319105E-16   1.6522147E-16      0
  1.733038669899921E+03   1.6981638E-16   1.8630826E-16      0
  1.734583047586699E+03   4.1506315E-17   1.7534785E-16      0
  1.736127434282454E+03  -1.0775814E-16   1.6939748E-16      0
  1.737671829987343E+03   1.3353875E-16   1.8025523E-16      0
  1.739216234701523E+03  -1.8238828E-16   1.6156440E-16      0
  1.740760648425152E+03  -3.2553956E-16   1.4999406E-16      0
  1.742305071158389E+03   1.0035990E-16   1.7344434E-16      0
  1.743849502901390E+03   7.6065597E-17   1.7193504E-16      0
  1.745393943654314E+03   3.2797658E-16   1.8335231E-16      0
  1.746938393417318E+03   3.0259731E-16   1.8212300E-16      0
  1.748482852190560E+03   3.5515771E-16   1.8074127E-16      0
  1.750027319974197E+03   8.8406794E-17   1.6256412E-16      0
  1.751571796768387E+03   9.2281110E-17   1.6616101E-16      0
  1.753116282573289E+03  -1.2942138E-16   1.4919454E-16      0
  1.754660777389059E+03  -2.0668344E-16   1.4507409E-16      0
  1.756205281215855E+03   1.1136396E-17   1.5742428E-16      0
  1.757749794053836E+03   1.2059338E-16   1.5799630E-16      0
  1.759294315903158E+03  -6.1781002E-17   1.4793179E-16      0
  1.760838846763979E+03   7.5299429E-17   1.5414464E-16      0
  1.762383386636458E+03  -3.5789056E-16   1.2542638E-16      0
  1.763927935520752E+03   7.8674240E-17   1.5176882E-16      0
  1.765472493417019E+03   1.8879267E-16   1.5729451E-16      0
  1.767017060325416E+03   1.0521240E-16   1.4956476E-16      0
  1.768561636246101E+03   1.5306511E-17   1.4466957E-16      0
  1.770106221179232E+03   1.4266057E-16   1.5140988E-16      0
  1.771650815124967E+03   1.7053105E-16   1.4765466E-16      0
  1.773195418083464E+03   3.1258284E-16   1.5646017E-16      0
  1.774740030054880E+03  -1.1429317E-16   1.2982567E-16      0
  1.776284651039373E+03   1.0556626E-16   1.4337743E-16      0
  1.777829281037100E+03   1.6508820E-16   1.4479451E-16      0
  1.779373920048220E+03   5.7309118E-17   1.3630425E-16      0
  1.780918568072891E+03  -4.3113510E-18   1.3603632E-16      0
  1.782463225111270E+03   1.9079344E-16   1.4211351E-16      0
  1.784007891163516E+03  -3.8979440E-17   1.2884860E-16      0
  1.785552566229784E+03   4.7552767E-17   1.3464985E-16      0
  1.787097250310235E+03   2.8837932E-17   1.2859663E-16      0
  1.788641943405024E+03   8.4317934E-17   1.3501349E-16      0
  1.790186645514311E+03   1.4281353E-16   1.3556086E-16      0
  1.791731356638254E+03   2.8753543E-18   1.2486576E-16      0
  1.793276076777009E+03   1.3085944E-16   1.3366156E-16      0
  1.794820805930734E+03   1.3326393E-16   1.3296693E-16      0
  1.796365544099589E+03  -1.4577632E-16   1.1344082E-16      0
  1.797910291283730E+03  -2.0453875E-17   1.2335862E-16      0
  1.799455047483315E+03   1.0724467E-16   1.2711508E-16      0
  1.800999812698502E+03  -5.1589134E-17   1.1818454E-16      0
  1.802544586929449E+03   2.1920838E-16   1.3187477E-16      0
  1.804089370176314E+03   1.1932409E-16   1.2792091E-16      0
  1.805634162439254E+03   1.6242580E-17   1.1995740E-16      0
  1.807178963718428E+03   9.0914759E-17   1.2245578E-16      0
  1.808723774013994E+03  -8.9512556E-17   1.1183940E-16      0
  1.810268593326108E+03   7.1240057E-17   1.1909359E-16      0
  1.811813421654931E+03  -1.6431379E-17   1.1466936E-16      0
  1.813358259000617E+03  -7.1681242E-17   1.0917798E-16      0
  1.814903105363328E+03   4.7334067E-17   1.1482172E-16      0
  1.816447960743218E+03  -9.8805837E-17   1.0570071E-16      0
  1.817992825140448E+03   1.4162245E-16   1.1800121E-16      0
  1.819537698555174E+03   1.2748100E-16   1.1857748E-16      0
  1.821082580987555E+03  -1.8581612E-17   1.0800724E-16      0
  1.822627472437748E+03   1.1722223E-16   1.1574914E-16      0
  1.824172372905912E+03   1.7327605E-16   1.1861219E-16      0
  1.825717282392204E+03   3.2337148E-16   1.2523690E-16      0
  1.827262200896782E+03   1.8137771E-16   1.1572449E-16      0
  1.828807128419804E+03   2.9220774E-17   1.0900979E-16      0
  1.830352064961429E+03   5.9981687E-18   1.0408827E-16      0
  1.831897010521814E+03  -3.9684271E-17   1.0117832E-16      0
  1.833441965101116E+03   1.1990729E-16   1.1093594E-16      0
  1.834986928699495E+03   2.4695735E-16   1.1670122E-16      0
  1.836531901317107E+03   7.3763262E-17   1.0547572E-16      0
  1.838076882954112E+03   1.6627160E-16   1.1074322E-16      0
  1.839621873610666E+03   2.4842230E-16   1.1388116E-16      0
  1.841166873286928E+03  -4.0062994E-17   9.8723688E-17      0
  1.842711881983055E+03  -3.0989756E-17   9.7390373E-17      0
  1.844256899699207E+03   1.7325899E-16   1.0953096E-16      0
  1.845801926435540E+03   1.5242964E-16   1.0690000E-16      0
  1.847346962192213E+03   1.0903285E-16   1.0486453E-16      0
  1.848892006969384E+03  -3.6668185E-17   9.5770210E-17      0
  1.850437060767210E+03   1.7653138E-16   1.0712350E-16      0
  1.851982123585850E+03   1.4760112E-16   1.0536466E-16      0
  1.853527195425462E+03   2.4422668E-17   9.5678367E-17      0
  1.855072276286204E+03   7.9398963E-17   9.7601059E-17      0
  1.856617366168233E+03  -4.1869623E-17   9.1326120E-17      0
  1.858162465071708E+03  -1.8148512E-16   8.1716987E-17      0
  1.859707572996787E+03   1.9777959E-16   1.0546652E-16      0
  1.861252689943628E+03   1.1741490E-16   9.9498075E-17      0
  1.862797815912388E+03   1.9635248E-16   1.0322966E-16      0
  1.864342950903227E+03   8.7884923E-17   9.5663987E-17      0
  1.865888094916301E+03   3.0511705E-17   9.2184601E-17      0
  1.867433247951769E+03   6.1418160E-18   9.1595972E-17      0
  1.868978410009790E+03   1.7209217E-16   1.0051983E-16      0
  1.870523581090520E+03   1.1134771E-16   9.5227567E-17      0
  1.872068761194119E+03  -3.6490160E-17   8.6608841E-17      0
  1.873613950320744E+03   6.1664475E-17   9.1926851E-17      0
  1.875159148470553E+03  -3.9562961E-18   8.8321323E-17      0
  1.876704355643705E+03   1.3029277E-16   9.4290828E-17      0
  1.878249571840357E+03   1.5721965E-16   9.4951480E-17      0
  1.879794797060667E+03   4.8749115E-17   9.0479801E-17      0
  1.881340031304794E+03   2.1599101E-16   9.8412384E-17      0
  1.882885274572896E+03   6.7179268E-17   8.9680493E-17      0
  1.884430526865131E+03   5.8761435E-17   8.9168720E-17      0
  1.885975788181657E+03  -6.2222888E-17   8.0814467E-17      0
  1.887521058522631E+03   5.2288694E-17   8.7682912E-17      0
  1.889066337888213E+03   1.5362746E-16   9.1115870E-17      0
  1.890611626278560E+03   7.5118726E-17   8.7794780E-17      0
  1.892156923693831E+03   1.5447988E-17   8.3766417E-17      0
  1.893702230134183E+03  -1.2845690E-17   8.1502231E-17      0
  1.895247545599774E+03   8.0822137E-17   8.7236863E-17      0
  1.896792870090764E+03  -1.7164846E-17   8.0935130E-17      0
  1.898338203607309E+03  -8.5035835E-17   7.5381055E-17      0
  1.899883546149568E+03  -6.9986982E-18   8.1270039E-17      0
  1.901428897717700E+03   6.7555933E-17   8.4513493E-17      0
  1.902974258311862E+03   2.6085139E-17   8.2126038E-17      0
  1.904519627932212E+03   1.1954940E-16   8.5410190E-17      0
  1.906065006578909E+03  -2.5340056E-17   7.6629502E-17      0
  1.907610394252111E+03  -8.7597633E-18   7.7706154E-17      0
  1.909155790951976E+03   5.0045198E-17   8.2384767E-17      0
  1.910701196678662E+03   9.3382148E-18   7.8246310E-17      0
  1.912246611432327E+03  -4.6041624E-17   7.4347443E-17      0
  1.913792035213130E+03  -1.3748706E-18   7.7178757E-17      0
  1.915337468021229E+03   1.8216238E-17   7.7656053E-17      0
  1.916882909856782E+03   4.6667098E-17   7.8245542E-17      0
  1.918428360719947E+03   2.1586641E-17   7.7624171E-17      0
  1.919973820610882E+03   2.2053952E-16   8.7121190E-17      0
  1.921519289529746E+03   3.4594837E-17   7.6228922E-17      0
  1.923064767476697E+03   8.9390636E-17   8.0335086E-17      0
  1.924610254451893E+03   1.3911975E-16   8.3596123E-17      0
  1.926155750455492E+03   2.5231478E-16   8.8068557E-17      0
  1.927701255487652E+03  -9.5239974E-17   6.7150754E-17      0
  1.929246769548532E+03   5.8623171E-18   7.2744189E-17      0
  1.930792292638290E+03   1.0423668E-16   7.8048104E-17      0
  1.932337824757084E+03  -2.4603805E-18   7.2418644E-17      0
  1.933883365905072E+03   5.9110366E-17   7.6441210E-17      0
  1.935428916082414E+03   7.4954442E-17   7.6563368E-17      0
  1.936974475289265E+03  -5.2918718E-17   6.8121890E-17      0
  1.938520043525787E+03   5.3856042E-17   7.3653446E-17      0
  1.940065620792136E+03   1.9813432E-18   7.0423570E-17      0
  1.941611207088470E+03   5.2404069E-17   7.2388978E-17      0
  1.943156802414948E+03   1.0775458E-16   7.6518137E-17      0
  1.944702406771729E+03   7.9551819E-17   7.4600885E-17      0
  1.946248020158970E+03   8.1244164E-17   7.4649298E-17      0
  1.947793642576830E+03   1.1524922E-16   7.6688537E-17      0
  1.949339274025467E+03  -1.2350151E-16   6.0506786E-17      0
  1.950884914505040E+03   2.8513455E-17   6.8734249E-17      0
  1.952430564015706E+03   1.0330538E-16   7.3776682E-17      0
  1.953976222557624E+03   1.4028673E-16   7.6920055E-17      0
  1.955521890130953E+03   2.1668542E-17   6.8101151E-17      0
  1.957067566735850E+03   7.2821811E-17   7.2197178E-17      0
  1.958613252372475E+03   5.6345035E-17   6.9759562E-17      0
  1.960158947040984E+03   4.9996778E-17   6.8137567E-17      0
  1.961704650741538E+03  -2.2231417E-17   6.6009066E-17      0
  1.963250363474293E+03   1.2800265E-16   7.2312480E-17      0
  1.964796085239408E+03   1.1256859E-16   7.1859794E-17      0
  1.966341816037042E+03   8.6775878E-18   6.6132845E-17      0
  1.967887555867354E+03   1.2731407E-16   7.2590128E-17      0
  1.969433304730500E+03   6.6046276E-17   6.9249106E-17      0
  1.970979062626640E+03   4.5528818E-17   6.6492966E-17      0
  1.972524829555932E+03   4.2287445E-17   6.6816010E-17      0
  1.974070605518535E+03   3.3836991E-17   6.5684910E-17      0
  1.975616390514607E+03   1.0042208E-16   7.0154213E-17      0
  1.977162184544305E+03   2.8009603E-17   6.4011994E-17      0
  1.978707987607789E+03   5.3988097E-17   6.6273506E-17      0
  1.980253799705218E+03   1.4847418E-16   7.1502352E-17      0
  1.981799620836748E+03   1.2768883E-16   6.9524087E-17      0
  1.983345451002540E+03   7.1570949E-17   6.7604558E-17      0
  1.984891290202750E+03   1.5516840E-16   6.9715483E-17      0
  1.986437138437538E+03   1.0804055E-16   6.8340570E-17      0
  1.987982995707062E+03   2.1457100E-17   6.2555474E-17      0
  1.989528862011480E+03   1.1307818E-16   6.6847066E-17      0
  1.991074737350951E+03   1.8076529E-16   7.1762928E-17      0
  1.992620621725633E+03   8.7021922E-17   6.4599266E-17      0
  1.994166515135685E+03   1.4523159E-16   6.8514100E-17      0
  1.995712417581265E+03   1.3425673E-16   6.7210119E-17      0
  1.997258329062531E+03   3.4280591E-17   6.1642750E-17      0
  1.998804249579642E+03   2.2020971E-17   6.0636462E-17      0
  2.000350179132757E+03   2.6979277E-17   6.0386256E-17      0
  2.001896117722034E+03   1.4371343E-16   6.6597006E-17      0
  2.003442065347630E+03   1.6902664E-16   6.7733638E-17      0
  2.004988022009705E+03   2.1432753E-17   5.9116779E-17      0
  2.006533987708419E+03  -7.4948188E-17   5.2823380E-17      0
  2.008079962443927E+03  -2.3651033E-18   5.7156222E-17      0
  2.009625946216389E+03   1.6101837E-16   6.6026357E-17      0
  2.011171939025965E+03   1.7301318E-17   5.8895829E-17      0
  2.012717940872811E+03   1.8001296E-16   6.6132177E-17      0
  2.014263951757087E+03   1.3525466E-16   6.4069393E-17      0
  2.015809971678951E+03   1.1266163E-16   6.2531685E-17      0
  2.017356000638561E+03   9.2050055E-17   6.2065221E-17      0
  2.018902038636076E+03   7.9237411E-17   6.0244484E-17      0
  2.020448085671656E+03   1.2771886E-16   6.1292939E-17      0
  2.021994141745457E+03   7.7209449E-17   5.9343863E-17      0
  2.023540206857639E+03   6.3620923E-17   5.7577971E-17      0
  2.025086281008360E+03   4.7938812E-17   5.7317184E-17      0
  2.026632364197778E+03   5.3021434E-17   5.8101577E-17      0
  2.028178456426053E+03   9.3639267E-17   5.8310952E-17      0
  2.029724557693343E+03   1.2786900E-17   5.4913116E-17      0
  2.031270667999805E+03   1.2583901E-16   6.0194972E-17      0
  2.032816787345600E+03   4.2928616E-17   5.5509573E-17      0
  2.034362915730885E+03   7.5245808E-17   5.6432161E-17      0
  2.035909053155819E+03   2.1977878E-17   5.3602743E-17      0
  2.037455199620560E+03   3.7745274E-17   5.4707602E-17      0
  2.039001355125268E+03  -8.2637527E-17   4.6927508E-17      0
  2.040547519670099E+03   1.4619689E-16   6.0774779E-17      0
  2.042093693255214E+03  -2.7914566E-17   4.9027336E-17      0
  2.043639875880771E+03   7.1784679E-17   5.6075805E-17      0
  2.045186067546928E+03   1.2337818E-16   5.7888786E-17      0
  2.046732268253844E+03   8.1428611E-18   5.1155016E-17      0
  2.048278478001677E+03   6.7087153E-17   5.4964686E-17      0
  2.049824696790587E+03   4.0153332E-17   5.1846738E-17      0
  2.051370924620730E+03   7.4931043E-17   5.4009388E-17      0
  2.052917161492268E+03   1.1911279E-16   5.7529399E-17      0
  2.054463407405357E+03   1.2935690E-16   5.7083337E-17      0
  2.056009662360157E+03   9.3393264E-17   5.4594192E-17      0
  2.057555926356827E+03   5.6116138E-17   5.3567287E-17      0
  2.059102199395522E+03   1.6695588E-16   5.7900446E-17      0
  2.060648481476406E+03   4.3395324E-17   5.1478202E-17      0
  2.062194772599633E+03   1.0026902E-17   4.9268568E-17      0
  2.063741072765365E+03  -5.4924455E-17   4.3787769E-17      0
  2.065287381973759E+03   1.0810624E-16   5.4415845E-17      0
  2.066833700224974E+03   1.7099822E-17   4.9569559E-17      0
  2.068380027519168E+03   1.2311826E-16   5.4739921E-17      0
  2.069926363856500E+03   5.5586120E-17   5.0846875E-17      0
  2.071472709237129E+03   8.3416049E-17   5.2083388E-17      0
  2.073019063661215E+03   1.5293349E-16   5.5169367E-17      0
  2.074565427128914E+03  -8.4015841E-18   4.5835818E-17      0
  2.076111799640385E+03   3.0974569E-19   4.5482470E-17      0
  2.077658181195789E+03   1.3481830E-17   4.7199971E-17      0
  2.079204571795283E+03   8.4714882E-17   5.1205461E-17      0
  2.080750971439025E+03   5.9244409E-17   4.9278312E-17      0
  2.082297380127176E+03   9.0035281E-17   5.1319126E-17      0
  2.083843797859892E+03   4.4012514E-17   4.6733226E-17      0
  2.085390224637334E+03   1.6940050E-17   4.6622358E-17      0
  2.086936660459659E+03  -7.4374017E-18   4.3924789E-17      0
  2.088483105327026E+03   9.8165990E-17   5.0402980E-17      0
  2.090029559239596E+03   1.4734871E-17   4.5969643E-17      0
  2.091576022197524E+03   9.0506754E-17   4.9307214E-17      0
  2.093122494200971E+03   2.1439539E-17   4.5543615E-17      0
  2.094668975250096E+03   3.8101090E-17   4.5873230E-17      0
  2.096215465345057E+03   8.8585260E-17   4.8810244E-17      0
  2.097761964486011E+03   3.8033767E-19   4.2600209E-17      0
  2.099308472673120E+03   7.2802614E-17   4.7923278E-17      0
  2.100854989906542E+03   4.4274449E-17   4.6328685E-17      0
  2.102401516186434E+03  -6.8346850E-17   3.7705996E-17      0
  2.103948051512955E+03   1.4038721E-17   4.3727090E-17      0
  2.105494595886265E+03  -2.8585115E-17   3.9984065E-17      0
  2.107041149306523E+03  -2.7345584E-17   3.9842766E-17      0
  2.108587711773887E+03   3.6286309E-17   4.4461077E-17      0
  2.110134283288516E+03   3.9569763E-17   4.4094229E-17      0
  2.111680863850568E+03   5.9020647E-17   4.5421205E-17      0
  2.113227453460202E+03   1.2499757E-16   4.8247069E-17      0
  2.114774052117578E+03   7.1252909E-19   4.1445908E-17      0
  2.116320659822853E+03  -5.0089671E-17   3.8152266E-17      0
  2.117867276576188E+03   8.6504232E-18   4.1048239E-17      0
  2.119413902377741E+03   6.7263250E-17   4.4717467E-17      0
  2.120960537227669E+03   6.1208037E-17   4.4355023E-17      0
  2.122507181126133E+03   1.2243280E-16   4.7319380E-17      0
  2.124053834073290E+03   1.2750526E-16   4.8017844E-17      0
  2.125600496069300E+03   5.5095946E-17   4.3128466E-17      0
  2.127147167114323E+03  -1.9967882E-17   3.8653118E-17      0
  2.128693847208516E+03   9.6435627E-18   3.9780710E-17      0
  2.130240536352037E+03   1.4959273E-16   4.8562583E-17      0
  2.131787234545048E+03   5.0922194E-18   3.9863233E-17      0
  2.133333941787705E+03  -1.1604968E-17   3.8040633E-17      0
  2.134880658080167E+03   9.6217179E-17   4.5143263E-17      0
  2.136427383422596E+03   1.8346477E-17   4.0519998E-17      0
  2.137974117815147E+03   3.9977593E-17   4.1400264E-17      0
  2.139520861257980E+03  -7.8057403E-18   3.8050609E-17      0
  2.141067613751256E+03  -1.2130401E-17   3.7779089E-17      0
  2.142614375295131E+03   5.6082541E-17   4.1441855E-17      0
  2.144161145889765E+03   2.8608346E-17   4.0640148E-17      0
  2.145707925535317E+03  -1.0914295E-17   3.7667145E-17      0
  2.147254714231946E+03  -3.8519197E-17   3.5697039E-17      0
  2.148801511979811E+03   4.5213176E-17   4.0804088E-17      0
  2.150348318779070E+03   2.0340426E-17   3.9252681E-17      0
  2.151895134629884E+03   1.1196407E-17   3.8713413E-17      0
  2.153441959532408E+03   2.6031457E-17   3.8661591E-17      0
  2.154988793486805E+03   7.2477803E-17   4.2114071E-17      0
  2.156535636493232E+03   4.9427185E-17   4.0878128E-17      0
  2.158082488551848E+03   2.3954969E-17   3.8335467E-17      0
  2.159629349662812E+03   8.1772481E-17   4.1368361E-17      0
  2.161176219826283E+03  -2.4051583E-17   3.4742191E-17      0
  2.162723099042420E+03   1.1830431E-17   3.7299963E-17      0
  2.164269987311382E+03   8.3292350E-17   4.1249889E-17      0
  2.165816884633327E+03   6.9560218E-17   4.0891048E-17      0
  2.167363791008415E+03   4.4740978E-17   3.9142011E-17      0
  2.168910706436806E+03   6.8317674E-17   4.0267453E-17      0
  2.170457630918656E+03   1.5238042E-17   3.6459613E-17      0
  2.172004564454127E+03  -1.3405084E-17   3.4981809E-17      0
  2.173551507043376E+03   2.0198245E-18   3.5398208E-17      0
  2.175098458686562E+03   3.6009260E-17   3.7852516E-17      0
  2.176645419383845E+03   4.8860603E-17   3.8798728E-17      0
  2.178192389135384E+03  -1.6373220E-17   3.4188781E-17      0
  2.179739367941337E+03   2.7319279E-17   3.7201290E-17      0
  2.181286355801863E+03   1.5675058E-17   3.6779166E-17      0
  2.182833352717123E+03   2.2012136E-17   3.6317659E-17      0
  2.184380358687273E+03   5.0535382E-17   3.7386641E-17      0
  2.185927373712474E+03   4.1729227E-17   3.7000805E-17      0
  2.187474397792885E+03   5.5400277E-18   3.4312567E-17      0
  2.189021430928663E+03  -3.4079808E-17   3.2421268E-17      0
  2.190568473119970E+03   1.2772282E-17   3.4863502E-17      0
  2.192115524366963E+03  -2.9681917E-17   3.2218371E-17      0
  2.193662584669802E+03  -5.7922773E-17   3.0821107E-17      0
  2.195209654028645E+03  -6.5350259E-18   3.3346688E-17      0
  2.196756732443652E+03  -4.7765326E-17   3.0864670E-17      0
  2.198303819914981E+03  -1.3944564E-17   3.2662878E-17      0
  2.199850916442793E+03  -9.6635805E-18   3.3025427E-17      0
  2.201398022027244E+03   1.0326711E-16   3.9781991E-17      0
  2.202945136668496E+03  -2.6070107E-17   3.1695023E-17      0
  2.204492260366706E+03  -1.4214971E-17   3.2496019E-17      0
  2.206039393122035E+03   8.9093003E-17   3.8796557E-17      0
  2.207586534934641E+03   1.1797376E-18   3.3203354E-17      0
  2.209133685804683E+03   8.3656660E-17   3.8414228E-17      0
  2.210680845732319E+03  -2.3527533E-17   3.1627165E-17      0
  2.212228014717710E+03   9.7046623E-17   3.8421484E-17      0
  2.213775192761015E+03  -2.1285658E-17   3.1230770E-17      0
  2.215322379862391E+03  -1.8169578E-20   3.2759277E-17      0
  2.216869576021999E+03   1.9630895E-17   3.3426977E-17      0
  2.218416781239998E+03  -3.6528209E-18   3.2280522E-17      0
  2.219963995516547E+03   2.1922018E-17   3.3943701E-17      0
  2.221511218851804E+03   4.8709123E-17   3.5197759E-17      0
  2.223058451245929E+03   4.0796548E-17   3.4754503E-17      0
  2.224605692699082E+03  -4.4459440E-18   3.2128307E-17      0
  2.226152943211420E+03   7.5738351E-17   3.5988551E-17      0
  2.227700202783104E+03   1.3533816E-17   3.2330533E-17      0
  2.229247471414293E+03   3.4273137E-17   3.4163615E-17      0
  2.230794749105144E+03   3.9257843E-17   3.3922561E-17      0
  2.232342035855818E+03   1.7662556E-17   3.2965778E-17      0
  2.233889331666475E+03   1.0269227E-16   3.7280137E-17      0
  2.235436636537273E+03  -5.6894515E-17   2.7217539E-17      0
  2.236983950468370E+03   3.5840102E-18   3.1448901E-17      0
  2.238531273459927E+03   1.0366975E-16   3.7066539E-17      0
  2.240078605512103E+03   6.8972708E-17   3.5382763E-17      0
  2.241625946625056E+03   4.7917378E-18   3.1629573E-17      0
  2.243173296798945E+03  -2.9155010E-17   2.9180788E-17      0
  2.244720656033931E+03   2.8343833E-17   3.2391119E-17      0
  2.246268024330172E+03   6.1579090E-17   3.4363253E-17      0
  2.247815401687828E+03   4.4751179E-19   3.0159200E-17      0
  2.249362788107057E+03  -1.2470925E-17   2.9958258E-17      0
  2.250910183588019E+03   9.3071636E-17   3.6162596E-17      0
  2.252457588130872E+03  -6.3815417E-18   2.9912942E-17      0
  2.254005001735778E+03  -5.7532418E-18   3.0548783E-17      0
  2.255552424402892E+03   1.7021537E-17   3.1333621E-17      0
  2.257099856132378E+03   9.5285112E-17   3.5933447E-17      0
  2.258647296924392E+03   6.2562648E-17   3.4091915E-17      0
  2.260194746779093E+03   5.0997660E-17   3.3298708E-17      0
  2.261742205696642E+03   3.9673630E-17   3.2367217E-17      0
  2.263289673677199E+03   2.0937132E-17   3.1434901E-17      0
  2.264837150720920E+03   1.7954311E-17   3.1426600E-17      0
  2.266384636827967E+03   2.6777441E-17   3.1428039E-17      0
  2.267932131998497E+03   4.6154719E-17   3.3064063E-17      0
  2.269479636232672E+03  -9.1174401E-19   2.9730625E-17      0
  2.271027149530649E+03   3.9539495E-17   3.2397799E-17      0
  2.272574671892588E+03   3.8923215E-17   3.2238213E-17      0
  2.274122203318648E+03  -2.4373282E-17   2.7604329E-17      0
  2.275669743808990E+03   9.3259466E-17   3.4971641E-17      0
  2.277217293363770E+03   1.2143686E-17   3.0284065E-17      0
  2.278764851983150E+03   3.8680848E-17   3.2099376E-17      0
  2.280312419667289E+03   4.1905198E-17   3.2625658E-17      0
  2.281859996416345E+03   5.8233978E-17   3.2572526E-17      0
  2.283407582230478E+03   2.0480557E-17   3.0352747E-17      0
  2.284955177109848E+03   3.9937342E-17   3.1692257E-17      0
  2.286502781054613E+03   1.2621336E-16   3.5789064E-17      0
  2.288050394064933E+03   3.0270446E-17   3.1309001E-17      0
  2.289598016140967E+03   2.0218883E-17   2.9994668E-17      0
  2.291145647282875E+03   4.1694978E-17   3.1898172E-17      0
  2.292693287490816E+03   8.2294743E-17   3.3526818E-17      0
  2.294240936764949E+03   3.1003050E-17   3.1086768E-17      0
  2.295788595105433E+03   8.2496728E-17   3.3687417E-17      0
  2.297336262512429E+03   1.0337878E-16   3.4932334E-17      0
  2.298883938986094E+03   8.9062611E-18   2.9497406E-17      0
  2.300431624526590E+03   9.7114809E-17   3.4002662E-17      0
  2.301979319134074E+03   1.0068678E-17   2.9066362E-17      0
  2.303527022808707E+03   8.6022635E-17   3.4086512E-17      0
  2.305074735550646E+03   1.3175222E-16   3.5295959E-17      0
  2.306622457360053E+03   1.4847191E-17   2.9788319E-17      0
  2.308170188237087E+03   3.6982421E-17   3.0685903E-17      0
  2.309717928181906E+03   1.0196487E-16   3.4131775E-17      0
  2.311265677194670E+03   1.0484915E-16   3.4640312E-17      0
  2.312813435275539E+03   4.7320104E-17   3.0938977E-17      0
  2.314361202424672E+03   5.6350276E-17   3.1698646E-17      0
  2.315908978642228E+03   5.2390540E-17   3.0915187E-17      0
  2.317456763928366E+03   1.2490783E-16   3.5418746E-17      0
  2.319004558283247E+03   8.7821150E-17   3.3437807E-17      0
  2.320552361707030E+03   9.2276749E-17   3.3300763E-17      0
  2.322100174199873E+03   6.7981329E-17   3.1788875E-17      0
  2.323647995761936E+03   9.5674343E-17   3.3720296E-17      0
  2.325195826393380E+03   1.1995632E-16   3.4323926E-17      0
  2.326743666094363E+03   9.5841295E-17   3.3275921E-17      0
  2.328291514865044E+03   1.3662317E-16   3.5637783E-17      0
  2.329839372705584E+03   7.1117197E-17   3.1637643E-17      0
  2.331387239616140E+03   8.2526791E-17   3.2621734E-17      0
  2.332935115596873E+03   1.4389603E-16   3.5242887E-17      0
  2.334483000647944E+03   9.1363965E-17   3.3674821E-17      0
  2.336030894769510E+03   5.6875523E-17   3.0578889E-17      0
  2.337578797961731E+03   1.1203373E-16   3.4433894E-17      0
  2.339126710224767E+03   1.1236637E-16   3.3899754E-17      0
  2.340674631558777E+03   9.4217122E-17   3.2985177E-17      0
  2.342222561963921E+03   7.4056038E-17   3.1707543E-17      0
  2.343770501440359E+03   5.5872980E-17   3.0557544E-17      0
  2.345318449988248E+03   8.9005686E-17   3.3182440E-17      0
  2.346866407607751E+03   1.0808336E-16   3.3670747E-17      0
  2.348414374299024E+03   8.8760933E-17   3.2308073E-17      0
  2.349962350062229E+03   9.0402807E-17   3.2758830E-17      0
  2.351510334897524E+03   6.8986029E-17   3.1225631E-17      0
  2.353058328805070E+03   9.9278283E-17   3.2873269E-17      0
  2.354606331785025E+03   1.4248823E-16   3.5867518E-17      0
  2.356154343837549E+03   3.3561434E-17   2.9234333E-17      0
  2.357702364962803E+03   4.7737510E-17   2.9742033E-17      0
  2.359250395160945E+03   6.8781603E-17   3.1375675E-17      0
  2.360798434432133E+03   1.1830213E-16   3.3054733E-17      0
  2.362346482776530E+03   9.2668184E-17   3.2502249E-17      0
  2.363894540194293E+03   4.1711469E-17   2.9611971E-17      0
  2.365442606685583E+03   8.7527832E-17   3.1945361E-17      0
  2.366990682250558E+03   9.5674112E-17   3.2877514E-17      0
  2.368538766889380E+03   9.3311346E-17   3.1888723E-17      0
  2.370086860602205E+03   6.4822353E-17   3.0442453E-17      0
  2.371634963389196E+03   8.7976448E-17   3.1589290E-17      0
  2.373183075250511E+03   7.0819280E-17   3.0449226E-17      0
  2.374731196186310E+03   1.1507673E-16   3.3136296E-17      0
  2.376279326196752E+03   9.6110182E-17   3.1887756E-17      0
  2.377827465281996E+03   1.0854970E-16   3.2714686E-17      0
  2.379375613442204E+03   2.3342251E-17   2.7752599E-17      0
  2.380923770677533E+03   7.4684761E-17   3.0152910E-17      0
  2.382471936988145E+03   1.0601351E-16   3.2647459E-17      0
  2.384020112374196E+03   2.0175607E-17   2.7509486E-17      0
  2.385568296835850E+03   1.4615290E-16   3.3919792E-17      0
  2.387116490373263E+03   1.1335888E-16   3.2810050E-17      0
  2.388664692986596E+03   5.4688570E-17   2.9119074E-17      0
  2.390212904676010E+03   1.4986531E-16   3.4862516E-17      0
  2.391761125441663E+03   1.0366235E-16   3.1773648E-17      0
  2.393309355283714E+03   9.2914048E-17   3.1561887E-17      0
  2.394857594202324E+03   5.7912185E-17   2.9163804E-17      0
  2.396405842197653E+03   8.5332567E-17   3.0636424E-17      0
  2.397954099269859E+03   3.8820923E-17   2.8527027E-17      0
  2.399502365419103E+03   1.5676777E-17   2.6430533E-17      0
  2.401050640645544E+03   9.8907865E-17   3.1614787E-17      0
  2.402598924949342E+03   1.3699159E-16   3.3178688E-17      0
  2.404147218330656E+03   1.1631888E-16   3.2179261E-17      0
  2.405695520789646E+03   1.1414112E-16   3.2281180E-17      0
  2.407243832326473E+03   1.1612032E-16   3.1851307E-17      0
  2.408792152941294E+03   3.7610447E-17   2.7961262E-17      0
  2.410340482634271E+03   1.0103616E-16   3.1017288E-17      0
  2.411888821405563E+03   7.9906309E-17   3.0016316E-17      0
  2.413437169255329E+03   6.6348355E-17   2.9690106E-17      0
  2.414985526183729E+03   3.6462224E-17   2.7305520E-17      0
  2.416533892190924E+03   1.2312360E-16   3.2458743E-17      0
  2.418082267277072E+03   8.4402492E-17   2.9858107E-17      0
  2.419630651442334E+03   4.8450447E-17   2.8497543E-17      0
  2.421179044686868E+03   6.7135646E-17   2.9210748E-17      0
  2.422727447010835E+03   5.0248691E-17   2.8650099E-17      0
  2.424275858414395E+03   3.9286937E-17   2.7770376E-17      0
  2.425824278897707E+03   3.1216655E-17   2.7313034E-17      0
  2.427372708460931E+03   2.2264066E-17   2.6655968E-17      0
  2.428921147104226E+03   7.7298943E-17   2.9844369E-17      0
  2.430469594827754E+03   9.0963537E-17   3.0063102E-17      0
  2.432018051631671E+03   6.1892164E-18   2.5419062E-17      0
  2.433566517516140E+03   7.0174913E-17   2.9124063E-17      0
  2.435114992481320E+03   1.1558688E-16   3.1361160E-17      0
  2.436663476527370E+03   8.3111462E-17   3.0144539E-17      0
  2.438211969654451E+03   1.0645158E-17   2.5707053E-17      0
  2.439760471862721E+03   7.1652681E-17   2.9556335E-17      0
  2.441308983152341E+03   4.4131250E-17   2.7231307E-17      0
  2.442857503523470E+03   9.2316599E-17   3.0211035E-17      0
  2.444406032976269E+03   2.2458147E-17   2.6174028E-17      0
  2.445954571510897E+03   5.3279583E-17   2.7845186E-17      0
  2.447503119127513E+03   5.0866496E-17   2.7700601E-17      0
  2.449051675826279E+03   6.0658749E-17   2.8189389E-17      0
  2.450600241607353E+03   4.3727732E-17   2.7450005E-17      0
  2.452148816470895E+03   1.0045046E-16   3.0766262E-17      0
  2.453697400417065E+03   7.5719538E-17   2.9142126E-17      0
  2.455245993446023E+03   6.7732361E-17   2.8462944E-17      0
  2.456794595557929E+03   6.9317749E-17   2.8319908E-17      0
  2.458343206752943E+03   9.3946892E-17   2.9569619E-17      0
  2.459891827031223E+03   3.7395608E-17   2.6804143E-17      0
  2.461440456392931E+03   1.2684422E-16   3.1777887E-17      0
  2.462989094838226E+03   6.3483644E-17   2.8314541E-17      0
  2.464537742367268E+03   6.3731950E-17   2.8343503E-17      0
  2.466086398980217E+03   1.5948197E-16   3.3206583E-17      0
  2.467635064677232E+03   6.8641333E-17   2.7945811E-17      0
  2.469183739458473E+03   9.1680570E-17   2.9923603E-17      0
  2.470732423324101E+03   1.1204914E-16   3.0670335E-17      0
  2.472281116274275E+03   1.3527684E-16   3.1693938E-17      0
  2.473829818309156E+03   8.7594728E-17   2.9467796E-17      0
  2.475378529428901E+03   1.1652283E-16   3.0676638E-17      0
  2.476927249633673E+03   1.5436756E-16   3.2428084E-17      0
  2.478475978923631E+03   1.6528211E-16   3.3719492E-17      0
  2.480024717298934E+03   1.0380931E-16   2.9640191E-17      0
  2.481573464759743E+03   1.7262067E-16   3.3307996E-17      0
  2.483122221306216E+03   9.7542620E-17   3.0201873E-17      0
  2.484670986938515E+03   1.5693869E-16   3.1583576E-17      0
  2.486219761656800E+03   1.3190618E-16   3.1668173E-17      0
  2.487768545461229E+03   1.4010806E-16   3.2025710E-17      0
  2.489317338351964E+03   1.4395648E-16   3.2012978E-17      0
  2.490866140329163E+03   1.5471556E-16   3.2632083E-17      0
  2.492414951392987E+03   1.3855704E-16   3.2087458E-17      0
  2.493963771543597E+03   1.7875442E-16   3.3746683E-17      0
  2.495512600781150E+03   1.6564853E-16   3.2690830E-17      0
  2.497061439105809E+03   1.7188024E-16   3.3228305E-17      0
  2.498610286517732E+03   1.2961026E-16   3.1242562E-17      0
  2.500159143017080E+03   1.8745153E-16   3.3793524E-17      0
  2.501708008604011E+03   1.8772529E-16   3.4117279E-17      0
  2.503256883278688E+03   1.8494000E-16   3.3373958E-17      0
  2.504805767041269E+03   1.6258778E-16   3.3022519E-17      0
  2.506354659891914E+03   1.9425920E-16   3.4171900E-17      0
  2.507903561830784E+03   1.3305437E-16   3.1052443E-17      0
  2.509452472858039E+03   1.8739206E-16   3.4131702E-17      0
  2.511001392973837E+03   1.6505002E-16   3.2710047E-17      0
  2.512550322178341E+03   1.3952601E-16   3.1746851E-17      0
  2.514099260471708E+03   1.9369851E-16   3.3807358E-17      0
  2.515648207854099E+03   1.9114273E-16   3.3598022E-17      0
  2.517197164325675E+03   1.8827028E-16   3.4013131E-17      0
  2.518746129886595E+03   1.5567347E-16   3.1794388E-17      0
  2.520295104537020E+03   2.0288076E-16   3.4363283E-17      0
  2.521844088277109E+03   2.1526378E-16   3.5345345E-17      0
  2.523393081107022E+03   1.7124215E-16   3.2408013E-17      0
  2.524942083026920E+03   2.2493566E-16   3.5639553E-17      0
  2.526491094036962E+03   1.7881891E-16   3.3085335E-17      0
  2.528040114137309E+03   2.0542620E-16   3.4742036E-17      0
  2.529589143328120E+03   2.1053965E-16   3.4648703E-17      0
  2.531138181609556E+03   1.8050043E-16   3.3132994E-17      0
  2.532687228981777E+03   1.7666876E-16   3.3225906E-17      0
  2.534236285444942E+03   1.9343779E-16   3.3548381E-17      0
  2.535785350999211E+03   1.6826390E-16   3.2573320E-17      0
  2.537334425644746E+03   2.3567662E-16   3.6120201E-17      0
  2.538883509381706E+03   1.2766474E-16   3.0491935E-17      0
  2.540432602210250E+03   1.4989202E-16   3.1860489E-17      0
  2.541981704130540E+03   1.4027459E-16   3.1547497E-17      0
  2.543530815142734E+03   1.8291339E-16   3.3217638E-17      0
  2.545079935246994E+03   1.5459112E-16   3.2485106E-17      0
  2.546629064443479E+03   1.9848101E-16   3.3441106E-17      0
  2.548178202732350E+03   2.0407417E-16   3.4097467E-17      0
  2.549727350113766E+03   1.6767457E-16   3.2518343E-17      0
  2.551276506587887E+03   1.3873455E-16   3.1268572E-17      0
  2.552825672154874E+03   1.5161585E-16   3.1863381E-17      0
  2.554374846814887E+03   1.0796841E-16   2.9302731E-17      0
  2.555924030568086E+03   2.3694796E-16   3.6107129E-17      0
  2.557473223414630E+03   1.8266566E-16   3.3132332E-17      0
  2.559022425354682E+03   1.6934656E-16   3.2201734E-17      0
  2.560571636388399E+03   1.9129817E-16   3.3949415E-17      0
  2.562120856515943E+03   1.1907245E-16   2.9655629E-17      0
  2.563670085737474E+03   6.3141925E-17   2.7393881E-17      0
  2.565219324053151E+03   1.2569613E-16   3.0831837E-17      0
  2.566768571463135E+03   1.2971833E-16   3.0353757E-17      0
  2.568317827967586E+03   1.3611626E-16   3.1064146E-17      0
  2.569867093566665E+03   1.3616486E-16   3.0971885E-17      0
  2.571416368260530E+03   1.1711055E-16   2.9649647E-17      0
  2.572965652049344E+03   1.5646050E-16   3.2141251E-17      0
  2.574514944933264E+03   1.5643501E-16   3.2012680E-17      0
  2.576064246912453E+03   1.1440517E-16   2.9956041E-17      0
  2.577613557987071E+03   1.0503008E-16   2.9524382E-17      0
  2.579162878157276E+03   9.4223793E-17   2.8810085E-17      0
  2.580712207423229E+03   1.1733787E-16   2.9776841E-17      0
  2.582261545785092E+03   1.0949666E-16   2.9668070E-17      0
  2.583810893243023E+03   1.3485641E-16   3.0525807E-17      0
  2.585360249797183E+03   1.5722986E-16   3.1928480E-17      0
  2.586909615447733E+03   1.2985587E-16   3.0460602E-17      0
  2.588458990194832E+03   8.9124793E-17   2.8889002E-17      0
  2.590008374038642E+03   6.1063009E-17   2.6651827E-17      0
  2.591557766979321E+03   1.0276206E-16   2.9414635E-17      0
  2.593107169017030E+03   7.3375731E-17   2.7769697E-17      0
  2.594656580151930E+03   1.4682815E-16   3.1694325E-17      0
  2.596206000384180E+03   1.1019598E-16   2.9801842E-17      0
  2.597755429713941E+03   1.6312632E-16   3.2309013E-17      0
  2.599304868141374E+03   9.4986255E-17   2.8646218E-17      0
  2.600854315666638E+03   1.3683862E-16   3.0656769E-17      0
  2.602403772289894E+03   4.3935844E-17   2.5689801E-17      0
  2.603953238011301E+03   6.9288890E-17   2.7460140E-17      0
  2.605502712831021E+03   8.6985096E-17   2.8403837E-17      0
  2.607052196749213E+03   1.0653352E-16   2.9446286E-17      0
  2.608601689766039E+03   1.3525190E-16   3.0647535E-17      0
  2.610151191881657E+03   8.1891628E-17   2.8056405E-17      0
  2.611700703096229E+03   9.0964291E-17   2.8579947E-17      0
  2.613250223409914E+03   1.3855386E-16   3.0591674E-17      0
  2.614799752822873E+03   7.1169098E-17   2.7566353E-17      0
  2.616349291335267E+03   6.1995136E-17   2.6838585E-17      0
  2.617898838947255E+03   1.3610912E-16   3.0863756E-17      0
  2.619448395658997E+03   1.4811438E-16   3.1632459E-17      0
  2.620997961470656E+03   1.4974881E-16   3.1810296E-17      0
  2.622547536382390E+03   1.3840525E-16   3.0606083E-17      0
  2.624097120394360E+03   1.4633770E-16   3.1059878E-17      0
  2.625646713506726E+03   2.5469420E-16   3.6258357E-17      0
  2.627196315719647E+03   1.3740463E-16   3.0979661E-17      0
  2.628745927033287E+03   2.3290486E-16   3.4868952E-17      0
  2.630295547447803E+03   2.2133572E-16   3.5006657E-17      0
  2.631845176963357E+03   1.9238853E-16   3.3540321E-17      0
  2.633394815580109E+03   2.0249283E-16   3.3886986E-17      0
  2.634944463298219E+03   2.0501686E-16   3.3869684E-17      0
  2.636494120117848E+03   2.0093124E-16   3.3935363E-17      0
  2.638043786039156E+03   2.0792343E-16   3.4330093E-17      0
  2.639593461062303E+03   2.8194349E-16   3.7243622E-17      0
  2.641143145187450E+03   2.3354453E-16   3.5094888E-17      0
  2.642692838414757E+03   2.9715321E-16   3.7858637E-17      0
  2.644242540744384E+03   2.3698804E-16   3.5299622E-17      0
  2.645792252176493E+03   2.5362948E-16   3.5868384E-17      0
  2.647341972711243E+03   2.9723715E-16   3.8011212E-17      0
  2.648891702348795E+03   2.6736746E-16   3.6495222E-17      0
  2.650441441089308E+03   3.9280113E-16   4.1858595E-17      0
  2.651991188932945E+03   2.4611387E-16   3.5689935E-17      0
  2.653540945879863E+03   3.4238324E-16   3.9262823E-17      0
  2.655090711930226E+03   3.2833903E-16   3.8791465E-17      0
  2.656640487084193E+03   3.0583575E-16   3.8040729E-17      0
  2.658190271341924E+03   3.3621927E-16   3.8835518E-17      0
  2.659740064703579E+03   2.7808523E-16   3.7039761E-17      0
  2.661289867169319E+03   3.6184723E-16   4.0578609E-17      0
  2.662839678739305E+03   3.2718048E-16   3.8905772E-17      0
  2.664389499413697E+03   3.6058079E-16   4.0491805E-17      0
  2.665939329192655E+03   3.2324744E-16   3.8613856E-17      0
  2.667489168076341E+03   3.8191318E-16   4.1082941E-17      0
  2.669039016064914E+03   3.2387059E-16   3.8614687E-17      0
  2.670588873158534E+03   4.0208905E-16   4.1563917E-17      0
  2.672138739357363E+03   3.6985037E-16   4.1570925E-17      0
  2.673688614661561E+03   4.0942354E-16   4.1382986E-17      0
  2.675238499071288E+03   3.3683848E-16   3.9939016E-17      0
  2.676788392586705E+03   4.2641063E-16   4.2602171E-17      0
  2.678338295207972E+03   4.3049216E-16   4.2324390E-17      0
  2.679888206935250E+03   4.2641550E-16   4.3037026E-17      0
  2.681438127768699E+03   3.6546216E-16   4.0033841E-17      0
  2.682988057708480E+03   4.5603640E-16   4.3615890E-17      0
  2.684537996754753E+03   4.1701444E-16   4.3232529E-17      0
  2.686087944907679E+03   5.1330752E-16   4.5326262E-17      0
  2.687637902167418E+03   4.9090128E-16   4.5356550E-17      0
  2.689187868534131E+03   5.0626863E-16   4.5177650E-17      0
  2.690737844007978E+03   5.3514086E-16   4.6583990E-17      0
  2.692287828589121E+03   4.4326989E-16   4.3307504E-17      0
  2.693837822277719E+03   4.9733370E-16   4.6025782E-17      0
  2.695387825073932E+03   5.7258951E-16   4.6981480E-17      0
  2.696937836977922E+03   5.2301648E-16   4.5482976E-17      0
  2.698487857989850E+03   6.3343834E-16   5.0092235E-17      0
  2.700037888109875E+03   5.3839685E-16   4.6117764E-17      0
  2.701587927338158E+03   5.1735142E-16   4.5984079E-17      0
  2.703137975674861E+03   5.4809136E-16   4.7613621E-17      0
  2.704688033120141E+03   5.4688899E-16   4.6678186E-17      0
  2.706238099674163E+03   5.7133389E-16   4.7929611E-17      0
  2.707788175337085E+03   6.0457617E-16   4.8101446E-17      0
  2.709338260109068E+03   6.2113625E-16   4.9317130E-17      0
  2.710888353990272E+03   6.6629454E-16   5.0729458E-17      0
  2.712438456980859E+03   6.4134566E-16   4.9903955E-17      0
  2.713988569080989E+03   7.1877850E-16   5.2011522E-17      0
  2.715538690290822E+03   7.2289413E-16   5.2179615E-17      0
  2.717088820610519E+03   6.6060475E-16   5.0211885E-17      0
  2.718638960040241E+03   7.0215770E-16   5.1665400E-17      0
  2.720189108580149E+03   7.7906326E-16   5.4584414E-17      0
  2.721739266230402E+03   7.2993922E-16   5.2225884E-17      0
  2.723289432991162E+03   8.7599226E-16   5.6364510E-17      0
  2.724839608862589E+03   8.4866984E-16   5.6782918E-17      0
  2.726389793844844E+03   7.5608940E-16   5.3461245E-17      0
  2.727939987938087E+03   7.7598123E-16   5.4110566E-17      0
  2.729490191142479E+03   7.8712543E-16   5.3795526E-17      0
  2.731040403458182E+03   9.2553331E-16   5.7951519E-17      0
  2.732590624885354E+03   7.7691424E-16   5.3620064E-17      0
  2.734140855424158E+03   7.8698938E-16   5.3940934E-17      0
  2.735691095074754E+03   9.8568070E-16   6.0087578E-17      0
  2.737241343837302E+03   9.4313614E-16   5.8143432E-17      0
  2.738791601711963E+03   9.6121055E-16   5.9069298E-17      0
  2.740341868698898E+03   8.6670571E-16   5.6392118E-17      0
  2.741892144798268E+03   9.1819335E-16   5.7903430E-17      0
  2.743442430010232E+03   9.5439818E-16   5.8986097E-17      0
  2.744992724334953E+03   9.6065977E-16   5.8801927E-17      0
  2.746543027772590E+03   9.2679169E-16   5.8389138E-17      0
  2.748093340323305E+03   8.3615662E-16   5.5710793E-17      0
  2.749643661987257E+03   8.9076303E-16   5.7870945E-17      0
  2.751193992764608E+03   8.2291818E-16   5.5697823E-17      0
  2.752744332655519E+03   9.4504514E-16   5.8779342E-17      0
  2.754294681660149E+03   8.9232210E-16   5.7468605E-17      0
  2.755845039778661E+03   8.7295200E-16   5.7386032E-17      0
  2.757395407011214E+03   8.8726521E-16   5.6816522E-17      0
  2.758945783357969E+03   8.8806905E-16   5.7728545E-17      0
  2.760496168819087E+03   8.3240845E-16   5.6720112E-17      0
  2.762046563394730E+03   8.5681020E-16   5.6655566E-17      0
  2.763596967085056E+03   9.1143932E-16   5.8784788E-17      0
  2.765147379890229E+03   8.6994805E-16   5.6524348E-17      0
  2.766697801810407E+03   9.2526343E-16   5.8883772E-17      0
  2.768248232845753E+03   1.0174712E-15   6.1964629E-17      0
  2.769798672996425E+03   1.0560127E-15   6.1150220E-17      0
  2.771349122262587E+03   8.7240603E-16   5.8883467E-17      0
  2.772899580644397E+03   9.6996157E-16   5.9318478E-17      0
  2.774450048142017E+03   9.5432322E-16   5.9801029E-17      0
  2.776000524755608E+03   9.3525619E-16   6.0110778E-17      0
  2.777551010485331E+03   8.3036535E-16   5.6133846E-17      0
  2.779101505331346E+03   9.5170653E-16   5.9928342E-17      0
  2.780652009293814E+03   8.9101852E-16   5.8375843E-17      0
  2.782202522372897E+03   8.7818915E-16   5.7161846E-17      0
  2.783753044568753E+03   1.0426647E-15   6.3086279E-17      0
  2.785303575881546E+03   1.0609224E-15   6.2547116E-17      0
  2.786854116311435E+03   9.5726677E-16   6.1025356E-17      0
  2.788404665858581E+03   9.7996799E-16   6.0805848E-17      0
  2.789955224523145E+03   9.2590770E-16   6.0379870E-17      0
  2.791505792305288E+03   9.5195968E-16   6.0254211E-17      0
  2.793056369205171E+03   1.0331217E-15   6.3111995E-17      0
  2.794606955222955E+03   9.5986547E-16   6.1030259E-17      0
  2.796157550358800E+03   8.2463184E-16   5.7259679E-17      0
  2.797708154612867E+03   7.1349275E-16   5.4705802E-17      0
  2.799258767985317E+03   1.0811220E-15   6.5047505E-17      0
  2.800809390476312E+03   1.0943643E-15   6.3867522E-17      0
  2.802360022086011E+03   9.5787568E-16   6.1659393E-17      0
  2.803910662814576E+03   8.3811655E-16   5.8921021E-17      0
  2.805461312662168E+03   9.2905316E-16   6.0493770E-17      0
  2.807011971628947E+03   1.1379493E-15   6.6181874E-17      0
  2.808562639715075E+03   1.2065926E-15   6.8107127E-17      0
  2.810113316920711E+03   1.2128991E-15   6.8548391E-17      0
  2.811664003246019E+03   9.3708229E-16   6.0711973E-17      0
  2.813214698691157E+03   8.1377208E-16   5.7019446E-17      0
  2.814765403256288E+03   8.1990190E-16   5.7942255E-17      0
  2.816316116941571E+03   1.1648138E-15   6.6564739E-17      0
  2.817866839747168E+03   1.2129637E-15   6.8194404E-17      0
  2.819417571673240E+03   1.0426888E-15   6.4531238E-17      0
  2.820968312719948E+03   9.1624052E-16   6.0289774E-17      0
  2.822519062887452E+03   1.0833271E-15   6.5222966E-17      0
  2.824069822175914E+03   1.4361527E-15   7.4158529E-17      0
  2.825620590585494E+03   1.5018728E-15   7.5835780E-17      0
  2.827171368116354E+03   1.4945856E-15   7.5006872E-17      0
  2.828722154768654E+03   1.6242577E-15   7.8014017E-17      0
  2.830272950542555E+03   1.4114502E-15   7.3739711E-17      0
  2.831823755438219E+03   1.6147403E-15   7.7369717E-17      0
  2.833374569455807E+03   1.6764417E-15   7.9876425E-17      0
  2.834925392595478E+03   1.7956639E-15   8.1331217E-17      0
  2.836476224857395E+03   1.8564131E-15   8.3105135E-17      0
  2.838027066241718E+03   1.7433901E-15   8.1406186E-17      0
  2.839577916748608E+03   1.9437754E-15   8.3874308E-17      0
  2.841128776378226E+03   1.7302720E-15   8.1838781E-17      0
  2.842679645130733E+03   1.9330505E-15   8.4656377E-17      0
  2.844230523006291E+03   1.8794712E-15   8.3826583E-17      0
  2.845781410005060E+03   2.0184600E-15   8.7404939E-17      0
  2.847332306127200E+03   2.0747058E-15   8.7799597E-17      0
  2.848883211372874E+03   2.0482902E-15   8.8753204E-17      0
  2.850434125742242E+03   2.0031741E-15   8.8101194E-17      0
  2.851985049235466E+03   1.8282717E-15   8.2621314E-17      0
  2.853535981852705E+03   2.0402199E-15   8.8939035E-17      0
  2.855086923594123E+03   1.9677901E-15   8.6126853E-17      0
  2.856637874459877E+03   2.2785254E-15   9.2808930E-17      0
  2.858188834450133E+03   2.2695331E-15   9.3983977E-17      0
  2.859739803565048E+03   2.4901339E-15   9.6442060E-17      0
  2.861290781804784E+03   2.3542362E-15   9.6278847E-17      0
  2.862841769169503E+03   2.3574115E-15   9.3793050E-17      0
  2.864392765659365E+03   2.6274227E-15   9.9436705E-17      0
  2.865943771274533E+03   2.5564058E-15   9.8709567E-17      0
  2.867494786015166E+03   2.6900998E-15   1.0122840E-16      0
  2.869045809881425E+03   2.3569321E-15   9.4927856E-17      0
  2.870596842873473E+03   2.2703486E-15   9.2124177E-17      0
  2.872147884991469E+03   2.8047624E-15   1.0719234E-16      0
  2.873698936235575E+03   3.0008256E-15   1.0788865E-16      0
  2.875249996605953E+03   2.9217218E-15   1.0651592E-16      0
  2.876801066102762E+03   2.9338602E-15   1.0571908E-16      0
  2.878352144726165E+03   3.0887507E-15   1.0798702E-16      0
  2.879903232476323E+03   3.1289414E-15   1.0998311E-16      0
  2.881454329353396E+03   2.9432290E-15   1.0628079E-16      0
  2.883005435357545E+03   3.2654463E-15   1.1409973E-16      0
  2.884556550488933E+03   3.2706297E-15   1.1191051E-16      0
  2.886107674747719E+03   3.2247413E-15   1.1264211E-16      0
  2.887658808134065E+03   3.3213638E-15   1.1343846E-16      0
  2.889209950648132E+03   3.3391701E-15   1.1447338E-16      0
  2.890761102290082E+03   3.6706296E-15   1.1963762E-16      0
  2.892312263060075E+03   3.5154034E-15   1.1754708E-16      0
  2.893863432958272E+03   3.6864047E-15   1.2058855E-16      0
  2.895414611984836E+03   3.5163453E-15   1.1901841E-16      0
  2.896965800139927E+03   3.7453887E-15   1.2237356E-16      0
  2.898516997423705E+03   3.9646703E-15   1.2474551E-16      0
  2.900068203836332E+03   3.8046005E-15   1.2295128E-16      0
  2.901619419377970E+03   3.7333384E-15   1.2341428E-16      0
  2.903170644048780E+03   4.0424736E-15   1.2672383E-16      0
  2.904721877848922E+03   3.9943664E-15   1.2873015E-16      0
  2.906273120778559E+03   4.3782184E-15   1.3026367E-16      0
  2.907824372837849E+03   4.2106410E-15   1.2996257E-16      0
  2.909375634026957E+03   4.3181380E-15   1.3331322E-16      0
  2.910926904346043E+03   4.2078479E-15   1.2963139E-16      0
  2.912478183795266E+03   4.2384220E-15   1.3152632E-16      0
  2.914029472374790E+03   4.1099453E-15   1.3060994E-16      0
  2.915580770084775E+03   4.3630193E-15   1.3327171E-16      0
  2.917132076925383E+03   4.3235437E-15   1.3363185E-16      0
  2.918683392896774E+03   4.0482097E-15   1.3065135E-16      0
  2.920234717999109E+03   4.2487113E-15   1.3200926E-16      0
  2.921786052232551E+03   4.3692111E-15   1.3531239E-16      0
  2.923337395597261E+03   4.3765612E-15   1.3658388E-16      0
  2.924888748093399E+03   4.4343255E-15   1.3572679E-16      0
  2.926440109721126E+03   4.5712289E-15   1.4049876E-16      0
  2.927991480480605E+03   4.3696219E-15   1.3545657E-16      0
  2.929542860371996E+03   4.3976146E-15   1.3729648E-16      0
  2.931094249395460E+03   4.5799783E-15   1.4058415E-16      0
  2.932645647551160E+03   4.3302802E-15   1.3727371E-16      0
  2.934197054839256E+03   4.5101794E-15   1.4045075E-16      0
  2.935748471259908E+03   4.4648225E-15   1.3964941E-16      0
  2.937299896813280E+03   4.2614160E-15   1.3569128E-16      0
  2.938851331499531E+03   4.3256516E-15   1.3847857E-16      0
  2.940402775318824E+03   4.2960296E-15   1.3697936E-16      0
  2.941954228271319E+03   4.3989203E-15   1.3939979E-16      0
  2.943505690357179E+03   4.0298202E-15   1.3424538E-16      0
  2.945057161576563E+03   4.4276657E-15   1.4087835E-16      0
  2.946608641929634E+03   4.3188529E-15   1.3992229E-16      0
  2.948160131416552E+03   4.2108464E-15   1.3916374E-16      0
  2.949711630037480E+03   4.4215925E-15   1.4289209E-16      0
  2.951263137792578E+03   4.2271734E-15   1.3849772E-16      0
  2.952814654682008E+03   4.4324201E-15   1.4289351E-16      0
  2.954366180705931E+03   3.9795421E-15   1.3526293E-16      0
  2.955917715864508E+03   4.1960102E-15   1.4012548E-16      0
  2.957469260157902E+03   4.2923988E-15   1.4097994E-16      0
  2.959020813586272E+03   4.2303892E-15   1.4296648E-16      0
  2.960572376149781E+03   4.1591482E-15   1.4074153E-16      0
  2.962123947848590E+03   4.1338837E-15   1.4235086E-16      0
  2.963675528682859E+03   3.9224211E-15   1.3656490E-16      0
  2.965227118652751E+03   4.0101386E-15   1.3806248E-16      0
  2.966778717758428E+03   4.2909071E-15   1.4677392E-16      0
  2.968330326000049E+03   4.1013263E-15   1.3705970E-16      0
  2.969881943377778E+03   4.1849738E-15   1.4547248E-16      0
  2.971433569891774E+03   3.7288195E-15   1.3490350E-16      0
  2.972985205542200E+03   4.0608339E-15   1.4273696E-16      0
  2.974536850329216E+03   4.1700631E-15   1.4443065E-16      0
  2.976088504252985E+03   4.1488233E-15   1.4061916E-16      0
  2.977640167313668E+03   4.1211469E-15   1.4553076E-16      0
  2.979191839511425E+03   3.9152175E-15   1.4074224E-16      0
  2.980743520846420E+03   4.2993499E-15   1.4580775E-16      0
  2.982295211318812E+03   3.8159021E-15   1.4170827E-16      0
  2.983846910928763E+03   4.1200220E-15   1.4422520E-16      0
  2.985398619676436E+03   4.3602020E-15   1.5052329E-16      0
  2.986950337561990E+03   4.1817356E-15   1.4839190E-16      0
  2.988502064585588E+03   4.2552830E-15   1.4927880E-16      0
  2.990053800747391E+03   4.1392887E-15   1.4866883E-16      0
  2.991605546047560E+03   4.1478594E-15   1.4849157E-16      0
  2.993157300486258E+03   4.2016332E-15   1.4948911E-16      0
  2.994709064063646E+03   4.2916195E-15   1.5066336E-16      0
  2.996260836779883E+03   4.3639735E-15   1.5250619E-16      0
  2.997812618635134E+03   4.0893836E-15   1.4989381E-16      0
  2.999364409629558E+03   4.2197060E-15   1.5051642E-16      0
  3.000916209763318E+03   4.3626758E-15   1.5633588E-16      0
  3.002468019036574E+03   3.9909414E-15   1.4795961E-16      0
  3.004019837449488E+03   4.3569605E-15   1.5565463E-16      0
  3.005571665002223E+03   4.1831891E-15   1.5476151E-16      0
  3.007123501694939E+03   4.1534138E-15   1.5245937E-16      0
  3.008675347527797E+03   4.1731518E-15   1.5554246E-16      0
  3.010227202500960E+03   3.9772318E-15   1.5134605E-16      0
  3.011779066614588E+03   4.1951132E-15   1.5431183E-16      0
  3.013330939868844E+03   3.7917095E-15   1.4837538E-16      0
  3.014882822263889E+03   3.8275509E-15   1.5114343E-16      0
  3.016434713799883E+03   3.7517046E-15   1.4864727E-16      0
  3.017986614476990E+03   4.1637120E-15   1.5989250E-16      0
  3.019538524295370E+03   3.6755779E-15   1.4812043E-16      0
  3.021090443255186E+03   3.5718113E-15   1.4646792E-16      0
  3.022642371356597E+03   3.8981909E-15   1.5566197E-16      0
  3.024194308599767E+03   3.8839734E-15   1.5443410E-16      0
  3.025746254984856E+03   3.4969177E-15   1.4756132E-16      0
  3.027298210512027E+03   3.5355638E-15   1.4826425E-16      0
  3.028850175181440E+03   3.7533491E-15   1.5592197E-16      0
  3.030402148993257E+03   3.5153752E-15   1.4894872E-16      0
  3.031954131947641E+03   3.6546791E-15   1.5484447E-16      0
  3.033506124044751E+03   3.6745530E-15   1.5443253E-16      0
  3.035058125284751E+03   3.4921089E-15   1.5132581E-16      0
  3.036610135667801E+03   3.5673529E-15   1.5525727E-16      0
  3.038162155194064E+03   3.8446127E-15   1.6028694E-16      0
  3.039714183863701E+03   3.5752947E-15   1.5660725E-16      0
  3.041266221676872E+03   3.6221700E-15   1.5704377E-16      0
  3.042818268633741E+03   3.7617652E-15   1.5992800E-16      0
  3.044370324734468E+03   3.8016681E-15   1.6263177E-16      0
  3.045922389979215E+03   3.7137376E-15   1.6090447E-16      0
  3.047474464368145E+03   3.8241661E-15   1.6333416E-16      0
  3.049026547901417E+03   4.1062980E-15   1.7131968E-16      0
  3.050578640579195E+03   3.8367128E-15   1.6384939E-16      0
  3.052130742401640E+03   3.7536176E-15   1.6516098E-16      0
  3.053682853368913E+03   3.7743576E-15   1.6514665E-16      0
  3.055234973481176E+03   4.0914067E-15   1.7187617E-16      0
  3.056787102738590E+03   4.1433239E-15   1.7634604E-16      0
  3.058339241141318E+03   3.9779801E-15   1.7170136E-16      0
  3.059891388689521E+03   3.9234668E-15   1.7000381E-16      0
  3.061443545383360E+03   4.1351043E-15   1.7775758E-16      0
  3.062995711222998E+03   4.1857755E-15   1.7637718E-16      0
  3.064547886208595E+03   3.7735517E-15   1.7272018E-16      0
  3.066100070340314E+03   3.7682878E-15   1.7047017E-16      0
  3.067652263618318E+03   4.4863125E-15   1.8687445E-16      0
  3.069204466042765E+03   4.5341890E-15   1.9360636E-16      0
  3.070756677613819E+03   4.1919542E-15   1.8374363E-16      0
  3.072308898331642E+03   4.1937872E-15   1.8567141E-16      0
  3.073861128196394E+03   4.1999028E-15   1.8501574E-16      0
  3.075413367208239E+03   4.4180235E-15   1.8987085E-16      0
  3.076965615367337E+03   4.6330314E-15   1.9437360E-16      0
  3.078517872673850E+03   4.3469096E-15   1.9045497E-16      0
  3.080070139127940E+03   4.2954133E-15   1.8903903E-16      0
  3.081622414729769E+03   4.5530456E-15   1.9710568E-16      0
  3.083174699479498E+03   4.5277214E-15   2.0118877E-16      0
  3.084726993377290E+03   4.5263391E-15   1.9906962E-16      0
  3.086279296423305E+03   4.5752849E-15   2.0103447E-16      0
  3.087831608617706E+03   4.6148989E-15   2.0253492E-16      0
  3.089383929960654E+03   4.5069696E-15   2.0050858E-16      0
  3.090936260452311E+03   4.8478376E-15   2.0990750E-16      0
  3.092488600092840E+03   4.5866516E-15   2.0589777E-16      0
  3.094040948882400E+03   4.8761675E-15   2.1365481E-16      0
  3.095593306821155E+03   4.9501253E-15   2.1380784E-16      0
  3.097145673909266E+03   5.0257112E-15   2.1640535E-16      0
  3.098698050146896E+03   4.6073942E-15   2.1472631E-16      0
  3.100250435534205E+03   4.8912942E-15   2.1898919E-16      0
  3.101802830071355E+03   5.1836070E-15   2.2442019E-16      0
  3.103355233758509E+03   4.9416711E-15   2.1997926E-16      0
  3.104907646595827E+03   4.9796555E-15   2.2362689E-16      0
  3.106460068583473E+03   5.2333681E-15   2.2783638E-16      0
  3.108012499721608E+03   5.1382454E-15   2.2972140E-16      0
  3.109564940010393E+03   4.8990408E-15   2.2170034E-16      0
  3.111117389449990E+03   5.5828581E-15   2.4111298E-16      0
  3.112669848040562E+03   5.2619148E-15   2.3657786E-16      0
  3.114222315782269E+03   5.7119104E-15   2.4336895E-16      0
  3.115774792675275E+03   5.1244540E-15   2.3863671E-16      0
  3.117327278719739E+03   6.2372415E-15   2.5668015E-16      0
  3.118879773915825E+03   5.9903881E-15   2.5230859E-16      0
  3.120432278263695E+03   5.6014162E-15   2.5086416E-16      0
  3.121984791763509E+03   5.6476959E-15   2.4988880E-16      0
  3.123537314415431E+03   5.5191930E-15   2.5295895E-16      0
  3.125089846219622E+03   6.1093403E-15   2.6138007E-16      0
  3.126642387176243E+03   5.4999789E-15   2.5166437E-16      0
  3.128194937285457E+03   6.0681008E-15   2.6620501E-16      0
  3.129747496547426E+03   5.8859557E-15   2.6197895E-16      0
  3.131300064962310E+03   6.5523292E-15   2.7715720E-16      0
  3.132852642530273E+03   5.7214234E-15   2.6159260E-16      0
  3.134405229251477E+03   6.3317788E-15   2.7986813E-16      0
  3.135957825126082E+03   6.2091454E-15   2.7399385E-16      0
  3.137510430154251E+03   6.4191515E-15   2.8264944E-16      0
  3.139063044336146E+03   5.9245330E-15   2.7109504E-16      0
  3.140615667671928E+03   5.8062334E-15   2.6902341E-16      0
  3.142168300161761E+03   6.7804725E-15   2.9240213E-16      0
  3.143720941805804E+03   5.9649263E-15   2.7785007E-16      0
  3.145273592604221E+03   6.2555967E-15   2.8512497E-16      0
  3.146826252557174E+03   6.5613235E-15   2.9558528E-16      0
  3.148378921664823E+03   6.7244963E-15   3.0122577E-16      0
  3.149931599927333E+03   6.2915138E-15   2.8881312E-16      0
  3.151484287344863E+03   7.3015248E-15   3.1144449E-16      0
  3.153036983917576E+03   6.1476152E-15   2.9098525E-16      0
  3.154589689645635E+03   6.8369077E-15   3.0989235E-16      0
  3.156142404529201E+03   5.0758691E-15   2.4471605E-16   2560
  3.157695128568435E+03   4.2207817E-15   2.4959380E-16   2564
  3.159247861763500E+03   6.6959729E-15   3.1644735E-16   2564
  3.160800604114559E+03   1.2605439E-14   4.3486793E-16   2564
  3.162353355621772E+03   4.9910420E-17   2.9215404E-17   2564
