

  1.563136760511345E+03   0.0000000E+00   0.0000000E+00   2564
  1.564680279654869E+03   0.0000000E+00   0.0000000E+00   2564
  1.566223807903408E+03   0.0000000E+00   0.0000000E+00   2564
  1.567767345257124E+03   0.0000000E+00   0.0000000E+00   2564
  1.569310891716179E+03   0.0000000E+00   0.0000000E+00   2560
  1.570854447280734E+03   0.0000000E+00   0.0000000E+00    512
  1.572398011950949E+03   0.0000000E+00   0.0000000E+00    512
  1.573941585726985E+03   0.0000000E+00   0.0000000E+00    512
  1.575485168609005E+03   0.0000000E+00   0.0000000E+00    512
  1.577028760597168E+03   0.0000000E+00   0.0000000E+00    512
  1.578572361691637E+03   0.0000000E+00   0.0000000E+00    512
  1.580115971892572E+03   1.2740838E-13   1.8536846E-13      0
  1.581659591200135E+03  -2.5305577E-14   3.9491234E-14      0
  1.583203219614487E+03  -2.6307764E-14   2.1537842E-14      0
  1.584746857135788E+03   1.0761032E-14   1.7149066E-14      0
  1.586290503764200E+03   2.3674806E-15   1.2637217E-14      0
  1.587834159499885E+03   1.7314984E-15   1.0258923E-14      0
  1.589377824343003E+03  -9.2183045E-15   7.8007567E-15      0
  1.590921498293716E+03  -1.8968441E-14   6.0662014E-15      0
  1.592465181352185E+03  -8.1097823E-15   5.8368812E-15      0
  1.594008873518571E+03   3.8527234E-15   6.0003293E-15      0
  1.595552574793036E+03   3.7873833E-15   5.2929530E-15      0
  1.597096285175739E+03  -1.9131078E-15   4.1997228E-15      0
  1.598640004666844E+03  -3.7811174E-15   3.7007556E-15      0
  1.600183733266510E+03  -2.2907040E-15   3.3094594E-15      0
  1.601727470974900E+03   3.8384734E-15   3.3817649E-15      0
  1.603271217792174E+03   1.6623585E-15   2.9264783E-15      0
  1.604814973718494E+03   1.5297924E-15   2.6571354E-15      0
  1.606358738754021E+03   1.0135428E-15   2.4220600E-15      0
  1.607902512898916E+03   7.1216370E-16   2.1307190E-15      0
  1.609446296153341E+03   5.5640318E-16   1.9801551E-15      0
  1.610990088517456E+03  -1.0166990E-15   1.7082153E-15      0
  1.612533889991424E+03   1.9120799E-15   1.7997352E-15      0
  1.614077700575404E+03  -5.1107236E-16   1.4879700E-15      0
  1.615621520269560E+03  -2.2602488E-15   1.2569657E-15      0
  1.617165349074050E+03   1.8863991E-15   1.4516786E-15      0
  1.618709186989038E+03   9.1740137E-16   1.2908836E-15      0
  1.620253034014685E+03   4.1074970E-16   1.1709062E-15      0
  1.621796890151152E+03   3.0348463E-16   1.1100837E-15      0
  1.623340755398599E+03  -3.2570365E-16   9.9017008E-16      0
  1.624884629757188E+03   1.6726001E-15   1.0631504E-15      0
  1.626428513227082E+03   8.0342949E-16   9.7662592E-16      0
  1.627972405808440E+03   1.2741051E-16   8.6841402E-16      0
  1.629516307501424E+03   7.4210918E-16   8.5121358E-16      0
  1.631060218306196E+03   8.3511620E-16   8.3194893E-16      0
  1.632604138222917E+03  -1.9733814E-16   7.2339070E-16      0
  1.634148067251748E+03   1.2290926E-15   7.8624409E-16      0
  1.635692005392851E+03   1.2040608E-16   6.8388821E-16      0
  1.637235952646387E+03   7.4983359E-16   7.0574997E-16      0
  1.638779909012517E+03  -1.0842370E-16   6.1536562E-16      0
  1.640323874491402E+03   4.8872599E-16   6.2213903E-16      0
  1.641867849083205E+03  -5.6030340E-16   5.3969588E-16      0
  1.643411832788086E+03   1.2392571E-15   6.3618268E-16      0
  1.644955825606206E+03   1.6537117E-16   5.5545477E-16      0
  1.646499827537728E+03  -9.7813724E-16   4.5027308E-16      0
  1.648043838582812E+03  -8.5817090E-16   4.4533371E-16      0
  1.649587858741621E+03  -5.3238726E-16   4.5226054E-16      0
  1.651131888014314E+03  -5.4844955E-16   4.2583819E-16      0
  1.652675926401054E+03  -1.9176278E-16   4.4545722E-16      0
  1.654219973902002E+03   6.1052054E-16   4.9909823E-16      0
  1.655764030517319E+03   1.2337441E-16   4.5133664E-16      0
  1.657308096247168E+03  -2.6754610E-16   4.1130210E-16      0
  1.658852171091708E+03   3.1770284E-16   4.3390157E-16      0
  1.660396255051102E+03   4.6152671E-16   4.4609805E-16      0
  1.661940348125512E+03  -3.1802418E-16   3.7866801E-16      0
  1.663484450315097E+03  -4.2221818E-16   3.5807942E-16      0
  1.665028561620021E+03   5.7651212E-16   4.1780337E-16      0
  1.666572682040444E+03  -4.4789541E-16   3.4179217E-16      0
  1.668116811576528E+03  -5.0592702E-17   3.5749253E-16      0
  1.669660950228434E+03  -6.9026817E-16   3.0620731E-16      0
  1.671205097996324E+03  -4.4302215E-17   3.5061023E-16      0
  1.672749254880359E+03   3.0455975E-16   3.6397252E-16      0
  1.674293420880700E+03   6.1868271E-16   3.8518609E-16      0
  1.675837595997510E+03  -1.6488339E-16   3.1621122E-16      0
  1.677381780230950E+03  -2.7508401E-16   3.1000850E-16      0
  1.678925973581180E+03  -1.6325102E-19   3.2256380E-16      0
  1.680470176048362E+03  -1.6245119E-16   3.0728407E-16      0
  1.682014387632659E+03   5.9247149E-17   3.1206650E-16      0
  1.683558608334231E+03   7.0809233E-16   3.5364843E-16      0
  1.685102838153240E+03   7.0631947E-17   3.0818905E-16      0
  1.686647077089848E+03  -1.4254528E-16   2.8381041E-16      0
  1.688191325144215E+03  -4.7710724E-16   2.5971015E-16      0
  1.689735582316504E+03   3.6357748E-16   3.1081366E-16      0
  1.691279848606876E+03   2.1839234E-16   3.0063293E-16      0
  1.692824124015493E+03  -3.0406127E-16   2.5522990E-16      0
  1.694368408542515E+03  -3.8782412E-16   2.4801580E-16      0
  1.695912702188105E+03  -7.8142813E-17   2.7054471E-16      0
  1.697457004952425E+03  -4.0557031E-16   2.3735647E-16      0
  1.699001316835634E+03   6.5699632E-19   2.6646521E-16      0
  1.700545637837896E+03  -5.4429040E-17   2.6004510E-16      0
  1.702089967959371E+03   4.8673640E-17   2.6345305E-16      0
  1.703634307200222E+03   5.6648356E-16   2.9485182E-16      0
  1.705178655560609E+03   2.3212266E-16   2.7181745E-16      0
  1.706723013040695E+03   4.6308583E-16   2.7530561E-16      0
  1.708267379640641E+03  -2.3514887E-16   2.3427740E-16      0
  1.709811755360608E+03  -2.2986481E-16   2.2904605E-16      0
  1.711356140200758E+03  -3.8423815E-16   2.1435969E-16      0
  1.712900534161253E+03   4.1298815E-17   2.4178585E-16      0
  1.714444937242254E+03   4.1278660E-16   2.6520967E-16      0
  1.715989349443923E+03  -2.4325378E-16   2.1272689E-16      0
  1.717533770766421E+03   2.4681431E-16   2.4986789E-16      0
  1.719078201209910E+03  -3.4771314E-16   2.0002903E-16      0
  1.720622640774551E+03   1.1036246E-16   2.3569878E-16      0
  1.722167089460507E+03  -5.4061014E-17   2.1942894E-16      0
  1.723711547267939E+03   1.2076349E-16   2.2665951E-16      0
  1.725256014197008E+03   5.3276255E-16   2.5169822E-16      0
  1.726800490247876E+03  -2.2076093E-16   2.0451597E-16      0
  1.728344975420705E+03   6.1534277E-17   2.2068991E-16      0
  1.729889469715656E+03  -6.3859647E-17   2.0731530E-16      0
  1.731433973132891E+03  -8.0545236E-17   2.0855377E-16      0
  1.732978485672572E+03  -1.8620205E-16   1.9114692E-16      0
  1.734523007334859E+03  -2.6706499E-16   1.8242821E-16      0
  1.736067538119916E+03  -1.8552025E-16   1.8930138E-16      0
  1.737612078027903E+03  -6.0222229E-17   1.9497003E-16      0
  1.739156627058982E+03  -3.2626155E-16   1.7588942E-16      0
  1.740701185213315E+03   2.8223559E-16   2.3027745E-16      0
  1.742245752491064E+03  -6.0893126E-17   1.9599244E-16      0
  1.743790328892390E+03   2.2513252E-16   2.0947510E-16      0
  1.745334914417454E+03  -1.6273807E-16   1.7984268E-16      0
  1.746879509066419E+03   1.4680746E-16   2.0024952E-16      0
  1.748424112839447E+03   3.5461066E-16   2.1281242E-16      0
  1.749968725736698E+03  -7.5202490E-17   1.8019407E-16      0
  1.751513347758334E+03  -8.3814856E-17   1.7613666E-16      0
  1.753057978904519E+03  -3.7036251E-17   1.8255761E-16      0
  1.754602619175412E+03  -8.9950479E-17   1.7825851E-16      0
  1.756147268571176E+03   2.4209128E-16   1.9792558E-16      0
  1.757691927091972E+03   1.0245993E-17   1.7855134E-16      0
  1.759236594737963E+03   1.1947537E-17   1.7674748E-16      0
  1.760781271509309E+03   2.8430073E-16   1.9439251E-16      0
  1.762325957406173E+03  -5.9670262E-17   1.7012262E-16      0
  1.763870652428716E+03   1.9879264E-17   1.7346995E-16      0
  1.765415356577101E+03   2.9159950E-17   1.7393949E-16      0
  1.766960069851488E+03   1.0540217E-16   1.7751852E-16      0
  1.768504792252039E+03   8.1391024E-18   1.6738635E-16      0
  1.770049523778918E+03   2.8361886E-17   1.6919793E-16      0
  1.771594264432284E+03  -4.8402397E-17   1.5890321E-16      0
  1.773139014212300E+03   1.0924878E-16   1.7334307E-16      0
  1.774683773119128E+03  -6.1503155E-17   1.5411428E-16      0
  1.776228541152929E+03  -1.1347753E-16   1.5324419E-16      0
  1.777773318313865E+03  -5.9968106E-17   1.5383693E-16      0
  1.779318104602098E+03  -1.8913241E-16   1.4276776E-16      0
  1.780862900017790E+03  -1.9398430E-16   1.4141158E-16      0
  1.782407704561103E+03   1.3364446E-16   1.6600397E-16      0
  1.783952518232198E+03  -5.2791487E-17   1.4933172E-16      0
  1.785497341031237E+03   3.9072058E-17   1.5563457E-16      0
  1.787042172958382E+03   1.7466559E-17   1.5133486E-16      0
  1.788587014013794E+03  -1.0334326E-16   1.4518825E-16      0
  1.790131864197637E+03  -3.8847851E-18   1.4939256E-16      0
  1.791676723510070E+03  -4.6083416E-17   1.4445865E-16      0
  1.793221591951257E+03   5.3029179E-17   1.5067367E-16      0
  1.794766469521359E+03   2.6603584E-17   1.4598267E-16      0
  1.796311356220538E+03  -1.6070068E-16   1.3263726E-16      0
  1.797856252048955E+03  -1.8057293E-16   1.2863885E-16      0
  1.799401157006774E+03  -1.8046599E-16   1.2765562E-16      0
  1.800946071094154E+03  -1.6608810E-16   1.2950874E-16      0
  1.802490994311259E+03  -6.7601746E-17   1.3471618E-16      0
  1.804035926658250E+03   8.5175436E-17   1.4593054E-16      0
  1.805580868135289E+03  -1.4983568E-16   1.2394989E-16      0
  1.807125818742538E+03  -9.0209552E-17   1.2841597E-16      0
  1.808670778480158E+03   1.7985804E-18   1.3678591E-16      0
  1.810215747348313E+03  -1.8508936E-16   1.2091623E-16      0
  1.811760725347162E+03   2.2624276E-16   1.4673810E-16      0
  1.813305712476869E+03  -6.8636780E-17   1.2956919E-16      0
  1.814850708737595E+03   1.1303574E-16   1.3638459E-16      0
  1.816395714129503E+03   6.9781539E-17   1.3548624E-16      0
  1.817940728652753E+03  -1.5362323E-16   1.1718842E-16      0
  1.819485752307509E+03   2.4732189E-17   1.2961341E-16      0
  1.821030785093932E+03   2.0815645E-16   1.4094747E-16      0
  1.822575827012183E+03   1.6808273E-16   1.3768945E-16      0
  1.824120878062425E+03  -1.4472218E-16   1.1385321E-16      0
  1.825665938244819E+03  -1.9926898E-17   1.2354072E-16      0
  1.827211007559529E+03  -2.3902545E-17   1.2324640E-16      0
  1.828756086006715E+03   1.4169877E-17   1.2430602E-16      0
  1.830301173586539E+03   5.6876952E-17   1.2554144E-16      0
  1.831846270299164E+03   2.5738817E-17   1.2424834E-16      0
  1.833391376144751E+03  -8.9339361E-18   1.2128102E-16      0
  1.834936491123462E+03   4.4952095E-17   1.2443834E-16      0
  1.836481615235460E+03   4.8659211E-17   1.2259251E-16      0
  1.838026748480906E+03   1.3155203E-17   1.1831074E-16      0
  1.839571890859962E+03   9.3788504E-17   1.2301002E-16      0
  1.841117042372791E+03   1.8748690E-16   1.2888534E-16      0
  1.842662203019553E+03   1.3800206E-16   1.2704672E-16      0
  1.844207372800412E+03   1.8792344E-17   1.1685369E-16      0
  1.845752551715528E+03   4.8755590E-17   1.1855947E-16      0
  1.847297739765065E+03  -3.3468695E-18   1.1292020E-16      0
  1.848842936949184E+03   1.1367954E-16   1.2297848E-16      0
  1.850388143268048E+03   8.0609141E-17   1.1769383E-16      0
  1.851933358721817E+03   1.5299001E-16   1.2438610E-16      0
  1.853478583310654E+03  -2.1206576E-16   9.5572594E-17      0
  1.855023817034722E+03  -2.0410222E-16   9.4927373E-17      0
  1.856569059894182E+03   7.0167250E-17   1.1464350E-16      0
  1.858114311889196E+03   1.7902346E-16   1.2142294E-16      0
  1.859659573019926E+03   1.2753792E-16   1.1850068E-16      0
  1.861204843286535E+03   2.9680686E-17   1.0916518E-16      0
  1.862750122689184E+03   7.1229059E-17   1.1393682E-16      0
  1.864295411228035E+03   9.3520213E-17   1.1435172E-16      0
  1.865840708903251E+03  -4.1975912E-17   1.0249828E-16      0
  1.867386015714993E+03   3.8688422E-17   1.0954612E-16      0
  1.868931331663424E+03  -8.5807879E-17   1.0065353E-16      0
  1.870476656748705E+03  -3.1319215E-17   1.0089912E-16      0
  1.872021990970999E+03  -6.1575682E-17   1.0122047E-16      0
  1.873567334330468E+03  -1.3855319E-16   9.2033041E-17      0
  1.875112686827274E+03  -6.9591433E-17   9.8541709E-17      0
  1.876658048461579E+03  -5.9047375E-17   9.6618044E-17      0
  1.878203419233544E+03   2.3461378E-16   1.1733574E-16      0
  1.879748799143333E+03   6.3450603E-17   1.0619757E-16      0
  1.881294188191106E+03   9.9262223E-17   1.0633578E-16      0
  1.882839586377027E+03  -1.0051176E-16   9.2650945E-17      0
  1.884384993701258E+03   9.4974833E-17   1.0653094E-16      0
  1.885930410163960E+03   4.7723451E-19   9.7793726E-17      0
  1.887475835765296E+03   4.6875812E-17   1.0283979E-16      0
  1.889021270505427E+03   1.3603550E-16   1.0521945E-16      0
  1.890566714384516E+03  -5.9443806E-17   9.3352547E-17      0
  1.892112167402726E+03  -4.1466064E-17   9.3979722E-17      0
  1.893657629560217E+03  -2.6884988E-17   9.4989842E-17      0
  1.895203100857153E+03  -1.4323698E-18   9.6421777E-17      0
  1.896748581293696E+03  -8.4988037E-17   8.9053623E-17      0
  1.898294070870006E+03  -1.5145756E-16   8.4490306E-17      0
  1.899839569586248E+03  -9.9062885E-17   8.6393628E-17      0
  1.901385077442583E+03  -9.1759501E-18   9.4937703E-17      0
  1.902930594439172E+03  -1.6997452E-17   9.1137039E-17      0
  1.904476120576179E+03   2.1718756E-16   1.0697393E-16      0
  1.906021655853765E+03   8.5228349E-17   9.7288874E-17      0
  1.907567200272093E+03  -2.8332481E-17   8.9346882E-17      0
  1.909112753831325E+03  -3.9254772E-17   8.8939439E-17      0
  1.910658316531622E+03  -1.0558324E-17   9.0413342E-17      0
  1.912203888373148E+03  -3.4191603E-17   8.8673126E-17      0
  1.913749469356064E+03  -1.3141363E-16   7.8359554E-17      0
  1.915295059480533E+03  -7.4599442E-17   8.3190461E-17      0
  1.916840658746717E+03  -2.3833486E-17   8.5555681E-17      0
  1.918386267154777E+03  -2.3463580E-16   6.8749542E-17      0
  1.919931884704877E+03   2.7804795E-18   8.7245995E-17      0
  1.921477511397178E+03   1.6589664E-16   9.7152542E-17      0
  1.923023147231843E+03   3.3194583E-17   9.0151014E-17      0
  1.924568792209034E+03   4.4637482E-18   8.6289357E-17      0
  1.926114446328913E+03  -3.7795795E-17   8.4011970E-17      0
  1.927660109591642E+03   1.0439370E-16   9.2769007E-17      0
  1.929205781997384E+03   7.3481604E-17   9.0872573E-17      0
  1.930751463546301E+03   7.7447584E-17   9.1220280E-17      0
  1.932297154238555E+03   4.3060359E-17   8.8048810E-17      0
  1.933842854074308E+03   8.0454319E-17   8.9931619E-17      0
  1.935388563053723E+03  -5.9611214E-17   7.8030852E-17      0
  1.936934281176962E+03   1.4311172E-16   9.3321517E-17      0
  1.938480008444187E+03   8.7006291E-17   9.0240084E-17      0
  1.940025744855561E+03  -6.9721115E-17   7.6594470E-17      0
  1.941571490411245E+03   8.6629873E-18   8.3765001E-17      0
  1.943117245111403E+03   5.1771173E-17   8.5136486E-17      0
  1.944663008956196E+03  -1.0837536E-16   7.3676825E-17      0
  1.946208781945786E+03   2.0802992E-16   9.6061437E-17      0
  1.947754564080337E+03   4.0096167E-17   8.3632149E-17      0
  1.949300355360009E+03  -2.1375396E-17   7.9920384E-17      0
  1.950846155784967E+03   4.2697095E-17   8.3494638E-17      0
  1.952391965355371E+03  -3.2139209E-17   7.7030209E-17      0
  1.953937784071385E+03  -6.8143515E-18   7.9297583E-17      0
  1.955483611933170E+03  -2.6912164E-17   7.7092816E-17      0
  1.957029448940889E+03  -6.5272432E-17   7.3248795E-17      0
  1.958575295094704E+03   6.7896639E-17   8.3941157E-17      0
  1.960121150394778E+03   6.7594590E-18   7.8910311E-17      0
  1.961667014841272E+03   5.6400185E-17   8.0446445E-17      0
  1.963212888434351E+03   1.0588459E-16   8.5927992E-17      0
  1.964758771174174E+03   3.7429264E-17   7.9770803E-17      0
  1.966304663060906E+03   3.1911682E-17   7.9642610E-17      0
  1.967850564094708E+03   8.9804551E-17   8.3136476E-17      0
  1.969396474275743E+03  -2.5092904E-17   7.3261236E-17      0
  1.970942393604173E+03   9.4385576E-17   8.2913342E-17      0
  1.972488322080160E+03  -2.8030011E-17   7.2351020E-17      0
  1.974034259703867E+03   1.6712544E-16   8.5460383E-17      0
  1.975580206475457E+03   1.1904490E-16   8.3199778E-17      0
  1.977126162395091E+03   7.3131614E-17   8.0136768E-17      0
  1.978672127462933E+03   1.2903085E-17   7.3519641E-17      0
  1.980218101679143E+03  -9.9708642E-17   6.5894776E-17      0
  1.981764085043886E+03  -4.1561247E-17   6.9019408E-17      0
  1.983310077557323E+03   7.4376269E-17   7.7795126E-17      0
  1.984856079219617E+03   2.2533573E-17   7.4208583E-17      0
  1.986402090030930E+03   1.1563699E-17   7.2871766E-17      0
  1.987948109991424E+03   1.9027887E-17   7.2871872E-17      0
  1.989494139101262E+03   1.5795762E-16   8.0826551E-17      0
  1.991040177360607E+03   3.1809982E-17   7.2612978E-17      0
  1.992586224769621E+03   2.0012100E-16   8.2704998E-17      0
  1.994132281328466E+03   2.0185224E-17   7.1647360E-17      0
  1.995678347037305E+03   1.4792009E-16   8.0218030E-17      0
  1.997224421896301E+03   4.5982666E-17   7.2073994E-17      0
  1.998770505905615E+03  -2.4835135E-17   6.8957402E-17      0
  2.000316599065410E+03   4.5278655E-18   6.8306206E-17      0
  2.001862701375849E+03   1.0340417E-17   6.9504771E-17      0
  2.003408812837094E+03   9.1317656E-17   7.4126394E-17      0
  2.004954933449307E+03   9.5728084E-17   7.3154139E-17      0
  2.006501063212652E+03  -2.8190812E-17   6.6073308E-17      0
  2.008047202127290E+03   5.4616989E-17   7.1020960E-17      0
  2.009593350193385E+03   3.5697389E-18   6.6836961E-17      0
  2.011139507411097E+03   8.8498194E-17   7.3369683E-17      0
  2.012685673780592E+03   1.5787762E-16   7.5810144E-17      0
  2.014231849302029E+03   1.1521167E-16   7.3658680E-17      0
  2.015778033975573E+03   9.2891350E-17   7.2626947E-17      0
  2.017324227801386E+03  -1.0601560E-17   6.3727159E-17      0
  2.018870430779629E+03   3.7150352E-17   6.7179672E-17      0
  2.020416642910467E+03   4.9269316E-17   6.8441076E-17      0
  2.021962864194061E+03   6.9606104E-17   6.8840148E-17      0
  2.023509094630573E+03   1.3246188E-16   7.3143148E-17      0
  2.025055334220167E+03   5.3306798E-17   6.7164584E-17      0
  2.026601582963005E+03   1.5859964E-16   7.4122179E-17      0
  2.028147840859249E+03   2.9086795E-18   6.3483465E-17      0
  2.029694107909062E+03  -1.3926224E-17   6.0842913E-17      0
  2.031240384112607E+03  -4.6967471E-17   5.9010648E-17      0
  2.032786669470046E+03   5.7772855E-17   6.6051775E-17      0
  2.034332963981541E+03  -4.0790407E-17   5.8447702E-17      0
  2.035879267647256E+03   3.5855560E-17   6.4242254E-17      0
  2.037425580467353E+03   4.8211163E-17   6.4919894E-17      0
  2.038971902441994E+03   1.1172915E-16   6.8108913E-17      0
  2.040518233571342E+03   1.2763200E-16   6.9459852E-17      0
  2.042064573855560E+03   7.0270528E-17   6.6307221E-17      0
  2.043610923294810E+03   4.4437615E-17   6.1779605E-17      0
  2.045157281889255E+03   1.2667447E-16   6.8812791E-17      0
  2.046703649639058E+03   1.2248789E-16   6.7736424E-17      0
  2.048250026544380E+03   8.4989605E-17   6.4408941E-17      0
  2.049796412605386E+03   1.0801072E-16   6.6632330E-17      0
  2.051342807822236E+03  -9.7440381E-17   5.1349311E-17      0
  2.052889212195094E+03   2.7342358E-17   5.9840621E-17      0
  2.054435625724124E+03  -2.4252315E-17   5.5576181E-17      0
  2.055982048409486E+03  -1.3606459E-17   5.6868330E-17      0
  2.057528480251345E+03   7.5183811E-18   5.8266225E-17      0
  2.059074921249862E+03   1.2845882E-16   6.5804415E-17      0
  2.060621371405200E+03   4.0794794E-17   5.9523381E-17      0
  2.062167830717522E+03  -2.4336221E-17   5.4777118E-17      0
  2.063714299186991E+03   7.8316137E-17   6.2915199E-17      0
  2.065260776813768E+03  -1.4005028E-17   5.4966281E-17      0
  2.066807263598017E+03   2.0776358E-17   5.7602661E-17      0
  2.068353759539902E+03   2.8931039E-17   5.7248932E-17      0
  2.069900264639583E+03  -1.3413711E-17   5.4312646E-17      0
  2.071446778897224E+03   3.1087115E-17   5.7194934E-17      0
  2.072993302312988E+03   6.1742673E-17   5.9560518E-17      0
  2.074539834887037E+03   4.5616953E-17   5.8553813E-17      0
  2.076086376619535E+03   1.0857257E-16   6.1616075E-17      0
  2.077632927510643E+03  -2.9074025E-17   5.2456797E-17      0
  2.079179487560524E+03   2.1202495E-17   5.5184772E-17      0
  2.080726056769342E+03   2.9269412E-17   5.6402799E-17      0
  2.082272635137258E+03   2.3866680E-17   5.4963756E-17      0
  2.083819222664436E+03   1.3996654E-17   5.3962186E-17      0
  2.085365819351039E+03   2.9305435E-18   5.3001535E-17      0
  2.086912425197228E+03   1.3669384E-17   5.3101144E-17      0
  2.088459040203168E+03   7.8232618E-17   5.8161531E-17      0
  2.090005664369020E+03  -5.1899264E-18   5.0937196E-17      0
  2.091552297694947E+03   2.0137244E-17   5.3003007E-17      0
  2.093098940181113E+03   5.1285803E-17   5.5211328E-17      0
  2.094645591827679E+03   1.3208933E-17   5.2684503E-17      0
  2.096192252634809E+03  -2.0298054E-17   4.8908546E-17      0
  2.097738922602665E+03   2.2131953E-17   5.2172644E-17      0
  2.099285601731410E+03  -9.8756365E-18   4.9461443E-17      0
  2.100832290021208E+03  -4.8085382E-17   4.6979299E-17      0
  2.102378987472220E+03   4.0886069E-17   5.2925620E-17      0
  2.103925694084609E+03   2.7343234E-17   5.1318007E-17      0
  2.105472409858540E+03  -6.0120417E-19   4.9731243E-17      0
  2.107019134794173E+03   3.1245947E-17   5.1467605E-17      0
  2.108565868891671E+03   4.7597286E-17   5.3080732E-17      0
  2.110112612151199E+03   1.7520446E-17   5.0235946E-17      0
  2.111659364572919E+03   8.6375338E-17   5.3190698E-17      0
  2.113206126156992E+03   2.7089609E-18   4.8993980E-17      0
  2.114752896903582E+03  -4.1961929E-17   4.5285717E-17      0
  2.116299676812854E+03  -6.0001074E-17   4.2763507E-17      0
  2.117846465884968E+03   1.2205050E-16   5.6259161E-17      0
  2.119393264120087E+03   1.1298580E-16   5.4609283E-17      0
  2.120940071518375E+03   7.4378082E-17   5.2804696E-17      0
  2.122486888079994E+03  -2.1716072E-17   4.5422916E-17      0
  2.124033713805108E+03   8.0258101E-18   4.8086451E-17      0
  2.125580548693878E+03   3.0090769E-17   4.8628866E-17      0
  2.127127392746469E+03   3.1351346E-17   4.8492163E-17      0
  2.128674245963043E+03   4.2389238E-17   5.0208556E-17      0
  2.130221108343762E+03   2.4572868E-17   4.8021471E-17      0
  2.131767979888789E+03   5.7694557E-17   5.0539405E-17      0
  2.133314860598288E+03  -7.0506137E-18   4.4701042E-17      0
  2.134861750472422E+03  -1.8424980E-17   4.3834521E-17      0
  2.136408649511353E+03   3.7054532E-17   4.8248995E-17      0
  2.137955557715244E+03   6.2984788E-17   4.9177737E-17      0
  2.139502475084258E+03   4.5882769E-17   4.9087508E-17      0
  2.141049401618558E+03   7.3710164E-17   5.0241121E-17      0
  2.142596337318307E+03  -1.2501541E-17   4.3996913E-17      0
  2.144143282183667E+03  -8.6455950E-18   4.3769326E-17      0
  2.145690236214803E+03   1.7431801E-17   4.5509138E-17      0
  2.147237199411875E+03   1.9806181E-17   4.5752561E-17      0
  2.148784171775049E+03   3.8848723E-17   4.7488790E-17      0
  2.150331153304486E+03  -6.4794257E-18   4.4083896E-17      0
  2.151878144000349E+03   2.6092931E-17   4.5538367E-17      0
  2.153425143862802E+03   3.4547225E-17   4.6931128E-17      0
  2.154972152892007E+03  -4.5859826E-17   3.9042647E-17      0
  2.156519171088127E+03  -5.8063400E-17   3.9367593E-17      0
  2.158066198451326E+03   2.1673929E-17   4.4835492E-17      0
  2.159613234981766E+03   7.8804233E-17   4.8421591E-17      0
  2.161160280679610E+03  -4.1790567E-18   4.3256599E-17      0
  2.162707335545021E+03   6.9805937E-17   4.7073760E-17      0
  2.164254399578162E+03   6.6127558E-17   4.7347573E-17      0
  2.165801472779197E+03   1.0321380E-16   5.0023678E-17      0
  2.167348555148287E+03   4.3767645E-17   4.4683602E-17      0
  2.168895646685596E+03   5.9014804E-18   4.2906328E-17      0
  2.170442747391288E+03  -1.2128499E-17   4.0753991E-17      0
  2.171989857265524E+03   2.3727722E-17   4.2931865E-17      0
  2.173536976308469E+03  -3.2438712E-17   3.9335274E-17      0
  2.175084104520285E+03   2.2482190E-17   4.3003231E-17      0
  2.176631241901135E+03   1.2394523E-16   4.9986743E-17      0
  2.178178388451182E+03  -1.1611353E-17   4.0254629E-17      0
  2.179725544170590E+03  -2.6117650E-17   3.8843780E-17      0
  2.181272709059520E+03   4.4922052E-17   4.3584295E-17      0
  2.182819883118137E+03  -7.5035357E-18   4.0215543E-17      0
  2.184367066346603E+03   8.0078773E-17   4.5647840E-17      0
  2.185914258745081E+03  -2.9779158E-18   4.0109511E-17      0
  2.187461460313736E+03  -1.6936641E-17   3.8826607E-17      0
  2.189008671052728E+03   1.0521007E-17   4.0429852E-17      0
  2.190555890962222E+03   2.4935148E-17   4.2239832E-17      0
  2.192103120042380E+03  -1.1852116E-18   3.9601854E-17      0
  2.193650358293366E+03   1.3112751E-18   3.9525747E-17      0
  2.195197605715343E+03   2.1519037E-17   4.0947399E-17      0
  2.196744862308473E+03  -7.2112406E-18   3.8983047E-17      0
  2.198292128072921E+03   3.6926219E-19   3.9758747E-17      0
  2.199839403008848E+03   5.5976027E-17   4.3675471E-17      0
  2.201386687116419E+03   2.4710570E-17   4.0664692E-17      0
  2.202933980395795E+03   1.1040487E-17   3.9451089E-17      0
  2.204481282847141E+03  -6.2291431E-19   3.9067016E-17      0
  2.206028594470619E+03   9.0726414E-17   4.4937768E-17      0
  2.207575915266393E+03   4.7641153E-17   4.2232057E-17      0
  2.209123245234625E+03   6.7799019E-18   3.9014113E-17      0
  2.210670584375480E+03  -3.6699800E-17   3.5335826E-17      0
  2.212217932689118E+03   5.7938238E-17   4.2005294E-17      0
  2.213765290175706E+03   1.3476505E-17   3.9255156E-17      0
  2.215312656835404E+03   5.0412106E-17   4.1090700E-17      0
  2.216860032668376E+03   3.3684234E-17   4.0004539E-17      0
  2.218407417674786E+03   2.3713299E-17   3.9413747E-17      0
  2.219954811854796E+03   2.1164036E-17   3.8647906E-17      0
  2.221502215208570E+03   6.5535449E-17   4.2014786E-17      0
  2.223049627736271E+03   2.6598694E-17   3.9498096E-17      0
  2.224597049438062E+03  -4.3980671E-19   3.7158154E-17      0
  2.226144480314107E+03   7.7911778E-17   4.2596665E-17      0
  2.227691920364568E+03  -6.0232137E-18   3.6213653E-17      0
  2.229239369589608E+03   5.9026702E-17   4.1335056E-17      0
  2.230786827989391E+03  -2.0433298E-17   3.4752968E-17      0
  2.232334295564080E+03  -2.5770779E-17   3.3807146E-17      0
  2.233881772313839E+03   6.1371521E-17   4.1023665E-17      0
  2.235429258238830E+03   4.1568506E-18   3.6391533E-17      0
  2.236976753339216E+03   8.3188926E-17   4.2280156E-17      0
  2.238524257615161E+03   1.7133605E-17   3.7493004E-17      0
  2.240071771066828E+03  -3.1763338E-17   3.3324278E-17      0
  2.241619293694381E+03   5.1046172E-18   3.5895526E-17      0
  2.243166825497981E+03   5.1585365E-17   3.9598440E-17      0
  2.244714366477794E+03   9.9245452E-18   3.6403951E-17      0
  2.246261916633981E+03   4.0681146E-17   3.8488780E-17      0
  2.247809475966707E+03   1.9588932E-17   3.7868917E-17      0
  2.249357044476134E+03   7.0158197E-17   3.9654099E-17      0
  2.250904622162426E+03   2.2222831E-17   3.6771662E-17      0
  2.252452209025745E+03  -2.5086446E-17   3.3507498E-17      0
  2.253999805066256E+03   4.4793372E-17   3.8482556E-17      0
  2.255547410284121E+03   7.7578338E-17   4.0867785E-17      0
  2.257095024679504E+03  -3.8038575E-17   3.2427035E-17      0
  2.258642648252568E+03   8.9874940E-17   4.0461884E-17      0
  2.260190281003476E+03   1.1512191E-17   3.5537605E-17      0
  2.261737922932392E+03   7.2510801E-18   3.5486287E-17      0
  2.263285574039478E+03   5.0268629E-17   3.8268356E-17      0
  2.264833234324899E+03  -2.6564583E-17   3.3290469E-17      0
  2.266380903788817E+03   3.8084479E-18   3.4677009E-17      0
  2.267928582431396E+03  -1.0105234E-17   3.3576386E-17      0
  2.269476270252798E+03  -5.1071038E-17   3.0476140E-17      0
  2.271023967253188E+03   5.8979450E-18   3.4560529E-17      0
  2.272571673432729E+03   3.7211296E-17   3.7875647E-17      0
  2.274119388791584E+03   2.1307633E-17   3.5388825E-17      0
  2.275667113329916E+03  -1.0382589E-17   3.4259191E-17      0
  2.277214847047889E+03  -3.6857765E-17   3.0646830E-17      0
  2.278762589945666E+03  -3.2838806E-17   3.1141113E-17      0
  2.280310342023410E+03   3.1941947E-17   3.6297814E-17      0
  2.281858103281284E+03   3.3610843E-17   3.5993170E-17      0
  2.283405873719453E+03   7.2589863E-17   3.9372464E-17      0
  2.284953653338079E+03   5.6412609E-18   3.4201589E-17      0
  2.286501442137326E+03   1.2629083E-17   3.4647611E-17      0
  2.288049240117357E+03  -9.4497303E-18   3.3094553E-17      0
  2.289597047278336E+03  -2.1266388E-17   3.1177483E-17      0
  2.291144863620425E+03   5.6597875E-17   3.7946054E-17      0
  2.292692689143788E+03  -3.1038646E-17   3.0404754E-17      0
  2.294240523848589E+03   8.4570443E-17   3.9058284E-17      0
  2.295788367734991E+03   2.9345423E-17   3.5563019E-17      0
  2.297336220803158E+03   5.6536968E-17   3.7208553E-17      0
  2.298884083053252E+03   3.2701325E-17   3.5985490E-17      0
  2.300431954485437E+03   6.5682389E-17   3.7416132E-17      0
  2.301979835099878E+03  -2.8002883E-17   3.0592921E-17      0
  2.303527724896735E+03   2.1912880E-17   3.4404000E-17      0
  2.305075623876176E+03   1.3419833E-17   3.3560577E-17      0
  2.306623532038360E+03   3.7724879E-17   3.5215987E-17      0
  2.308171449383453E+03   1.1415242E-17   3.3928140E-17      0
  2.309719375911617E+03   8.9115120E-18   3.3045594E-17      0
  2.311267311623017E+03   3.1190999E-17   3.5478736E-17      0
  2.312815256517815E+03  -3.3669297E-18   3.2349561E-17      0
  2.314363210596175E+03   8.4832295E-17   3.8654842E-17      0
  2.315911173858261E+03   3.0394689E-17   3.4883712E-17      0
  2.317459146304236E+03   4.4921529E-17   3.5387558E-17      0
  2.319007127934263E+03   5.4971204E-17   3.6946790E-17      0
  2.320555118748507E+03   1.1508044E-17   3.2723540E-17      0
  2.322103118747129E+03   1.5203697E-17   3.3534733E-17      0
  2.323651127930294E+03   7.3919652E-17   3.7076237E-17      0
  2.325199146298166E+03   7.9367431E-17   3.7968067E-17      0
  2.326747173850908E+03   1.4203298E-17   3.3083036E-17      0
  2.328295210588683E+03   5.4118728E-17   3.5786649E-17      0
  2.329843256511655E+03  -5.3182539E-18   3.1971699E-17      0
  2.331391311619986E+03   7.6763658E-17   3.7537996E-17      0
  2.332939375913842E+03   6.3071139E-17   3.6032265E-17      0
  2.334487449393386E+03   8.6396203E-17   3.7884779E-17      0
  2.336035532058780E+03   1.1732518E-16   3.9903183E-17      0
  2.337583623910188E+03  -2.7630064E-17   2.9092074E-17      0
  2.339131724947774E+03   9.5469593E-17   3.9143437E-17      0
  2.340679835171702E+03   7.9572247E-17   3.6945423E-17      0
  2.342227954582134E+03   4.8276692E-17   3.5019353E-17      0
  2.343776083179236E+03   5.9670599E-17   3.5813211E-17      0
  2.345324220963169E+03   6.6251430E-17   3.5888379E-17      0
  2.346872367934098E+03   3.8042887E-17   3.4780761E-17      0
  2.348420524092186E+03   6.9374652E-17   3.6525652E-17      0
  2.349968689437596E+03   1.1577084E-16   3.9693367E-17      0
  2.351516863970493E+03   1.1467937E-16   3.9222188E-17      0
  2.353065047691040E+03   9.4993693E-17   3.7619781E-17      0
  2.354613240599400E+03   4.4253054E-17   3.4364464E-17      0
  2.356161442695738E+03   3.4292208E-17   3.3974240E-17      0
  2.357709653980216E+03   2.9052687E-17   3.3082536E-17      0
  2.359257874452998E+03   6.1641307E-17   3.5652649E-17      0
  2.360806104114248E+03   9.1994687E-17   3.7888575E-17      0
  2.362354342964128E+03   1.0313055E-16   3.8402637E-17      0
  2.363902591002804E+03   4.3678551E-17   3.4352543E-17      0
  2.365450848230440E+03   6.6390945E-17   3.5125831E-17      0
  2.366999114647196E+03   8.8215464E-17   3.7491300E-17      0
  2.368547390253239E+03  -2.1293153E-17   2.9450770E-17      0
  2.370095675048731E+03   7.8290276E-17   3.5731923E-17      0
  2.371643969033836E+03   8.4611259E-17   3.7014602E-17      0
  2.373192272208718E+03   8.4985383E-17   3.5801227E-17      0
  2.374740584573540E+03   1.4467189E-16   4.0495831E-17      0
  2.376288906128466E+03   6.4618946E-17   3.4671712E-17      0
  2.377837236873660E+03   1.3586624E-17   3.1656219E-17      0
  2.379385576809285E+03   3.9954243E-17   3.3175806E-17      0
  2.380933925935505E+03   7.2168246E-17   3.5811534E-17      0
  2.382482284252484E+03  -2.1952985E-17   2.8621663E-17      0
  2.384030651760385E+03   4.8116597E-17   3.3807421E-17      0
  2.385579028459371E+03   3.1485982E-17   3.2701778E-17      0
  2.387127414349608E+03   3.3673606E-17   3.2139424E-17      0
  2.388675809431258E+03   7.7015802E-17   3.5556438E-17      0
  2.390224213704484E+03   3.2156832E-17   3.2684752E-17      0
  2.391772627169451E+03   1.0167972E-16   3.7162489E-17      0
  2.393321049826323E+03   7.5093289E-17   3.5344858E-17      0
  2.394869481675263E+03   4.7903733E-17   3.3343164E-17      0
  2.396417922716434E+03   5.7235796E-17   3.3678258E-17      0
  2.397966372950001E+03   7.4777855E-17   3.5475910E-17      0
  2.399514832376127E+03   4.8519513E-17   3.2662120E-17      0
  2.401063300994977E+03   5.9545510E-17   3.4048524E-17      0
  2.402611778806712E+03   8.8864562E-17   3.5855080E-17      0
  2.404160265811498E+03   1.0058025E-16   3.6682813E-17      0
  2.405708762009498E+03   1.2144058E-16   3.7839281E-17      0
  2.407257267400877E+03   3.3274104E-17   3.2492978E-17      0
  2.408805781985796E+03   8.4318881E-17   3.5154326E-17      0
  2.410354305764421E+03   8.6808509E-17   3.5228408E-17      0
  2.411902838736915E+03   3.6405450E-17   3.2046535E-17      0
  2.413451380903442E+03   1.0560829E-16   3.6627319E-17      0
  2.414999932264165E+03   2.4858826E-17   3.0730048E-17      0
  2.416548492819250E+03   8.4737739E-17   3.5227657E-17      0
  2.418097062568857E+03   1.0728661E-16   3.6480379E-17      0
  2.419645641513153E+03   1.0473813E-16   3.6203942E-17      0
  2.421194229652301E+03   2.8527113E-17   3.0862178E-17      0
  2.422742826986464E+03   7.0860071E-18   2.9516329E-17      0
  2.424291433515806E+03   5.4015526E-17   3.3209072E-17      0
  2.425840049240492E+03   3.9158919E-17   3.1357315E-17      0
  2.427388674160684E+03   1.0232524E-16   3.5936412E-17      0
  2.428937308276548E+03  -4.2543692E-17   2.5682936E-17      0
  2.430485951588245E+03   3.5946239E-17   3.1392265E-17      0
  2.432034604095941E+03   1.0526822E-16   3.5813532E-17      0
  2.433583265799799E+03   4.0735356E-17   3.1733527E-17      0
  2.435131936699984E+03  -1.2112263E-17   2.7923338E-17      0
  2.436680616796658E+03   2.9604493E-17   3.0998590E-17      0
  2.438229306089985E+03   2.8962131E-17   3.1131905E-17      0
  2.439778004580131E+03   8.3581797E-17   3.4435046E-17      0
  2.441326712267256E+03   3.3442336E-17   3.1053393E-17      0
  2.442875429151528E+03   7.7536112E-17   3.3681448E-17      0
  2.444424155233109E+03   5.0620879E-17   3.1662528E-17      0
  2.445972890512162E+03   3.6641947E-17   3.1319659E-17      0
  2.447521634988853E+03   3.6369434E-17   3.0896718E-17      0
  2.449070388663344E+03   5.5678559E-17   3.2894194E-17      0
  2.450619151535800E+03   5.7606459E-17   3.2481867E-17      0
  2.452167923606384E+03   6.6083684E-17   3.2600968E-17      0
  2.453716704875260E+03   6.5837932E-17   3.2865960E-17      0
  2.455265495342592E+03   1.0671262E-17   2.8808894E-17      0
  2.456814295008545E+03   2.4613985E-17   3.0079586E-17      0
  2.458363103873281E+03   5.9858329E-17   3.2844735E-17      0
  2.459911921936965E+03   8.9257579E-17   3.4008515E-17      0
  2.461460749199762E+03   7.7386346E-17   3.3978479E-17      0
  2.463009585661834E+03   2.6281406E-17   3.0333474E-17      0
  2.464558431323345E+03   5.6498500E-17   3.2074742E-17      0
  2.466107286184460E+03   7.0434502E-17   3.2949542E-17      0
  2.467656150245342E+03  -5.3153911E-18   2.7593868E-17      0
  2.469205023506157E+03   8.1636420E-17   3.2792086E-17      0
  2.470753905967066E+03   4.0735062E-17   3.1436675E-17      0
  2.472302797628234E+03   1.1515004E-16   3.7639517E-17      0
  2.473851698489826E+03   3.9762082E-17   3.1856906E-17      0
  2.475400608552005E+03   6.5595191E-17   3.2352824E-17      0
  2.476949527814936E+03   2.4033231E-17   2.9854497E-17      0
  2.478498456278780E+03   5.4058831E-17   3.1428807E-17      0
  2.480047393943705E+03   5.9589138E-17   3.1870958E-17      0
  2.481596340809872E+03  -9.2775792E-18   2.6798832E-17      0
  2.483145296877447E+03   5.1617387E-17   3.1420237E-17      0
  2.484694262146592E+03   4.1285984E-17   3.0719347E-17      0
  2.486243236617473E+03   6.6466845E-18   2.8401938E-17      0
  2.487792220290252E+03   5.4834901E-17   3.1462136E-17      0
  2.489341213165095E+03   5.1143393E-17   3.1235561E-17      0
  2.490890215242164E+03   9.2182840E-17   3.4303388E-17      0
  2.492439226521624E+03   6.4418709E-17   3.1937870E-17      0
  2.493988247003640E+03   5.2619305E-17   3.1691658E-17      0
  2.495537276688375E+03   7.4127890E-17   3.2501445E-17      0
  2.497086315575992E+03   1.2164628E-16   3.6226974E-17      0
  2.498635363666657E+03   8.9333455E-17   3.3883737E-17      0
  2.500184420960532E+03   4.3898885E-17   3.0455715E-17      0
  2.501733487457784E+03   6.7478145E-17   3.2838475E-17      0
  2.503282563158573E+03   1.1179968E-16   3.4922543E-17      0
  2.504831648063067E+03   1.2725671E-16   3.6155307E-17      0
  2.506380742171427E+03   9.5282875E-17   3.4126951E-17      0
  2.507929845483819E+03   8.8165264E-17   3.2992188E-17      0
  2.509478958000407E+03   1.0336739E-16   3.5163570E-17      0
  2.511028079721354E+03   1.2359494E-16   3.5502784E-17      0
  2.512577210646824E+03   1.7399405E-16   3.8654848E-17      0
  2.514126350776982E+03   1.0021356E-16   3.4198082E-17      0
  2.515675500111992E+03   6.6139264E-17   3.2089046E-17      0
  2.517224658652017E+03   1.3207777E-16   3.7170694E-17      0
  2.518773826397223E+03   1.3547704E-16   3.6639459E-17      0
  2.520323003347773E+03   1.3746121E-16   3.6673575E-17      0
  2.521872189503830E+03   6.9160849E-17   3.2623361E-17      0
  2.523421384865560E+03   1.1468727E-16   3.4866291E-17      0
  2.524970589433125E+03   1.4790971E-16   3.7424490E-17      0
  2.526519803206691E+03   1.2729042E-16   3.5795139E-17      0
  2.528069026186422E+03   8.1915478E-17   3.2637569E-17      0
  2.529618258372482E+03   8.6085209E-17   3.3710035E-17      0
  2.531167499765034E+03   1.3752109E-16   3.5616607E-17      0
  2.532716750364243E+03   6.4870104E-17   3.2019215E-17      0
  2.534266010170274E+03   1.5841376E-16   3.7290950E-17      0
  2.535815279183289E+03   4.8219471E-17   3.0742793E-17      0
  2.537364557403454E+03   9.6362339E-17   3.3991518E-17      0
  2.538913844830931E+03   6.2743820E-17   3.0918668E-17      0
  2.540463141465887E+03   7.7808175E-17   3.3072163E-17      0
  2.542012447308485E+03   7.4607588E-17   3.2526945E-17      0
  2.543561762358889E+03   9.2652110E-17   3.2769293E-17      0
  2.545111086617262E+03   1.0897025E-16   3.5004292E-17      0
  2.546660420083771E+03   8.7341591E-17   3.2809242E-17      0
  2.548209762758578E+03   1.0574955E-16   3.4259452E-17      0
  2.549759114641847E+03   1.2665625E-16   3.6054034E-17      0
  2.551308475733743E+03   3.8951068E-17   2.9254050E-17      0
  2.552857846034430E+03   1.1437735E-16   3.4969802E-17      0
  2.554407225544072E+03   1.3598672E-16   3.5817658E-17      0
  2.555956614262835E+03   1.4945949E-16   3.6089202E-17      0
  2.557506012190880E+03   1.4935540E-16   3.7495220E-17      0
  2.559055419328374E+03   4.5319459E-17   3.0084605E-17      0
  2.560604835675480E+03   1.0725703E-16   3.4672470E-17      0
  2.562154261232362E+03   7.9304029E-17   3.2598986E-17      0
  2.563703695999186E+03   1.1040012E-16   3.4314304E-17      0
  2.565253139976113E+03   1.6714025E-16   3.7544199E-17      0
  2.566802593163310E+03   4.7107099E-17   3.0249522E-17      0
  2.568352055560940E+03   1.1137778E-16   3.4591912E-17      0
  2.569901527169168E+03   8.9911257E-17   3.3032518E-17      0
  2.571451007988157E+03   1.3919732E-16   3.6245106E-17      0
  2.573000498018072E+03   1.4386868E-16   3.6911883E-17      0
  2.574549997259079E+03   5.4534883E-17   3.0257185E-17      0
  2.576099505711340E+03   9.1685414E-17   3.3369138E-17      0
  2.577649023375019E+03   8.9639406E-17   3.3038070E-17      0
  2.579198550250282E+03   8.6523357E-17   3.3479679E-17      0
  2.580748086337292E+03   9.3639817E-17   3.3463439E-17      0
  2.582297631636214E+03   4.9311019E-17   3.0709239E-17      0
  2.583847186147212E+03   4.2708933E-17   3.0115280E-17      0
  2.585396749870451E+03   4.9774657E-17   3.0523997E-17      0
  2.586946322806094E+03   9.8713663E-17   3.3275580E-17      0
  2.588495904954306E+03   9.9473088E-17   3.3919835E-17      0
  2.590045496315251E+03   9.2684946E-17   3.3424208E-17      0
  2.591595096889094E+03   6.7789184E-18   2.7241076E-17      0
  2.593144706675998E+03   3.7001066E-17   2.9253103E-17      0
  2.594694325676130E+03   5.2216554E-17   3.0432564E-17      0
  2.596243953889651E+03   3.9534803E-17   2.9655652E-17      0
  2.597793591316728E+03   1.5136907E-17   2.7379179E-17      0
  2.599343237957524E+03   5.4737039E-17   3.0808607E-17      0
  2.600892893812204E+03   3.8319092E-17   2.9230826E-17      0
  2.602442558880931E+03   3.9146812E-17   2.9299651E-17      0
  2.603992233163871E+03   1.4352752E-16   3.7113788E-17      0
  2.605541916661188E+03   2.5779387E-17   2.9435295E-17      0
  2.607091609373046E+03   1.2337794E-17   2.7671951E-17      0
  2.608641311299609E+03   5.2091312E-17   3.0069445E-17      0
  2.610191022441042E+03   1.3019744E-17   2.7515658E-17      0
  2.611740742797509E+03   1.3141865E-17   2.8216557E-17      0
  2.613290472369174E+03   6.2543986E-17   3.0666868E-17      0
  2.614840211156203E+03   7.9874221E-17   3.2427287E-17      0
  2.616389959158759E+03   1.6308188E-17   2.8221338E-17      0
  2.617939716377007E+03   8.4585551E-17   3.2620354E-17      0
  2.619489482811111E+03   8.8705565E-17   3.2895881E-17      0
  2.621039258461236E+03   4.7542050E-17   2.9947118E-17      0
  2.622589043327546E+03   7.6598758E-17   3.2041175E-17      0
  2.624138837410205E+03   4.4817019E-17   3.0099137E-17      0
  2.625688640709378E+03   1.0670427E-16   3.3620792E-17      0
  2.627238453225229E+03   8.2493339E-17   3.2513730E-17      0
  2.628788274957923E+03   2.2009018E-17   2.8274420E-17      0
  2.630338105907625E+03   6.9632282E-17   3.1438845E-17      0
  2.631887946074497E+03   5.2135510E-17   3.0960765E-17      0
  2.633437795458706E+03   1.0254644E-16   3.3445926E-17      0
  2.634987654060416E+03   2.9095750E-17   2.9395924E-17      0
  2.636537521879791E+03   2.7121770E-17   2.8484666E-17      0
  2.638087398916995E+03   6.8607690E-17   3.1658607E-17      0
  2.639637285172193E+03   1.0044110E-17   2.7339611E-17      0
  2.641187180645549E+03   9.2709139E-17   3.2828952E-17      0
  2.642737085337228E+03   1.2218343E-16   3.4734442E-17      0
  2.644286999247394E+03   9.8639931E-17   3.3219894E-17      0
  2.645836922376213E+03   1.0718538E-16   3.4563586E-17      0
  2.647386854723848E+03   1.2926048E-16   3.5002482E-17      0
  2.648936796290464E+03   8.9776162E-17   3.2853447E-17      0
  2.650486747076225E+03   1.5909612E-16   3.7035136E-17      0
  2.652036707081296E+03   8.9308381E-17   3.2636504E-17      0
  2.653586676305841E+03   6.4826310E-17   3.1430567E-17      0
  2.655136654750025E+03   1.3585287E-16   3.5546509E-17      0
  2.656686642414013E+03   8.3458123E-17   3.3217995E-17      0
  2.658236639297968E+03   1.1634095E-16   3.4396453E-17      0
  2.659786645402056E+03   7.9254107E-17   3.2306131E-17      0
  2.661336660726442E+03   1.1990023E-16   3.4853278E-17      0
  2.662886685271289E+03   1.9046450E-16   3.8433829E-17      0
  2.664436719036761E+03   6.7519392E-17   3.1382012E-17      0
  2.665986762023025E+03   1.5106338E-16   3.6562088E-17      0
  2.667536814230244E+03   1.4189373E-16   3.5721219E-17      0
  2.669086875658582E+03   1.2791465E-16   3.6542374E-17      0
  2.670636946308205E+03   3.8448619E-17   2.9183392E-17      0
  2.672187026179277E+03   1.1475883E-16   3.4963601E-17      0
  2.673737115271962E+03   1.7965516E-16   3.8000022E-17      0
  2.675287213586426E+03   1.7057998E-16   3.7830500E-17      0
  2.676837321122833E+03   1.8177379E-16   3.8189175E-17      0
  2.678387437881346E+03   1.9521722E-16   3.9278278E-17      0
  2.679937563862132E+03   1.4417173E-16   3.6019960E-17      0
  2.681487699065354E+03   1.7764413E-16   3.7992174E-17      0
  2.683037843491177E+03   1.6106496E-16   3.7137749E-17      0
  2.684587997139766E+03   7.9731794E-17   3.2227321E-17      0
  2.686138160011285E+03   2.2074285E-16   4.0285843E-17      0
  2.687688332105899E+03   1.5783722E-16   3.7795573E-17      0
  2.689238513423773E+03   1.7256156E-16   3.7646340E-17      0
  2.690788703965070E+03   2.3829546E-16   4.1671205E-17      0
  2.692338903729958E+03   1.4277655E-16   3.6084547E-17      0
  2.693889112718598E+03   1.2970937E-16   3.5355698E-17      0
  2.695439330931156E+03   1.3902548E-16   3.6468256E-17      0
  2.696989558367798E+03   2.4188315E-16   4.1165576E-17      0
  2.698539795028686E+03   2.0976298E-16   4.0134903E-17      0
  2.700090040913987E+03   2.5327781E-16   4.2000857E-17      0
  2.701640296023865E+03   1.7814155E-16   3.8415829E-17      0
  2.703190560358484E+03   2.3622547E-16   4.1346855E-17      0
  2.704740833918009E+03   2.2318228E-16   4.1075665E-17      0
  2.706291116702605E+03   2.6468448E-16   4.2949447E-17      0
  2.707841408712437E+03   2.4580359E-16   4.1589536E-17      0
  2.709391709947668E+03   2.3708195E-16   4.1954058E-17      0
  2.710942020408464E+03   2.5833250E-16   4.2480499E-17      0
  2.712492340094991E+03   2.9731312E-16   4.4607419E-17      0
  2.714042669007411E+03   3.0983113E-16   4.5067758E-17      0
  2.715593007145891E+03   2.6294150E-16   4.2717721E-17      0
  2.717143354510594E+03   3.0706440E-16   4.5244424E-17      0
  2.718693711101685E+03   3.4598472E-16   4.6353848E-17      0
  2.720244076919330E+03   3.1605354E-16   4.5708181E-17      0
  2.721794451963693E+03   2.9405278E-16   4.4054217E-17      0
  2.723344836234938E+03   3.3926592E-16   4.6407317E-17      0
  2.724895229733231E+03   2.3876662E-16   4.1637347E-17      0
  2.726445632458736E+03   2.7258534E-16   4.3082514E-17      0
  2.727996044411617E+03   3.4408689E-16   4.6962683E-17      0
  2.729546465592040E+03   3.8357294E-16   4.8085670E-17      0
  2.731096896000171E+03   3.1429766E-16   4.5098092E-17      0
  2.732647335636171E+03   4.4058008E-16   5.1595688E-17      0
  2.734197784500207E+03   2.6043950E-16   4.2783542E-17      0
  2.735748242592445E+03   2.4844281E-16   4.3099075E-17      0
  2.737298709913048E+03   3.4576719E-16   4.6650217E-17      0
  2.738849186462181E+03   3.2928782E-16   4.6353461E-17      0
  2.740399672240009E+03   3.4882304E-16   4.7568639E-17      0
  2.741950167246697E+03   3.1184767E-16   4.4441056E-17      0
  2.743500671482410E+03   4.0127344E-16   5.0164034E-17      0
  2.745051184947312E+03   3.7262655E-16   4.8473300E-17      0
  2.746601707641569E+03   4.4539422E-16   5.1761757E-17      0
  2.748152239565344E+03   4.1016821E-16   5.0426131E-17      0
  2.749702780718803E+03   3.3392958E-16   4.6248247E-17      0
  2.751253331102111E+03   3.9915925E-16   5.0167690E-17      0
  2.752803890715433E+03   3.7602471E-16   4.9009138E-17      0
  2.754354459558933E+03   4.7057498E-16   5.2121372E-17      0
  2.755905037632776E+03   4.7364277E-16   5.3750785E-17      0
  2.757455624937127E+03   2.9901735E-16   4.5090489E-17      0
  2.759006221472151E+03   3.7885619E-16   4.8821093E-17      0
  2.760556827238013E+03   3.2946059E-16   4.7522310E-17      0
  2.762107442234877E+03   4.2004613E-16   5.0639944E-17      0
  2.763658066462909E+03   3.7080008E-16   4.8261982E-17      0
  2.765208699922273E+03   3.5200185E-16   4.8538002E-17      0
  2.766759342613135E+03   4.3565334E-16   5.1260598E-17      0
  2.768309994535658E+03   4.3699356E-16   5.2289220E-17      0
  2.769860655690009E+03   3.9437240E-16   4.9670780E-17      0
  2.771411326076352E+03   4.2262307E-16   5.1179130E-17      0
  2.772962005694850E+03   4.2162754E-16   5.1403799E-17      0
  2.774512694545671E+03   3.9902976E-16   5.0397038E-17      0
  2.776063392628978E+03   4.1090902E-16   5.0603773E-17      0
  2.777614099944937E+03   4.6170882E-16   5.3018059E-17      0
  2.779164816493712E+03   4.8809882E-16   5.4451119E-17      0
  2.780715542275469E+03   4.4180696E-16   5.2563606E-17      0
  2.782266277290372E+03   3.7014135E-16   4.9488760E-17      0
  2.783817021538585E+03   4.3406405E-16   5.2629654E-17      0
  2.785367775020275E+03   4.0103167E-16   5.0260708E-17      0
  2.786918537735606E+03   4.1781327E-16   5.1591255E-17      0
  2.788469309684742E+03   4.8750870E-16   5.5217691E-17      0
  2.790020090867850E+03   4.1215488E-16   5.1228893E-17      0
  2.791570881285094E+03   3.6259924E-16   4.9902853E-17      0
  2.793121680936638E+03   2.8940323E-16   4.6591127E-17      0
  2.794672489822648E+03   2.9973439E-16   4.6677673E-17      0
  2.796223307943289E+03   2.9346378E-16   4.6508773E-17      0
  2.797774135298725E+03   3.6315283E-16   4.9461364E-17      0
  2.799324971889123E+03   3.7884541E-16   5.0525568E-17      0
  2.800875817714646E+03   2.6548982E-16   4.5429375E-17      0
  2.802426672775459E+03   3.3586286E-16   4.9103311E-17      0
  2.803977537071728E+03   3.4092597E-16   4.9364418E-17      0
  2.805528410603618E+03   4.4897098E-16   5.3098656E-17      0
  2.807079293371293E+03   4.4960869E-16   5.3694223E-17      0
  2.808630185374919E+03   3.7998250E-16   5.0740367E-17      0
  2.810181086614661E+03   3.4014577E-16   4.9230041E-17      0
  2.811731997090683E+03   3.0201140E-16   4.7737185E-17      0
  2.813282916803151E+03   3.9526049E-16   5.1444496E-17      0
  2.814833845752230E+03   3.9978258E-16   5.2283780E-17      0
  2.816384783938084E+03   3.1591796E-16   4.8034878E-17      0
  2.817935731360879E+03   2.7098617E-16   4.6213701E-17      0
  2.819486688020780E+03   3.1359084E-16   4.8182735E-17      0
  2.821037653917952E+03   3.8846302E-16   5.1168370E-17      0
  2.822588629052560E+03   4.1259046E-16   5.3356309E-17      0
  2.824139613424768E+03   5.0541514E-16   5.5873556E-17      0
  2.825690607034743E+03   5.1790458E-16   5.8445750E-17      0
  2.827241609882648E+03   4.9821811E-16   5.6295325E-17      0
  2.828792621968651E+03   5.1822032E-16   5.6783924E-17      0
  2.830343643292913E+03   5.3337088E-16   5.8642685E-17      0
  2.831894673855603E+03   6.0321128E-16   6.0258711E-17      0
  2.833445713656884E+03   5.0038074E-16   5.7496378E-17      0
  2.834996762696921E+03   5.0481824E-16   5.7342344E-17      0
  2.836547820975880E+03   5.0679972E-16   5.6650854E-17      0
  2.838098888493925E+03   4.0729201E-16   5.3703252E-17      0
  2.839649965251223E+03   4.7378730E-16   5.6040917E-17      0
  2.841201051247936E+03   5.2270011E-16   5.8265994E-17      0
  2.842752146484233E+03   4.5598679E-16   5.5700953E-17      0
  2.844303250960275E+03   4.5736725E-16   5.5677640E-17      0
  2.845854364676231E+03   6.4008369E-16   6.3681876E-17      0
  2.847405487632264E+03   3.8354179E-16   5.2437047E-17      0
  2.848956619828539E+03   5.5251202E-16   5.9744430E-17      0
  2.850507761265222E+03   4.1389368E-16   5.4032563E-17      0
  2.852058911942478E+03   4.4232863E-16   5.5942251E-17      0
  2.853610071860472E+03   5.4491657E-16   5.8925528E-17      0
  2.855161241019368E+03   5.4750526E-16   6.0634066E-17      0
  2.856712419419332E+03   5.9228604E-16   6.2780527E-17      0
  2.858263607060531E+03   5.8696440E-16   6.2651553E-17      0
  2.859814803943128E+03   6.0288534E-16   6.3036549E-17      0
  2.861366010067289E+03   6.1940078E-16   6.2942529E-17      0
  2.862917225433178E+03   5.5997899E-16   6.1190348E-17      0
  2.864468450040962E+03   5.6066540E-16   6.0908207E-17      0
  2.866019683890804E+03   5.8536827E-16   6.2245050E-17      0
  2.867570926982872E+03   5.9736051E-16   6.3795140E-17      0
  2.869122179317329E+03   4.6773271E-16   5.7422752E-17      0
  2.870673440894340E+03   5.5248042E-16   6.2328079E-17      0
  2.872224711714072E+03   7.3675556E-16   6.7922507E-17      0
  2.873775991776690E+03   6.2483588E-16   6.4971821E-17      0
  2.875327281082357E+03   8.6105590E-16   7.3090036E-17      0
  2.876878579631241E+03   6.6813917E-16   6.7016373E-17      0
  2.878429887423505E+03   6.0986658E-16   6.5256762E-17      0
  2.879981204459315E+03   6.7510855E-16   6.7896527E-17      0
  2.881532530738838E+03   7.6929893E-16   7.0523943E-17      0
  2.883083866262236E+03   8.1522649E-16   7.2349690E-17      0
  2.884635211029677E+03   8.0332864E-16   7.1557390E-17      0
  2.886186565041325E+03   8.5829002E-16   7.4857000E-17      0
  2.887737928297345E+03   7.3588841E-16   6.9681212E-17      0
  2.889289300797903E+03   8.1452795E-16   7.3731995E-17      0
  2.890840682543164E+03   8.5120670E-16   7.3061025E-17      0
  2.892392073533293E+03   7.6879558E-16   7.1099595E-17      0
  2.893943473768455E+03   8.1708181E-16   7.4546979E-17      0
  2.895494883248817E+03   8.2792055E-16   7.2869702E-17      0
  2.897046301974542E+03   9.3618126E-16   7.8413288E-17      0
  2.898597729945796E+03   8.8435200E-16   7.6660518E-17      0
  2.900149167162746E+03   9.5255663E-16   7.8455619E-17      0
  2.901700613625555E+03   1.0189168E-15   8.1628598E-17      0
  2.903252069334390E+03   1.0627212E-15   8.2876615E-17      0
  2.904803534289415E+03   1.0197088E-15   8.0824512E-17      0
  2.906355008490795E+03   1.0399355E-15   8.1688122E-17      0
  2.907906491938698E+03   1.1286275E-15   8.6034923E-17      0
  2.909457984633286E+03   1.0987524E-15   8.4188146E-17      0
  2.911009486574726E+03   1.0626136E-15   8.3572572E-17      0
  2.912560997763184E+03   1.1917850E-15   8.7562765E-17      0
  2.914112518198824E+03   1.0197624E-15   8.1653579E-17      0
  2.915664047881813E+03   1.1421240E-15   8.6802242E-17      0
  2.917215586812314E+03   1.2262844E-15   8.9343560E-17      0
  2.918767134990494E+03   1.0928694E-15   8.5350236E-17      0
  2.920318692416517E+03   1.2350258E-15   9.0699587E-17      0
  2.921870259090550E+03   1.1483876E-15   8.7058787E-17      0
  2.923421835012758E+03   1.3461537E-15   9.3961451E-17      0
  2.924973420183307E+03   1.2356166E-15   9.0751097E-17      0
  2.926525014602360E+03   1.2346985E-15   8.9816899E-17      0
  2.928076618270083E+03   1.2211408E-15   9.1354714E-17      0
  2.929628231186643E+03   1.1225623E-15   8.7106711E-17      0
  2.931179853352206E+03   1.2003983E-15   9.1293919E-17      0
  2.932731484766934E+03   1.2178887E-15   9.1534218E-17      0
  2.934283125430996E+03   1.3239719E-15   9.5131561E-17      0
  2.935834775344555E+03   1.1928859E-15   9.0657182E-17      0
  2.937386434507776E+03   1.0227231E-15   8.5013223E-17      0
  2.938938102920827E+03   1.2335123E-15   9.2530336E-17      0
  2.940489780583872E+03   1.1482114E-15   8.9137638E-17      0
  2.942041467497076E+03   1.1891937E-15   9.1995077E-17      0
  2.943593163660606E+03   1.1460194E-15   9.0726764E-17      0
  2.945144869074625E+03   1.1886744E-15   9.1504758E-17      0
  2.946696583739300E+03   1.1481576E-15   9.1828430E-17      0
  2.948248307654797E+03   1.1578374E-15   9.0349338E-17      0
  2.949800040821281E+03   1.2895420E-15   9.5793140E-17      0
  2.951351783238916E+03   1.1368420E-15   9.2433258E-17      0
  2.952903534907869E+03   1.2096021E-15   9.2013354E-17      0
  2.954455295828305E+03   1.2601943E-15   9.6858257E-17      0
  2.956007066000390E+03   1.2931123E-15   9.6382589E-17      0
  2.957558845424289E+03   1.3243947E-15   9.8788381E-17      0
  2.959110634100167E+03   1.1064729E-15   9.1967615E-17      0
  2.960662432028190E+03   1.1158860E-15   9.0468730E-17      0
  2.962214239208524E+03   1.1350035E-15   9.4112560E-17      0
  2.963766055641335E+03   1.0871232E-15   9.1498325E-17      0
  2.965317881326785E+03   1.2482538E-15   9.5895280E-17      0
  2.966869716265044E+03   1.1777779E-15   9.7099437E-17      0
  2.968421560456275E+03   1.2860410E-15   9.7594772E-17      0
  2.969973413900644E+03   1.0908282E-15   9.3379638E-17      0
  2.971525276598316E+03   1.1909784E-15   9.6644884E-17      0
  2.973077148549458E+03   1.0824132E-15   9.3772132E-17      0
  2.974629029754234E+03   1.1244266E-15   9.4805049E-17      0
  2.976180920212810E+03   1.1198487E-15   9.5994019E-17      0
  2.977732819925352E+03   1.2020663E-15   9.7732164E-17      0
  2.979284728892026E+03   1.1845925E-15   9.7729596E-17      0
  2.980836647112996E+03   1.1823856E-15   9.8983496E-17      0
  2.982388574588428E+03   1.0729897E-15   9.4661722E-17      0
  2.983940511318488E+03   1.1444862E-15   9.7774945E-17      0
  2.985492457303343E+03   8.9188175E-16   9.0030470E-17      0
  2.987044412543155E+03   9.8465018E-16   9.3066011E-17      0
  2.988596377038093E+03   1.1355026E-15   9.8447443E-17      0
  2.990148350788321E+03   1.0492005E-15   9.6352671E-17      0
  2.991700333794005E+03   9.3100409E-16   9.2319736E-17      0
  2.993252326055309E+03   9.9082833E-16   9.5077112E-17      0
  2.994804327572401E+03   9.0430667E-16   9.2941100E-17      0
  2.996356338345445E+03   1.0381360E-15   9.5678545E-17      0
  2.997908358374608E+03   1.0536895E-15   9.7539755E-17      0
  2.999460387660054E+03   8.9374713E-16   9.3113531E-17      0
  3.001012426201951E+03   9.0968914E-16   9.3471614E-17      0
  3.002564474000462E+03   8.1112161E-16   9.1107109E-17      0
  3.004116531055753E+03   7.9373430E-16   8.9104968E-17      0
  3.005668597367991E+03   9.6082124E-16   9.5113442E-17      0
  3.007220672937341E+03   1.0138047E-15   9.9048287E-17      0
  3.008772757763968E+03   8.3397906E-16   9.2086087E-17      0
  3.010324851848039E+03   9.3112797E-16   9.3624577E-17      0
  3.011876955189719E+03   7.8073626E-16   9.4442572E-17      0
  3.013429067789173E+03   1.1072133E-15   1.0473893E-16      0
  3.014981189646567E+03   8.7286560E-16   9.5521738E-17      0
  3.016533320762067E+03   1.0557439E-15   1.0368055E-16      0
  3.018085461135839E+03   9.9243558E-16   1.0109294E-16      0
  3.019637610768048E+03   9.3898070E-16   9.9195281E-17      0
  3.021189769658860E+03   8.4580951E-16   9.6082097E-17      0
  3.022741937808440E+03   9.1402245E-16   9.9975424E-17      0
  3.024294115216954E+03   1.0133729E-15   1.0387452E-16      0
  3.025846301884569E+03   9.5953724E-16   1.0164370E-16      0
  3.027398497811449E+03   9.6646862E-16   1.0231504E-16      0
  3.028950702997761E+03   1.0341909E-15   1.0584615E-16      0
  3.030502917443669E+03   9.4246624E-16   1.0231226E-16      0
  3.032055141149341E+03   9.4376199E-16   1.0297056E-16      0
  3.033607374114940E+03   9.9331077E-16   1.0622348E-16      0
  3.035159616340634E+03   7.8439587E-16   9.6608879E-17      0
  3.036711867826588E+03   9.3736414E-16   1.0542211E-16      0
  3.038264128572968E+03   8.6876442E-16   1.0189074E-16      0
  3.039816398579940E+03   9.3572248E-16   1.0458698E-16      0
  3.041368677847668E+03   8.9410130E-16   1.0531488E-16      0
  3.042920966376319E+03   9.7146219E-16   1.0792894E-16      0
  3.044473264166059E+03   8.0109597E-16   1.0072606E-16      0
  3.046025571217053E+03   8.7356827E-16   1.0575130E-16      0
  3.047577887529468E+03   9.1239403E-16   1.0669136E-16      0
  3.049130213103469E+03   7.4130608E-16   1.0078846E-16      0
  3.050682547939221E+03   9.9666555E-16   1.1216979E-16      0
  3.052234892036891E+03   1.0038323E-15   1.1215639E-16      0
  3.053787245396644E+03   1.1515506E-15   1.2080682E-16      0
  3.055339608018646E+03   8.6689762E-16   1.0817048E-16      0
  3.056891979903063E+03   9.4464185E-16   1.1356033E-16      0
  3.058444361050061E+03   9.9410931E-16   1.1484303E-16      0
  3.059996751459805E+03   1.1139504E-15   1.1988180E-16      0
  3.061549151132462E+03   8.7062467E-16   1.1139101E-16      0
  3.063101560068197E+03   1.1717136E-15   1.2465321E-16      0
  3.064653978267175E+03   9.6775102E-16   1.1553964E-16      0
  3.066206405729563E+03   7.8608755E-16   1.1010346E-16      0
  3.067758842455528E+03   1.0122350E-15   1.2019608E-16      0
  3.069311288445233E+03   7.7351695E-16   1.1139693E-16      0
  3.070863743698846E+03   9.3719505E-16   1.1904325E-16      0
  3.072416208216531E+03   8.3968187E-16   1.1584975E-16      0
  3.073968681998456E+03   9.7489162E-16   1.2036624E-16      0
  3.075521165044785E+03   9.1061600E-16   1.1820726E-16      0
  3.077073657355686E+03   7.8266633E-16   1.1467766E-16      0
  3.078626158931322E+03   1.0676590E-15   1.2709053E-16      0
  3.080178669771862E+03   8.9462243E-16   1.2067551E-16      0
  3.081731189877469E+03   7.9396829E-16   1.1716726E-16      0
  3.083283719248311E+03   8.1685994E-16   1.1793837E-16      0
  3.084836257884552E+03   8.5602981E-16   1.2172489E-16      0
  3.086388805786360E+03   1.1952284E-15   1.3757000E-16      0
  3.087941362953899E+03   8.2195998E-16   1.2194242E-16      0
  3.089493929387336E+03   1.0500822E-15   1.3303804E-16      0
  3.091046505086837E+03   7.7560636E-16   1.2191136E-16      0
  3.092599090052567E+03   1.0010524E-15   1.3282620E-16      0
  3.094151684284692E+03   8.7201989E-16   1.2598052E-16      0
  3.095704287783379E+03   8.3529154E-16   1.2586084E-16      0
  3.097256900548794E+03   1.3222227E-15   1.4827424E-16      0
  3.098809522581100E+03   8.7971704E-16   1.3003881E-16      0
  3.100362153880467E+03   1.0186110E-15   1.4008988E-16      0
  3.101914794447059E+03   9.0835845E-16   1.3424893E-16      0
  3.103467444281041E+03   9.7353097E-16   1.3544916E-16      0
  3.105020103382581E+03   1.1941039E-15   1.4834730E-16      0
  3.106572771751843E+03   9.5676003E-16   1.3941875E-16      0
  3.108125449388995E+03   1.3193611E-15   1.5587542E-16      0
  3.109678136294201E+03   1.1174173E-15   1.4894595E-16      0
  3.111230832467628E+03   1.1494600E-15   1.4921490E-16      0
  3.112783537909441E+03   1.0576963E-15   1.4832006E-16      0
  3.114336252619808E+03   9.1022235E-16   1.4167763E-16      0
  3.115888976598893E+03   8.5851967E-16   1.4003907E-16      0
  3.117441709846863E+03   1.0978494E-15   1.5341084E-16      0
  3.118994452363884E+03   1.0221278E-15   1.5141380E-16      0
  3.120547204150122E+03   1.1319190E-15   1.5675542E-16      0
  3.122099965205741E+03   9.8845336E-16   1.5090619E-16      0
  3.123652735530910E+03   1.4446148E-15   1.7131523E-16      0
  3.125205515125793E+03   9.8235504E-16   1.5074485E-16      0
  3.126758303990558E+03   1.3495640E-15   1.6860295E-16      0
  3.128311102125369E+03   1.2145745E-15   1.6686114E-16      0
  3.129863909530392E+03   1.2529257E-15   1.6726497E-16      0
  3.131416726205795E+03   1.2646362E-15   1.7259331E-16      0
  3.132969552151743E+03   1.2687106E-15   1.7117367E-16      0
  3.134522387368400E+03   1.2186065E-15   1.6902446E-16      0
  3.136075231855936E+03   1.1206857E-15   1.6939433E-16      0
  3.137628085614514E+03   1.2579702E-15   1.7654193E-16      0
  3.139180948644302E+03   1.1561925E-15   1.7411030E-16      0
  3.140733820945464E+03   1.0732730E-15   1.4857166E-16   2560
  3.142286702518168E+03   2.5078790E-16   1.1376931E-16   2564
  3.143839593362579E+03   1.4668885E-15   1.9859729E-16   2564
  3.145392493478863E+03   2.0629055E-15   2.4860046E-16   2564
  3.146945402867187E+03   3.1045849E-17   2.7311792E-17   2564
