

  1.590910904974542E+03  -1.4771418E-15
  1.592454558268749E+03  -4.7915028E-15
  1.593998220416992E+03   6.0953550E-15
  1.595541891419423E+03   3.2868847E-15
  1.597085571276195E+03   3.2114162E-15
  1.598629259987460E+03  -6.4267727E-15
  1.600172957553370E+03  -2.8441073E-15
  1.601716663974078E+03   1.5422557E-15
  1.603260379249736E+03  -2.6530967E-15
  1.604804103380497E+03  -2.2294566E-15
  1.606347836366512E+03   6.2210250E-16
  1.607891578207935E+03  -3.2346682E-16
  1.609435328904917E+03  -1.3850609E-17
  1.610979088457612E+03  -1.4279788E-15
  1.612522856866171E+03  -4.4995306E-16
  1.614066634130746E+03  -9.8520255E-16
  1.615610420251492E+03   8.7260736E-16
  1.617154215228559E+03   4.5191654E-16
  1.618698019062100E+03   1.1891245E-15
  1.620241831752267E+03   2.1546098E-15
  1.621785653299213E+03  -7.6027867E-16
  1.623329483703091E+03   1.2958024E-15
  1.624873322964053E+03  -9.4863211E-16
  1.626417171082252E+03   1.3324298E-15
  1.627961028057838E+03   3.0360604E-16
  1.629504893890967E+03   1.2024168E-15
  1.631048768581788E+03  -7.6120379E-16
  1.632592652130456E+03  -2.2256558E-16
  1.634136544537123E+03   3.2665450E-16
  1.635680445801940E+03   1.0384207E-15
  1.637224355925061E+03  -7.7992655E-16
  1.638768274906638E+03   1.6361524E-16
  1.640312202746824E+03   6.2402580E-16
  1.641856139445770E+03   3.6187868E-16
  1.643400085003630E+03   9.6462335E-16
  1.644944039420556E+03   5.7970411E-16
  1.646488002696701E+03   8.0264477E-16
  1.648031974832216E+03  -2.8407471E-16
  1.649575955827255E+03  -3.5269721E-16
  1.651119945681970E+03   4.3861071E-16
  1.652663944396513E+03   3.9572254E-16
  1.654207951971038E+03  -6.8137468E-17
  1.655751968405696E+03   2.0020687E-17
  1.657295993700640E+03   5.0446884E-16
  1.658840027856023E+03  -1.6957140E-17
  1.660384070871997E+03  -7.7042947E-17
  1.661928122748714E+03   5.5964520E-16
  1.663472183486328E+03   1.4059993E-16
  1.665016253084991E+03  -6.1309838E-16
  1.666560331544855E+03  -1.4489543E-16
  1.668104418866073E+03   1.0241923E-16
  1.669648515048797E+03   1.3780463E-17
  1.671192620093180E+03  -2.4105224E-16
  1.672736733999376E+03  -5.9496023E-16
  1.674280856767535E+03   2.3997701E-16
  1.675824988397811E+03   2.9180502E-16
  1.677369128890357E+03  -7.5715433E-16
  1.678913278245324E+03   9.4813043E-17
  1.680457436462867E+03   4.9291934E-16
  1.682001603543136E+03  -3.1844299E-16
  1.683545779486285E+03  -2.2403378E-16
  1.685089964292466E+03   1.2122786E-16
  1.686634157961833E+03   4.2825689E-16
  1.688178360494537E+03  -4.0823896E-16
  1.689722571890731E+03   1.3342585E-16
  1.691266792150569E+03   2.1584864E-16
  1.692811021274201E+03   1.0239754E-16
  1.694355259261782E+03   2.2464909E-17
  1.695899506113464E+03   5.6190683E-17
  1.697443761829399E+03  -4.4022441E-16
  1.698988026409740E+03  -1.8247320E-17
  1.700532299854640E+03   1.6385303E-16
  1.702076582164251E+03   5.7079189E-16
  1.703620873338726E+03   7.9944730E-17
  1.705165173378218E+03  -4.8114989E-17
  1.706709482282880E+03  -2.7823709E-16
  1.708253800052863E+03  -1.0909365E-16
  1.709798126688322E+03   3.4520897E-17
  1.711342462189407E+03   1.4894107E-16
  1.712886806556273E+03   4.7320761E-16
  1.714431159789071E+03   2.7985887E-16
  1.715975521887955E+03  -3.5498297E-17
  1.717519892853078E+03   5.3150451E-17
  1.719064272684591E+03   1.7266400E-16
  1.720608661382648E+03   2.7925427E-16
  1.722153058947401E+03   1.6700607E-16
  1.723697465379003E+03  -2.8799104E-16
  1.725241880677607E+03   2.8651308E-16
  1.726786304843365E+03   1.1221394E-17
  1.728330737876431E+03   1.0675673E-17
  1.729875179776957E+03  -1.0398578E-16
  1.731419630545095E+03   1.8706291E-16
  1.732964090180999E+03  -1.4312684E-16
  1.734508558684821E+03  -5.1373127E-18
  1.736053036056714E+03   1.9469721E-17
  1.737597522296831E+03  -7.4871916E-17
  1.739142017405324E+03   6.1099464E-17
  1.740686521382346E+03  -2.3986668E-17
  1.742231034228051E+03   1.9299627E-16
  1.743775555942590E+03  -1.9545689E-16
  1.745320086526117E+03   3.4566170E-16
  1.746864625978784E+03   5.5589502E-17
  1.748409174300745E+03  -1.0459734E-16
  1.749953731492151E+03   5.6564265E-17
  1.751498297553156E+03  -1.2598270E-16
  1.753042872483913E+03  -1.3487461E-17
  1.754587456284574E+03  -7.3905206E-17
  1.756132048955292E+03  -3.5384256E-16
  1.757676650496220E+03  -6.2466403E-17
  1.759221260907511E+03   2.2284717E-16
  1.760765880189318E+03   1.0383647E-16
  1.762310508341793E+03   1.2292908E-16
  1.763855145365090E+03  -6.0205395E-17
  1.765399791259360E+03  -5.9682405E-17
  1.766944446024758E+03   1.6294163E-17
  1.768489109661435E+03  -9.9257240E-17
  1.770033782169545E+03  -2.3595776E-16
  1.771578463549240E+03   4.0486531E-16
  1.773123153800674E+03   3.7745050E-18
  1.774667852923999E+03   1.9953807E-17
  1.776212560919368E+03  -2.3579422E-17
  1.777757277786934E+03  -1.8780335E-16
  1.779302003526850E+03   5.9468529E-17
  1.780846738139269E+03   9.1856620E-17
  1.782391481624343E+03   1.5827584E-16
  1.783936233982226E+03   7.2257542E-17
  1.785480995213071E+03   1.6552079E-16
  1.787025765317029E+03  -4.5145688E-17
  1.788570544294255E+03  -7.1562604E-17
  1.790115332144901E+03  -2.5250687E-17
  1.791660128869120E+03   1.3596357E-16
  1.793204934467065E+03  -1.2353856E-16
  1.794749748938889E+03   6.8040489E-17
  1.796294572284745E+03  -2.1505323E-16
  1.797839404504785E+03   1.2630360E-17
  1.799384245599163E+03  -2.2235589E-16
  1.800929095568032E+03  -5.2831635E-17
  1.802473954411544E+03   1.5219756E-17
  1.804018822129853E+03  -3.8676835E-18
  1.805563698723111E+03  -5.7613930E-17
  1.807108584191472E+03   3.2312974E-17
  1.808653478535087E+03   1.5531569E-16
  1.810198381754112E+03   1.2151613E-16
  1.811743293848697E+03   8.3574610E-17
  1.813288214818997E+03   3.5786130E-17
  1.814833144665164E+03  -2.8906760E-17
  1.816378083387351E+03   2.0859931E-16
  1.817923030985712E+03   7.0038263E-17
  1.819467987460398E+03  -1.0792640E-17
  1.821012952811564E+03  -4.1850660E-17
  1.822557927039362E+03   1.2051474E-16
  1.824102910143946E+03   4.4959837E-17
  1.825647902125467E+03   2.5729517E-17
  1.827192902984080E+03   1.1029520E-16
  1.828737912719937E+03  -6.5295811E-17
  1.830282931333191E+03  -1.8820565E-16
  1.831827958823995E+03   3.5487091E-17
  1.833372995192503E+03   9.7397050E-17
  1.834918040438868E+03   4.1328299E-17
  1.836463094563241E+03   7.2815584E-18
  1.838008157565777E+03   2.0658424E-16
  1.839553229446629E+03   7.4214618E-17
  1.841098310205949E+03  -1.8108870E-17
  1.842643399843891E+03   1.4373783E-16
  1.844188498360607E+03   1.1033605E-16
  1.845733605756251E+03   2.4096663E-16
  1.847278722030976E+03   8.4348328E-17
  1.848823847184935E+03   3.5632688E-17
  1.850368981218281E+03  -6.8462596E-17
  1.851914124131166E+03   1.1165163E-17
  1.853459275923745E+03   1.2369836E-16
  1.855004436596170E+03  -9.1176572E-17
  1.856549606148595E+03  -1.2687249E-17
  1.858094784581171E+03  -7.1321074E-17
  1.859639971894054E+03  -7.1190512E-17
  1.861185168087395E+03   1.6526967E-16
  1.862730373161348E+03  -3.9012243E-17
  1.864275587116065E+03   5.7748820E-17
  1.865820809951701E+03   2.0065964E-17
  1.867366041668407E+03   8.6892207E-17
  1.868911282266339E+03   6.5864997E-18
  1.870456531745647E+03   5.3435917E-18
  1.872001790106486E+03   1.1333528E-16
  1.873547057349008E+03  -7.3069535E-17
  1.875092333473367E+03  -8.7569701E-17
  1.876637618479717E+03   2.1685863E-16
  1.878182912368209E+03   1.0174744E-16
  1.879728215138998E+03   1.2621838E-16
  1.881273526792236E+03  -6.9286448E-17
  1.882818847328077E+03   1.2852845E-16
  1.884364176746674E+03  -1.9516013E-17
  1.885909515048179E+03  -1.6608980E-18
  1.887454862232747E+03   8.4350494E-18
  1.889000218300530E+03   1.0689127E-16
  1.890545583251682E+03  -2.6045060E-17
  1.892090957086356E+03   4.1157470E-17
  1.893636339804704E+03   1.4235423E-17
  1.895181731406881E+03   3.0636245E-17
  1.896727131893039E+03   1.1102172E-16
  1.898272541263331E+03  -8.0364129E-18
  1.899817959517912E+03   5.0426594E-17
  1.901363386656933E+03   9.1815468E-18
  1.902908822680548E+03   2.4902552E-17
  1.904454267588912E+03   1.6174642E-16
  1.905999721382176E+03  -3.5148931E-19
  1.907545184060494E+03  -1.0522092E-17
  1.909090655624019E+03   8.2251995E-17
  1.910636136072904E+03   9.9082612E-17
  1.912181625407304E+03   4.3792844E-17
  1.913727123627370E+03   4.8289150E-18
  1.915272630733256E+03   1.1108653E-16
  1.916818146725116E+03   8.2302645E-17
  1.918363671603104E+03  -3.6424961E-17
  1.919909205367370E+03  -9.5777820E-17
  1.921454748018071E+03   8.8317452E-17
  1.923000299555358E+03  -7.1540163E-18
  1.924545859979384E+03   2.7149952E-17
  1.926091429290305E+03  -1.9059007E-17
  1.927637007488271E+03   1.9833182E-17
  1.929182594573438E+03   6.0194079E-17
  1.930728190545957E+03   4.5358654E-17
  1.932273795405983E+03   5.1074353E-17
  1.933819409153669E+03   5.5237374E-17
  1.935365031789168E+03  -5.5094092E-18
  1.936910663312633E+03   5.4681211E-17
  1.938456303724218E+03  -1.1702554E-17
  1.940001953024076E+03   1.9165830E-16
  1.941547611212361E+03   1.1123878E-18
  1.943093278289225E+03  -4.4919838E-17
  1.944638954254822E+03   4.5036557E-17
  1.946184639109306E+03  -2.7129961E-18
  1.947730332852830E+03   3.1601949E-17
  1.949276035485547E+03  -5.7754432E-17
  1.950821747007610E+03   5.7022920E-17
  1.952367467419173E+03  -4.1619013E-17
  1.953913196720390E+03  -2.5669731E-17
  1.955458934911413E+03  -8.4668454E-17
  1.957004681992397E+03   4.3703469E-17
  1.958550437963493E+03  -3.6938685E-18
  1.960096202824857E+03   6.5620324E-17
  1.961641976576641E+03   7.7618255E-17
  1.963187759218998E+03   3.0872356E-17
  1.964733550752082E+03  -3.1622959E-17
  1.966279351176047E+03   1.2781425E-17
  1.967825160491046E+03  -1.1140091E-16
  1.969370978697232E+03   1.2310498E-16
  1.970916805794759E+03   9.8367789E-17
  1.972462641783779E+03   1.5385021E-16
  1.974008486664448E+03  -1.8714255E-17
  1.975554340436917E+03  -5.7549840E-17
  1.977100203101341E+03   4.6153631E-17
  1.978646074657873E+03   8.1702039E-17
  1.980191955106666E+03   1.4553882E-17
  1.981737844447874E+03   8.3417300E-17
  1.983283742681650E+03  -9.5796462E-17
  1.984829649808147E+03   3.0323424E-18
  1.986375565827520E+03   2.3884311E-17
  1.987921490739922E+03   9.2443991E-17
  1.989467424545505E+03   7.7172818E-19
  1.991013367244424E+03   1.1545813E-17
  1.992559318836833E+03  -4.7212207E-17
  1.994105279322884E+03  -1.9195475E-18
  1.995651248702731E+03   3.0009064E-17
  1.997197226976527E+03  -5.9662494E-18
  1.998743214144426E+03   1.8607669E-17
  2.000289210206583E+03   5.2335225E-18
  2.001835215163149E+03   2.3439567E-17
  2.003381229014278E+03   9.4662960E-17
  2.004927251760125E+03  -2.9981161E-17
  2.006473283400843E+03   5.4316186E-17
  2.008019323936585E+03   1.0075267E-17
  2.009565373367504E+03   4.0914262E-17
  2.011111431693754E+03  -2.3058740E-17
  2.012657498915490E+03   3.1106785E-17
  2.014203575032863E+03   6.6772348E-17
  2.015749660046029E+03   1.9816748E-17
  2.017295753955140E+03  -5.3573002E-18
  2.018841856760350E+03   5.1287967E-17
  2.020387968461813E+03   1.0087925E-16
  2.021934089059681E+03  -1.5804965E-17
  2.023480218554110E+03  -8.5993688E-18
  2.025026356945251E+03   3.8954288E-18
  2.026572504233260E+03   1.3642237E-17
  2.028118660418289E+03   1.6487677E-17
  2.029664825500492E+03  -8.7639131E-17
  2.031210999480023E+03   8.6721066E-17
  2.032757182357034E+03  -7.7133690E-18
  2.034303374131681E+03  -2.1989253E-17
  2.035849574804116E+03   6.2037434E-17
  2.037395784374493E+03  -5.0794954E-17
  2.038942002842966E+03  -1.3239055E-17
  2.040488230209688E+03   1.8185710E-17
  2.042034466474813E+03   4.3018657E-18
  2.043580711638495E+03   5.8056968E-17
  2.045126965700886E+03   1.0933283E-16
  2.046673228662142E+03  -1.9878867E-17
  2.048219500522415E+03   4.5763288E-18
  2.049765781281859E+03  -7.3975722E-18
  2.051312070940628E+03   4.7499881E-17
  2.052858369498876E+03   9.1566055E-17
  2.054404676956754E+03  -3.1288408E-17
  2.055950993314420E+03  -3.2478513E-18
  2.057497318572024E+03  -3.8662744E-18
  2.059043652729722E+03   9.1365196E-17
  2.060589995787666E+03   6.8986876E-17
  2.062136347746011E+03  -9.8962181E-17
  2.063682708604911E+03   4.9855152E-17
  2.065229078364517E+03  -2.1651737E-17
  2.066775457024986E+03   1.3069699E-17
  2.068321844586469E+03   7.4875066E-17
  2.069868241049122E+03  -3.7269119E-18
  2.071414646413097E+03  -4.0655477E-17
  2.072961060678549E+03   1.3727936E-16
  2.074507483845630E+03  -1.8691880E-17
  2.076053915914496E+03   2.4913939E-17
  2.077600356885298E+03   7.1811414E-17
  2.079146806758193E+03   1.8696032E-17
  2.080693265533332E+03  -5.4432550E-18
  2.082239733210870E+03   6.0708003E-17
  2.083786209790961E+03   6.9679054E-17
  2.085332695273757E+03   7.5077176E-17
  2.086879189659414E+03   4.8557782E-17
  2.088425692948084E+03  -4.6836561E-17
  2.089972205139923E+03   1.8722937E-17
  2.091518726235082E+03   5.4449405E-17
  2.093065256233716E+03   1.0586655E-18
  2.094611795135979E+03  -2.0881450E-17
  2.096158342942025E+03   5.7631950E-17
  2.097704899652007E+03  -2.0757322E-18
  2.099251465266079E+03  -3.3407661E-17
  2.100798039784396E+03   3.8632908E-17
  2.102344623207110E+03   1.4005154E-16
  2.103891215534375E+03   1.0289313E-16
  2.105437816766346E+03   4.2180897E-17
  2.106984426903176E+03  -1.5090870E-17
  2.108531045945020E+03   6.3788002E-19
  2.110077673892030E+03   2.5568502E-17
  2.111624310744361E+03  -2.4676841E-17
  2.113170956502166E+03   9.2189504E-17
  2.114717611165599E+03   2.5987072E-17
  2.116264274734815E+03  -2.7154019E-18
  2.117810947209967E+03   5.6456433E-17
  2.119357628591208E+03   6.1746068E-17
  2.120904318878694E+03   3.1262414E-18
  2.122451018072577E+03   2.6456841E-17
  2.123997726173011E+03   2.6889068E-17
  2.125544443180150E+03   5.9010840E-17
  2.127091169094149E+03   9.4182659E-17
  2.128637903915161E+03   8.0397632E-20
  2.130184647643339E+03  -3.8490077E-17
  2.131731400278839E+03   1.9214511E-17
  2.133278161821813E+03   2.7483620E-17
  2.134824932272415E+03   5.3356670E-19
  2.136371711630801E+03   3.9075926E-17
  2.137918499897122E+03   3.5694587E-17
  2.139465297071534E+03  -5.6617014E-18
  2.141012103154190E+03   2.6673817E-17
  2.142558918145244E+03   2.3253466E-17
  2.144105742044850E+03   1.6595849E-17
  2.145652574853162E+03   3.9878414E-17
  2.147199416570334E+03  -4.1534401E-18
  2.148746267196520E+03   3.5922664E-17
  2.150293126731873E+03   2.1580777E-17
  2.151839995176548E+03  -1.6002668E-17
  2.153386872530698E+03   5.7541383E-17
  2.154933758794478E+03   1.6493076E-17
  2.156480653968042E+03  -5.0543905E-17
  2.158027558051544E+03   9.8785323E-17
  2.159574471045136E+03   1.2248663E-17
  2.161121392948974E+03   6.2490187E-17
  2.162668323763211E+03  -2.6285492E-17
  2.164215263488002E+03  -3.6316981E-17
  2.165762212123500E+03   3.5683880E-17
  2.167309169669859E+03   2.6230610E-17
  2.168856136127234E+03  -1.8167624E-17
  2.170403111495777E+03   2.1062204E-17
  2.171950095775645E+03   7.0589794E-17
  2.173497088966989E+03  -3.8630645E-17
  2.175044091069965E+03   7.6310042E-18
  2.176591102084727E+03   2.9874733E-17
  2.178138122011427E+03  -1.3887426E-17
  2.179685150850221E+03   9.8029770E-18
  2.181232188601262E+03   2.9785017E-17
  2.182779235264705E+03   2.9265541E-17
  2.184326290840703E+03   2.1975484E-17
  2.185873355329411E+03   4.8285193E-17
  2.187420428730981E+03   1.6753572E-17
  2.188967511045570E+03   2.2311346E-17
  2.190514602273330E+03   5.9367937E-17
  2.192061702414416E+03   3.4848229E-17
  2.193608811468981E+03  -1.7321409E-18
  2.195155929437180E+03   3.2725250E-17
  2.196703056319168E+03   3.3818158E-17
  2.198250192115097E+03  -3.1457252E-17
  2.199797336825122E+03   5.0992703E-18
  2.201344490449398E+03   1.1169377E-17
  2.202891652988077E+03   4.8425760E-17
  2.204438824441315E+03   2.9601092E-18
  2.205986004809265E+03   2.0391744E-17
  2.207533194092081E+03  -1.1306837E-18
  2.209080392289919E+03   1.7785427E-17
  2.210627599402931E+03   3.7923333E-17
  2.212174815431271E+03  -1.3386256E-17
  2.213722040375095E+03   1.9047134E-17
  2.215269274234555E+03  -9.0523701E-18
  2.216816517009807E+03   2.4571688E-17
  2.218363768701004E+03   4.5139928E-17
  2.219911029308300E+03  -3.4435420E-17
  2.221458298831850E+03  -6.5485255E-17
  2.223005577271808E+03   9.8179961E-18
  2.224552864628327E+03  -4.4626274E-18
  2.226100160901563E+03  -1.9993460E-17
  2.227647466091669E+03   2.3122697E-17
  2.229194780198799E+03  -1.0722565E-17
  2.230742103223108E+03  -4.6769636E-17
  2.232289435164749E+03   3.6978004E-17
  2.233836776023878E+03   1.0891666E-17
  2.235384125800646E+03  -3.6842744E-18
  2.236931484495211E+03   2.6402879E-18
  2.238478852107725E+03  -2.8738528E-17
  2.240026228638342E+03   1.0920299E-16
  2.241573614087217E+03   3.2423313E-17
  2.243121008454504E+03   7.6112898E-17
  2.244668411740357E+03  -1.4415285E-17
  2.246215823944931E+03   1.7538310E-17
  2.247763245068380E+03   2.3142487E-17
  2.249310675110857E+03  -2.7140096E-18
  2.250858114072517E+03   2.5411978E-17
  2.252405561953515E+03  -3.4866490E-18
  2.253953018754004E+03  -1.4073029E-17
  2.255500484474139E+03  -1.0747568E-17
  2.257047959114074E+03  -5.9895329E-18
  2.258595442673963E+03  -2.3753017E-18
  2.260142935153960E+03   1.2903253E-16
  2.261690436554221E+03   6.3210237E-17
  2.263237946874899E+03  -8.7292122E-18
  2.264785466116147E+03  -4.0996970E-18
  2.266332994278122E+03   1.2260519E-18
  2.267880531360976E+03   1.4302627E-18
  2.269428077364864E+03   1.9999670E-17
  2.270975632289941E+03   1.5446882E-17
  2.272523196136360E+03  -9.8664408E-18
  2.274070768904276E+03   4.2275507E-17
  2.275618350593844E+03  -2.8521224E-17
  2.277165941205217E+03   5.7719267E-17
  2.278713540738550E+03  -3.9236634E-18
  2.280261149193997E+03  -9.0998470E-18
  2.281808766571713E+03   3.2142293E-17
  2.283356392871851E+03   3.7045462E-17
  2.284904028094567E+03  -6.5367919E-18
  2.286451672240014E+03  -3.7847957E-17
  2.287999325308346E+03   1.5676528E-17
  2.289546987299720E+03   4.7847076E-18
  2.291094658214287E+03   3.0508138E-17
  2.292642338052203E+03  -2.4465445E-17
  2.294190026813622E+03  -1.1973939E-17
  2.295737724498700E+03   3.9264182E-17
  2.297285431107588E+03   6.8209108E-17
  2.298833146640443E+03   1.4707392E-17
  2.300380871097419E+03   2.3725533E-17
  2.301928604478669E+03   3.3086275E-17
  2.303476346784349E+03   5.2198700E-17
  2.305024098014613E+03   3.7692417E-17
  2.306571858169615E+03   6.0849437E-17
  2.308119627249509E+03   1.6468637E-17
  2.309667405254450E+03   4.3018249E-17
  2.311215192184593E+03   4.1807055E-17
  2.312762988040090E+03  -7.9365134E-18
  2.314310792821098E+03   1.1557680E-17
  2.315858606527771E+03   7.6167221E-17
  2.317406429160263E+03  -6.4448313E-18
  2.318954260718728E+03   3.1494796E-17
  2.320502101203321E+03   9.3773587E-18
  2.322049950614195E+03   1.0921429E-17
  2.323597808951507E+03  -1.5330843E-17
  2.325145676215409E+03   9.0983606E-18
  2.326693552406058E+03   6.6925139E-17
  2.328241437523606E+03  -9.8318233E-19
  2.329789331568208E+03  -2.9690163E-18
  2.331337234540020E+03  -1.4062458E-17
  2.332885146439194E+03  -2.4885595E-17
  2.334433067265887E+03   4.7444393E-17
  2.335980997020252E+03  -3.1209618E-18
  2.337528935702443E+03   2.3689063E-17
  2.339076883312616E+03   4.9895286E-17
  2.340624839850924E+03   7.3440331E-17
  2.342172805317522E+03   9.5525392E-19
  2.343720779712566E+03   4.2383709E-17
  2.345268763036208E+03   3.8501568E-17
  2.346816755288604E+03   5.5281311E-17
  2.348364756469908E+03   6.1187086E-17
  2.349912766580275E+03   3.6392628E-17
  2.351460785619859E+03   3.1655027E-17
  2.353008813588815E+03   5.6202321E-19
  2.354556850487297E+03   3.8845318E-17
  2.356104896315460E+03   4.2903019E-17
  2.357652951073458E+03   2.4026399E-17
  2.359201014761446E+03   2.7164818E-17
  2.360749087379578E+03   5.0575371E-17
  2.362297168928009E+03   1.8445032E-17
  2.363845259406894E+03   4.6163593E-17
  2.365393358816386E+03   9.4602306E-18
  2.366941467156642E+03   1.9944549E-17
  2.368489584427814E+03   7.1921741E-18
  2.370037710630058E+03   4.5911618E-17
  2.371585845763529E+03   7.5014111E-17
  2.373133989828380E+03   7.1345995E-17
  2.374682142824766E+03   7.0961257E-17
  2.376230304752843E+03   3.3270000E-18
  2.377778475612764E+03  -2.7621557E-17
  2.379326655404685E+03   2.8794445E-18
  2.380874844128759E+03   1.1805662E-17
  2.382423041785142E+03   5.4210648E-17
  2.383971248373987E+03   1.4545945E-17
  2.385519463895450E+03   1.2689732E-17
  2.387067688349687E+03  -3.2627248E-18
  2.388615921736849E+03   1.1062573E-16
  2.390164164057093E+03   4.3637688E-17
  2.391712415310572E+03   2.5299642E-17
  2.393260675497443E+03  -2.2831109E-18
  2.394808944617860E+03   3.1750709E-17
  2.396357222671976E+03   2.8939476E-17
  2.397905509659946E+03   3.0751839E-17
  2.399453805581926E+03   3.5282360E-17
  2.401002110438071E+03   4.8474226E-17
  2.402550424228533E+03   2.0194872E-17
  2.404098746953469E+03   8.6540688E-17
  2.405647078613034E+03   3.3043288E-17
  2.407195419207380E+03   2.6695229E-17
  2.408743768736664E+03  -2.7430437E-17
  2.410292127201040E+03   1.8513018E-17
  2.411840494600663E+03  -4.7024639E-18
  2.413388870935687E+03   1.4168775E-17
  2.414937256206267E+03   4.3495099E-17
  2.416485650412559E+03   6.7489703E-18
  2.418034053554715E+03   4.3264487E-17
  2.419582465632891E+03   1.2150198E-17
  2.421130886647243E+03   6.4060275E-17
  2.422679316597925E+03   2.0922622E-17
  2.424227755485090E+03  -1.9564921E-17
  2.425776203308895E+03  -4.0383537E-18
  2.427324660069493E+03   5.6951180E-17
  2.428873125767041E+03  -9.1237070E-18
  2.430421600401691E+03  -3.3971899E-19
  2.431970083973599E+03   6.5718017E-17
  2.433518576482921E+03   7.8953810E-18
  2.435067077929809E+03  -4.7259488E-18
  2.436615588314421E+03   5.9772488E-17
  2.438164107636909E+03   3.3582848E-17
  2.439712635897428E+03  -1.2285137E-18
  2.441261173096135E+03   1.4304705E-18
  2.442809719233183E+03   7.6396886E-17
  2.444358274308727E+03   3.7398788E-18
  2.445906838322923E+03   3.1129594E-18
  2.447455411275924E+03   1.9599969E-17
  2.449003993167885E+03   3.4003310E-17
  2.450552583998962E+03   3.7364989E-17
  2.452101183769309E+03   7.4918416E-17
  2.453649792479081E+03   2.3593209E-17
  2.455198410128432E+03   1.8442929E-18
  2.456747036717518E+03   2.3413463E-17
  2.458295672246494E+03   3.3252375E-18
  2.459844316715514E+03   1.6227532E-17
  2.461392970124733E+03   3.9539240E-17
  2.462941632474306E+03  -3.4164538E-17
  2.464490303764388E+03   3.1587622E-17
  2.466038983995133E+03   3.3746123E-17
  2.467587673166696E+03   2.5667186E-17
  2.469136371279233E+03   3.7567963E-17
  2.470685078332898E+03   2.4659015E-17
  2.472233794327846E+03   2.3869364E-17
  2.473782519264232E+03   2.0914516E-17
  2.475331253142210E+03   7.7566268E-17
  2.476879995961936E+03   2.0988280E-17
  2.478428747723565E+03   1.0945763E-17
  2.479977508427251E+03   1.4112052E-17
  2.481526278073150E+03  -3.3985596E-17
  2.483075056661415E+03   6.4953497E-18
  2.484623844192203E+03  -3.6699258E-17
  2.486172640665667E+03   3.3178866E-17
  2.487721446081963E+03   2.4139347E-17
  2.489270260441247E+03   3.7128005E-17
  2.490819083743671E+03   1.4809731E-17
  2.492367915989392E+03   4.9588713E-17
  2.493916757178566E+03  -3.3557023E-17
  2.495465607311345E+03   1.6233833E-17
  2.497014466387885E+03   2.3343902E-17
  2.498563334408343E+03   6.0753074E-17
  2.500112211372871E+03   3.0383952E-17
  2.501661097281626E+03   6.9609135E-18
  2.503209992134762E+03   3.3811917E-17
  2.504758895932433E+03   4.7911515E-17
  2.506307808674797E+03   3.0428428E-17
  2.507856730362006E+03   6.2658356E-17
  2.509405660994216E+03  -2.5635432E-17
  2.510954600571582E+03   5.8826551E-17
  2.512503549094259E+03  -1.1388431E-18
  2.514052506562402E+03   8.3487763E-17
  2.515601472976166E+03   6.4614783E-17
  2.517150448335705E+03   4.5665780E-17
  2.518699432641176E+03   4.8422773E-17
  2.520248425892733E+03   6.3850032E-17
  2.521797428090531E+03   2.8404823E-17
  2.523346439234725E+03   4.8044301E-17
  2.524895459325469E+03   4.4427110E-17
  2.526444488362920E+03   6.4154044E-17
  2.527993526347231E+03  -1.0218468E-17
  2.529542573278559E+03   9.0014132E-17
  2.531091629157057E+03   1.9763777E-17
  2.532640693982882E+03   2.6952688E-17
  2.534189767756188E+03  -4.5480020E-18
  2.535738850477130E+03   3.5846639E-17
  2.537287942145863E+03   2.6571326E-17
  2.538837042762543E+03   1.8935402E-17
  2.540386152327324E+03   7.4610480E-17
  2.541935270840361E+03   3.1895135E-17
  2.543484398301810E+03   4.0228480E-17
  2.545033534711825E+03   1.4630764E-17
  2.546582680070563E+03  -6.6179946E-18
  2.548131834378176E+03   9.0037928E-17
  2.549680997634822E+03   5.2991026E-17
  2.551230169840654E+03   3.5195288E-17
  2.552779350995828E+03   7.7113754E-17
  2.554328541100499E+03   1.8518575E-17
  2.555877740154823E+03   5.2999288E-17
  2.557426948158954E+03   5.1065175E-17
  2.558976165113048E+03  -1.7661125E-17
  2.560525391017258E+03   3.7629829E-17
  2.562074625871741E+03   3.3031271E-17
  2.563623869676653E+03   8.6833417E-17
  2.565173122432147E+03   2.7310728E-17
  2.566722384138378E+03   6.8977394E-17
  2.568271654795504E+03   5.3047357E-17
  2.569820934403677E+03   2.1565235E-17
  2.571370222963054E+03   5.5541492E-17
  2.572919520473790E+03   4.7842045E-17
  2.574468826936039E+03   2.0617980E-17
  2.576018142349958E+03   4.3215786E-17
  2.577567466715700E+03   2.8681902E-17
  2.579116800033421E+03   6.8247000E-17
  2.580666142303278E+03   2.0506833E-17
  2.582215493525423E+03   2.7964584E-17
  2.583764853700014E+03   3.4106225E-17
  2.585314222827205E+03   2.3295328E-17
  2.586863600907150E+03   1.2769119E-17
  2.588412987940007E+03   1.4736608E-17
  2.589962383925928E+03   4.6794358E-17
  2.591511788865070E+03   1.1882013E-17
  2.593061202757589E+03   5.3127333E-18
  2.594610625603639E+03  -5.6429480E-18
  2.596160057403375E+03   3.1362593E-17
  2.597709498156952E+03   8.7411424E-17
  2.599258947864527E+03  -2.4484826E-17
  2.600808406526254E+03   1.7221014E-17
  2.602357874142288E+03   3.7159332E-17
  2.603907350712785E+03   1.6236839E-17
  2.605456836237899E+03   3.1353421E-17
  2.607006330717787E+03   4.5142075E-17
  2.608555834152603E+03   4.3999520E-17
  2.610105346542503E+03   9.2364847E-17
  2.611654867887642E+03   2.6908558E-17
  2.613204398188174E+03   3.5756857E-17
  2.614753937444256E+03   6.0900987E-17
  2.616303485656043E+03   9.1890336E-18
  2.617853042823690E+03   1.8306147E-17
  2.619402608947352E+03   5.5130850E-17
  2.620952184027185E+03   4.8013289E-18
  2.622501768063344E+03   3.2353171E-17
  2.624051361055983E+03   3.4965570E-17
  2.625600963005259E+03   3.7269119E-17
  2.627150573911327E+03   3.5706343E-17
  2.628700193774342E+03   7.8188586E-18
  2.630249822594460E+03  -1.0300885E-17
  2.631799460371835E+03   2.9728497E-17
  2.633349107106623E+03   7.6186676E-18
  2.634898762798980E+03   5.3237807E-17
  2.636448427449060E+03   2.4380773E-17
  2.637998101057020E+03   5.8387781E-17
  2.639547783623013E+03   4.5481057E-17
  2.641097475147197E+03   2.5846805E-17
  2.642647175629726E+03  -3.7106955E-17
  2.644196885070755E+03   1.6008281E-17
  2.645746603470440E+03   5.8849124E-18
  2.647296330828936E+03  -1.7589668E-17
  2.648846067146399E+03   5.3314229E-17
  2.650395812422984E+03   2.7938694E-17
  2.651945566658846E+03  -2.8448631E-18
  2.653495329854141E+03   4.7591473E-17
  2.655045102009024E+03   1.5467907E-17
  2.656594883123651E+03   2.9235826E-18
  2.658144673198176E+03   5.7819779E-17
  2.659694472232756E+03   2.2233374E-17
  2.661244280227546E+03   6.2635096E-18
  2.662794097182700E+03   3.7229854E-17
  2.664343923098376E+03   7.5075170E-17
  2.665893757974727E+03   3.4882954E-17
  2.667443601811909E+03   3.9684410E-17
  2.668993454610079E+03   7.6344317E-17
  2.670543316369391E+03   1.5593652E-17
  2.672093187090000E+03   7.5574146E-17
  2.673643066772062E+03   7.0822423E-17
  2.675192955415734E+03   4.9472630E-17
  2.676742853021169E+03   2.0462991E-17
  2.678292759588523E+03   3.1230082E-17
  2.679842675117954E+03   4.6148621E-17
  2.681392599609614E+03   5.7779803E-17
  2.682942533063660E+03   4.1983112E-17
  2.684492475480247E+03   6.4540893E-17
  2.686042426859532E+03   5.7143185E-17
  2.687592387201668E+03   5.2730296E-17
  2.689142356506813E+03   7.4899153E-17
  2.690692334775121E+03   1.3916589E-17
  2.692242322006748E+03   1.3331520E-17
  2.693792318201849E+03   7.9042501E-17
  2.695342323360579E+03   5.0829911E-17
  2.696892337483096E+03   5.0490628E-17
  2.698442360569553E+03   9.4906766E-17
  2.699992392620107E+03   8.3597693E-18
  2.701542433634912E+03   5.5452094E-17
  2.703092483614125E+03   1.0052795E-16
  2.704642542557901E+03   6.1750111E-17
  2.706192610466395E+03   1.3698385E-16
  2.707742687339764E+03   1.3969379E-16
  2.709292773178162E+03   9.2689062E-17
  2.710842867981746E+03   1.0960764E-16
  2.712392971750669E+03   8.6444146E-17
  2.713943084485090E+03   2.0752903E-17
  2.715493206185162E+03   6.2722333E-17
  2.717043336851042E+03   8.1722215E-17
  2.718593476482885E+03   1.1034817E-16
  2.720143625080846E+03   5.6360626E-17
  2.721693782645081E+03   1.3359306E-16
  2.723243949175746E+03   8.5130127E-17
  2.724794124672997E+03   1.3517362E-16
  2.726344309136989E+03   6.5969149E-17
  2.727894502567876E+03   9.1473940E-17
  2.729444704965817E+03   1.0533912E-16
  2.730994916330964E+03   7.8138359E-17
  2.732545136663476E+03   1.4259002E-16
  2.734095365963506E+03   1.2200140E-16
  2.735645604231211E+03   1.0570317E-16
  2.737195851466746E+03   1.1131823E-16
  2.738746107670267E+03   9.0256654E-17
  2.740296372841929E+03   1.3211562E-16
  2.741846646981890E+03   7.9515919E-17
  2.743396930090302E+03   2.0342343E-16
  2.744947222167323E+03   1.5395763E-16
  2.746497523213108E+03   9.9253302E-17
  2.748047833227813E+03   1.0798264E-16
  2.749598152211593E+03   9.9625203E-17
  2.751148480164604E+03   9.4668227E-17
  2.752698817087003E+03   1.2131366E-16
  2.754249162978943E+03   1.4727910E-16
  2.755799517840582E+03   9.7871732E-17
  2.757349881672075E+03   1.1857033E-16
  2.758900254473577E+03   1.2105224E-16
  2.760450636245244E+03   1.5422784E-16
  2.762001026987232E+03   1.7209973E-16
  2.763551426699698E+03   1.0414360E-16
  2.765101835382795E+03   9.9644102E-17
  2.766652253036680E+03   7.7259721E-17
  2.768202679661509E+03   1.2777935E-16
  2.769753115257438E+03   1.4858674E-16
  2.771303559824622E+03   1.1710878E-16
  2.772854013363216E+03   1.3910336E-16
  2.774404475873378E+03   1.5961832E-16
  2.775954947355262E+03   1.3140622E-16
  2.777505427809024E+03   1.0598035E-16
  2.779055917234820E+03   1.4811009E-16
  2.780606415632806E+03   1.4236505E-16
  2.782156923003137E+03   1.1527957E-16
  2.783707439345969E+03   1.2440194E-16
  2.785257964661459E+03   1.0965201E-16
  2.786808498949761E+03   1.3332526E-16
  2.788359042211031E+03   1.4055651E-16
  2.789909594445426E+03   1.7851521E-16
  2.791460155653101E+03   1.9672376E-16
  2.793010725834212E+03   1.3756792E-16
  2.794561304988915E+03   1.6135574E-16
  2.796111893117365E+03   9.5996487E-17
  2.797662490219718E+03   8.2936973E-17
  2.799213096296130E+03   1.3079447E-16
  2.800763711346758E+03   1.7368535E-16
  2.802314335371756E+03   1.4819763E-16
  2.803864968371281E+03   1.1674827E-16
  2.805415610345487E+03   1.6084461E-16
  2.806966261294533E+03   1.5523632E-16
  2.808516921218572E+03   1.4757953E-16
  2.810067590117761E+03   1.6636156E-16
  2.811618267992256E+03   1.5502232E-16
  2.813168954842212E+03   1.3757311E-16
  2.814719650667786E+03   1.2379753E-16
  2.816270355469133E+03   1.6960908E-16
  2.817821069246409E+03   1.1275398E-16
  2.819371791999771E+03   6.3385997E-17
  2.820922523729373E+03   1.2894764E-16
  2.822473264435373E+03   1.5611471E-16
  2.824024014117924E+03   1.2894752E-16
  2.825574772777184E+03   1.5690588E-16
  2.827125540413309E+03   1.9683704E-16
  2.828676317026453E+03   1.4805364E-16
  2.830227102616775E+03   2.3362677E-16
  2.831777897184428E+03   1.8998031E-16
  2.833328700729570E+03   1.5400712E-16
  2.834879513252355E+03   1.9808121E-16
  2.836430334752940E+03   1.6434005E-16
  2.837981165231481E+03   1.5620160E-16
  2.839532004688134E+03   2.1038956E-16
  2.841082853123054E+03   2.5210361E-16
  2.842633710536398E+03   1.9620133E-16
  2.844184576928321E+03   2.4067216E-16
  2.845735452298980E+03   2.2264939E-16
  2.847286336648530E+03   1.6671688E-16
  2.848837229977128E+03   1.8385820E-16
  2.850388132284929E+03   2.4360715E-16
  2.851939043572089E+03   2.6133740E-16
  2.853489963838765E+03   2.5353197E-16
  2.855040893085112E+03   2.2144322E-16
  2.856591831311285E+03   3.0875807E-16
  2.858142778517442E+03   2.2433628E-16
  2.859693734703739E+03   2.5845821E-16
  2.861244699870330E+03   2.5212359E-16
  2.862795674017373E+03   3.1249118E-16
  2.864346657145023E+03   2.4685515E-16
  2.865897649253435E+03   3.0856574E-16
  2.867448650342767E+03   2.9687917E-16
  2.868999660413174E+03   2.4247041E-16
  2.870550679464813E+03   2.5077885E-16
  2.872101707497839E+03   3.1205403E-16
  2.873652744512407E+03   3.1342750E-16
  2.875203790508675E+03   2.7543701E-16
  2.876754845486799E+03   2.6799387E-16
  2.878305909446933E+03   3.3384284E-16
  2.879856982389236E+03   3.5685731E-16
  2.881408064313861E+03   2.4698274E-16
  2.882959155220966E+03   2.8271350E-16
  2.884510255110707E+03   3.3866558E-16
  2.886061363983239E+03   3.6732280E-16
  2.887612481838719E+03   3.0796170E-16
  2.889163608677302E+03   3.8928827E-16
  2.890714744499146E+03   3.4530677E-16
  2.892265889304405E+03   3.1680853E-16
  2.893817043093236E+03   3.4935035E-16
  2.895368205865796E+03   3.5640420E-16
  2.896919377622239E+03   4.2615297E-16
  2.898470558362723E+03   4.0248271E-16
  2.900021748087403E+03   4.3576097E-16
  2.901572946796436E+03   3.9372606E-16
  2.903124154489977E+03   3.9900358E-16
  2.904675371168182E+03   4.9404001E-16
  2.906226596831209E+03   5.0849008E-16
  2.907777831479213E+03   4.3717914E-16
  2.909329075112350E+03   4.4393238E-16
  2.910880327730776E+03   4.6486349E-16
  2.912431589334647E+03   4.1031994E-16
  2.913982859924120E+03   4.6660208E-16
  2.915534139499350E+03   4.9191984E-16
  2.917085428060494E+03   4.3723245E-16
  2.918636725607708E+03   4.5858655E-16
  2.920188032141148E+03   4.5118962E-16
  2.921739347660971E+03   5.3291374E-16
  2.923290672167332E+03   5.1175772E-16
  2.924842005660387E+03   6.3799226E-16
  2.926393348140293E+03   4.5608415E-16
  2.927944699607207E+03   4.7701963E-16
  2.929496060061284E+03   5.1333569E-16
  2.931047429502679E+03   4.4646646E-16
  2.932598807931550E+03   5.1413561E-16
  2.934150195348053E+03   4.1789861E-16
  2.935701591752344E+03   4.5220135E-16
  2.937252997144580E+03   5.0212044E-16
  2.938804411524915E+03   4.8635097E-16
  2.940355834893508E+03   5.4077204E-16
  2.941907267250513E+03   4.5896131E-16
  2.943458708596087E+03   5.7326221E-16
  2.945010158930386E+03   5.3690390E-16
  2.946561618253567E+03   4.8285997E-16
  2.948113086565786E+03   4.3473161E-16
  2.949664563867199E+03   5.2738579E-16
  2.951216050157962E+03   4.7657366E-16
  2.952767545438232E+03   4.5979225E-16
  2.954319049708164E+03   5.1987521E-16
  2.955870562967916E+03   5.8225675E-16
  2.957422085217643E+03   5.1047780E-16
  2.958973616457501E+03   4.9366287E-16
  2.960525156687648E+03   5.0431616E-16
  2.962076705908238E+03   4.5281095E-16
  2.963628264119429E+03   5.3048091E-16
  2.965179831321377E+03   4.9159066E-16
  2.966731407514238E+03   4.8426086E-16
  2.968282992698168E+03   5.8631689E-16
  2.969834586873323E+03   4.7713821E-16
  2.971386190039861E+03   4.7227931E-16
  2.972937802197937E+03   4.9391269E-16
  2.974489423347708E+03   4.4924912E-16
  2.976041053489329E+03   3.4756745E-16
  2.977592692622958E+03   4.0237067E-16
  2.979144340748750E+03   4.0498207E-16
  2.980695997866862E+03   4.4621637E-16
  2.982247663977451E+03   5.5190438E-16
  2.983799339080672E+03   4.0203344E-16
  2.985351023176682E+03   5.0707167E-16
  2.986902716265638E+03   4.0738920E-16
  2.988454418347695E+03   4.8219600E-16
  2.990006129423010E+03   4.7843306E-16
  2.991557849491740E+03   5.1410130E-16
  2.993109578554040E+03   3.5846411E-16
  2.994661316610067E+03   4.1204802E-16
  2.996213063659979E+03   4.3636154E-16
  2.997764819703930E+03   5.6425343E-16
  2.999316584742077E+03   3.9263175E-16
  3.000868358774577E+03   3.9056369E-16
  3.002420141801586E+03   4.5297559E-16
  3.003971933823261E+03   4.3022116E-16
  3.005523734839758E+03   3.6600704E-16
  3.007075544851233E+03   3.4484204E-16
  3.008627363857843E+03   4.1201265E-16
  3.010179191859744E+03   4.7270362E-16
  3.011731028857092E+03   4.1745667E-16
  3.013282874850045E+03   5.0231023E-16
  3.014834729838758E+03   3.4809608E-16
  3.016386593823389E+03   5.5816676E-16
  3.017938466804092E+03   4.0006533E-16
  3.019490348781026E+03   4.1171198E-16
  3.021042239754345E+03   4.2169689E-16
  3.022594139724208E+03   4.6911120E-16
  3.024146048690769E+03   5.3580446E-16
  3.025697966654187E+03   4.3448147E-16
  3.027249893614616E+03   4.0904661E-16
  3.028801829572215E+03   3.6384419E-16
  3.030353774527138E+03   5.6527003E-16
  3.031905728479543E+03   3.8737951E-16
  3.033457691429586E+03   4.6758559E-16
  3.035009663377423E+03   4.4067379E-16
  3.036561644323212E+03   5.1305739E-16
  3.038113634267108E+03   5.3498733E-16
  3.039665633209269E+03   4.9509483E-16
  3.041217641149850E+03   4.4317267E-16
  3.042769658089008E+03   5.5054013E-16
  3.044321684026900E+03   5.5309854E-16
  3.045873718963682E+03   4.2031659E-16
  3.047425762899511E+03   5.3622458E-16
  3.048977815834543E+03   3.9602835E-16
  3.050529877768935E+03   5.3319189E-16
  3.052081948702843E+03   5.0441077E-16
  3.053634028636425E+03   6.2985153E-16
  3.055186117569835E+03   5.5095989E-16
  3.056738215503232E+03   4.8969447E-16
  3.058290322436771E+03   5.0311237E-16
  3.059842438370610E+03   5.2338716E-16
  3.061394563304904E+03   5.4600188E-16
  3.062946697239810E+03   3.6452719E-16
  3.064498840175486E+03   6.1226871E-16
  3.066050992112087E+03   5.9969350E-16
  3.067603153049770E+03   2.7497884E-16
  3.069155322988691E+03   6.1072828E-16
  3.070707501929008E+03   5.2672643E-16
  3.072259689870877E+03   4.4333382E-16
  3.073811886814455E+03   4.5305939E-16
  3.075364092759897E+03   5.7905983E-16
  3.076916307707361E+03   5.0751292E-16
  3.078468531657003E+03   5.0508289E-16
  3.080020764608981E+03   5.5317747E-16
  3.081573006563450E+03   5.7705210E-16
  3.083125257520567E+03   4.8574523E-16
  3.084677517480489E+03   5.3849701E-16
  3.086229786443373E+03   6.2702260E-16
  3.087782064409374E+03   6.3166370E-16
  3.089334351378651E+03   5.6460712E-16
  3.090886647351360E+03   5.3133630E-16
  3.092438952327656E+03   5.2916128E-16
  3.093991266307698E+03   2.8077805E-16
  3.095543589291640E+03   5.3890645E-16
  3.097095921279641E+03   6.4051949E-16
  3.098648262271856E+03   4.2587393E-16
  3.100200612268444E+03   5.3972500E-16
  3.101752971269559E+03   5.8075083E-16
  3.103305339275360E+03   4.7130951E-16
  3.104857716286002E+03   4.6945483E-16
  3.106410102301642E+03   5.2640710E-16
  3.107962497322438E+03   5.3599038E-16
  3.109514901348545E+03   4.3121553E-16
  3.111067314380121E+03   4.5832280E-16
  3.112619736417322E+03   7.0375039E-16
  3.114172167460305E+03   5.6196602E-16
  3.115724607509227E+03   4.9981567E-16
  3.117277056564244E+03   5.6572859E-16
  3.118829514625512E+03   5.1382051E-16
  3.120381981693190E+03   5.3267266E-16
  3.121934457767434E+03   5.5396945E-16
  3.123486942848400E+03   5.7024762E-16
  3.125039436936246E+03   5.5726176E-16
  3.126591940031127E+03   5.9120650E-16
  3.128144452133201E+03   5.4064901E-16
  3.129696973242624E+03   6.8911991E-16
  3.131249503359554E+03   9.2354935E-16
  3.132802042484147E+03   8.2538771E-16
  3.134354590616559E+03   9.2295082E-16
  3.135907147756948E+03   6.6723284E-16
  3.137459713905470E+03   7.5889620E-16
  3.139012289062283E+03   5.2082383E-16
  3.140564873227543E+03   7.4640459E-16
  3.142117466401407E+03   7.3592875E-16
  3.143670068584031E+03   8.4031015E-16
  3.145222679775572E+03   5.7750865E-16
  3.146775299976188E+03   7.2221915E-16
  3.148327929186035E+03   6.8726808E-16
  3.149880567405270E+03   8.7340262E-16
  3.151433214634049E+03   9.0326979E-16
  3.152985870872531E+03   7.3933075E-16
  3.154538536120871E+03   8.2201191E-16
  3.156091210379226E+03   6.9013063E-16
  3.157643893647753E+03   1.0041983E-15
  3.159196585926610E+03   7.5915466E-16
  3.160749287215952E+03   9.9478768E-16
  3.162301997515937E+03   7.7725924E-16
  3.163854716826721E+03   7.8686862E-16
  3.165407445148463E+03   7.6039985E-16
  3.166960182481317E+03   6.9675543E-16
  3.168512928825442E+03   7.0006934E-16
  3.170065684180994E+03   4.8576111E-16
  3.171618448548130E+03   9.9019666E-16
  3.173171221927007E+03   1.8865685E-15
  3.174724004317782E+03  -2.2039180E-17
