

  1.591366618101405E+03  -7.7376782E-15
  1.592910272385333E+03   8.6547455E-15
  1.594453935521854E+03  -3.2139431E-15
  1.595997607511119E+03  -6.0142550E-15
  1.597541288353282E+03  -6.4119784E-15
  1.599084978048493E+03   4.1048995E-16
  1.600628676596907E+03   6.6027611E-16
  1.602172383998675E+03  -6.4414713E-15
  1.603716100253948E+03  -5.7167177E-15
  1.605259825362881E+03  -3.3514944E-15
  1.606803559325625E+03  -2.9095793E-15
  1.608347302142332E+03  -3.3104348E-16
  1.609891053813154E+03   3.5159406E-16
  1.611434814338245E+03   2.1523065E-15
  1.612978583717756E+03  -1.3068841E-15
  1.614522361951841E+03   1.6565162E-15
  1.616066149040650E+03  -1.1665047E-15
  1.617609944984336E+03   1.0021082E-16
  1.619153749783053E+03  -1.5134813E-15
  1.620697563436952E+03  -6.8574437E-16
  1.622241385946185E+03   1.0371248E-15
  1.623785217310906E+03   7.8699377E-16
  1.625329057531265E+03  -1.4413335E-15
  1.626872906607417E+03   8.2848753E-16
  1.628416764539513E+03   6.1013087E-17
  1.629960631327706E+03   2.6887446E-16
  1.631504506972147E+03   6.8167729E-16
  1.633048391472990E+03   3.8997593E-16
  1.634592284830387E+03   5.8658110E-17
  1.636136187044490E+03  -9.3734847E-16
  1.637680098115452E+03  -6.5033877E-16
  1.639224018043425E+03   1.5078281E-16
  1.640767946828561E+03  -1.7494536E-16
  1.642311884471013E+03  -4.0799007E-16
  1.643855830970934E+03   6.8930355E-16
  1.645399786328476E+03  -3.5885509E-16
  1.646943750543791E+03   4.6595208E-16
  1.648487723617032E+03   2.0545509E-16
  1.650031705548351E+03  -2.2594652E-16
  1.651575696337901E+03   1.6130815E-16
  1.653119695985834E+03   7.5422725E-16
  1.654663704492302E+03  -2.8263827E-16
  1.656207721857459E+03   6.3892046E-17
  1.657751748081456E+03   9.7316595E-17
  1.659295783164446E+03   7.3095592E-16
  1.660839827106582E+03   7.8247258E-18
  1.662383879908016E+03  -1.3419609E-16
  1.663927941568901E+03  -2.8608024E-16
  1.665472012089388E+03  -6.0799158E-17
  1.667016091469631E+03   3.1550275E-18
  1.668560179709783E+03  -3.0192132E-16
  1.670104276809994E+03  -1.2060591E-17
  1.671648382770419E+03   8.2078075E-16
  1.673192497591210E+03  -2.6623463E-16
  1.674736621272519E+03   2.9879394E-16
  1.676280753814498E+03   1.7346166E-17
  1.677824895217301E+03   5.1615737E-16
  1.679369045481079E+03   1.5624128E-16
  1.680913204605986E+03   3.3992142E-16
  1.682457372592174E+03  -4.2013893E-16
  1.684001549439795E+03   1.5861389E-16
  1.685545735149002E+03  -8.9115072E-17
  1.687089929719948E+03   1.6394579E-16
  1.688634133152785E+03  -9.7707884E-17
  1.690178345447665E+03   2.9385026E-16
  1.691722566604742E+03   2.4698170E-16
  1.693266796624168E+03   3.7737398E-16
  1.694811035506095E+03   5.0529226E-16
  1.696355283250677E+03  -1.3252814E-16
  1.697899539858064E+03  -1.2490118E-16
  1.699443805328411E+03   4.1035054E-16
  1.700988079661870E+03  -2.2014925E-16
  1.702532362858594E+03   5.4414555E-17
  1.704076654918734E+03  -3.7155514E-17
  1.705620955842444E+03  -1.0513056E-17
  1.707165265629877E+03  -1.7277719E-16
  1.708709584281184E+03  -1.9246793E-16
  1.710253911796519E+03  -4.2815467E-17
  1.711798248176034E+03   1.0088321E-16
  1.713342593419881E+03   1.3228140E-16
  1.714886947528215E+03   7.2537711E-17
  1.716431310501186E+03   1.2469977E-16
  1.717975682338948E+03  -2.0171865E-16
  1.719520063041654E+03  -1.1091301E-16
  1.721064452609456E+03   1.3478458E-16
  1.722608851042506E+03   2.8772857E-16
  1.724153258340958E+03   5.1657449E-17
  1.725697674504964E+03  -1.3016312E-16
  1.727242099534677E+03   2.7383747E-16
  1.728786533430249E+03   3.1874337E-16
  1.730330976191833E+03   2.3979759E-16
  1.731875427819582E+03  -9.0834966E-17
  1.733419888313649E+03   2.9834663E-16
  1.734964357674186E+03  -2.4552309E-16
  1.736508835901345E+03  -8.6640115E-17
  1.738053322995280E+03   1.8242399E-16
  1.739597818956144E+03  -1.8890244E-16
  1.741142323784089E+03  -7.1934366E-17
  1.742686837479268E+03  -2.5313500E-16
  1.744231360041833E+03   8.4440132E-17
  1.745775891471937E+03   1.2889229E-16
  1.747320431769733E+03  -2.7025056E-17
  1.748864980935374E+03  -6.2998069E-17
  1.750409538969013E+03  -1.9779027E-16
  1.751954105870801E+03  -1.4540173E-16
  1.753498681640893E+03  -1.6952660E-16
  1.755043266279441E+03  -7.5740019E-17
  1.756587859786596E+03   1.8316616E-16
  1.758132462162513E+03   1.4635528E-16
  1.759677073407345E+03   8.4938657E-17
  1.761221693521243E+03   1.1898416E-16
  1.762766322504360E+03  -1.5504687E-17
  1.764310960356850E+03   3.8659762E-16
  1.765855607078865E+03   6.2666310E-17
  1.767400262670558E+03  -8.9747389E-17
  1.768944927132081E+03  -4.5312593E-17
  1.770489600463588E+03   4.0269687E-17
  1.772034282665232E+03   1.3069798E-16
  1.773578973737164E+03  -5.3646868E-17
  1.775123673679539E+03   2.1502962E-16
  1.776668382492508E+03  -4.5868852E-17
  1.778213100176225E+03  -8.0059536E-17
  1.779757826730842E+03   2.8643232E-16
  1.781302562156513E+03   3.0793615E-17
  1.782847306453390E+03   4.9613671E-17
  1.784392059621625E+03  -4.6333450E-17
  1.785936821661373E+03  -1.4495034E-16
  1.787481592572785E+03  -7.7274008E-17
  1.789026372356014E+03   5.2827662E-17
  1.790571161011214E+03  -2.1070895E-16
  1.792115958538537E+03   3.9943394E-17
  1.793660764938136E+03   1.8621368E-16
  1.795205580210164E+03  -1.2440529E-16
  1.796750404354774E+03  -8.8404862E-17
  1.798295237372118E+03  -6.3173788E-17
  1.799840079262350E+03   5.6448876E-17
  1.801384930025623E+03   4.9038374E-17
  1.802929789662089E+03   9.8591710E-17
  1.804474658171901E+03   6.6691774E-17
  1.806019535555212E+03   5.4829369E-18
  1.807564421812175E+03   1.0660803E-16
  1.809109316942944E+03  -1.3525066E-16
  1.810654220947670E+03   6.6601089E-17
  1.812199133826507E+03   4.9545717E-17
  1.813744055579608E+03  -5.4024460E-17
  1.815288986207125E+03  -7.8521834E-17
  1.816833925709212E+03  -1.6513990E-16
  1.818378874086022E+03  -7.1985413E-17
  1.819923831337706E+03   1.2188443E-16
  1.821468797464420E+03  -7.1187494E-17
  1.823013772466315E+03   5.0239695E-17
  1.824558756343544E+03  -8.2305510E-17
  1.826103749096260E+03  -2.0779738E-17
  1.827648750724616E+03  -3.1810209E-18
  1.829193761228766E+03   6.4816582E-17
  1.830738780608862E+03  -9.7736597E-17
  1.832283808865057E+03  -2.6813379E-16
  1.833828845997504E+03  -5.6160826E-17
  1.835373892006357E+03   8.3001242E-17
  1.836918946891767E+03  -6.2787654E-17
  1.838464010653889E+03   2.5558083E-17
  1.840009083292874E+03   1.3520569E-16
  1.841554164808877E+03  -1.2302104E-16
  1.843099255202050E+03  -1.0076021E-16
  1.844644354472546E+03  -7.9897786E-17
  1.846189462620518E+03  -5.9191404E-17
  1.847734579646119E+03   1.4466235E-16
  1.849279705549502E+03  -1.3256258E-16
  1.850824840330821E+03   6.7933538E-17
  1.852369983990228E+03  -8.9904712E-17
  1.853915136527876E+03   1.4886258E-17
  1.855460297943919E+03   1.3990450E-16
  1.857005468238508E+03   5.0072925E-17
  1.858550647411799E+03  -3.3357167E-17
  1.860095835463942E+03   1.2246257E-16
  1.861641032395093E+03   3.0121786E-18
  1.863186238205403E+03  -1.9441750E-17
  1.864731452895025E+03  -9.6097225E-17
  1.866276676464114E+03  -1.7146233E-18
  1.867821908912821E+03  -1.2368006E-16
  1.869367150241300E+03   4.2861644E-17
  1.870912400449704E+03   1.2034814E-16
  1.872457659538186E+03  -1.3052812E-17
  1.874002927506899E+03   1.3360927E-17
  1.875548204355996E+03  -5.6146790E-17
  1.877093490085631E+03  -6.0703377E-17
  1.878638784695957E+03   3.2848407E-18
  1.880184088187126E+03  -1.8787762E-17
  1.881729400559292E+03  -6.5332703E-17
  1.883274721812607E+03  -1.1361283E-16
  1.884820051947225E+03  -5.6645117E-17
  1.886365390963300E+03  -1.6159157E-16
  1.887910738860984E+03  -1.8792779E-16
  1.889456095640430E+03  -1.6297083E-17
  1.891001461301792E+03   8.6678675E-17
  1.892546835845222E+03   2.1833190E-18
  1.894092219270874E+03  -2.4049288E-18
  1.895637611578901E+03   5.4767767E-17
  1.897183012769457E+03  -1.7500426E-16
  1.898728422842693E+03  -4.2936335E-17
  1.900273841798764E+03   3.6789553E-17
  1.901819269637823E+03   1.0880217E-17
  1.903364706360022E+03  -9.5080917E-17
  1.904910151965516E+03  -8.8863080E-17
  1.906455606454457E+03  -9.0604626E-17
  1.908001069826997E+03  -4.4087168E-17
  1.909546542083292E+03   1.3308968E-16
  1.911092023223493E+03  -4.0651924E-17
  1.912637513247755E+03   3.8568534E-17
  1.914183012156229E+03   1.3362204E-17
  1.915728519949070E+03   5.8896815E-17
  1.917274036626431E+03   1.4531656E-17
  1.918819562188464E+03  -8.7247312E-17
  1.920365096635323E+03  -4.2065641E-17
  1.921910639967162E+03  -9.2810068E-17
  1.923456192184133E+03  -3.0562787E-18
  1.925001753286390E+03   5.6492525E-17
  1.926547323274087E+03  -1.7613771E-16
  1.928092902147375E+03  -3.9516807E-17
  1.929638489906409E+03   1.2947529E-16
  1.931184086551342E+03  -3.1351958E-17
  1.932729692082326E+03  -3.1127260E-17
  1.934275306499516E+03   1.4753759E-16
  1.935820929803065E+03   2.5283869E-17
  1.937366561993125E+03  -5.1158600E-17
  1.938912203069851E+03   4.7907383E-17
  1.940457853033395E+03   8.3939681E-17
  1.942003511883911E+03  -2.1180727E-17
  1.943549179621551E+03  -8.0805931E-17
  1.945094856246470E+03  -1.6488414E-17
  1.946640541758821E+03   4.3112230E-17
  1.948186236158757E+03   4.0778453E-18
  1.949731939446430E+03  -7.2727787E-18
  1.951277651621996E+03  -8.1668204E-18
  1.952823372685606E+03  -1.4342862E-17
  1.954369102637414E+03   2.8143758E-17
  1.955914841477574E+03  -8.8992729E-17
  1.957460589206239E+03  -2.2857496E-18
  1.959006345823562E+03  -7.3884169E-17
  1.960552111329696E+03  -4.8879750E-17
  1.962097885724795E+03  -8.6781609E-17
  1.963643669009013E+03   3.7423868E-17
  1.965189461182502E+03  -1.2059248E-16
  1.966735262245415E+03  -1.8191331E-17
  1.968281072197908E+03  -1.8831079E-17
  1.969826891040132E+03   1.6083815E-16
  1.971372718772241E+03  -4.6214147E-17
  1.972918555394388E+03   8.6964052E-17
  1.974464400906727E+03   1.5087561E-17
  1.976010255309411E+03   4.5223754E-17
  1.977556118602594E+03  -1.8814812E-17
  1.979101990786429E+03   5.1546347E-18
  1.980647871861069E+03  -7.3547970E-17
  1.982193761826668E+03   3.2703191E-18
  1.983739660683379E+03  -1.0583977E-16
  1.985285568431356E+03   9.8547519E-17
  1.986831485070752E+03   5.0021832E-17
  1.988377410601720E+03   5.9680810E-17
  1.989923345024414E+03  -1.6842692E-16
  1.991469288338988E+03   1.6815214E-17
  1.993015240545594E+03  -4.7606074E-17
  1.994561201644386E+03   2.9864039E-17
  1.996107171635517E+03   3.4301979E-17
  1.997653150519142E+03   5.9924319E-17
  1.999199138295414E+03  -3.8541604E-17
  2.000745134964485E+03   6.4402972E-17
  2.002291140526509E+03   1.2355621E-17
  2.003837154981641E+03  -2.6599271E-18
  2.005383178330033E+03  -7.7656338E-17
  2.006929210571838E+03   8.5407212E-17
  2.008475251707211E+03   5.8506352E-17
  2.010021301736305E+03  -8.1755332E-19
  2.011567360659273E+03  -1.0692041E-16
  2.013113428476269E+03   1.8018821E-18
  2.014659505187446E+03   6.6497360E-17
  2.016205590792958E+03  -3.0612204E-17
  2.017751685292958E+03   2.1498384E-17
  2.019297788687599E+03   4.1644812E-17
  2.020843900977037E+03  -3.7966468E-17
  2.022390022161422E+03   7.8465572E-17
  2.023936152240911E+03   1.0537826E-17
  2.025482291215655E+03  -1.1911178E-17
  2.027028439085808E+03  -4.5420392E-18
  2.028574595851525E+03   5.1620376E-18
  2.030120761512958E+03  -2.6086454E-17
  2.031666936070260E+03   1.2464148E-17
  2.033213119523587E+03  -6.4694431E-17
  2.034759311873090E+03  -6.9868181E-17
  2.036305513118924E+03  -2.7688294E-17
  2.037851723261243E+03   3.6200266E-17
  2.039397942300199E+03   8.6311069E-18
  2.040944170235947E+03  -3.1125007E-17
  2.042490407068639E+03   5.9972037E-17
  2.044036652798430E+03   4.0914242E-17
  2.045582907425473E+03   3.1655319E-17
  2.047129170949922E+03  -1.3113772E-17
  2.048675443371930E+03  -5.7139192E-18
  2.050221724691651E+03   3.0864766E-17
  2.051768014909238E+03  -4.4809151E-18
  2.053314314024846E+03   8.2106436E-18
  2.054860622038627E+03   3.8909517E-17
  2.056406938950735E+03   2.5419968E-17
  2.057953264761325E+03   3.6433756E-17
  2.059499599470549E+03  -7.7981228E-17
  2.061045943078561E+03  -8.3258988E-18
  2.062592295585515E+03   1.2300200E-17
  2.064138656991564E+03  -1.9521532E-17
  2.065685027296864E+03   9.5684766E-17
  2.067231406501565E+03   3.6826590E-17
  2.068777794605823E+03  -5.0361396E-17
  2.070324191609790E+03   1.2741538E-17
  2.071870597513622E+03   1.2444223E-17
  2.073417012317471E+03   2.6198747E-17
  2.074963436021490E+03   1.1452890E-16
  2.076509868625835E+03   1.8635036E-17
  2.078056310130658E+03  -1.8359013E-18
  2.079602760536114E+03   4.7754285E-17
  2.081149219842355E+03  -2.7470129E-17
  2.082695688049535E+03  -2.2161535E-17
  2.084242165157808E+03   5.6213404E-18
  2.085788651167329E+03   3.6568226E-17
  2.087335146078250E+03   1.3855332E-17
  2.088881649890725E+03   2.6182376E-18
  2.090428162604908E+03   5.1540585E-17
  2.091974684220952E+03  -8.0151187E-18
  2.093521214739013E+03   3.2475577E-17
  2.095067754159243E+03  -8.1782447E-17
  2.096614302481795E+03   1.7904149E-17
  2.098160859706823E+03  -1.7103259E-17
  2.099707425834482E+03  -1.3170639E-17
  2.101254000864926E+03   3.4834931E-17
  2.102800584798307E+03   2.2221340E-17
  2.104347177634780E+03   5.3921191E-17
  2.105893779374498E+03   4.1550682E-17
  2.107440390017615E+03   5.5288448E-17
  2.108987009564285E+03   7.6353244E-17
  2.110533638014661E+03   4.9463518E-17
  2.112080275368899E+03   7.3711394E-17
  2.113626921627150E+03  -1.6598502E-18
  2.115173576789569E+03   1.1734579E-16
  2.116720240856310E+03   8.0597038E-17
  2.118266913827526E+03  -7.4108981E-18
  2.119813595703372E+03  -8.9489236E-17
  2.121360286484001E+03   3.2042932E-17
  2.122906986169568E+03  -4.0713701E-17
  2.124453694760225E+03   3.7774960E-17
  2.126000412256126E+03   5.2439198E-17
  2.127547138657425E+03  -7.3353894E-17
  2.129093873964277E+03  -1.3416918E-17
  2.130640618176836E+03   3.0545447E-18
  2.132187371295254E+03   1.8952182E-17
  2.133734133319685E+03   6.6303080E-18
  2.135280904250284E+03  -1.7478513E-17
  2.136827684087205E+03  -1.8467911E-17
  2.138374472830601E+03   1.6733822E-17
  2.139921270480626E+03  -1.7085048E-17
  2.141468077037434E+03   7.2077514E-17
  2.143014892501179E+03   1.1656673E-17
  2.144561716872014E+03  -7.9515741E-17
  2.146108550150094E+03   6.1717090E-17
  2.147655392335572E+03  -3.2091812E-17
  2.149202243428604E+03   6.6367017E-18
  2.150749103429341E+03  -3.1763573E-17
  2.152295972337938E+03  -5.9609654E-18
  2.153842850154549E+03   4.1382109E-17
  2.155389736879328E+03  -5.4008508E-18
  2.156936632512429E+03  -3.2177409E-18
  2.158483537054005E+03   5.8937618E-17
  2.160030450504212E+03   8.7041542E-17
  2.161577372863202E+03   1.0704039E-17
  2.163124304131129E+03  -7.2940542E-17
  2.164671244308147E+03   3.9148840E-17
  2.166218193394411E+03  -5.3472942E-17
  2.167765151390074E+03   3.9692994E-18
  2.169312118295290E+03  -1.4722526E-17
  2.170859094110214E+03  -1.1346173E-17
  2.172406078834999E+03  -3.9868686E-17
  2.173953072469798E+03   1.0193763E-16
  2.175500075014767E+03  -2.2217780E-17
  2.177047086470058E+03  -6.2974107E-17
  2.178594106835826E+03   2.1848649E-17
  2.180141136112226E+03   1.5813642E-18
  2.181688174299410E+03   7.3546905E-17
  2.183235221397533E+03  -1.1120864E-17
  2.184782277406749E+03  -1.5952057E-17
  2.186329342327211E+03   5.1887551E-17
  2.187876416159075E+03   5.6372875E-17
  2.189423498902493E+03   1.6734947E-17
  2.190970590557619E+03   2.2160187E-17
  2.192517691124609E+03   3.1481406E-17
  2.194064800603616E+03   7.3611895E-17
  2.195611918994793E+03   2.1395927E-17
  2.197159046298295E+03   3.6842992E-17
  2.198706182514277E+03   1.4587692E-17
  2.200253327642890E+03  -4.6474392E-17
  2.201800481684291E+03  -1.1841054E-17
  2.203347644638633E+03  -4.8147285E-17
  2.204894816506070E+03  -1.7938730E-17
  2.206441997286755E+03  -9.9239348E-18
  2.207989186980844E+03  -1.8009886E-17
  2.209536385588490E+03   1.0364154E-16
  2.211083593109848E+03  -1.8220269E-17
  2.212630809545070E+03  -4.9868377E-17
  2.214178034894312E+03  -2.7523816E-17
  2.215725269157727E+03  -4.3740189E-17
  2.217272512335470E+03   2.5232430E-17
  2.218819764427694E+03  -4.4895026E-17
  2.220367025434554E+03  -7.0893700E-17
  2.221914295356204E+03   2.2705559E-17
  2.223461574192797E+03   4.1926159E-17
  2.225008861944489E+03  -4.3308507E-17
  2.226556158611432E+03   5.1919417E-17
  2.228103464193782E+03   1.2524953E-17
  2.229650778691692E+03   1.2445263E-16
  2.231198102105316E+03  -7.0335234E-18
  2.232745434434808E+03  -5.0814495E-18
  2.234292775680324E+03   4.4631655E-18
  2.235840125842015E+03  -6.7688415E-17
  2.237387484920038E+03   1.6277551E-17
  2.238934852914546E+03   5.2478694E-17
  2.240482229825693E+03  -2.1120798E-18
  2.242029615653633E+03  -3.0410607E-17
  2.243577010398521E+03  -1.0192567E-17
  2.245124414060510E+03   3.2432074E-17
  2.246671826639756E+03  -2.6565608E-17
  2.248219248136411E+03   1.7127848E-17
  2.249766678550630E+03  -2.1137831E-17
  2.251314117882567E+03   3.2622958E-17
  2.252861566132377E+03   3.7604491E-17
  2.254409023300213E+03   3.7999648E-18
  2.255956489386231E+03  -1.7481724E-17
  2.257503964390583E+03   2.7820705E-17
  2.259051448313425E+03   6.0031446E-18
  2.260598941154909E+03   4.6763539E-18
  2.262146442915192E+03   7.3135233E-17
  2.263693953594427E+03  -4.3703707E-17
  2.265241473192767E+03   2.2598325E-17
  2.266789001710367E+03  -1.8786033E-17
  2.268336539147383E+03  -1.0073531E-16
  2.269884085503966E+03   4.1428752E-17
  2.271431640780273E+03   1.5718440E-17
  2.272979204976456E+03   1.4335114E-17
  2.274526778092672E+03   1.3637150E-17
  2.276074360129073E+03  -1.4811736E-17
  2.277621951085814E+03  -5.4108312E-17
  2.279169550963049E+03  -6.6097976E-18
  2.280717159760932E+03  -1.7467015E-18
  2.282264777479618E+03   1.2583696E-17
  2.283812404119261E+03   5.4190948E-17
  2.285360039680016E+03   5.7193981E-18
  2.286907684162035E+03  -1.7219308E-17
  2.288455337565475E+03  -2.8090266E-17
  2.290002999890488E+03   1.1643680E-17
  2.291550671137230E+03   1.9583949E-17
  2.293098351305855E+03   4.1156093E-17
  2.294646040396517E+03   4.0023144E-17
  2.296193738409369E+03   6.5769964E-17
  2.297741445344568E+03  -1.5106791E-17
  2.299289161202266E+03   4.3186434E-18
  2.300836885982618E+03   3.3993934E-17
  2.302384619685779E+03   1.6988905E-17
  2.303932362311903E+03   3.1230373E-17
  2.305480113861143E+03  -1.2345515E-17
  2.307027874333655E+03   6.5555189E-18
  2.308575643729594E+03   7.6663951E-18
  2.310123422049111E+03   7.8501783E-17
  2.311671209292364E+03  -4.1120989E-19
  2.313219005459506E+03   1.8458999E-17
  2.314766810550690E+03  -2.4621704E-17
  2.316314624566073E+03   2.5042971E-17
  2.317862447505807E+03   2.0333843E-17
  2.319410279370048E+03   3.8110457E-17
  2.320958120158949E+03   3.3484887E-17
  2.322505969872665E+03   3.1776130E-17
  2.324053828511352E+03   4.4962792E-17
  2.325601696075161E+03  -2.2694317E-17
  2.327149572564249E+03   3.3952445E-17
  2.328697457978770E+03   2.2074289E-17
  2.330245352318877E+03   5.6448751E-17
  2.331793255584726E+03   3.6308580E-18
  2.333341167776471E+03   4.7755473E-17
  2.334889088894266E+03  -2.7279639E-17
  2.336437018938266E+03  -2.6341811E-17
  2.337984957908624E+03   3.7784204E-17
  2.339532905805497E+03   3.2583819E-17
  2.341080862629037E+03   4.7965411E-17
  2.342628828379400E+03   3.6897877E-17
  2.344176803056739E+03   3.7351473E-17
  2.345724786661210E+03   6.0196865E-17
  2.347272779192966E+03   6.3865411E-17
  2.348820780652163E+03   4.7474552E-17
  2.350368791038954E+03   1.4850393E-17
  2.351916810353495E+03   2.0773440E-17
  2.353464838595939E+03   8.0131153E-18
  2.355012875766441E+03   2.6609388E-17
  2.356560921865155E+03  -4.5733903E-17
  2.358108976892236E+03   7.4701258E-17
  2.359657040847840E+03   8.1702826E-19
  2.361205113732118E+03   2.6006539E-17
  2.362753195545228E+03  -3.0418002E-17
  2.364301286287322E+03   2.7401678E-17
  2.365849385958556E+03   1.6755959E-17
  2.367397494559083E+03   6.4008576E-18
  2.368945612089060E+03   4.4639066E-17
  2.370493738548639E+03   5.6283758E-17
  2.372041873937976E+03   4.0280225E-17
  2.373590018257224E+03   4.4836283E-17
  2.375138171506539E+03   3.3759352E-17
  2.376686333686076E+03   2.2903227E-17
  2.378234504795988E+03   3.8357023E-17
  2.379782684836430E+03  -2.7863802E-18
  2.381330873807557E+03   2.4742969E-17
  2.382879071709523E+03   5.7392418E-17
  2.384427278542484E+03   6.0964468E-17
  2.385975494306592E+03   4.5694264E-17
  2.387523719002003E+03   1.3802806E-17
  2.389071952628873E+03  -4.1774275E-17
  2.390620195187354E+03   5.9065679E-17
  2.392168446677601E+03   6.0625291E-18
  2.393716707099771E+03   2.5682946E-17
  2.395264976454016E+03   2.9353526E-17
  2.396813254740491E+03   4.4538078E-17
  2.398361541959351E+03   6.3773468E-17
  2.399909838110751E+03   1.1615137E-17
  2.401458143194846E+03   3.4952120E-17
  2.403006457211789E+03  -1.4110715E-17
  2.404554780161736E+03   5.6346498E-17
  2.406103112044840E+03   7.5823751E-18
  2.407651452861258E+03  -4.3026921E-17
  2.409199802611143E+03   1.4700085E-17
  2.410748161294650E+03   1.0948745E-17
  2.412296528911933E+03   2.3789901E-17
  2.413844905463148E+03   1.4170567E-17
  2.415393290948448E+03   2.9446167E-17
  2.416941685367990E+03   8.4794161E-18
  2.418490088721926E+03   6.2883144E-17
  2.420038501010413E+03  -1.8720351E-17
  2.421586922233604E+03   7.0917536E-18
  2.423135352391653E+03   2.2191985E-17
  2.424683791484717E+03  -6.0598640E-18
  2.426232239512949E+03   4.0254156E-17
  2.427780696476505E+03   8.3479147E-17
  2.429329162375539E+03   1.3444056E-17
  2.430877637210205E+03   1.2418122E-17
  2.432426120980659E+03   2.4309076E-17
  2.433974613687054E+03   3.9148073E-17
  2.435523115329546E+03   2.0272579E-17
  2.437071625908290E+03   2.6184424E-17
  2.438620145423440E+03   2.6657970E-17
  2.440168673875150E+03   3.3733051E-17
  2.441717211263576E+03   2.8170493E-17
  2.443265757588872E+03   7.2417386E-17
  2.444814312851194E+03   2.3258707E-17
  2.446362877050695E+03   3.8184799E-18
  2.447911450187531E+03   1.2946617E-18
  2.449460032261856E+03   4.1507113E-17
  2.451008623273825E+03   3.5851169E-17
  2.452557223223592E+03   6.3342434E-17
  2.454105832111313E+03   3.6842340E-17
  2.455654449937143E+03   1.0268824E-17
  2.457203076701235E+03   4.2916986E-17
  2.458751712403745E+03   6.5509250E-17
  2.460300357044828E+03   4.5839349E-17
  2.461849010624638E+03   1.4934399E-17
  2.463397673143330E+03   3.0081879E-17
  2.464946344601060E+03   2.1868589E-17
  2.466495024997981E+03   1.9938765E-17
  2.468043714334247E+03   4.1715708E-17
  2.469592412610016E+03   4.5165411E-17
  2.471141119825441E+03   2.1742772E-17
  2.472689835980677E+03   3.7265764E-17
  2.474238561075878E+03   2.0669500E-17
  2.475787295111200E+03   7.3239313E-17
  2.477336038086798E+03   6.1007608E-17
  2.478884790002825E+03  -3.0658788E-17
  2.480433550859438E+03   1.7209602E-17
  2.481982320656790E+03   1.7130439E-17
  2.483531099395037E+03   2.9716159E-17
  2.485079887074335E+03   3.3690352E-17
  2.486628683694836E+03   9.0599690E-17
  2.488177489256696E+03  -5.3485618E-18
  2.489726303760071E+03   2.1974578E-18
  2.491275127205115E+03   3.0801847E-17
  2.492823959591983E+03   3.2992344E-17
  2.494372800920828E+03  -1.4079102E-17
  2.495921651191808E+03   3.8388304E-17
  2.497470510405077E+03   1.7751461E-17
  2.499019378560789E+03   1.7998370E-17
  2.500568255659099E+03   5.7622447E-17
  2.502117141700162E+03   4.9396874E-17
  2.503666036684134E+03  -8.7866036E-18
  2.505214940611168E+03   4.6953359E-17
  2.506763853481420E+03  -5.2958005E-17
  2.508312775295045E+03   1.8848037E-17
  2.509861706052198E+03   9.9825563E-18
  2.511410645753034E+03  -4.7566198E-18
  2.512959594397706E+03   5.9660666E-17
  2.514508551986372E+03  -4.8511653E-18
  2.516057518519185E+03   3.9453388E-17
  2.517606493996301E+03   1.8983363E-17
  2.519155478417873E+03   3.2282656E-17
  2.520704471784058E+03  -1.1699836E-19
  2.522253474095010E+03   4.3823520E-18
  2.523802485350885E+03   1.3389385E-17
  2.525351505551836E+03   1.9523582E-17
  2.526900534698020E+03   2.6835266E-17
  2.528449572789591E+03   5.1515952E-17
  2.529998619826704E+03   6.6357871E-17
  2.531547675809514E+03   1.6974228E-17
  2.533096740738175E+03   4.0118682E-18
  2.534645814612845E+03   5.2835824E-17
  2.536194897433676E+03   2.1240620E-17
  2.537743989200824E+03   3.0841466E-17
  2.539293089914443E+03   6.4446072E-17
  2.540842199574690E+03   3.1160874E-18
  2.542391318181719E+03   4.6520085E-17
  2.543940445735686E+03   5.0607380E-17
  2.545489582236743E+03   2.5001407E-17
  2.547038727685049E+03   7.0555978E-17
  2.548587882080756E+03   4.2289222E-17
  2.550137045424021E+03   3.2326734E-17
  2.551686217714998E+03  -6.8876472E-18
  2.553235398953842E+03   3.6707682E-17
  2.554784589140708E+03   2.5165276E-17
  2.556333788275752E+03  -2.7523762E-17
  2.557882996359128E+03   1.7905719E-17
  2.559432213390991E+03   6.7737873E-17
  2.560981439371497E+03  -1.0023919E-17
  2.562530674300801E+03   5.1786962E-17
  2.564079918179058E+03   1.6723782E-17
  2.565629171006422E+03   4.4435160E-17
  2.567178432783049E+03   5.3627853E-17
  2.568727703509094E+03   4.0562390E-17
  2.570276983184711E+03   8.2129499E-17
  2.571826271810057E+03   1.6637762E-17
  2.573375569385286E+03   7.9334191E-17
  2.574924875910554E+03   2.4687669E-17
  2.576474191386015E+03   2.0775538E-17
  2.578023515811824E+03   8.7762156E-17
  2.579572849188138E+03   3.9535630E-17
  2.581122191515110E+03   3.3040317E-17
  2.582671542792896E+03  -6.2834885E-18
  2.584220903021651E+03   3.0699564E-17
  2.585770272201530E+03   1.0721962E-17
  2.587319650332689E+03   5.3343835E-17
  2.588869037415281E+03   1.4950237E-17
  2.590418433449464E+03   7.9722966E-17
  2.591967838435391E+03  -3.9462769E-18
  2.593517252373219E+03   2.3086988E-17
  2.595066675263101E+03   3.3963794E-17
  2.596616107105194E+03   3.1462556E-17
  2.598165547899652E+03   4.1362508E-17
  2.599714997646631E+03   7.5828375E-17
  2.601264456346285E+03   2.0021132E-17
  2.602813923998771E+03  -4.5016645E-18
  2.604363400604243E+03  -1.0999993E-18
  2.605912886162856E+03   6.0425630E-17
  2.607462380674766E+03   4.9330818E-17
  2.609011884140127E+03   2.3934630E-17
  2.610561396559096E+03   3.8039982E-17
  2.612110917931827E+03   2.9180275E-17
  2.613660448258475E+03   2.9914047E-17
  2.615209987539196E+03   1.9768750E-17
  2.616759535774145E+03   2.3879368E-17
  2.618309092963476E+03   1.6244108E-17
  2.619858659107347E+03   5.4385487E-17
  2.621408234205911E+03   4.8195348E-17
  2.622957818259323E+03   9.7864499E-18
  2.624507411267740E+03   5.8695823E-17
  2.626057013231316E+03   4.0898076E-17
  2.627606624150207E+03   3.6543850E-17
  2.629156244024568E+03   3.0452141E-17
  2.630705872854553E+03   7.3289830E-17
  2.632255510640319E+03  -6.2427139E-18
  2.633805157382020E+03   5.5848595E-17
  2.635354813079813E+03   2.7258458E-17
  2.636904477733852E+03   5.0037929E-17
  2.638454151344292E+03   3.0269781E-17
  2.640003833911290E+03   2.9579195E-17
  2.641553525434999E+03  -2.3457403E-17
  2.643103225915576E+03   1.5792249E-17
  2.644652935353176E+03   2.9184901E-17
  2.646202653747953E+03   4.2368413E-17
  2.647752381100064E+03   3.5930400E-17
  2.649302117409664E+03   7.1918987E-17
  2.650851862676907E+03   4.4645327E-17
  2.652401616901950E+03  -2.2600589E-18
  2.653951380084948E+03   6.2656495E-18
  2.655501152226056E+03   3.8878587E-17
  2.657050933325429E+03   4.6351135E-17
  2.658600723383223E+03   8.5926152E-17
  2.660150522399593E+03   3.9769067E-17
  2.661700330374694E+03   4.3152798E-17
  2.663250147308681E+03   5.8778329E-17
  2.664799973201712E+03   7.1635158E-17
  2.666349808053939E+03   6.1146243E-17
  2.667899651865520E+03   5.0874824E-17
  2.669449504636609E+03   7.0406020E-17
  2.670999366367361E+03   4.1343093E-17
  2.672549237057933E+03  -9.2654841E-18
  2.674099116708479E+03   5.6987252E-17
  2.675649005319155E+03   7.1252795E-17
  2.677198902890116E+03   5.1291203E-17
  2.678748809421517E+03   7.5273184E-17
  2.680298724913515E+03   2.5386562E-17
  2.681848649366264E+03   9.5691516E-17
  2.683398582779921E+03   1.4442866E-17
  2.684948525154639E+03   7.7019938E-17
  2.686498476490575E+03   7.0113516E-17
  2.688048436787884E+03   6.1905992E-17
  2.689598406046722E+03   5.2182709E-17
  2.691148384267244E+03   3.6982315E-17
  2.692698371449606E+03   6.0737536E-17
  2.694248367593962E+03   8.9220369E-17
  2.695798372700469E+03   9.8500442E-17
  2.697348386769282E+03   1.3611650E-16
  2.698898409800556E+03   6.7316016E-18
  2.700448441794447E+03   7.0414828E-17
  2.701998482751110E+03   6.2816552E-17
  2.703548532670701E+03   1.0094673E-16
  2.705098591553376E+03   1.2429130E-17
  2.706648659399288E+03   6.0486537E-17
  2.708198736208595E+03   9.0254848E-17
  2.709748821981452E+03   1.1047734E-16
  2.711298916718014E+03   9.6694734E-17
  2.712849020418437E+03   9.4497980E-17
  2.714399133082876E+03   1.3176086E-16
  2.715949254711487E+03   8.1524043E-17
  2.717499385304425E+03   8.4259694E-17
  2.719049524861845E+03   9.3626661E-17
  2.720599673383905E+03   9.8703518E-17
  2.722149830870758E+03   1.0095726E-16
  2.723699997322560E+03   1.6672198E-16
  2.725250172739467E+03   1.2495249E-16
  2.726800357121635E+03   1.2774165E-16
  2.728350550469219E+03   1.4908479E-16
  2.729900752782375E+03   1.0891749E-16
  2.731450964061257E+03   9.3763894E-17
  2.733001184306023E+03   8.4127478E-17
  2.734551413516826E+03   1.2622803E-16
  2.736101651693823E+03   1.1605955E-16
  2.737651898837170E+03   1.6975087E-16
  2.739202154947022E+03   1.4663318E-16
  2.740752420023535E+03   1.3451976E-16
  2.742302694066863E+03   6.5076714E-17
  2.743852977077164E+03   1.0175810E-16
  2.745403269054591E+03   4.8313816E-17
  2.746953569999302E+03   1.3963333E-16
  2.748503879911451E+03   1.2678270E-16
  2.750054198791195E+03   1.5751299E-16
  2.751604526638688E+03   1.5270335E-16
  2.753154863454087E+03   9.9363582E-17
  2.754705209237547E+03   7.6840500E-17
  2.756255563989223E+03   1.3355833E-16
  2.757805927709273E+03   1.7119028E-16
  2.759356300397849E+03   9.9172126E-17
  2.760906682055110E+03   9.3168469E-17
  2.762457072681210E+03   1.4988039E-16
  2.764007472276304E+03   1.8868331E-16
  2.765557880840550E+03   1.2034620E-16
  2.767108298374101E+03   1.2709248E-16
  2.768658724877115E+03   1.4793232E-16
  2.770209160349746E+03   1.2409213E-16
  2.771759604792150E+03   1.3456722E-16
  2.773310058204484E+03   1.6716819E-16
  2.774860520586901E+03   1.2879104E-16
  2.776410991939560E+03   7.2762737E-17
  2.777961472262614E+03   1.8095784E-16
  2.779511961556219E+03   1.8672332E-16
  2.781062459820533E+03   1.0683165E-16
  2.782612967055709E+03   1.3832866E-16
  2.784163483261905E+03   1.3380459E-16
  2.785714008439275E+03   1.3873451E-16
  2.787264542587975E+03   1.8139233E-16
  2.788815085708161E+03   9.9678400E-17
  2.790365637799990E+03   1.1700097E-16
  2.791916198863615E+03   1.7903107E-16
  2.793466768899194E+03   8.6864241E-17
  2.795017347906881E+03   1.1445989E-16
  2.796567935886833E+03   1.1725345E-16
  2.798118532839206E+03   1.7512294E-16
  2.799669138764155E+03   1.5495428E-16
  2.801219753661836E+03   8.8911804E-17
  2.802770377532404E+03   2.1976008E-16
  2.804321010376017E+03   1.4358515E-16
  2.805871652192828E+03   1.2026028E-16
  2.807422302982995E+03   1.3719428E-16
  2.808972962746672E+03   1.5468138E-16
  2.810523631484016E+03   1.1987531E-16
  2.812074309195183E+03   6.6048519E-17
  2.813624995880327E+03   1.3069881E-16
  2.815175691539606E+03   8.7342967E-17
  2.816726396173175E+03   1.8252763E-16
  2.818277109781189E+03   1.3333863E-16
  2.819827832363804E+03   7.1163116E-17
  2.821378563921177E+03   1.3285188E-16
  2.822929304453464E+03   2.6173686E-16
  2.824480053960819E+03   1.6055541E-16
  2.826030812443399E+03   1.7442608E-16
  2.827581579901359E+03   2.4146884E-16
  2.829132356334856E+03   1.9244824E-16
  2.830683141744045E+03   1.9741088E-16
  2.832233936129083E+03   2.4021105E-16
  2.833784739490124E+03   2.7259082E-16
  2.835335551827325E+03   1.8347423E-16
  2.836886373140842E+03   2.0248511E-16
  2.838437203430831E+03   2.5027478E-16
  2.839988042697447E+03   2.3013200E-16
  2.841538890940847E+03   1.8229356E-16
  2.843089748161186E+03   2.1539597E-16
  2.844640614358620E+03   2.5410570E-16
  2.846191489533304E+03   2.0398090E-16
  2.847742373685396E+03   2.4593154E-16
  2.849293266815051E+03   2.3244773E-16
  2.850844168922424E+03   2.4423721E-16
  2.852395080007672E+03   1.9237030E-16
  2.853946000070951E+03   1.9424238E-16
  2.855496929112416E+03   2.0205013E-16
  2.857047867132224E+03   2.4877538E-16
  2.858598814130530E+03   3.2234376E-16
  2.860149770107490E+03   2.8017968E-16
  2.861700735063260E+03   3.1740005E-16
  2.863251708997997E+03   3.7285782E-16
  2.864802691911856E+03   2.5551707E-16
  2.866353683804992E+03   2.8568764E-16
  2.867904684677563E+03   3.2159837E-16
  2.869455694529724E+03   2.5568714E-16
  2.871006713361630E+03   2.8487693E-16
  2.872557741173439E+03   2.2709885E-16
  2.874108777965305E+03   2.8119559E-16
  2.875659823737386E+03   2.2947420E-16
  2.877210878489836E+03   3.1000966E-16
  2.878761942222812E+03   3.8944767E-16
  2.880313014936470E+03   4.5810935E-16
  2.881864096630965E+03   2.9270280E-16
  2.883415187306454E+03   2.9879932E-16
  2.884966286963094E+03   3.0878268E-16
  2.886517395601039E+03   3.3339482E-16
  2.888068513220446E+03   3.6508923E-16
  2.889619639821470E+03   4.0541864E-16
  2.891170775404269E+03   3.8096233E-16
  2.892721919968998E+03   2.9068021E-16
  2.894273073515812E+03   4.2103133E-16
  2.895824236044869E+03   4.7534261E-16
  2.897375407556323E+03   3.9855208E-16
  2.898926588050332E+03   3.7473434E-16
  2.900477777527050E+03   3.6097683E-16
  2.902028975986635E+03   4.9623203E-16
  2.903580183429242E+03   4.0160482E-16
  2.905131399855028E+03   3.9756833E-16
  2.906682625264148E+03   4.9684581E-16
  2.908233859656759E+03   4.1230316E-16
  2.909785103033015E+03   4.8485770E-16
  2.911336355393074E+03   3.5797412E-16
  2.912887616737093E+03   4.0649836E-16
  2.914438887065226E+03   3.8316515E-16
  2.915990166377630E+03   4.6571528E-16
  2.917541454674461E+03   4.8037652E-16
  2.919092751955875E+03   4.1672229E-16
  2.920644058222028E+03   5.4694357E-16
  2.922195373473076E+03   4.4211808E-16
  2.923746697709176E+03   4.5230522E-16
  2.925298030930483E+03   4.8981480E-16
  2.926849373137155E+03   4.2321318E-16
  2.928400724329345E+03   4.1242347E-16
  2.929952084507212E+03   4.6026034E-16
  2.931503453670911E+03   5.9542017E-16
  2.933054831820598E+03   4.6422218E-16
  2.934606218956430E+03   5.5210592E-16
  2.936157615078562E+03   4.9843135E-16
  2.937709020187151E+03   4.7140968E-16
  2.939260434282353E+03   4.8323288E-16
  2.940811857364323E+03   5.0770541E-16
  2.942363289433219E+03   4.5890985E-16
  2.943914730489197E+03   5.2671394E-16
  2.945466180532412E+03   5.2591058E-16
  2.947017639563021E+03   5.0103545E-16
  2.948569107581179E+03   4.7780742E-16
  2.950120584587044E+03   5.2467037E-16
  2.951672070580771E+03   5.7605520E-16
  2.953223565562516E+03   5.6676531E-16
  2.954775069532437E+03   5.4393751E-16
  2.956326582490688E+03   4.9871939E-16
  2.957878104437426E+03   4.2126268E-16
  2.959429635372809E+03   5.6689602E-16
  2.960981175296990E+03   4.6615775E-16
  2.962532724210128E+03   5.8204891E-16
  2.964084282112377E+03   5.1473001E-16
  2.965635849003895E+03   4.4977307E-16
  2.967187424884838E+03   5.1884056E-16
  2.968739009755362E+03   4.9872448E-16
  2.970290603615622E+03   4.1552032E-16
  2.971842206465776E+03   3.3442330E-16
  2.973393818305979E+03   5.5224198E-16
  2.974945439136388E+03   4.6441721E-16
  2.976497068957160E+03   3.9142525E-16
  2.978048707768450E+03   4.4434475E-16
  2.979600355570414E+03   4.6048618E-16
  2.981152012363210E+03   4.1208566E-16
  2.982703678146993E+03   4.5538921E-16
  2.984255352921919E+03   4.3622967E-16
  2.985807036688146E+03   5.0765750E-16
  2.987358729445828E+03   4.3460583E-16
  2.988910431195124E+03   3.9362608E-16
  2.990462141936188E+03   4.5593555E-16
  2.992013861669177E+03   5.5509680E-16
  2.993565590394247E+03   5.0569164E-16
  2.995117328111555E+03   3.7465980E-16
  2.996669074821258E+03   3.7592754E-16
  2.998220830523511E+03   4.7175008E-16
  2.999772595218470E+03   4.0463330E-16
  3.001324368906293E+03   4.3570337E-16
  3.002876151587135E+03   3.3082860E-16
  3.004427943261153E+03   3.8952464E-16
  3.005979743928503E+03   4.1202157E-16
  3.007531553589342E+03   4.5100460E-16
  3.009083372243826E+03   4.3614367E-16
  3.010635199892111E+03   3.7065730E-16
  3.012187036534354E+03   4.2078792E-16
  3.013738882170711E+03   4.9362433E-16
  3.015290736801338E+03   3.8291612E-16
  3.016842600426392E+03   5.1531997E-16
  3.018394473046030E+03   3.0792348E-16
  3.019946354660407E+03   4.1950490E-16
  3.021498245269680E+03   4.4661734E-16
  3.023050144874005E+03   4.5619765E-16
  3.024602053473539E+03   5.2300568E-16
  3.026153971068439E+03   4.1338540E-16
  3.027705897658860E+03   4.9744149E-16
  3.029257833244959E+03   4.4538972E-16
  3.030809777826893E+03   4.1934026E-16
  3.032361731404818E+03   4.6225733E-16
  3.033913693978890E+03   4.1828538E-16
  3.035465665549267E+03   4.1309792E-16
  3.037017646116103E+03   2.4265845E-16
  3.038569635679557E+03   3.6273527E-16
  3.040121634239783E+03   4.1879037E-16
  3.041673641796939E+03   3.7141844E-16
  3.043225658351181E+03   4.4822172E-16
  3.044777683902666E+03   4.0352234E-16
  3.046329718451550E+03   4.5764094E-16
  3.047881761997990E+03   4.1980501E-16
  3.049433814542142E+03   4.8634133E-16
  3.050985876084162E+03   3.9468832E-16
  3.052537946624208E+03   3.3359572E-16
  3.054090026162435E+03   4.4912583E-16
  3.055642114698999E+03   6.6547652E-16
  3.057194212234059E+03   5.2243510E-16
  3.058746318767769E+03   5.0716542E-16
  3.060298434300288E+03   3.8828038E-16
  3.061850558831770E+03   3.3891122E-16
  3.063402692362373E+03   4.8563109E-16
  3.064954834892254E+03   4.4574071E-16
  3.066506986421567E+03   4.1572067E-16
  3.068059146950472E+03   3.6284178E-16
  3.069611316479123E+03   5.1038431E-16
  3.071163495007677E+03   4.8142833E-16
  3.072715682536291E+03   4.0018649E-16
  3.074267879065122E+03   4.4281652E-16
  3.075820084594325E+03   4.7231642E-16
  3.077372299124059E+03   4.5290158E-16
  3.078924522654478E+03   4.2490990E-16
  3.080476755185740E+03   6.1615501E-16
  3.082028996718002E+03   4.1282901E-16
  3.083581247251419E+03   3.7985396E-16
  3.085133506786149E+03   4.9111325E-16
  3.086685775322348E+03   5.9603729E-16
  3.088238052860173E+03   5.9029477E-16
  3.089790339399780E+03   4.0038972E-16
  3.091342634941326E+03   5.1435737E-16
  3.092894939484967E+03   4.2254596E-16
  3.094447253030860E+03   3.7528666E-16
  3.095999575579163E+03   4.6920580E-16
  3.097551907130030E+03   3.6391598E-16
  3.099104247683620E+03   5.6827117E-16
  3.100656597240088E+03   5.0487145E-16
  3.102208955799592E+03   4.7968423E-16
  3.103761323362287E+03   5.8641605E-16
  3.105313699928332E+03   4.5207911E-16
  3.106866085497881E+03   5.7581930E-16
  3.108418480071092E+03   3.3828971E-16
  3.109970883648121E+03   4.5126718E-16
  3.111523296229127E+03   5.0833163E-16
  3.113075717814263E+03   5.0370212E-16
  3.114628148403689E+03   5.7914570E-16
  3.116180587997559E+03   6.6746233E-16
  3.117733036596032E+03   6.5619510E-16
  3.119285494199263E+03   4.7611198E-16
  3.120837960807410E+03   5.2404774E-16
  3.122390436420628E+03   6.3248400E-16
  3.123942921039075E+03   5.4113129E-16
  3.125495414662908E+03   7.1516988E-16
  3.127047917292283E+03   5.0682741E-16
  3.128600428927356E+03   4.8991041E-16
  3.130152949568285E+03   5.2353635E-16
  3.131705479215227E+03   6.2183314E-16
  3.133258017868337E+03   7.8976150E-16
  3.134810565527774E+03   5.8460181E-16
  3.136363122193693E+03   5.2819053E-16
  3.137915687866250E+03   5.5080710E-16
  3.139468262545604E+03   6.2917803E-16
  3.141020846231911E+03   3.4204895E-16
  3.142573438925328E+03   6.7529501E-16
  3.144126040626010E+03   8.9908905E-16
  3.145678651334116E+03   5.4737964E-16
  3.147231271049801E+03   7.4658686E-16
  3.148783899773223E+03   8.6587154E-16
  3.150336537504539E+03   6.0919626E-16
  3.151889184243904E+03   6.3633800E-16
  3.153441839991477E+03   8.4969835E-16
  3.154994504747413E+03   7.3851649E-16
  3.156547178511870E+03   8.5149618E-16
  3.158099861285003E+03   6.4904440E-16
  3.159652553066972E+03   8.2153540E-16
  3.161205253857931E+03   1.1584370E-15
  3.162757963658038E+03   5.9176316E-16
  3.164310682467450E+03   5.2738632E-16
  3.165863410286323E+03   5.5298482E-16
  3.167416147114814E+03   6.5416482E-16
  3.168968892953080E+03   7.0917320E-16
  3.170521647801279E+03   6.6477576E-16
  3.172074411659566E+03   9.6542782E-16
  3.173627184528098E+03   1.8403921E-15
  3.175179966407034E+03  -3.6572604E-18
