  3.000848406392370E+03   4.9402096E-15   3.0833479E-16      0
  3.003594145067399E+03   4.6388750E-15   3.0523272E-16      0
  3.006339903763057E+03   5.5251074E-15   2.8280551E-16     16
  3.009085682415548E+03   6.2509295E-15   4.9808364E-16     16
  3.011831480961068E+03   5.6415842E-15   2.6732834E-16      0
  3.014577299335809E+03   4.8747106E-15   2.5119874E-16      0
  3.017323137475959E+03   5.2546015E-15   2.5397216E-16      0
  3.020068995317701E+03   4.5722161E-15   4.9098667E-16     16
  3.022814872797213E+03   4.9134484E-15   2.3779701E-16      0
  3.025560769850669E+03   5.0626647E-15   2.3542627E-16     16
  3.028306686414239E+03   5.1941992E-15   2.4465779E-16      0
  3.031052622424087E+03   4.7804079E-15   2.3091921E-16      0
  3.033798577816373E+03   4.4998710E-15   2.1921889E-16      0
  3.036544552527254E+03   4.8881475E-15   2.2531016E-16      0
  3.039290546492880E+03   4.5291419E-15   2.1940893E-16      0
  3.042036559649398E+03   4.7410899E-15   2.6241870E-16     16
  3.044782591932951E+03   4.9313928E-15   2.9020074E-16     16
  3.047528643279675E+03   4.1376734E-15   2.1331130E-16    272
  3.050274713625705E+03   4.8355713E-15   2.6602176E-16    272
  3.053020802907169E+03   4.3828060E-15   2.0740396E-16      0
  3.055766911060191E+03   4.6857748E-15   2.1677328E-16     16
  3.058513038020893E+03   4.5992170E-15   2.0497971E-16      0
  3.061259183725388E+03   3.6979303E-15   2.7368492E-16     16
  3.064005348109790E+03   4.3418795E-15   2.3627478E-16     16
  3.066751531110204E+03   5.2657235E-15   2.7495817E-16     16
  3.069497732662733E+03   4.9373059E-15   2.3930478E-16      0
  3.072243952703475E+03   4.8227498E-15   2.0519273E-16      0
  3.074990191168525E+03   4.9829813E-15   1.9333162E-16      0
  3.077736447993973E+03   4.9400456E-15   1.9673620E-16      0
  3.080482723115902E+03   5.4269477E-15   2.0749632E-16     16
  3.083229016470395E+03   5.0858162E-15   1.9870239E-16     16
  3.085975327993529E+03   5.3667792E-15   2.2650376E-16     16
  3.088721657621375E+03   5.4833161E-15   1.9466077E-16      0
  3.091468005290003E+03   6.1016052E-15   2.2095388E-16     16
  3.094214370935475E+03   5.8450021E-15   1.9723496E-16      0
  3.096960754493854E+03   7.3098901E-15   2.2463369E-16     16
  3.099707155901194E+03   6.0758465E-15   2.0706342E-16     16
  3.102453575093546E+03   6.3341907E-15   1.9861117E-16      0
  3.105200012006959E+03   6.3088208E-15   2.0110768E-16      0
  3.107946466577475E+03   6.4096605E-15   2.0640973E-16     16
  3.110692938741135E+03   6.3053980E-15   2.2497216E-16      0
  3.113439428433971E+03   6.8383138E-15   3.0416426E-16     16
  3.116185935592017E+03   7.1655743E-15   2.0878287E-16      0
  3.118932460151299E+03   3.6983038E-15   2.2592110E-16     16
  3.121679002047840E+03   6.6384200E-15   2.0014553E-16     16
  3.124425561217658E+03   6.9496529E-15   2.2621397E-16      0
  3.127172137596767E+03   6.8299409E-15   2.0859167E-16     16
  3.129918731121179E+03   7.3911426E-15   2.0820290E-16      0
  3.132665341726902E+03   6.8716945E-15   2.0385517E-16      0
  3.135411969349938E+03   7.4359244E-15   2.0375327E-16     16
  3.138158613926284E+03   7.1001126E-15   2.0062920E-16      0
  3.140905275391936E+03   6.5666026E-15   1.9613647E-16      0
  3.143651953682886E+03   6.2031696E-15   2.3476042E-16     16
  3.146398648735119E+03   5.6655522E-15   2.0001111E-16     16
  3.149145360484619E+03   7.1869373E-15   2.0447798E-16     16
  3.151892088867365E+03   6.3307217E-15   1.9370115E-16     16
  3.154638833819332E+03   6.1587202E-15   1.8447847E-16      0
  3.157385595276492E+03   6.3222162E-15   1.8714558E-16   8208
  3.160132373174813E+03   6.3170942E-15   1.8504204E-16      0
  3.162879167450256E+03   6.6347947E-15   2.0613567E-16     16
  3.165625978038784E+03   4.4613522E-15   3.2102014E-16     16
  3.168372804876352E+03   6.0223721E-15   1.8097792E-16      0
  3.171119647898911E+03   5.8111077E-15   1.9711672E-16      0
  3.173866507042411E+03   5.2095580E-15   2.0478292E-16     16
  3.176613382242796E+03   5.6887165E-15   1.7295285E-16      0
  3.179360273436007E+03   5.7794299E-15   1.7451100E-16      0
  3.182107180557981E+03   5.0932333E-15   1.7726495E-16     16
  3.184854103544652E+03   5.1671165E-15   1.7764491E-16     16
  3.187601042331949E+03   5.5040595E-15   1.6658373E-16      0
  3.190347996855799E+03   5.4794028E-15   1.8851395E-16     16
  3.193094967052124E+03   5.2339458E-15   1.7815284E-16      0
  3.195841952856842E+03   5.5903654E-15   1.8358521E-16      0
  3.198588954205869E+03   5.5596439E-15   1.7085364E-16     16
  3.201335971035116E+03   5.5144030E-15   1.6401982E-16      0
  3.204083003280492E+03   5.7648893E-15   1.6700597E-16      0
  3.206830050877900E+03   5.0213888E-15   1.7216186E-16      0
  3.209577113763240E+03   5.3165963E-15   1.9073545E-16     16
  3.212324191872411E+03   5.8696321E-15   1.7344739E-16     16
  3.215071285141305E+03   9.7750033E-15   2.8633835E-16     16
  3.217818393505811E+03   5.7293181E-15   1.6395485E-16      0
  3.220565516901818E+03   5.7717901E-15   1.7215316E-16     16
  3.223312655265208E+03   5.1731546E-15   1.5724893E-16      0
  3.226059808531860E+03   5.4451771E-15   1.7916895E-16      0
  3.228806976637649E+03   5.8079906E-15   1.7242777E-16     16
  3.231554159518450E+03   5.7785841E-15   1.5948969E-16      0
  3.234301357110130E+03   5.5631125E-15   1.6685252E-16      0
  3.237048569348554E+03   5.7031317E-15   2.1388708E-16     16
  3.239795796169587E+03   5.5565958E-15   1.5650112E-16      0
  3.242543037509085E+03   5.6276009E-15   1.9028534E-16     16
  3.245290293302904E+03   5.7198077E-15   1.5971964E-16      0
  3.248037563486896E+03   5.6902462E-15   1.5387718E-16      0
  3.250784847996910E+03   5.3733725E-15   1.5314626E-16     16
  3.253532146768792E+03   5.7895748E-15   1.5743064E-16      0
  3.256279459738381E+03   5.4793363E-15   1.5192889E-16      0
  3.259026786841519E+03   5.6672620E-15   1.5985942E-16     16
  3.261774128014039E+03   5.9949553E-15   1.5660674E-16      0
  3.264521483191775E+03   5.9431719E-15   1.5496134E-16      0
  3.267268852310553E+03   5.4611509E-15   1.5119059E-16      0
  3.270016235306200E+03   5.8444854E-15   1.5581122E-16      0
  3.272763632114538E+03   5.2547260E-15   1.5426056E-16     16
  3.275511042671386E+03   4.8464134E-15   1.9927562E-16     16
  3.278258466912560E+03   5.4669628E-15   1.7599310E-16      0
  3.281005904773872E+03   5.6882853E-15   1.4972731E-16      0
  3.283753356191131E+03   5.9855892E-15   1.5240889E-16      0
  3.286500821100145E+03   5.9035037E-15   1.5365740E-16      0
  3.289248299436715E+03   5.9919454E-15   1.5431623E-16      0
  3.291995791136642E+03   5.8696884E-15   1.4962341E-16      0
  3.294743296135722E+03   5.4844397E-15   1.4522270E-16      0
  3.297490814369749E+03   5.3045392E-15   1.8562334E-16      0
  3.300238345774514E+03   5.7679814E-15   1.6079809E-16      0
  3.302985890285804E+03   5.3472085E-15   1.8491167E-16     16
  3.305733447839403E+03   5.7533349E-15   1.4762368E-16      0
  3.308481018371093E+03   5.8673015E-15   1.4992822E-16     16
  3.311228601816651E+03   5.6101199E-15   1.4506982E-16      0
  3.313976198111855E+03   5.5455137E-15   1.7130310E-16      0
  3.316723807192476E+03   5.9112608E-15   1.8604250E-16      0
  3.319471428994282E+03   5.5289665E-15   1.8295791E-16      0
  3.322219063453039E+03   5.8838093E-15   1.8462078E-16      0
  3.324966710504513E+03   5.7942436E-15   1.7350132E-16      0
  3.327714370084463E+03   6.1984020E-15   1.5450015E-16     16
  3.330462042128646E+03   6.4349165E-15   1.5093185E-16      0
  3.333209726572817E+03   6.0449112E-15   1.5168988E-16      0
  3.335957423352727E+03   6.4978697E-15   1.5132254E-16      0
  3.338705132404125E+03   6.2082534E-15   1.7495978E-16      0
  3.341452853662758E+03   6.7444270E-15   1.6288171E-16      0
  3.344200587064367E+03   6.9185503E-15   1.5217738E-16      0
  3.346948332544695E+03   6.7437761E-15   1.5050680E-16      0
  3.349696090039477E+03   7.5058935E-15   1.6486059E-16     16
  3.352443859484448E+03   5.4936775E-14   5.2298874E-16     16
  3.355191640815340E+03   7.5837248E-15   1.5714368E-16      0
  3.357939433967882E+03   7.1356749E-15   1.5297697E-16      0
  3.360687238877799E+03   7.4772113E-15   1.6873675E-16     16
  3.363435055480817E+03   8.0589010E-15   1.6055245E-16      0
  3.366182883712654E+03   7.5403093E-15   1.9042202E-16     16
  3.368930723509030E+03   7.8671649E-15   1.5635773E-16      0
  3.371678574805659E+03   7.3907817E-15   1.8216238E-16      0
  3.374426437538253E+03   7.8687709E-15   1.6915212E-16      0
  3.377174311642524E+03   8.0989131E-15   1.5713361E-16      0
  3.379922197054177E+03   8.1286542E-15   1.6586656E-16     16
  3.382670093708918E+03   8.7089615E-15   2.0666296E-16     16
  3.385418001542449E+03   9.1354765E-15   1.7885739E-16     16
  3.388165920490469E+03   8.7879795E-15   1.6222661E-16      0
  3.390913850488673E+03   8.9197186E-15   1.6522743E-16     16
  3.393661791472758E+03   8.1562869E-15   2.0726629E-16     16
  3.396409743378414E+03   1.0415855E-14   2.4242827E-16     16
  3.399157706141330E+03   9.6577282E-15   1.6634797E-16      0
  3.401905679697193E+03   9.4405769E-15   2.1064119E-16     16
  3.404653663981686E+03   8.7213358E-15   2.0583126E-16     16
  3.407401658930492E+03   9.2474331E-15   2.0603584E-16     16
  3.410149664479288E+03   8.8837951E-15   1.6932060E-16      0
  3.412897680563752E+03   9.3934709E-15   1.6216178E-16      0
  3.415645707119556E+03   1.0852061E-14   1.9585353E-16     16
  3.418393744082374E+03   8.7058427E-15   1.6765315E-16      0
  3.421141791387874E+03   9.2473687E-15   1.6083442E-16      0
  3.423889848971721E+03   9.1547668E-15   1.7408560E-16     16
  3.426637916769582E+03   8.9698426E-15   1.5620186E-16      0
  3.429385994717117E+03   9.5335845E-15   1.9218566E-16     16
  3.432134082749987E+03   9.2930763E-15   1.7167404E-16      0
  3.434882180803847E+03   9.1450285E-15   1.9863697E-16     16
  3.437630288814353E+03   1.0338214E-14   2.0017374E-16      0
  3.440378406717158E+03   1.0858261E-14   1.8136999E-16     16
  3.443126534447910E+03   1.0145955E-14   1.6312086E-16      0
  3.445874671942259E+03   1.0708939E-14   1.6810544E-16      0
  3.448622819135850E+03   1.0302366E-14   1.7463873E-16      0
  3.451370975964326E+03   1.0849735E-14   2.1583475E-16     16
  3.454119142363328E+03   1.1450939E-14   1.8249538E-16     16
  3.456867318268494E+03   1.1108392E-14   2.1463386E-16      0
  3.459615503615461E+03   1.1539523E-14   2.1220390E-16      0
  3.462363698339864E+03   1.2378224E-14   1.9377002E-16      0
  3.465111902377334E+03   1.2881541E-14   2.3225095E-16      0
  3.467860115663501E+03   1.2372241E-14   2.4454659E-16      0
  3.470608338133994E+03   1.2291715E-14   2.3353434E-16      0
  3.473356569724437E+03   1.1605068E-14   2.3601933E-16      0
  3.476104810370455E+03   1.2258841E-14   2.2769757E-16      0
  3.478853060007668E+03   1.2795504E-14   1.7836568E-16      0
  3.481601318571696E+03   1.3016192E-14   1.7684202E-16      0
  3.484349585998155E+03   1.2960748E-14   1.7528103E-16      0
  3.487097862222662E+03   1.3000271E-14   1.7674057E-16      0
  3.489846147180829E+03   1.3334248E-14   1.7758575E-16      0
  3.492594440808266E+03   1.3293033E-14   1.7836648E-16      0
  3.495342743040583E+03   9.6192831E-15   1.9655397E-16     16
  3.498091053813387E+03   1.2939433E-14   2.2275529E-16      0
  3.500839373062282E+03   1.3874992E-14   2.3147206E-16     16
  3.503587700722873E+03   1.3889154E-14   1.8687246E-16     16
  3.506336036730758E+03   1.3501154E-14   2.2639198E-16      0
  3.509084381021537E+03   1.3984129E-14   1.9443693E-16      0
  3.511832733530808E+03   1.3339277E-14   2.2464232E-16      0
  3.514581094194165E+03   1.3407607E-14   2.2405533E-16      0
  3.517329462947203E+03   1.3925336E-14   1.9107672E-16      0
  3.520077839725510E+03   1.4775331E-14   1.8534284E-16      0
  3.522826224464679E+03   1.3198969E-14   2.1269512E-16      0
  3.525574617100295E+03   1.3316600E-14   2.1253347E-16     16
  3.528323017567945E+03   1.4001628E-14   1.8138062E-16      0
  3.531071425803212E+03   1.3466610E-14   2.2661917E-16      0
  3.533819841741679E+03   1.3921989E-14   1.7799503E-16      0
  3.536568265318925E+03   1.4091393E-14   2.1747486E-16      0
  3.539316696470530E+03   1.4058368E-14   1.9270387E-16     16
  3.542065135132069E+03   1.3747254E-14   2.2519006E-16      0
  3.544813581239119E+03   1.4021661E-14   2.2579347E-16      0
  3.547562034727251E+03   1.4255122E-14   1.9020261E-16      0
  3.550310495532037E+03   1.4553591E-14   2.2553777E-16     16
  3.553058963589048E+03   1.4523400E-14   2.1830219E-16      0
  3.555807438833850E+03   1.4196422E-14   2.1733793E-16      0
  3.558555921202011E+03   1.4748468E-14   2.2081306E-16     16
  3.561304410629095E+03   1.5670374E-14   2.2527236E-16     16
  3.564052907050665E+03   1.3850616E-14   2.2452652E-16      0
  3.566801410402282E+03   1.4452908E-14   1.9197209E-16      0
  3.569549920619506E+03   1.4881468E-14   2.2191024E-16      0
  3.572298437637895E+03   1.4979544E-14   1.9227635E-16      0
  3.575046961393006E+03   1.4335160E-14   2.2541283E-16      0
  3.577795491820394E+03   1.6221050E-14   2.3911724E-16     16
  3.580544028855611E+03   1.5075240E-14   2.1958141E-16      0
  3.583292572434211E+03   1.5709507E-14   2.2657041E-16     16
  3.586041122491743E+03   1.5375317E-14   2.2311960E-16      0
  3.588789678963756E+03   1.6252067E-14   2.2977076E-16      0
  3.591538241785796E+03   1.5577537E-14   2.3207610E-16    256
  3.594286810893411E+03   1.6374002E-14   2.3166849E-16      0
  3.597035386222144E+03   1.5738177E-14   2.3953433E-16     16
  3.599783967707538E+03   1.6616757E-14   2.3006296E-16     16
  3.602532555285135E+03   1.5819721E-14   2.3444077E-16     16
  3.605281148890474E+03   1.6660952E-14   2.2852285E-16      0
  3.608029748459094E+03   1.6496051E-14   2.3515691E-16      0
  3.610778353926532E+03   1.6038420E-14   2.5306679E-16      0
  3.613526965228325E+03   1.7050140E-14   2.3196903E-16     16
  3.616275582300006E+03   2.1161776E-14   2.3322933E-16     16
  3.619024205077108E+03   1.7316689E-14   2.3227642E-16     16
  3.621772833495163E+03   1.6526045E-14   2.2638525E-16     16
  3.624521467489702E+03   1.7874162E-14   2.3636055E-16      0
  3.627270106996253E+03   1.7034741E-14   2.4163785E-16     16
  3.630018751950345E+03   1.7075752E-14   2.2962362E-16      0
  3.632767402287504E+03   1.6638063E-14   2.3359318E-16      0
  3.635516057943255E+03   1.6535813E-14   2.3395902E-16     16
  3.638264718853122E+03   1.6833762E-14   2.2788392E-16     16
  3.641013384952628E+03   1.5980476E-14   2.3991017E-16   1024
  3.643762056177294E+03   1.6655026E-14   2.3105749E-16   1024
  3.646510732462642E+03   1.5617139E-14   2.2333945E-16   1024
  3.649259413744189E+03   1.5907831E-14   2.2482438E-16   1024
  3.652008099957455E+03   1.5577742E-14   1.8744339E-16   1024
  3.654756791037954E+03   1.5042302E-14   1.7579684E-16   1024
  3.657505486921205E+03   1.6280788E-14   2.2539401E-16   1040
  3.660254187542721E+03   1.4021804E-14   2.1087490E-16   1024
  3.663002892838015E+03   1.3481598E-14   1.9849819E-16   1024
  3.665751602742600E+03   1.3472597E-14   1.9673138E-16   1024
  3.668500317191987E+03   1.2072875E-14   1.8968297E-16   1040
  3.671249036121686E+03   1.1861904E-14   1.6283281E-16   1040
  3.673997759467207E+03   1.0748581E-14   1.7803922E-16   1024
  3.676746487164057E+03   1.0523432E-14   1.7968780E-16   1040
  3.679495219147745E+03   1.0054211E-14   1.8898454E-16   1040
  3.682243955353775E+03   9.5730478E-15   1.4032268E-16   1024
  3.684992695717652E+03   9.0391375E-15   1.3605685E-16   1024
  3.687741440174882E+03   8.7601469E-15   1.4122085E-16   1040
  3.690490188660967E+03   8.1392099E-15   1.2945018E-16   1024
  3.693238941111409E+03   7.8001723E-15   1.2777251E-16   1040
  3.695987697461710E+03   7.4527431E-15   1.2462413E-16   1024
  3.698736457647370E+03   6.9209597E-15   1.1912502E-16   1024
  3.701485221603888E+03   6.7740024E-15   1.2349887E-16   1040
  3.704233989266765E+03   8.8687704E-15   1.6137496E-16   1040
  3.706982760571495E+03   5.2119788E-15   1.2566922E-16   1024
  3.709731535453577E+03   5.6363525E-15   1.3235309E-16   1024
  3.712480313848506E+03   5.5690807E-15   1.0678100E-16   1024
  3.715229095691779E+03   6.0211922E-15   1.1207833E-16   1040
  3.717977880918888E+03   4.7188159E-15   9.9272420E-17   1024
  3.720726669465329E+03   5.1394635E-15   1.0265106E-16   1024
  3.723475461266594E+03   4.9225980E-15   1.0139064E-16   1024
  3.726224256258174E+03   4.7879655E-15   1.1754665E-16      0
  3.728973054375561E+03   4.7954453E-15   1.2166090E-16      0
  3.731721855554246E+03   4.8950796E-15   9.9058194E-17      0
  3.734470659729719E+03   4.8759960E-15   9.9486693E-17      0
  3.737219466837468E+03   5.0369551E-15   1.0238218E-16     16
  3.739968276812981E+03   5.0350887E-15   1.0340457E-16     16
  3.742717089591748E+03   5.4111040E-15   1.0324719E-16      0
  3.745465905109255E+03   5.0170952E-15   9.9659521E-17     16
  3.748214723300988E+03   5.2654782E-15   1.0145560E-16      0
  3.750963544102434E+03   1.4729562E-14   1.8675183E-16     16
  3.753712367449077E+03   5.0416282E-15   9.8318165E-17      0
  3.756461193276402E+03   5.0082538E-15   1.1545710E-16     16
  3.759210021519893E+03   4.9495845E-15   1.2230776E-16     16
  3.761958852115035E+03   5.0457134E-15   9.6422995E-17      0
  3.764707684997309E+03   5.3816344E-15   1.0240094E-16     16
  3.767456520102198E+03   5.4027831E-15   9.8885822E-17      0
  3.770205357365184E+03   5.6296389E-15   1.0771968E-16     16
  3.772954196721748E+03   5.8144522E-15   1.0239538E-16      0
  3.775703038107372E+03   5.9604069E-15   1.0163325E-16      0
  3.778451881457536E+03   6.0430973E-15   1.0339449E-16      0
  3.781200726707719E+03   6.3225974E-15   1.2228796E-16      0
  3.783949573793401E+03   6.6287168E-15   1.0601819E-16      0
  3.786698422650062E+03   7.2577603E-15   1.1230464E-16      0
  3.789447273213179E+03   7.6096610E-15   1.5048583E-16     16
  3.792196125418232E+03   7.4474516E-15   1.3054783E-16     16
  3.794944979200698E+03   5.9269055E-15   1.2528930E-16     16
  3.797693834496054E+03   8.1737231E-15   1.3769963E-16     16
  3.800442691239777E+03   8.2837163E-15   1.3767425E-16      0
  3.803191549367346E+03   8.5952541E-15   1.3617264E-16      0
  3.805940408814235E+03   9.2925012E-15   1.2050649E-16      0
  3.808689269515922E+03   9.9057386E-15   1.2468257E-16      0
  3.811438131407881E+03   9.7671793E-15   1.4351093E-16      0
  3.814186994425589E+03   9.7445770E-15   1.6058851E-16     16
  3.816935858504521E+03   1.0305675E-14   1.5087347E-16      0
  3.819684723580152E+03   1.0678574E-14   1.6493133E-16     16
  3.822433589587956E+03   1.0491357E-14   1.2876817E-16     16
  3.825182456463410E+03   1.0470252E-14   1.5328301E-16     16
  3.827931324141987E+03   9.9547598E-15   1.5948721E-16      0
  3.830680192559160E+03   1.0408679E-14   1.2433718E-16      0
  3.833429061650404E+03   1.0149500E-14   1.2309645E-16      0
  3.836177931351194E+03   1.0413589E-14   1.2459705E-16     16
  3.838926801597004E+03   1.0513729E-14   1.2405336E-16      0
  3.841675672323305E+03   1.0363600E-14   1.4799709E-16     16
  3.844424543465572E+03   9.9061274E-15   1.6890144E-16     16
  3.847173414959279E+03   9.9551342E-15   1.5746267E-16     16
  3.849922286739899E+03   1.0731069E-14   1.5032736E-16     16
  3.852671158742905E+03   1.1189588E-14   1.6557828E-16     16
  3.855420030903771E+03   1.1566600E-14   1.3649201E-16     16
  3.858168903157969E+03   1.1399411E-14   1.5112060E-16      0
  3.860917775440973E+03   1.1083784E-14   1.4355259E-16      0
  3.863666647688256E+03   1.0780035E-14   1.4315943E-16     16
  3.866415519835291E+03   1.0948152E-14   1.6264287E-16      0
  3.869164391817551E+03   1.2419693E-14   1.5271575E-16     16
  3.871913263570509E+03   1.0863983E-14   1.5992114E-16      0
  3.874662135029640E+03   1.5847949E-14   1.7583067E-16     16
  3.877411006130415E+03   1.1637191E-14   1.4439299E-16      0
  3.880159876808309E+03   1.2091941E-14   1.5405290E-16     16
  3.882908746998795E+03   1.2611996E-14   1.8205381E-16     16
  3.885657616637347E+03   1.2801139E-14   1.7071135E-16      0
  3.888406485659438E+03   1.3087833E-14   1.7253096E-16      0
  3.891155354000543E+03   1.3330398E-14   1.7667903E-16      0
  3.893904221596135E+03   1.6292423E-14   1.8917783E-16     16
  3.896653088381689E+03   1.4974396E-14   1.8215855E-16      0
  3.899401954292679E+03   1.5536822E-14   1.8454482E-16      0
  3.902150819264581E+03   1.6332311E-14   1.6664072E-16     16
  3.904899683232868E+03   1.6834944E-14   1.6702153E-16      0
  3.907648546133016E+03   1.6598461E-14   1.9083022E-16     16
  3.910397407900501E+03   1.6528349E-14   1.9362212E-16      0
  3.913146268470797E+03   1.7623329E-14   1.7813894E-16     16
  3.915895127779381E+03   1.7125770E-14   1.9310903E-16      0
  3.918643985761728E+03   1.7995828E-14   1.7289011E-16      0
  3.921392842353318E+03   1.7623645E-14   1.9717983E-16      0
  3.924141697489623E+03   1.8091041E-14   2.0082275E-16     16
  3.926890551106124E+03   1.8515029E-14   1.7828892E-16      0
  3.929639403138297E+03   1.7467286E-14   1.9208652E-16      0
  3.932388253521618E+03   1.7993614E-14   1.9705629E-16      0
  3.935137102191570E+03   1.7843311E-14   1.6689099E-16      0
  3.937885949083627E+03   1.7064907E-14   1.8834413E-16      0
  3.940634794133272E+03   1.7908055E-14   1.9258326E-16      0
  3.943383637275982E+03   1.8421469E-14   1.9445981E-16     16
  3.946132478447237E+03   1.8260963E-14   1.9690567E-16      0
  3.948881317582519E+03   1.8463773E-14   1.9402305E-16     16
  3.951630154617308E+03   1.8956653E-14   1.7404232E-16     16
  3.954378989487085E+03   1.8943101E-14   1.9520664E-16     16
  3.957127822127332E+03   1.9418346E-14   1.7036437E-16      0
  3.959876652473533E+03   1.9037887E-14   1.9390982E-16      0
  3.962625480461169E+03   1.9499744E-14   1.7065036E-16      0
  3.965374306025726E+03   1.9521084E-14   1.9649540E-16      0
  3.968123129102686E+03   1.9251307E-14   1.9778327E-16      0
  3.970871949627534E+03   1.9244917E-14   1.9455157E-16      0
  3.973620767535755E+03   1.9323156E-14   1.9710936E-16      0
  3.976369582762837E+03   1.9877741E-14   1.7334051E-16      0
  3.979118395244264E+03   2.0913997E-14   1.9963587E-16     16
  3.981867204915525E+03   2.0891192E-14   1.7332666E-16     16
  3.984616011712107E+03   2.0444084E-14   1.9721810E-16      0
  3.987364815569499E+03   2.1063131E-14   2.0753692E-16     16
  3.990113616423189E+03   2.1407236E-14   2.0228383E-16     16
  3.992862414208668E+03   2.0838151E-14   1.9993702E-16      0
  3.995611208861427E+03   2.1371041E-14   2.0735881E-16     16
  3.998360000316957E+03   2.1006549E-14   1.7146529E-16      0
  4.001108788510749E+03   2.0659694E-14   1.9816481E-16     16
  4.003857573378298E+03   2.1336143E-14   2.0008202E-16      0
  4.006606354855097E+03   2.1066130E-14   1.9929570E-16      0
  4.009355132876639E+03   2.0043478E-14   1.9817068E-16     16
  4.012103907378421E+03   1.9767614E-14   1.9184036E-16      0
  4.014852678295938E+03   1.9261946E-14   1.9090046E-16     16
  4.017601445564688E+03   1.8222764E-14   1.8520603E-16     16
  4.020350209120168E+03   1.8191540E-14   1.8354010E-16      0
  4.023098968897877E+03   1.7775844E-14   1.8104642E-16      0
  4.025847724833314E+03   1.7103521E-14   1.7852076E-16     16
  4.028596476861980E+03   1.6684926E-14   1.7444878E-16      0
  4.031345224919377E+03   1.6977454E-14   1.6098406E-16      0
  4.034093968941006E+03   1.6442382E-14   1.7447632E-16     16
  4.036842708862371E+03   1.6274327E-14   1.7823630E-16      0
  4.039591444618976E+03   1.6929483E-14   1.5381549E-16     16
  4.042340176146326E+03   1.6681382E-14   1.7370363E-16      0
  4.045088903379929E+03   1.6453308E-14   1.7216929E-16      0
  4.047837626255290E+03   1.6402187E-14   1.7067292E-16      0
  4.050586344707917E+03   1.7163366E-14   1.7498388E-16      0
  4.053335058673321E+03   1.6133725E-14   1.7767501E-16     16
  4.056083768087012E+03   1.6934691E-14   1.5298068E-16     16
  4.058832472884500E+03   1.7064925E-14   1.7643622E-16      0
  4.061581173001300E+03   1.6627895E-14   1.7189343E-16     16
  4.064329868372922E+03   1.6863901E-14   1.7455757E-16     16
  4.067078558934884E+03   1.6748906E-14   1.7679925E-16     16
  4.069827244622700E+03   1.7461835E-14   1.7809891E-16      0
  4.072575925371887E+03   1.7333835E-14   1.7483954E-16      0
  4.075324601117964E+03   1.7992538E-14   1.7770627E-16      0
  4.078073271796450E+03   1.8448513E-14   1.8103727E-16     16
  4.080821937342864E+03   1.9202195E-14   1.5601284E-16      0
  4.083570597692731E+03   1.8962362E-14   1.6720080E-16     16
  4.086319252781570E+03   1.9474848E-14   1.7296660E-16     16
  4.089067902544909E+03   1.9765062E-14   1.8488424E-16     16
  4.091816546918270E+03   1.9213284E-14   1.8231209E-16      0
  4.094565185837181E+03   1.9629180E-14   1.8443530E-16      0
  4.097313819237170E+03   1.9387264E-14   1.9005483E-16     16
  4.100062447053766E+03   1.9919174E-14   1.8020236E-16     16
  4.102811069222500E+03   1.9595921E-14   1.8794081E-16      0
  4.105559685678904E+03   2.0399853E-14   1.8892077E-16      0
  4.108308296358510E+03   2.0161165E-14   1.8602749E-16      0
  4.111056901196854E+03   2.0655832E-14   1.8828646E-16      0
  4.113805500129471E+03   2.0371554E-14   1.8832105E-16      0
  4.116554093091898E+03   1.9999144E-14   1.8609909E-16      0
  4.119302680019675E+03   2.0150031E-14   1.8636934E-16      0
  4.122051260848340E+03   2.0274899E-14   1.8645167E-16      0
  4.124799835513438E+03   1.9943467E-14   1.8563329E-16      0
  4.127548403950508E+03   1.9560784E-14   1.8447247E-16     16
  4.130296966095098E+03   1.9260592E-14   1.8178227E-16      0
  4.133045521882751E+03   1.9043276E-14   1.8061318E-16      0
  4.135794071249016E+03   1.9047853E-14   1.7924598E-16      0
  4.138542614129442E+03   1.9294121E-14   1.8359892E-16      0
  4.141291150459580E+03   1.9034350E-14   1.6780002E-16     16
  4.144039680174979E+03   1.8954146E-14   1.7865653E-16      0
  4.146788203211197E+03   1.8887598E-14   1.8718880E-16      0
  4.149536719503785E+03   1.9215837E-14   1.7895907E-16      0
  4.152285228988302E+03   1.8651566E-14   1.7781501E-16     16
  4.155033731600306E+03   1.8188908E-14   1.7377819E-16      0
  4.157782227275357E+03   1.8246684E-14   1.7618571E-16     16
  4.160530715949016E+03   1.7548832E-14   1.7094114E-16      0
  4.163279197556846E+03   1.7420310E-14   1.7237439E-16      0
  4.166027672034412E+03   1.7452379E-14   1.6978949E-16      0
  4.168776139317281E+03   1.7602449E-14   1.4414506E-16      0
  4.171524599341021E+03   1.7058661E-14   1.6817909E-16      0
  4.174273052041202E+03   1.7519071E-14   1.5646927E-16      0
  4.177021497353395E+03   1.6785752E-14   1.6641258E-16      0
  4.179769935213174E+03   1.6900881E-14   1.6951471E-16      0
  4.182518365556113E+03   1.6615573E-14   1.7050826E-16     16
  4.185266788317791E+03   1.7044692E-14   1.6647019E-16      0
  4.188015203433784E+03   1.6755071E-14   1.5379899E-16      0
  4.190763610839675E+03   1.6928953E-14   1.6658250E-16      0
  4.193512010471044E+03   1.6718121E-14   1.6580888E-16      0
  4.196260402263477E+03   1.7058344E-14   1.6662259E-16      0
  4.199008786152557E+03   1.6963664E-14   1.6545245E-16      0
  4.201757162073874E+03   1.7346455E-14   1.6891833E-16     16
  4.204505529963019E+03   1.8122859E-14   1.7069912E-16      0
  4.207253889755581E+03   1.8059132E-14   1.5935596E-16      0
  4.210002241387154E+03   1.7722996E-14   1.6994442E-16     16
  4.212750584793333E+03   1.7553647E-14   1.6788890E-16      0
  4.215498919909716E+03   1.8462799E-14   1.7891058E-16     16
  4.218247246671903E+03   1.7542374E-14   1.6775552E-16     16
  4.220995565015492E+03   1.7221056E-14   1.6766645E-16      0
  4.223743874876090E+03   1.7083157E-14   1.6643075E-16     16
  4.226492176189298E+03   1.6489509E-14   1.6124802E-16      0
  4.229240468890727E+03   1.6370243E-14   1.6165092E-16      0
  4.231988752915984E+03   1.6421712E-14   1.6333250E-16     16
  4.234737028200680E+03   1.5856597E-14   1.5872823E-16      0
  4.237485294680430E+03   1.5995895E-14   1.5871509E-16     16
  4.240233552290848E+03   1.5531091E-14   1.5788883E-16     16
  4.242981800967551E+03   1.5440757E-14   1.5708575E-16      0
  4.245730040646159E+03   1.4745405E-14   1.5327947E-16      0
  4.248478271262293E+03   1.5102540E-14   1.5503436E-16      0
  4.251226492751578E+03   1.4564015E-14   1.5295783E-16     16
  4.253974705049638E+03   1.4571188E-14   1.4211164E-16     16
  4.256722908092103E+03   1.4411845E-14   1.5146944E-16      0
  4.259471101814602E+03   1.3947683E-14   1.4656493E-16      0
  4.262219286152766E+03   1.4117275E-14   1.4849958E-16      0
  4.264967461042232E+03   1.3540941E-14   1.3604434E-16      0
  4.267715626418634E+03   1.4407676E-14   1.5129607E-16     16
  4.270463782217615E+03   1.3045024E-14   1.4242197E-16      0
  4.273211928374813E+03   1.3181579E-14   1.3450697E-16      0
  4.275960064825871E+03   1.2786545E-14   1.4165152E-16     16
  4.278708191506437E+03   1.2876294E-14   1.1822955E-16      0
  4.281456308352159E+03   1.2173441E-14   1.3659376E-16      0
  4.284204415298686E+03   1.2239258E-14   1.3724053E-16      0
  4.286952512281671E+03   1.1930995E-14   1.3642585E-16      0
  4.289700599236769E+03   1.1623980E-14   1.3577558E-16     16
  4.292448676099638E+03   1.1830598E-14   1.2853791E-16      0
  4.295196742805936E+03   1.1976766E-14   1.1275966E-16      0
  4.297944799291326E+03   1.1188190E-14   1.3044646E-16      0
  4.300692845491475E+03   1.0947099E-14   1.3178874E-16     16
  4.303440881342047E+03   1.1009374E-14   1.3050650E-16      0
  4.306188906778711E+03   1.0879034E-14   1.2174362E-16     16
  4.308936921737139E+03   1.0815157E-14   1.2078835E-16     16
  4.311684926153007E+03   1.0514169E-14   1.1905097E-16     16
  4.314432919961992E+03   1.0349167E-14   1.2776918E-16      0
  4.317180903099769E+03   1.0304236E-14   1.2766331E-16      0
  4.319928875502025E+03   1.0192976E-14   1.2836238E-16     16
  4.322676837104441E+03   1.0678877E-14   1.3521454E-16     16
  4.325424787842704E+03   1.0017254E-14   1.2251498E-16      0
  4.328172727652503E+03   1.0235644E-14   1.0422856E-16      0
  4.330920656469533E+03   9.6241950E-15   1.2176163E-16     16
  4.333668574229483E+03   1.0053648E-14   1.2254439E-16      0
  4.336416480868055E+03   9.7574519E-15   1.1996860E-16      0
  4.339164376320946E+03   1.0413956E-14   1.1725338E-16      0
  4.341912260523858E+03   1.0486517E-14   1.2218127E-16     16
  4.344660133412497E+03   1.0582513E-14   1.1852887E-16      0
  4.347407994922571E+03   1.0540315E-14   1.1760781E-16      0
  4.350155844989788E+03   1.0185646E-14   1.2203573E-16      0
  4.352903683549863E+03   1.0309883E-14   1.2274834E-16      0
  4.355651510538510E+03   1.0543904E-14   1.1737124E-16      0
  4.358399325891448E+03   1.0636689E-14   1.1832517E-16      0
  4.361147129544397E+03   1.0627246E-14   1.1765498E-16      0
  4.363894921433083E+03   1.0450995E-14   1.2353494E-16      0
  4.366642701493231E+03   1.0655343E-14   1.2462694E-16     16
  4.369390469660570E+03   1.0835560E-14   1.2427591E-16      0
  4.372138225870832E+03   1.1278178E-14   1.2252072E-16      0
  4.374885970059752E+03   1.0906276E-14   1.2551782E-16      0
  4.377633702163068E+03   1.1229621E-14   1.2697762E-16     16
  4.380381422116520E+03   1.1371197E-14   1.2076575E-16     16
  4.383129129855853E+03   1.1805581E-14   1.2269014E-16      0
  4.385876825316811E+03   1.2769658E-14   1.2809825E-16     16
  4.388624508435143E+03   1.2146666E-14   1.2462512E-16      0
  4.391372179146602E+03   1.2368782E-14   1.2544546E-16      0
  4.394119837386943E+03   1.2604386E-14   1.2714203E-16      0
  4.396867483091924E+03   1.2556106E-14   1.2793883E-16     16
  4.399615116197304E+03   1.2675215E-14   1.2782493E-16     16
  4.402362736638848E+03   1.2382520E-14   1.3386490E-16      0
  4.405110344352322E+03   1.2804641E-14   1.2735917E-16      0
  4.407857939273496E+03   1.2832307E-14   1.3440972E-16      0
  4.410605521338143E+03   1.3092991E-14   1.2835154E-16      0
  4.413353090482039E+03   1.3389787E-14   1.3716617E-16      0
  4.416100646640961E+03   1.3578083E-14   1.3141400E-16      0
  4.418848189750691E+03   1.3750839E-14   1.3834088E-16      0
  4.421595719747014E+03   1.3536547E-14   1.3633195E-16      0
  4.424343236565718E+03   1.3712447E-14   1.3139964E-16      0
  4.427090740142595E+03   1.3411115E-14   1.3592317E-16      0
  4.429838230413436E+03   1.3396809E-14   1.2981507E-16      0
  4.432585707314041E+03   1.3486264E-14   1.3659608E-16     16
  4.435333170780208E+03   1.3926324E-14   1.3975539E-16     16
  4.438080620747742E+03   1.4091016E-14   1.3131041E-16      0
  4.440828057152449E+03   1.3415789E-14   1.2844603E-16     16
  4.443575479930138E+03   1.3140499E-14   1.3411373E-16      0
  4.446322889016625E+03   1.3124820E-14   1.3605970E-16     16
  4.449070284347721E+03   1.3255555E-14   1.2821486E-16      0
  4.451817665859248E+03   1.3534584E-14   1.3577668E-16     16
  4.454565033487030E+03   1.2798663E-14   1.2546040E-16      0
  4.457312387166889E+03   1.2642339E-14   1.2438544E-16      0
  4.460059726834657E+03   1.2474894E-14   1.4152762E-16     16
  4.462807052426168E+03   1.7054636E-14   1.4121376E-16     16
  4.465554363877252E+03   1.2235635E-14   1.2318491E-16      0
  4.468301661123753E+03   1.2147388E-14   1.2732299E-16      0
  4.471048944101510E+03   1.2184315E-14   1.2212647E-16      0
  4.473796212746370E+03   1.2281010E-14   1.3152443E-16   1040
  4.476543466994183E+03   1.2255626E-14   1.2750506E-16   1040
  4.479290706780800E+03   1.2730603E-14   1.2535377E-16   1040
  4.482037932042075E+03   1.2858337E-14   1.3050581E-16   1024
  4.484785142713871E+03   1.3283999E-14   1.3286142E-16   1024
  4.487532338732049E+03   1.3486485E-14   1.2747490E-16   1024
  4.490279520032473E+03   1.3644551E-14   1.3464720E-16   1024
  4.493026686551014E+03   1.3677455E-14   1.2760112E-16   1024
  4.495773838223545E+03   1.4010483E-14   1.3019640E-16   1024
  4.498520974985941E+03   1.4214023E-14   1.3702255E-16   1024
  4.501268096774083E+03   1.4282271E-14   1.3638898E-16   1024
  4.504015203523854E+03   1.4601012E-14   1.3910854E-16   1024
  4.506762295171141E+03   1.4937848E-14   1.3530806E-16   1040
  4.509509371651835E+03   1.4846243E-14   1.4153715E-16   1040
  4.512256432901827E+03   1.4825018E-14   1.3373815E-16   1024
  4.515003478857018E+03   1.5195105E-14   1.4169828E-16   1024
  4.517750509453307E+03   1.5611419E-14   1.3673367E-16   1024
  4.520497524626599E+03   1.5633784E-14   1.3739630E-16   1024
  4.523244524312801E+03   1.5911438E-14   1.4457446E-16   1040
  4.525991508447827E+03   1.5442058E-14   1.4160878E-16      0
  4.528738476967593E+03   1.5557656E-14   1.4220879E-16      0
  4.531485429808015E+03   1.5806966E-14   1.4287565E-16      0
  4.534232366905017E+03   1.5574774E-14   1.4265840E-16      0
  4.536979288194528E+03   1.5414273E-14   1.4166330E-16      0
  4.539726193612474E+03   1.5198165E-14   1.3485753E-16      0
  4.542473083094792E+03   1.5882273E-14   1.3876745E-16     16
  4.545219956577418E+03   1.5738309E-14   1.4272337E-16      0
  4.547966813996295E+03   1.5837194E-14   1.4622224E-16     16
  4.550713655287366E+03   1.5779580E-14   1.3754196E-16      0
  4.553460480386581E+03   1.5338059E-14   1.3544610E-16      0
  4.556207289229892E+03   1.5636933E-14   1.4224363E-16      0
  4.558954081753257E+03   1.5664690E-14   1.4328003E-16      0
  4.561700857892635E+03   1.5441734E-14   1.5036083E-16      0
  4.564447617583990E+03   1.5695163E-14   1.4201082E-16      0
  4.567194360763290E+03   1.5694550E-14   1.4824047E-16      0
  4.569941087366507E+03   1.5577307E-14   1.3546673E-16      0
  4.572687797329617E+03   1.5464677E-14   1.3624001E-16      0
  4.575434490588599E+03   1.5200271E-14   1.4053826E-16      0
  4.578181167079437E+03   1.6068972E-14   1.4616156E-16     16
  4.580927826738117E+03   1.5697089E-14   1.4132296E-16      0
  4.583674469500632E+03   1.5506502E-14   1.3527454E-16     16
  4.586421095302976E+03   1.5000879E-14   1.4469774E-16      0
  4.589167704081149E+03   1.5151707E-14   1.3403530E-16      0
  4.591914295771154E+03   1.5040996E-14   1.3877685E-16     16
  4.594660870308999E+03   1.4747492E-14   1.3808184E-16      0
  4.597407427630693E+03   1.4550974E-14   1.5173367E-16     16
  4.600153967672252E+03   1.4396790E-14   1.3027319E-16      0
  4.602900490369697E+03   1.4408254E-14   1.4175431E-16      0
  4.605646995659050E+03   1.4508070E-14   1.4694322E-16      0
  4.608393483476338E+03   1.4172673E-14   1.4086820E-16      0
  4.611139953757593E+03   1.3985518E-14   1.3116606E-16     16
  4.613886406438849E+03   1.4451566E-14   1.3592735E-16      0
  4.616632841456149E+03   1.4528731E-14   1.3173105E-16      0
  4.619379258745533E+03   1.4549605E-14   1.3601639E-16      0
  4.622125658243051E+03   1.4845604E-14   1.3310617E-16      0
  4.624872039884754E+03   1.5029912E-14   1.3425663E-16     16
  4.627618403606702E+03   1.4955032E-14   1.3917487E-16      0
  4.630364749344949E+03   1.5152361E-14   1.3930595E-16     16
  4.633111077035565E+03   1.5222309E-14   1.4025067E-16     16
  4.635857386614615E+03   1.5453027E-14   1.4105364E-16      0
  4.638603678018175E+03   1.5152567E-14   1.3398987E-16     16
  4.641349951182320E+03   1.5309682E-14   1.4097014E-16      0
  4.644096206043134E+03   1.5173130E-14   1.5524747E-16     16
  4.646842442536701E+03   1.4528633E-14   1.4731445E-16      0
  4.649588660599111E+03   1.4315025E-14   1.3498853E-16     16
  4.652334860166459E+03   1.4767901E-14   1.3766144E-16      0
  4.655081041174844E+03   1.4602016E-14   1.3583923E-16      0
  4.657827203560370E+03   1.4476930E-14   1.3042316E-16      0
  4.660573347259141E+03   1.4581383E-14   1.3145155E-16      0
  4.663319472207272E+03   1.3825253E-14   1.3072446E-16     16
  4.666065578340877E+03   1.4365884E-14   1.3542573E-16      0
  4.668811665596078E+03   1.6221767E-14   1.4819968E-16     16
  4.671557733909000E+03   1.4145761E-14   1.4114465E-16      0
  4.674303783215772E+03   1.4566014E-14   1.3142979E-16      0
  4.677049813452528E+03   1.4159205E-14   1.2899170E-16      0
  4.679795824555405E+03   1.3809682E-14   1.3214613E-16      0
  4.682541816460546E+03   1.3509546E-14   1.3076988E-16      0
  4.685287789104100E+03   1.3374477E-14   1.3800234E-16     16
  4.688033742422215E+03   1.2894384E-14   1.3960539E-16     16
  4.690779676351053E+03   1.2537750E-14   1.2747704E-16     16
  4.693525590826770E+03   1.2042041E-14   1.2399711E-16      0
  4.696271485785531E+03   1.2014143E-14   1.2053276E-16      0
  4.699017361163508E+03   1.1728137E-14   1.1840560E-16      0
  4.701763216896876E+03   1.1801141E-14   1.1849737E-16      0
  4.704509052921811E+03   1.1638916E-14   1.1812903E-16      0
  4.707254869174499E+03   1.1224001E-14   1.2650626E-16      0
  4.710000665591127E+03   1.0797543E-14   1.2451959E-16      0
  4.712746442107888E+03   1.1176135E-14   1.1495633E-16      0
  4.715492198660981E+03   1.1137563E-14   1.1476191E-16   1024
  4.718237935186605E+03   1.1406399E-14   1.1699076E-16   1040
  4.720983651620967E+03   1.1231991E-14   1.2671760E-16   1024
  4.723729347900282E+03   1.0861874E-14   1.2842160E-16   1024
  4.726475023960763E+03   1.1210045E-14   1.1599440E-16   1024
  4.729220679738631E+03   1.0703130E-14   1.2763108E-16   1024
  4.731966315170112E+03   1.1352362E-14   1.1621866E-16   1024
  4.734711930191437E+03   1.1144641E-14   1.1476775E-16   1024
  4.737457524738840E+03   1.1395396E-14   1.1615180E-16   1040
  4.740203098748561E+03   1.1712371E-14   1.1868229E-16   1040
  4.742948652156846E+03   1.1297952E-14   1.1925781E-16   1024
  4.745694184899944E+03   1.0876126E-14   1.2945541E-16   1040
  4.748439696914107E+03   1.1434370E-14   1.1892546E-16   1024
  4.751185188135596E+03   1.1094385E-14   1.3054416E-16   1024
  4.753930658500675E+03   1.1451594E-14   1.1735266E-16   1024
  4.756676107945611E+03   1.1375436E-14   1.2069514E-16     16
  4.759421536406680E+03   1.1518339E-14   9.8296830E-17      0
  4.762166943820160E+03   1.1313706E-14   1.1649133E-16      0
  4.764912330122334E+03   1.1265155E-14   1.1567572E-16      0
  4.767657695249489E+03   1.1052912E-14   1.1839784E-16     16
  4.770403039137920E+03   1.1007307E-14   1.2812431E-16     16
  4.773148361723926E+03   1.1195112E-14   1.1833368E-16      0
  4.775893662943807E+03   1.1150507E-14   1.1491459E-16      0
  4.778638942733875E+03   1.1294712E-14   9.7610872E-17     16
  4.781384201030439E+03   1.0850207E-14   1.2177194E-16     16
  4.784129437769820E+03   1.2342206E-14   1.1824039E-16     16
  4.786874652888341E+03   1.0045981E-14   1.1621935E-16      0
  4.789619846322330E+03   1.0165825E-14   1.1350722E-16      0
  4.792365018008120E+03   9.7832610E-15   1.0704462E-16      0
  4.795110167882051E+03   9.6628409E-15   1.0621310E-16      0
  4.797855295880463E+03   9.4759693E-15   1.0557708E-16     16
  4.800600401939707E+03   9.3201839E-15   1.0552845E-16      0
  4.803345485996136E+03   9.3513606E-15   1.0543470E-16      0
  4.806090547986108E+03   9.1339984E-15   1.0821024E-16      0
  4.808835587845989E+03   9.1411906E-15   1.0734044E-16     16
  4.811580605512146E+03   9.2532200E-15   1.1046416E-16     16
  4.814325600920953E+03   9.4442852E-15   1.0505655E-16      0
  4.817070574008791E+03   9.3588891E-15   1.1645520E-16      0
  4.819815524712043E+03   9.7452597E-15   1.0557274E-16     16
  4.822560452967101E+03   1.0031656E-14   9.2667787E-17     16
  4.825305358710357E+03   1.0444133E-14   9.4279631E-17     16
  4.828050241878213E+03   1.0413794E-14   1.2277035E-16     16
  4.830795102407075E+03   1.0412228E-14   1.1438111E-16      0
  4.833539940233353E+03   1.0837259E-14   1.1286560E-16      0
  4.836284755293463E+03   1.0699919E-14   1.2375243E-16      0
  4.839029547523825E+03   1.1063732E-14   1.1327800E-16      0
  4.841774316860869E+03   1.0862191E-14   1.1220362E-16      0
  4.844519063241024E+03   1.0648591E-14   1.1243900E-16     16
  4.847263786600729E+03   1.0976768E-14   1.2922181E-16      0
  4.850008486876424E+03   1.1452643E-14   1.1527724E-16      0
  4.852753164004562E+03   1.0836688E-14   1.1204221E-16      0
  4.855497817921592E+03   1.1281134E-14   1.1839306E-16      0
  4.858242448563975E+03   1.0809626E-14   1.2745367E-16      0
  4.860987055868174E+03   1.1087907E-14   1.1309122E-16     16
  4.863731639770659E+03   1.1190212E-14   1.1521255E-16     16
  4.866476200207906E+03   1.0412790E-14   1.2643489E-16     16
  4.869220737116395E+03   1.0388647E-14   1.2240015E-16      0
  4.871965250432611E+03   1.0366917E-14   1.0897365E-16      0
  4.874709740093048E+03   1.0049894E-14   1.1971013E-16      0
  4.877454206034200E+03   9.6032462E-15   1.0647016E-16      0
  4.880198648192572E+03   9.8089583E-15   1.1259093E-16     16
  4.882943066504670E+03   9.1303215E-15   1.0276546E-16      0
  4.885687460907010E+03   9.1405468E-15   1.0296137E-16      0
  4.888431831336110E+03   8.7843856E-15   1.0122289E-16      0
  4.891176177728494E+03   8.4974676E-15   9.8692143E-17      0
  4.893920500020693E+03   8.4966002E-15   9.9580012E-17      0
  4.896664798149243E+03   8.0682692E-15   9.5778700E-17      0
  4.899409072050686E+03   7.5493836E-15   1.0805496E-16     16
  4.902153321661568E+03   7.9980298E-15   8.1907378E-17      0
  4.904897546918441E+03   8.0299028E-15   1.0153957E-16     16
  4.907641747757867E+03   7.6220658E-15   1.0757563E-16     16
  4.910385924116407E+03   7.7447797E-15   1.0541735E-16      0
  4.913130075930633E+03   7.8362745E-15   8.0754884E-17      0
  4.915874203137118E+03   7.2345838E-15   1.0393403E-16      0
  4.918618305672447E+03   7.4897982E-15   9.2529178E-17      0
  4.921362383473203E+03   7.5488135E-15   9.4076541E-17      0
  4.924106436475980E+03   7.4103567E-15   9.2470375E-17      0
  4.926850464617379E+03   7.7552100E-15   9.2417674E-17      0
  4.929594467834000E+03   7.5667029E-15   1.0320512E-16      0
  4.932338446062457E+03   7.8660858E-15   9.4108378E-17     16
  4.935082399239363E+03   8.0199070E-15   1.0728601E-16     16
  4.937826327301341E+03   8.2551636E-15   9.6869368E-17      0
  4.940570230185019E+03   8.1923426E-15   1.0875118E-16      0
  4.943314107827028E+03   7.8301199E-15   1.1042498E-16     16
  4.946057960164011E+03   8.2746208E-15   9.6836651E-17      0
  4.948801787132610E+03   8.2801138E-15   1.0814211E-16      0
  4.951545588669477E+03   9.0749475E-15   1.1830431E-16     16
  4.954289364711270E+03   8.5606884E-15   8.3802727E-17      0
  4.957033115194649E+03   8.6625052E-15   8.4986839E-17     16
  4.959776840056285E+03   8.1294910E-15   9.6403010E-17     16
  4.962520539232853E+03   8.5436825E-15   9.6287734E-17      0
  4.965264212661034E+03   8.3687567E-15   1.1022215E-16     16
  4.968007860277510E+03   8.4687760E-15   1.1376691E-16     16
  4.970751482018979E+03   8.3037147E-15   1.0290247E-16     16
  4.973495077822138E+03   8.4857853E-15   1.0003627E-16     16
  4.976238647623692E+03   8.6539882E-15   9.8019877E-17      0
  4.978982191360349E+03   8.7805858E-15   1.1343872E-16      0
  4.981725708968829E+03   8.7184957E-15   9.8359378E-17      0
  4.984469200385854E+03   8.6821055E-15   8.7091762E-17     16
  4.987212665548152E+03   8.6286374E-15   1.0934518E-16      0
  4.989956104392457E+03   8.7454957E-15   1.1065626E-16      0
  4.992699516855511E+03   8.8945261E-15   9.8667930E-17     16
  4.995442902874065E+03   9.1588910E-15   1.0396019E-16      0
  4.998186262384866E+03   9.0899087E-15   1.0156337E-16     16
  5.000929595324678E+03   9.2245877E-15   1.1412927E-16     16
  5.003672901630263E+03   8.8484340E-15   1.0161755E-16      0
  5.006416181238397E+03   8.9556065E-15   1.0008913E-16      0
  5.009159434085855E+03   8.6660373E-15   1.1053972E-16     16
  5.011902660109421E+03   8.9286920E-15   1.0016687E-16      0
  5.014645859245888E+03   8.8065668E-15   1.1070422E-16      0
  5.017389031432050E+03   8.8350263E-15   9.9084233E-17      0
  5.020132176604711E+03   8.7523237E-15   8.4274418E-17      0
  5.022875294700681E+03   8.6594787E-15   1.0362834E-16     16
  5.025618385656772E+03   8.5666388E-15   9.7669543E-17     16
  5.028361449409811E+03   8.4193034E-15   9.8086111E-17      0
  5.031104485896622E+03   8.4830129E-15   9.6787020E-17     16
  5.033847495054040E+03   8.5853294E-15   8.3368397E-17      0
  5.036590476818908E+03   8.6432335E-15   8.4698047E-17     16
  5.039333431128070E+03   8.5212107E-15   9.7385462E-17     16
  5.042076357918380E+03   8.4493891E-15   9.6063456E-17      0
  5.044819257126701E+03   8.3293358E-15   9.5428869E-17      0
  5.047562128689895E+03   8.5309288E-15   8.3810628E-17      0
  5.050304972544837E+03   8.8662208E-15   9.9557420E-17     16
  5.053047788628404E+03   8.7492210E-15   1.1025985E-16      0
  5.055790576877484E+03   8.7366443E-15   1.1000220E-16      0
  5.058533337228967E+03   8.8378444E-15   1.1062757E-16      0
  5.061276069619752E+03   8.9163669E-15   1.0560864E-16     16
  5.064018773986744E+03   9.1940412E-15   1.0100651E-16     16
  5.066761450266853E+03   8.9003325E-15   1.1031896E-16      0
  5.069504098396998E+03   9.2671537E-15   1.0359697E-16     16
  5.072246718314103E+03   9.1321265E-15   1.1291861E-16     16
  5.074989309955099E+03   9.2054880E-15   1.0167932E-16      0
  5.077731873256924E+03   9.2573645E-15   1.0030209E-16      0
  5.080474408156520E+03   9.2121609E-15   9.9585597E-17      0
  5.083216914590839E+03   9.0599389E-15   9.9926065E-17      0
  5.085959392496839E+03   9.2981610E-15   1.0316432E-16     16
  5.088701841811482E+03   9.2463455E-15   1.0110254E-16     16
  5.091444262471739E+03   9.1817567E-15   1.1561228E-16     16
  5.094186654414588E+03   9.5816325E-15   1.0182875E-16      0
  5.096929017577010E+03   9.7238027E-15   1.0178878E-16      0
  5.099671351895999E+03   9.5418168E-15   1.1445987E-16      0
  5.102413657308548E+03   9.8182748E-15   1.1522454E-16      0
  5.105155933751663E+03   1.0772407E-14   1.1549244E-16      0
  5.107898181162353E+03   1.0854524E-14   1.0793848E-16     16
  5.110640399477637E+03   1.0391059E-14   1.1845209E-16      0
  5.113382588634538E+03   1.0760992E-14   1.0745144E-16      0
  5.116124748570086E+03   1.0789877E-14   1.0728114E-16      0
  5.118866879221318E+03   1.0721956E-14   1.2121129E-16     16
  5.121608980525280E+03   1.0931739E-14   1.1626320E-16     16
  5.124351052419020E+03   1.1197388E-14   1.1460754E-16      0
  5.127093094839599E+03   1.0931267E-14   1.2270060E-16      0
  5.129835107724079E+03   1.1220053E-14   1.2354412E-16      0
  5.132577091009531E+03   1.1320450E-14   1.2589459E-16   1024
  5.135319044633035E+03   1.1355998E-14   1.2425097E-16   1024
  5.138060968531675E+03   1.1566948E-14   1.2553125E-16   1024
  5.140802862642542E+03   1.1611027E-14   1.2502040E-16   1040
  5.143544726902737E+03   1.1801499E-14   1.2764740E-16   1024
  5.146286561249365E+03   1.1872569E-14   1.1815432E-16   1040
  5.149028365619538E+03   1.2507599E-14   1.0041210E-16   1024
  5.151770139950376E+03   1.1723911E-14   1.2804520E-16   1040
  5.154511884179004E+03   1.2353239E-14   1.2880465E-16   1024
  5.157253598242558E+03   1.2328191E-14   1.3128991E-16   1040
  5.159995282078175E+03   1.1974124E-14   1.2711134E-16   1024
  5.162736935623006E+03   1.2618063E-14   1.3002787E-16   1024
  5.165478558814203E+03   1.2725681E-14   1.3027172E-16   1024
  5.168220151588929E+03   1.2554933E-14   1.3377841E-16   1040
  5.170961713884351E+03   1.2358080E-14   1.3086635E-16   1024
  5.173703245637644E+03   1.2223985E-14   1.3137619E-16      0
  5.176444746785992E+03   1.1980238E-14   1.3046691E-16      0
  5.179186217266585E+03   1.2116203E-14   1.2743453E-16      0
  5.181927657016618E+03   1.2119889E-14   1.2847649E-16      0
  5.184669065973295E+03   1.1849129E-14   1.3364491E-16     16
  5.187410444073828E+03   1.1856204E-14   1.1243808E-16      0
  5.190151791255435E+03   1.2045980E-14   1.2845882E-16      0
  5.192893107455340E+03   1.2012942E-14   1.1229964E-16     16
  5.195634392610777E+03   1.1446115E-14   1.2445217E-16     16
  5.198375646658983E+03   1.1642791E-14   1.2651281E-16     16
  5.201116869537205E+03   1.1569755E-14   1.2673951E-16     16
  5.203858061182700E+03   1.1651180E-14   1.2589424E-16      0
  5.206599221532726E+03   1.1691104E-14   1.1539196E-16      0
  5.209340350524551E+03   1.2037409E-14   9.8509713E-17     16
  5.212081448095452E+03   1.1669727E-14   1.1433648E-16      0
  5.214822514182713E+03   1.1491584E-14   1.2555884E-16      0
  5.217563548723622E+03   1.1650430E-14   1.1058847E-16      0
  5.220304551655476E+03   1.1534527E-14   1.2989927E-16      0
  5.223045522915580E+03   1.1558402E-14   1.2519907E-16      0
  5.225786462441247E+03   1.1727717E-14   1.1364862E-16      0
  5.228527370169795E+03   1.1894466E-14   1.2794005E-16      0
  5.231268246038552E+03   1.1636951E-14   1.2586560E-16      0
  5.234009089984850E+03   1.1932572E-14   1.2800208E-16      0
  5.236749901946031E+03   1.2017863E-14   1.2841227E-16      0
  5.239490681859445E+03   1.1864147E-14   1.2725237E-16      0
  5.242231429662446E+03   1.1887433E-14   1.2709413E-16      0
  5.244972145292400E+03   1.2070075E-14   1.2833772E-16      0
  5.247712828686674E+03   1.2007783E-14   1.1625116E-16      0
  5.250453479782650E+03   1.2093857E-14   1.2909151E-16      0
  5.253194098517713E+03   1.2079946E-14   1.2254607E-16     16
  5.255934684829254E+03   1.1956766E-14   1.2767812E-16      0
  5.258675238654676E+03   1.2029934E-14   1.2810287E-16      0
  5.261415759931386E+03   1.1983521E-14   1.2933791E-16     16
  5.264156248596800E+03   1.2270289E-14   1.2967141E-16      0
  5.266896704588341E+03   1.2633363E-14   1.2375632E-16     16
  5.269637127843440E+03   1.2202344E-14   1.3091765E-16     16
  5.272377518299536E+03   1.2033357E-14   1.2894114E-16      0
  5.275117875894074E+03   1.2165335E-14   1.1306589E-16      0
  5.277858200564508E+03   1.2093570E-14   1.3047456E-16      0
  5.280598492248298E+03   1.1479432E-14   1.2782528E-16     16
  5.283338750882913E+03   1.1223410E-14   1.0942097E-16      0
  5.286078976405828E+03   1.0822572E-14   1.2250546E-16      0
  5.288819168754530E+03   1.0604365E-14   1.2154268E-16      0
  5.291559327866506E+03   1.0730580E-14   1.1267559E-16     16
  5.294299453679260E+03   9.9862279E-15   1.1847818E-16      0
  5.297039546130296E+03   9.9691983E-15   1.0639888E-16      0
  5.299779605157128E+03   9.4131085E-15   1.1432428E-16      0
  5.302519630697279E+03   9.7752329E-15   8.9339133E-17      0
  5.305259622688281E+03   9.2227167E-15   1.1391213E-16      0
  5.307999581067667E+03   8.7575626E-15   9.6218536E-17     16
  5.310739505772986E+03   8.7915862E-15   1.0036939E-16     16
  5.313479396741790E+03   8.6180800E-15   9.9594822E-17     16
  5.316219253911639E+03   8.3624251E-15   9.4394569E-17      0
  5.318959077220104E+03   8.0893705E-15   9.3096319E-17      0
  5.321698866604758E+03   7.7180939E-15   9.1213186E-17     16
  5.324438622003188E+03   7.9602267E-15   8.1893673E-17     16
  5.327178343352984E+03   1.7957246E-14   1.6921904E-16     16
  5.329918030591749E+03   7.9808969E-15   8.1499168E-17      0
  5.332657683657088E+03   1.1541552E-14   9.9144968E-17     16
  5.335397302486617E+03   7.9066070E-15   8.1367176E-17      0
  5.338136887017960E+03   8.1235525E-15   8.2551599E-17      0
  5.340876437188749E+03   7.9757698E-15   1.0671977E-16      0
  5.343615952936621E+03   7.6877947E-15   1.0409464E-16      0
  5.346355434199227E+03   7.8418844E-15   1.0620216E-16     16
  5.349094880914216E+03   7.9347861E-15   9.9218250E-17     16
  5.351834293019258E+03   8.0791671E-15   8.8291320E-17     16
  5.354573670452020E+03   8.0011943E-15   1.0671780E-16      0
  5.357313013150181E+03   8.5142854E-15   9.9393804E-17     16
  5.360052321051429E+03   8.1979686E-15   9.4183440E-17      0
  5.362791594093459E+03   8.2190394E-15   8.5716809E-17      0
  5.365530832213974E+03   8.1659321E-15   9.9035701E-17      0
  5.368270035350684E+03   8.1723382E-15   9.9259953E-17      0
  5.371009203441309E+03   8.1722391E-15   9.4158611E-17      0
  5.373748336423577E+03   8.0946687E-15   9.3931361E-17      0
  5.376487434235220E+03   7.9999924E-15   1.0695175E-16      0
  5.379226496813984E+03   7.9637148E-15   9.2783102E-17      0
  5.381965524097622E+03   8.5715982E-15   8.5449465E-17      0
  5.384704516023889E+03   8.0777932E-15   1.0795718E-16      0
  5.387443472530554E+03   8.4308908E-15   9.5148581E-17      0
  5.390182393555395E+03   8.6150620E-15   8.5704580E-17      0
  5.392921279036193E+03   8.8899657E-15   8.7200474E-17      0
  5.395660128910742E+03   8.5780289E-15   1.1157388E-16      0
  5.398398943116841E+03   9.1136197E-15   1.0743963E-16      0
  5.401137721592299E+03   8.8829853E-15   1.0860082E-16     16
  5.403876464274934E+03   9.2479980E-15   1.0686245E-16      0
  5.406615171102568E+03   9.2721122E-15   1.1650523E-16      0
  5.409353842013035E+03   9.3502883E-15   9.0284904E-17     16
  5.412092476944178E+03   9.2934253E-15   8.9080476E-17      0
  5.414831075833844E+03   8.9898885E-15   1.1392077E-16      0
  5.417569638619893E+03   8.9200938E-15   1.0638339E-16      0
  5.420308165240190E+03   9.0479246E-15   1.1436135E-16      0
  5.423046655632609E+03   9.4173733E-15   9.0734613E-17     16
  5.425785109735032E+03   9.0450041E-15   9.9444057E-17      0
  5.428523527485354E+03   8.7506669E-15   1.1359213E-16      0
  5.431261908821471E+03   9.2080418E-15   8.9520735E-17      0
  5.434000253681290E+03   9.1542730E-15   1.0579800E-16     16
  5.436738562002731E+03   1.5910062E-14   1.3098819E-16     16
  5.439476833723714E+03   9.0929233E-15   1.0661948E-16      0
  5.442215068782174E+03   9.4978524E-15   9.0736307E-17      0
  5.444953267116054E+03   8.7843390E-15   1.1395366E-16      0
  5.447691428663301E+03   9.3768411E-15   9.0322108E-17      0
  5.450429553361873E+03   9.2896509E-15   1.0095837E-16      0
  5.453167641149739E+03   9.1050045E-15   9.9463128E-17      0
  5.455905691964872E+03   8.6828992E-15   1.1316375E-16      0
  5.458643705745259E+03   9.3194495E-15   9.0385344E-17      0
  5.461381682428886E+03   8.5891741E-15   1.1266626E-16      0
  5.464119621953759E+03   8.5961418E-15   1.1272512E-16      0
  5.466857524257885E+03   8.8994465E-15   8.8161287E-17      0
  5.469595389279280E+03   8.8615867E-15   8.9018504E-17     16
  5.472333216955973E+03   8.7341802E-15   1.0480719E-16      0
  5.475071007225996E+03   9.1191542E-15   1.1425056E-16     16
  5.477808760027395E+03   8.2870485E-15   1.0250836E-16      0
  5.480546475298220E+03   8.3521531E-15   1.0288080E-16      0
  5.483284152976531E+03   8.7881345E-15   1.2574621E-16     16
  5.486021793000399E+03   7.7295424E-15   1.0665456E-16      0
  5.488759395307901E+03   7.7673658E-15   9.2438552E-17      0
  5.491496959837122E+03   7.9219146E-15   8.3592596E-17      0
  5.494234486526158E+03   7.7243891E-15   8.3208943E-17      0
  5.496971975313113E+03   7.5883878E-15   8.2481249E-17      0
  5.499709426136098E+03   7.1952620E-15   9.7869237E-17     16
  5.502446838933234E+03   7.2847934E-15   8.9342263E-17      0
  5.505184213642653E+03   7.1111745E-15   8.8747824E-17      0
  5.507921550202491E+03   7.0409262E-15   1.0261056E-16      0
  5.510658848550896E+03   7.0283851E-15   1.0273524E-16      0
  5.513396108626024E+03   6.8067081E-15   9.3407941E-17      0
  5.516133330366040E+03   7.0614714E-15   9.5297811E-17      0
  5.518870513709118E+03   6.9709660E-15   9.4343641E-17      0
  5.521607658593437E+03   7.1434159E-15   8.0047413E-17      0
  5.524344764957193E+03   7.0742066E-15   8.5408350E-17     16
  5.527081832738580E+03   7.2516625E-15   9.5372059E-17      0
  5.529818861875811E+03   7.5945203E-15   8.2531410E-17      0
  5.532555852307101E+03   7.4326057E-15   9.7154031E-17      0
  5.535292803970680E+03   7.6618907E-15   9.9185520E-17     16
  5.538029716804779E+03   7.6079034E-15   1.0662869E-16      0
  5.540766590747644E+03   7.9640240E-15   1.0879580E-16      0
  5.543503425737528E+03   8.3376977E-15   9.5852869E-17     16
  5.546240221712693E+03   8.1304109E-15   1.1095895E-16      0
  5.548976978611408E+03   8.5101248E-15   1.1139710E-16      0
  5.551713696371956E+03   8.5789487E-15   1.0507484E-16      0
  5.554450374932622E+03   8.6973250E-15   1.2423531E-16     16
  5.557187014231708E+03   8.7108462E-15   1.0506632E-16      0
  5.559923614207515E+03   9.1528788E-15   9.9930380E-17      0
  5.562660174798363E+03   8.8980227E-15   1.1528423E-16     16
  5.565396695942576E+03   8.9568271E-15   1.1687118E-16      0
  5.568133177578486E+03   9.3184144E-15   1.1198061E-16      0
  5.570869619644437E+03   9.5026610E-15   1.2156246E-16      0
  5.573606022078780E+03   9.7175694E-15   9.6475193E-17      0
  5.576342384819876E+03   9.9323083E-15   1.1209041E-16     16
  5.579078707806096E+03   9.8791943E-15   1.2405351E-16     16
  5.581814990975817E+03   9.8384266E-15   1.2140035E-16     16
  5.584551234267426E+03   9.9018016E-15   1.2092062E-16     16
  5.587287437619324E+03   1.0002842E-14   1.2285492E-16     16
  5.590023600969913E+03   1.0127596E-14   1.1401075E-16      0
  5.592759724257611E+03   1.0380027E-14   1.1439814E-16      0
  5.595495807420842E+03   1.0306350E-14   1.2330952E-16      0
  5.598231850398038E+03   1.0762911E-14   1.2733789E-16     16
  5.600967853127644E+03   9.9977501E-15   1.2127026E-16      0
  5.603703815548111E+03   1.0496631E-14   9.6478323E-17      0
  5.606439737597901E+03   9.9570925E-15   1.2490018E-16     16
  5.609175619215483E+03   1.0337432E-14   1.0031204E-16     16
  5.611911460339335E+03   1.0259977E-14   1.0525615E-16      0
  5.614647260907950E+03   1.0123395E-14   1.2260406E-16      0
  5.617383020859826E+03   1.0294491E-14   1.2461586E-16     16
  5.620118740133466E+03   9.4269812E-15   1.0736266E-16     16
  5.622854418667391E+03   1.0300888E-14   1.2398154E-16      0
  5.625590056400123E+03   1.0030320E-14   1.2205649E-16      0
  5.628325653270202E+03   1.0215283E-14   1.2297455E-16      0
  5.631061209216168E+03   1.0162545E-14   1.2272359E-16      0
  5.633796724176578E+03   1.4682571E-14   1.3360261E-16     16
  5.636532198089993E+03   9.8776485E-15   1.2045012E-16     16
  5.639267630894988E+03   1.0673223E-14   1.2583323E-16      0
  5.642003022530143E+03   1.0465753E-14   1.1648594E-16      0
  5.644738372934049E+03   1.0741422E-14   1.1781130E-16      0
  5.647473682045310E+03   1.0757270E-14   1.2830892E-16     16
  5.650208949802533E+03   1.0667674E-14   1.1834676E-16     16
  5.652944176144338E+03   1.0375254E-14   1.2547361E-16      0
  5.655679361009355E+03   1.0368305E-14   1.2475783E-16      0
  5.658414504336221E+03   1.0629889E-14   1.1728452E-16      0
  5.661149606063585E+03   9.6224264E-15   1.2821669E-16     16
  5.663884666130105E+03   1.0343372E-14   1.2550066E-16      0
  5.666619684474448E+03   1.0180594E-14   1.2927324E-16      0
  5.669354661035288E+03   1.0528441E-14   1.0731369E-16      0
  5.672089595751312E+03   1.0396259E-14   1.1660838E-16     16
  5.674824488561218E+03   9.9292954E-15   1.1494137E-16      0
  5.677559339403708E+03   9.9729447E-15   1.2352984E-16      0
  5.680294148217497E+03   1.0200519E-14   1.2464752E-16      0
  5.683028914941308E+03   1.0029618E-14   1.1469733E-16      0
  5.685763639513878E+03   1.0275446E-14   1.1605687E-16     16
  5.688498321873948E+03   9.8648794E-15   1.1646495E-16     16
  5.691232961960271E+03   1.0011148E-14   1.2707616E-16     16
  5.693967559711608E+03   1.0188634E-14   1.0658920E-16      0
  5.696702115066736E+03   1.0060908E-14   1.2471411E-16     16
  5.699436627964433E+03   1.4405596E-14   7.5488789E-16    528
