

  1.574119006352158E+03   0.0000000E+00   0.0000000E+00   2564
  1.575662659922495E+03   0.0000000E+00   0.0000000E+00   2564
  1.577206322524653E+03   0.0000000E+00   0.0000000E+00   2564
  1.578749994158790E+03   0.0000000E+00   0.0000000E+00   2564
  1.580293674825064E+03   6.3346832E-13   3.5531246E-13   2048
  1.581837364523634E+03   6.9434706E-14   7.0395838E-14      0
  1.583381063254659E+03  -6.7033435E-14   2.8218096E-14      0
  1.584924771018298E+03  -1.7120559E-14   2.7112017E-14      0
  1.586468487814708E+03  -2.6472692E-14   1.5607121E-14      0
  1.588012213644049E+03   1.4163982E-14   1.7437569E-14      0
  1.589555948506478E+03   4.0172642E-15   1.5025128E-14      0
  1.591099692402156E+03   1.1794025E-14   1.3615322E-14      0
  1.592643445331239E+03   2.4407707E-14   1.3233757E-14      0
  1.594187207293887E+03  -4.8951148E-15   8.8934910E-15      0
  1.595730978290258E+03  -7.9868312E-15   7.2135088E-15      0
  1.597274758320511E+03  -8.6695101E-15   6.2599102E-15      0
  1.598818547384805E+03  -1.2295275E-14   4.8307801E-15      0
  1.600362345483298E+03   5.3019974E-16   5.9532876E-15      0
  1.601906152616148E+03   1.0688921E-14   6.4760920E-15      0
  1.603449968783515E+03   3.3893100E-15   5.0333730E-15      0
  1.604993793985556E+03  -1.1564313E-15   4.1734016E-15      0
  1.606537628222432E+03   1.1846659E-15   4.0244056E-15      0
  1.608081471494299E+03   2.0676479E-15   3.7653067E-15      0
  1.609625323801317E+03  -2.3314357E-15   2.9659936E-15      0
  1.611169185143644E+03   2.5364914E-15   3.2688355E-15      0
  1.612713055521440E+03  -5.1470012E-15   1.9883387E-15      0
  1.614256934934862E+03  -2.9241796E-16   2.5549787E-15      0
  1.615800823384069E+03  -1.4448386E-15   2.2190404E-15      0
  1.617344720869221E+03   7.2089424E-15   2.9630729E-15      0
  1.618888627390475E+03  -1.8405801E-15   1.8208542E-15      0
  1.620432542947991E+03  -1.8722886E-15   1.6626953E-15      0
  1.621976467541926E+03  -3.0891160E-15   1.4080142E-15      0
  1.623520401172440E+03  -9.8920313E-17   1.7151467E-15      0
  1.625064343839691E+03   5.0437641E-16   1.6370366E-15      0
  1.626608295543838E+03   1.9681740E-15   1.7568994E-15      0
  1.628152256285041E+03   2.0687501E-15   1.6631498E-15      0
  1.629696226063456E+03  -2.1709071E-15   1.0732283E-15      0
  1.631240204879243E+03  -1.3319395E-15   1.0965337E-15      0
  1.632784192732562E+03   1.7177784E-15   1.4598641E-15      0
  1.634328189623570E+03   5.1665433E-17   1.1962314E-15      0
  1.635872195552425E+03  -1.8047386E-15   8.7627560E-16      0
  1.637416210519288E+03  -1.1135080E-15   9.4941498E-16      0
  1.638960234524316E+03  -6.9202872E-16   9.5410882E-16      0
  1.640504267567669E+03  -4.5396583E-16   9.4467531E-16      0
  1.642048309649505E+03  -9.4668468E-16   8.5034553E-16      0
  1.643592360769982E+03   1.0996480E-15   1.0614507E-15      0
  1.645136420929260E+03  -1.6716517E-16   8.8809118E-16      0
  1.646680490127497E+03  -1.0181983E-16   8.6702610E-16      0
  1.648224568364853E+03   5.7289449E-16   9.1984210E-16      0
  1.649768655641485E+03  -1.0528163E-16   7.9365113E-16      0
  1.651312751957552E+03   4.9566409E-16   8.4887281E-16      0
  1.652856857313214E+03   4.0766793E-16   8.2930762E-16      0
  1.654400971708629E+03  -5.3169703E-16   6.8648807E-16      0
  1.655945095143955E+03   1.9338118E-16   7.6549115E-16      0
  1.657489227619353E+03   1.2649027E-15   8.5290950E-16      0
  1.659033369134979E+03  -6.8666056E-17   6.8216995E-16      0
  1.660577519690993E+03   2.9075375E-16   7.1697469E-16      0
  1.662121679287555E+03   7.6131041E-16   7.3849838E-16      0
  1.663665847924822E+03   3.6229587E-16   6.8784226E-16      0
  1.665210025602953E+03  -5.9935628E-16   5.6664593E-16      0
  1.666754212322109E+03  -4.0746491E-16   5.7605202E-16      0
  1.668298408082446E+03  -3.1646228E-16   5.7440025E-16      0
  1.669842612884124E+03   6.7542529E-16   6.7128367E-16      0
  1.671386826727301E+03   4.6793075E-16   6.4174620E-16      0
  1.672931049612138E+03   1.1842066E-16   5.9033998E-16      0
  1.674475281538791E+03  -8.4509086E-16   4.5051184E-16      0
  1.676019522507421E+03  -6.5590097E-16   4.7260293E-16      0
  1.677563772518185E+03  -2.6114055E-16   5.1022692E-16      0
  1.679108031571245E+03  -5.4835600E-16   4.6429396E-16      0
  1.680652299666756E+03  -2.4365579E-17   5.2541973E-16      0
  1.682196576804879E+03   5.2159484E-16   5.8514301E-16      0
  1.683740862985772E+03   2.8014874E-16   5.3482327E-16      0
  1.685285158209595E+03  -2.2025819E-16   4.8149260E-16      0
  1.686829462476505E+03   1.5856437E-16   5.0308278E-16      0
  1.688373775786663E+03   5.5922290E-16   5.5878912E-16      0
  1.689918098140227E+03  -7.8585440E-17   4.6911406E-16      0
  1.691462429537355E+03   1.4033648E-16   4.8741315E-16      0
  1.693006769978207E+03  -7.3019370E-16   3.6412329E-16      0
  1.694551119462941E+03   3.7666518E-16   5.0987784E-16      0
  1.696095477991717E+03  -1.1272068E-15   2.8480440E-16      0
  1.697639845564694E+03   2.9932591E-16   4.7596258E-16      0
  1.699184222182029E+03   9.6290004E-17   4.5422835E-16      0
  1.700728607843882E+03  -1.7258157E-16   4.1394450E-16      0
  1.702273002550412E+03  -1.2065043E-16   4.1703125E-16      0
  1.703817406301778E+03   7.9084713E-16   5.0107346E-16      0
  1.705361819098140E+03  -3.9579765E-17   4.1155115E-16      0
  1.706906240939654E+03  -2.6839671E-16   3.7566096E-16      0
  1.708450671826482E+03   1.6977083E-16   4.2370144E-16      0
  1.709995111758781E+03  -3.1581465E-16   3.6692636E-16      0
  1.711539560736710E+03   4.5520742E-16   4.5050210E-16      0
  1.713084018760429E+03   2.6247513E-16   4.2980524E-16      0
  1.714628485830097E+03   1.0557015E-15   5.0230488E-16      0
  1.716172961945872E+03  -3.3171295E-16   3.4271758E-16      0
  1.717717447107913E+03   3.1631567E-16   4.0642134E-16      0
  1.719261941316379E+03  -3.1696664E-16   3.4070037E-16      0
  1.720806444571430E+03   1.6743656E-16   3.9456465E-16      0
  1.722350956873224E+03  -3.6542161E-16   3.1610637E-16      0
  1.723895478221920E+03  -3.5881401E-16   3.1311436E-16      0
  1.725440008617677E+03   2.7813862E-16   3.9455520E-16      0
  1.726984548060654E+03   1.9067801E-16   3.6978748E-16      0
  1.728529096551011E+03   6.5960192E-16   4.2826592E-16      0
  1.730073654088905E+03   5.5794235E-16   4.0261467E-16      0
  1.731618220674497E+03   1.5052427E-16   3.6376010E-16      0
  1.733162796307944E+03   1.7584360E-16   3.5753369E-16      0
  1.734707380989408E+03  -1.5254975E-16   3.1448173E-16      0
  1.736251974719044E+03   1.8307116E-16   3.5456953E-16      0
  1.737796577497015E+03  -2.3416517E-16   3.0518187E-16      0
  1.739341189323477E+03  -2.0755056E-16   3.0110875E-16      0
  1.740885810198590E+03   1.4772056E-17   3.2304087E-16      0
  1.742430440122514E+03   2.1147251E-16   3.4688392E-16      0
  1.743975079095407E+03   7.5125602E-16   3.9461094E-16      0
  1.745519727117428E+03  -1.1830725E-16   2.9417843E-16      0
  1.747064384188737E+03   1.3632363E-16   3.3183228E-16      0
  1.748609050309491E+03   1.6912932E-16   3.2615943E-16      0
  1.750153725479852E+03   8.8852194E-17   3.1314520E-16      0
  1.751698409699977E+03  -1.6385417E-16   2.8329163E-16      0
  1.753243102970025E+03  -2.5830910E-16   2.6295526E-16      0
  1.754787805290156E+03  -3.8938608E-16   2.4437163E-16      0
  1.756332516660529E+03   2.3313253E-16   3.1773884E-16      0
  1.757877237081302E+03  -1.9729189E-16   2.6308692E-16      0
  1.759421966552635E+03   3.2334273E-16   3.2497528E-16      0
  1.760966705074688E+03   1.0538541E-17   2.8433909E-16      0
  1.762511452647618E+03   3.7946483E-16   3.2224169E-16      0
  1.764056209271585E+03   7.8596141E-17   2.8812622E-16      0
  1.765600974946748E+03   1.2846546E-18   2.7602744E-16      0
  1.767145749673267E+03  -3.7310393E-16   2.2146738E-16      0
  1.768690533451300E+03   6.3031738E-18   2.7254540E-16      0
  1.770235326281007E+03   1.0836090E-16   2.8015382E-16      0
  1.771780128162546E+03   3.3580383E-16   3.0572151E-16      0
  1.773324939096078E+03   7.9863866E-18   2.6496014E-16      0
  1.774869759081759E+03  -1.2359524E-16   2.4301926E-16      0
  1.776414588119751E+03   9.6268562E-18   2.6238918E-16      0
  1.777959426210212E+03  -1.8706277E-16   2.3143418E-16      0
  1.779504273353302E+03  -2.9523918E-16   2.1495932E-16      0
  1.781049129549179E+03   1.9055818E-16   2.8021147E-16      0
  1.782593994798002E+03   2.5442260E-16   2.7654715E-16      0
  1.784138869099931E+03  -1.1474468E-16   2.3667924E-16      0
  1.785683752455125E+03  -5.6579948E-17   2.3755470E-16      0
  1.787228644863743E+03   5.3962626E-17   2.5155330E-16      0
  1.788773546325945E+03  -2.8930770E-16   2.0386001E-16      0
  1.790318456841888E+03   3.3505219E-17   2.4490404E-16      0
  1.791863376411734E+03  -4.7784566E-17   2.3070284E-16      0
  1.793408305035640E+03   1.0559323E-16   2.5351193E-16      0
  1.794953242713766E+03  -2.4619960E-16   2.0243236E-16      0
  1.796498189446271E+03  -3.0363050E-16   1.9220648E-16      0
  1.798043145233315E+03  -2.1809963E-16   2.0033688E-16      0
  1.799588110075056E+03   1.9898912E-16   2.5706232E-16      0
  1.801133083971653E+03  -5.2210621E-17   2.2048547E-16      0
  1.802678066923267E+03   1.0441437E-17   2.2778259E-16      0
  1.804223058930056E+03   4.1686975E-16   2.7137125E-16      0
  1.805768059992179E+03  -6.5860312E-17   2.1240597E-16      0
  1.807313070109797E+03   2.5951898E-16   2.5384511E-16      0
  1.808858089283066E+03  -9.7689898E-17   2.0678083E-16      0
  1.810403117512148E+03   2.5540836E-17   2.1832900E-16      0
  1.811948154797201E+03   1.3709912E-16   2.2963413E-16      0
  1.813493201138385E+03   1.9164645E-16   2.3520784E-16      0
  1.815038256535859E+03  -1.2004275E-16   1.9993483E-16      0
  1.816583320989781E+03   1.8206570E-16   2.3038812E-16      0
  1.818128394500312E+03  -2.7037765E-16   1.7006252E-16      0
  1.819673477067610E+03   1.9390064E-16   2.3050382E-16      0
  1.821218568691836E+03  -8.6011253E-17   1.9362191E-16      0
  1.822763669373147E+03  -1.2184323E-16   1.8766342E-16      0
  1.824308779111704E+03  -3.5742641E-16   1.5389660E-16      0
  1.825853897907665E+03   7.8816469E-17   2.0845507E-16      0
  1.827399025761191E+03  -1.9042324E-16   1.7252718E-16      0
  1.828944162672440E+03   1.3585757E-16   2.1444091E-16      0
  1.830489308641570E+03   4.1238127E-17   2.0257322E-16      0
  1.832034463668744E+03   2.1893291E-16   2.2011669E-16      0
  1.833579627754118E+03   1.8539966E-16   2.1584823E-16      0
  1.835124800897852E+03   7.5569963E-18   1.9218335E-16      0
  1.836669983100107E+03  -2.1804767E-17   1.9081638E-16      0
  1.838215174361040E+03   3.8869143E-16   2.3212938E-16      0
  1.839760374680812E+03  -1.2461085E-17   1.8692792E-16      0
  1.841305584059582E+03  -8.5540349E-17   1.7581106E-16      0
  1.842850802497508E+03  -3.2649408E-17   1.8414471E-16      0
  1.844396029994751E+03   3.7468039E-17   1.8819211E-16      0
  1.845941266551470E+03   7.4182409E-18   1.8466979E-16      0
  1.847486512167824E+03   1.8720676E-16   2.0513889E-16      0
  1.849031766843972E+03   3.5910253E-16   2.1644560E-16      0
  1.850577030580074E+03  -4.2295985E-17   1.7477663E-16      0
  1.852122303376289E+03   1.6279910E-17   1.8006363E-16      0
  1.853667585232777E+03  -1.3492218E-16   1.6039786E-16      0
  1.855212876149697E+03   2.0757048E-16   2.0163598E-16      0
  1.856758176127208E+03   6.7941084E-16   2.4741269E-16      0
  1.858303485165469E+03   7.7298162E-17   1.8310560E-16      0
  1.859848803264641E+03  -2.1691876E-16   1.4389548E-16      0
  1.861394130424881E+03   8.2547141E-18   1.7243940E-16      0
  1.862939466646351E+03   6.2372634E-17   1.8110380E-16      0
  1.864484811929209E+03  -1.3316711E-16   1.5526651E-16      0
  1.866030166273615E+03   1.2224402E-16   1.8294567E-16      0
  1.867575529679727E+03   8.4318940E-17   1.7825431E-16      0
  1.869120902147706E+03   1.2307593E-16   1.8240690E-16      0
  1.870666283677711E+03  -1.3227766E-17   1.6500063E-16      0
  1.872211674269901E+03   1.9958424E-16   1.8827459E-16      0
  1.873757073924435E+03   4.4024151E-16   2.1224506E-16      0
  1.875302482641474E+03   2.1567376E-17   1.6903990E-16      0
  1.876847900421176E+03   1.0173318E-16   1.7430232E-16      0
  1.878393327263702E+03   2.8724801E-16   1.9797342E-16      0
  1.879938763169209E+03   2.9687925E-16   1.9556054E-16      0
  1.881484208137859E+03   2.2822339E-16   1.8787508E-16      0
  1.883029662169809E+03  -7.8094783E-17   1.5281605E-16      0
  1.884575125265221E+03   3.5316390E-16   1.9794856E-16      0
  1.886120597424253E+03   5.2797866E-17   1.6705061E-16      0
  1.887666078647064E+03  -1.4039490E-16   1.3986636E-16      0
  1.889211568933815E+03   7.5342654E-17   1.6664858E-16      0
  1.890757068284664E+03   1.7287796E-16   1.7749054E-16      0
  1.892302576699772E+03  -9.2711885E-17   1.4358107E-16      0
  1.893848094179297E+03   7.9632817E-17   1.6421786E-16      0
  1.895393620723400E+03   9.5099552E-17   1.6573675E-16      0
  1.896939156332238E+03   1.5921564E-16   1.7323517E-16      0
  1.898484701005973E+03   2.1603072E-16   1.8039275E-16      0
  1.900030254744764E+03  -1.5659852E-17   1.4776212E-16      0
  1.901575817548769E+03   3.3941295E-17   1.5546285E-16      0
  1.903121389418150E+03  -1.0615526E-16   1.3808262E-16      0
  1.904666970353064E+03  -1.4381905E-16   1.2969837E-16      0
  1.906212560353672E+03   3.1851631E-16   1.8711553E-16      0
  1.907758159420134E+03   3.1019236E-16   1.8149674E-16      0
  1.909303767552608E+03   1.8282083E-17   1.5217536E-16      0
  1.910849384751254E+03   2.9118507E-16   1.7799267E-16      0
  1.912395011016232E+03   1.4077780E-17   1.4591671E-16      0
  1.913940646347702E+03  -1.2785086E-16   1.2826067E-16      0
  1.915486290745822E+03   1.0245545E-16   1.5462633E-16      0
  1.917031944210753E+03   2.0249433E-16   1.6758449E-16      0
  1.918577606742654E+03   6.7380558E-17   1.4978272E-16      0
  1.920123278341685E+03  -1.8612340E-17   1.4120344E-16      0
  1.921668959008005E+03   1.1825868E-16   1.5587896E-16      0
  1.923214648741773E+03  -8.9281673E-17   1.2939417E-16      0
  1.924760347543150E+03   1.9892144E-16   1.6238536E-16      0
  1.926306055412294E+03   5.8859876E-17   1.4509142E-16      0
  1.927851772349367E+03   2.2952160E-16   1.6470261E-16      0
  1.929397498354526E+03  -9.9251033E-17   1.2525529E-16      0
  1.930943233427932E+03  -5.6335050E-17   1.2966194E-16      0
  1.932488977569744E+03  -8.3453301E-18   1.3522109E-16      0
  1.934034730780122E+03   4.4624432E-17   1.4073888E-16      0
  1.935580493059226E+03   1.6529661E-16   1.5349240E-16      0
  1.937126264407214E+03  -1.1805119E-16   1.1834178E-16      0
  1.938672044824248E+03   1.4584984E-16   1.5148946E-16      0
  1.940217834310486E+03   1.6168645E-16   1.5127824E-16      0
  1.941763632866088E+03  -2.0223484E-17   1.3106077E-16      0
  1.943309440491213E+03  -1.7171024E-17   1.3033643E-16      0
  1.944855257186022E+03   1.4778497E-17   1.3254054E-16      0
  1.946401082950674E+03   1.5181300E-16   1.4777202E-16      0
  1.947946917785328E+03   2.3945576E-16   1.5710794E-16      0
  1.949492761690145E+03   1.0732114E-17   1.3209643E-16      0
  1.951038614665283E+03   5.4673859E-17   1.3553820E-16      0
  1.952584476710903E+03   9.3220218E-17   1.4317226E-16      0
  1.954130347827164E+03   1.7938519E-16   1.4699300E-16      0
  1.955676228014226E+03   1.7303086E-16   1.4641919E-16      0
  1.957222117272249E+03  -1.0124746E-17   1.2829775E-16      0
  1.958768015601392E+03   8.2896104E-17   1.3556810E-16      0
  1.960313923001815E+03   9.8940661E-17   1.3870892E-16      0
  1.961859839473677E+03  -8.4197795E-17   1.1557697E-16      0
  1.963405765017139E+03   3.0438327E-16   1.6002295E-16      0
  1.964951699632360E+03   2.3229989E-17   1.2802665E-16      0
  1.966497643319499E+03  -2.1555068E-17   1.2298618E-16      0
  1.968043596078717E+03   2.3744928E-16   1.5047565E-16      0
  1.969589557910173E+03   4.9774621E-16   1.7550655E-16      0
  1.971135528814028E+03   1.7943955E-17   1.2641658E-16      0
  1.972681508790439E+03   1.4456633E-16   1.3686227E-16      0
  1.974227497839568E+03   1.5510579E-16   1.4061779E-16      0
  1.975773495961574E+03  -1.2067233E-17   1.1951824E-16      0
  1.977319503156617E+03   2.1156571E-16   1.4354827E-16      0
  1.978865519424856E+03   3.0648292E-17   1.2687872E-16      0
  1.980411544766451E+03   1.3583834E-16   1.3283866E-16      0
  1.981957579181563E+03   2.7114591E-16   1.5323191E-16      0
  1.983503622670351E+03  -6.0299031E-18   1.1611231E-16      0
  1.985049675232974E+03   3.9756384E-19   1.1721410E-16      0
  1.986595736869592E+03   4.9817433E-16   1.7000617E-16      0
  1.988141807580366E+03   2.6411212E-17   1.1816024E-16      0
  1.989687887365454E+03  -2.6724124E-17   1.1282444E-16      0
  1.991233976225017E+03  -2.3841632E-18   1.1464272E-16      0
  1.992780074159215E+03   2.3768247E-16   1.4106900E-16      0
  1.994326181168207E+03   1.4513567E-16   1.3079539E-16      0
  1.995872297252153E+03   8.9403858E-17   1.2375927E-16      0
  1.997418422411212E+03   1.2469281E-16   1.2722250E-16      0
  1.998964556645546E+03   2.5212780E-16   1.4071157E-16      0
  2.000510699955312E+03   3.4996548E-16   1.4887499E-16      0
  2.002056852340672E+03   1.8802973E-16   1.3229244E-16      0
  2.003603013801786E+03  -1.9657446E-17   1.0803792E-16      0
  2.005149184338811E+03   2.0585442E-16   1.3271067E-16      0
  2.006695363951910E+03  -6.3513985E-17   1.0177428E-16      0
  2.008241552641241E+03   6.2175666E-17   1.1455618E-16      0
  2.009787750406965E+03   1.1844225E-17   1.1093798E-16      0
  2.011333957249241E+03   2.3570516E-16   1.3388553E-16      0
  2.012880173168229E+03   2.0294759E-16   1.3063395E-16      0
  2.014426398164089E+03   1.8126682E-16   1.2675875E-16      0
  2.015972632236981E+03   2.8580819E-16   1.3430176E-16      0
  2.017518875387064E+03   4.3618197E-16   1.5133703E-16      0
  2.019065127614499E+03   6.5160637E-17   1.1084474E-16      0
  2.020611388919445E+03   3.0386722E-16   1.3812965E-16      0
  2.022157659302063E+03   2.9772512E-16   1.3649142E-16      0
  2.023703938762511E+03   1.4572605E-16   1.1731173E-16      0
  2.025250227300951E+03   2.1848646E-16   1.2826223E-16      0
  2.026796524917542E+03   2.7607011E-17   1.0474853E-16      0
  2.028342831612443E+03   1.4229598E-16   1.1811538E-16      0
  2.029889147385815E+03   2.7192021E-16   1.3013032E-16      0
  2.031435472237818E+03   4.7817647E-17   1.0514663E-16      0
  2.032981806168611E+03   6.0100288E-18   1.0073139E-16      0
  2.034528149178355E+03   3.0543624E-16   1.3370487E-16      0
  2.036074501267209E+03   2.2475262E-16   1.2458948E-16      0
  2.037620862435333E+03   3.7432427E-16   1.3695007E-16      0
  2.039167232682888E+03   1.5207950E-16   1.1719606E-16      0
  2.040713612010033E+03   8.7422416E-17   1.0742743E-16      0
  2.042260000416928E+03   1.9114738E-16   1.2007276E-16      0
  2.043806397903732E+03   2.8973193E-16   1.2828559E-16      0
  2.045352804470607E+03   7.1133106E-17   1.0447511E-16      0
  2.046899220117712E+03   2.0965593E-16   1.1853075E-16      0
  2.048445644845206E+03   1.2265743E-17   9.7812982E-17      0
  2.049992078653251E+03   1.3058880E-16   1.1026355E-16      0
  2.051538521542005E+03   3.2836668E-17   9.8037691E-17      0
  2.053084973511628E+03   2.4845350E-16   1.2507025E-16      0
  2.054631434562282E+03   6.8633247E-17   1.0138221E-16      0
  2.056177904694125E+03  -1.1180885E-17   9.2218317E-17      0
  2.057724383907318E+03   2.0494397E-17   9.6154333E-17      0
  2.059270872202020E+03   2.2314540E-16   1.1642748E-16      0
  2.060817369578393E+03   1.4890919E-16   1.1029418E-16      0
  2.062363876036595E+03   1.7695683E-16   1.1397012E-16      0
  2.063910391576786E+03   1.6205809E-16   1.0914488E-16      0
  2.065456916199127E+03   7.3412716E-17   1.0124367E-16      0
  2.067003449903778E+03   1.5814664E-16   1.0977785E-16      0
  2.068549992690898E+03  -4.8086850E-18   8.8181113E-17      0
  2.070096544560649E+03   1.1758026E-16   1.0414613E-16      0
  2.071643105513188E+03   1.8325101E-16   1.0890077E-16      0
  2.073189675548678E+03   1.8096727E-16   1.1135965E-16      0
  2.074736254667278E+03   4.1387108E-17   9.3899181E-17      0
  2.076282842869147E+03   1.2311003E-16   1.0316650E-16      0
  2.077829440154447E+03   2.1489213E-16   1.1132160E-16      0
  2.079376046523336E+03   1.6973630E-16   1.0582183E-16      0
  2.080922661975975E+03  -2.2594890E-17   8.5266280E-17      0
  2.082469286512524E+03   1.0216961E-16   9.7357484E-17      0
  2.084015920133143E+03   7.9271444E-17   9.6413446E-17      0
  2.085562562837993E+03   1.8530793E-16   1.0783381E-16      0
  2.087109214627233E+03   8.1369883E-17   9.4556207E-17      0
  2.088655875501022E+03   5.9300049E-17   9.3377925E-17      0
  2.090202545459523E+03   9.9356343E-17   9.5470877E-17      0
  2.091749224502894E+03   8.0579641E-17   9.4323167E-17      0
  2.093295912631295E+03   3.3395957E-16   1.1860004E-16      0
  2.094842609844888E+03   7.3390164E-17   9.1916018E-17      0
  2.096389316143830E+03  -3.0047437E-19   8.3699031E-17      0
  2.097936031528284E+03   8.5935946E-17   9.2222022E-17      0
  2.099482755998409E+03   5.6534711E-17   8.8737005E-17      0
  2.101029489554365E+03  -2.8093863E-17   7.7473319E-17      0
  2.102576232196312E+03   2.3106073E-17   8.3726977E-17      0
  2.104122983924411E+03   9.8235424E-18   8.3113169E-17      0
  2.105669744738821E+03   9.4641129E-17   9.1030293E-17      0
  2.107216514639702E+03  -1.2027980E-17   7.9069778E-17      0
  2.108763293627215E+03   1.6459891E-16   9.7672514E-17      0
  2.110310081701521E+03   3.0204173E-17   8.3337203E-17      0
  2.111856878862778E+03   1.3931701E-16   9.6383581E-17      0
  2.113403685111147E+03   1.6833397E-16   9.6949002E-17      0
  2.114950500446789E+03   8.0677380E-17   8.8804906E-17      0
  2.116497324869863E+03   5.9185011E-17   8.5623656E-17      0
  2.118044158380530E+03  -1.3759222E-17   7.5804909E-17      0
  2.119591000978950E+03   2.2556765E-17   8.1408562E-17      0
  2.121137852665282E+03   3.0019946E-17   8.1159891E-17      0
  2.122684713439688E+03  -3.1393992E-17   7.2354785E-17      0
  2.124231583302328E+03   5.9965281E-17   8.3079678E-17      0
  2.125778462253361E+03   8.7538704E-17   8.7655932E-17      0
  2.127325350292947E+03   9.7355525E-17   8.7687961E-17      0
  2.128872247421248E+03   2.2073210E-16   1.0002369E-16      0
  2.130419153638422E+03   2.4941706E-16   1.0240475E-16      0
  2.131966068944632E+03  -4.7233681E-17   7.0458358E-17      0
  2.133512993340035E+03   8.2912343E-17   8.4828887E-17      0
  2.135059926824794E+03   8.9572702E-17   8.5675828E-17      0
  2.136606869399068E+03   2.9703456E-19   7.4168177E-17      0
  2.138153821063016E+03   2.8538830E-17   7.7454387E-17      0
  2.139700781816801E+03   9.6255587E-17   8.7363501E-17      0
  2.141247751660581E+03   2.6743146E-16   1.0235732E-16      0
  2.142794730594517E+03   1.0153964E-16   8.7066629E-17      0
  2.144341718618769E+03  -3.3548771E-17   6.8903133E-17      0
  2.145888715733498E+03   8.0982663E-17   8.2771027E-17      0
  2.147435721938863E+03   9.1749338E-17   8.5506811E-17      0
  2.148982737235025E+03   6.6157859E-17   8.0458733E-17      0
  2.150529761622145E+03   5.7894642E-17   8.0644816E-17      0
  2.152076795100382E+03   1.8279386E-17   7.5643417E-17      0
  2.153623837669897E+03   5.7255675E-17   7.9169198E-17      0
  2.155170889330849E+03   1.4270512E-16   8.7842068E-17      0
  2.156717950083401E+03  -3.4870722E-17   6.5918539E-17      0
  2.158265019927711E+03  -1.0573143E-17   7.0864444E-17      0
  2.159812098863939E+03   2.1871079E-16   9.5633560E-17      0
  2.161359186892248E+03   5.7148909E-17   7.7720375E-17      0
  2.162906284012795E+03   2.0234115E-16   9.3718253E-17      0
  2.164453390225743E+03   7.2659909E-17   7.9043818E-17      0
  2.166000505531250E+03   6.3393613E-17   7.6230695E-17      0
  2.167547629929479E+03   7.1102023E-17   7.8530549E-17      0
  2.169094763420587E+03   6.9180999E-17   7.7215298E-17      0
  2.170641906004737E+03   7.0853836E-17   7.6657143E-17      0
  2.172189057682089E+03   4.0592208E-17   7.4952543E-17      0
  2.173736218452801E+03   9.9221949E-17   7.9802706E-17      0
  2.175283388317037E+03  -1.4416081E-17   6.6594405E-17      0
  2.176830567274955E+03   9.1064135E-17   7.8946707E-17      0
  2.178377755326715E+03   1.6867968E-17   6.9032047E-17      0
  2.179924952472479E+03   9.0160821E-17   7.7660739E-17      0
  2.181472158712406E+03   1.5641717E-16   8.4965968E-17      0
  2.183019374046658E+03  -9.0252188E-17   5.3944905E-17      0
  2.184566598475393E+03  -4.5406035E-17   6.0851085E-17      0
  2.186113831998773E+03   9.0247615E-17   7.7577855E-17      0
  2.187661074616958E+03   1.1527625E-16   8.0245228E-17      0
  2.189208326330108E+03  -5.0391032E-17   6.0586149E-17      0
  2.190755587138385E+03   1.6697997E-16   8.4826339E-17      0
  2.192302857041947E+03  -1.2071010E-16   4.7608463E-17      0
  2.193850136040955E+03   3.6255932E-17   7.1116112E-17      0
  2.195397424135572E+03   4.6557742E-17   7.0460006E-17      0
  2.196944721325955E+03   9.9553245E-17   7.6997611E-17      0
  2.198492027612266E+03   6.4410073E-17   7.2842511E-17      0
  2.200039342994666E+03   4.5494457E-17   7.0288938E-17      0
  2.201586667473313E+03   1.3769620E-16   8.1055183E-17      0
  2.203134001048370E+03   5.9937342E-17   7.1561367E-17      0
  2.204681343719997E+03   4.6454026E-17   7.0793340E-17      0
  2.206228695488353E+03   1.4562596E-17   6.5650936E-17      0
  2.207776056353600E+03   2.0003402E-16   8.6528571E-17      0
  2.209323426315897E+03  -3.4671835E-17   5.9007935E-17      0
  2.210870805375406E+03   1.2322806E-16   7.7910547E-17      0
  2.212418193532287E+03   5.9856814E-17   6.9999524E-17      0
  2.213965590786699E+03   9.7635476E-17   7.4132059E-17      0
  2.215512997138804E+03   1.4459572E-16   7.9665844E-17      0
  2.217060412588763E+03   1.3245768E-16   7.8049897E-17      0
  2.218607837136735E+03   5.0996889E-17   6.9302535E-17      0
  2.220155270782880E+03   4.5423422E-17   6.8073239E-17      0
  2.221702713527360E+03   1.1260018E-16   7.5061704E-17      0
  2.223250165370336E+03   6.5303448E-17   6.9000614E-17      0
  2.224797626311967E+03   1.5747940E-16   7.9968546E-17      0
  2.226345096352414E+03   6.4723826E-17   6.8310031E-17      0
  2.227892575491837E+03   5.1682645E-17   6.7331291E-17      0
  2.229440063730397E+03   3.2084119E-17   6.4524435E-17      0
  2.230987561068255E+03   1.9256043E-17   6.3018007E-17      0
  2.232535067505571E+03   7.4172802E-17   6.9319754E-17      0
  2.234082583042506E+03   3.0550770E-18   6.1039868E-17      0
  2.235630107679219E+03   1.9957771E-18   6.0306893E-17      0
  2.237177641415872E+03  -1.7050692E-17   5.8307181E-17      0
  2.238725184252625E+03   1.4542515E-16   7.5863341E-17      0
  2.240272736189639E+03   1.0929723E-16   7.2523073E-17      0
  2.241820297227074E+03   5.0545788E-17   6.5232198E-17      0
  2.243367867365091E+03   6.7386547E-17   6.6598495E-17      0
  2.244915446603850E+03   7.0342830E-17   6.8147678E-17      0
  2.246463034943512E+03  -2.9052787E-17   5.5115213E-17      0
  2.248010632384238E+03   6.7132787E-17   6.6632939E-17      0
  2.249558238926187E+03   6.7418866E-17   6.7141344E-17      0
  2.251105854569521E+03  -8.9192586E-18   5.7594018E-17      0
  2.252653479314400E+03   1.0501433E-17   5.8878147E-17      0
  2.254201113160985E+03   6.0135203E-17   6.5493031E-17      0
  2.255748756109436E+03   6.2989784E-17   6.5404099E-17      0
  2.257296408159914E+03   5.8451527E-17   6.4539153E-17      0
  2.258844069312579E+03   7.2975230E-17   6.7841330E-17      0
  2.260391739567594E+03   8.7499628E-17   6.8530756E-17      0
  2.261939418925116E+03  -5.9747739E-17   4.8967653E-17      0
  2.263487107385307E+03   1.1140468E-16   7.1499176E-17      0
  2.265034804948329E+03   6.7799839E-17   6.4756807E-17      0
  2.266582511614341E+03   1.0732768E-16   7.0540216E-17      0
  2.268130227383504E+03  -5.4079020E-17   4.9569685E-17      0
  2.269677952255979E+03   2.0136691E-17   5.8509496E-17      0
  2.271225686231927E+03   3.7775979E-17   6.1940588E-17      0
  2.272773429311507E+03   8.4781983E-17   6.7356642E-17      0
  2.274321181494881E+03   6.6406523E-17   6.4580307E-17      0
  2.275868942782210E+03   9.0674136E-17   6.8251605E-17      0
  2.277416713173654E+03   1.3531314E-16   7.1662852E-17      0
  2.278964492669373E+03   8.3991522E-17   6.6188015E-17      0
  2.280512281269528E+03   4.0142248E-17   6.1678478E-17      0
  2.282060078974281E+03  -4.1930087E-18   5.5178989E-17      0
  2.283607885783791E+03   5.8337177E-18   5.7036717E-17      0
  2.285155701698219E+03   1.3515597E-16   7.0973360E-17      0
  2.286703526717727E+03   1.1538041E-16   6.9120463E-17      0
  2.288251360842474E+03   1.4378243E-16   7.1854943E-17      0
  2.289799204072622E+03   3.2729419E-16   8.8286846E-17      0
  2.291347056408330E+03   1.5258995E-16   7.2582121E-17      0
  2.292894917849761E+03   2.0917985E-17   5.7956853E-17      0
  2.294442788397073E+03   1.8416880E-16   7.5607696E-17      0
  2.295990668050430E+03   1.6733190E-16   7.3518383E-17      0
  2.297538556809990E+03   5.4934166E-17   6.2175051E-17      0
  2.299086454675914E+03   1.8667746E-16   7.5363704E-17      0
  2.300634361648364E+03   2.4415023E-16   7.9309323E-17      0
  2.302182277727500E+03   1.8920392E-16   7.5959738E-17      0
  2.303730202913483E+03   8.9299209E-17   6.4746927E-17      0
  2.305278137206473E+03   2.3159705E-16   7.9199374E-17      0
  2.306826080606632E+03   2.4154317E-16   7.9599173E-17      0
  2.308374033114120E+03   7.9806161E-17   6.3602142E-17      0
  2.309921994729097E+03   7.8989038E-17   6.3948751E-17      0
  2.311469965451725E+03   1.6597945E-16   7.2353118E-17      0
  2.313017945282164E+03   2.9333246E-16   8.3501017E-17      0
  2.314565934220575E+03   2.9052590E-16   8.3927102E-17      0
  2.316113932267119E+03   1.7443186E-16   7.2542747E-17      0
  2.317661939421957E+03   1.9368805E-16   7.4534883E-17      0
  2.319209955685249E+03   1.7729384E-16   7.3940424E-17      0
  2.320757981057156E+03   1.0695353E-16   6.4428774E-17      0
  2.322306015537839E+03   1.8264594E-16   7.3062706E-17      0
  2.323854059127460E+03   1.4605037E-16   6.9731994E-17      0
  2.325402111826177E+03   2.4504655E-16   7.9152231E-17      0
  2.326950173634153E+03   2.3131996E-16   7.7533227E-17      0
  2.328498244551548E+03   8.8308194E-17   6.2761019E-17      0
  2.330046324578523E+03   1.4749664E-16   7.0764600E-17      0
  2.331594413715238E+03   2.7560133E-16   7.9294202E-17      0
  2.333142511961856E+03   6.4607987E-17   6.1019109E-17      0
  2.334690619318535E+03   1.7859978E-16   7.1178534E-17      0
  2.336238735785439E+03   1.7243795E-16   7.1406836E-17      0
  2.337786861362726E+03   2.2580705E-16   7.6007410E-17      0
  2.339334996050558E+03   2.2012733E-16   7.5137388E-17      0
  2.340883139849096E+03   1.8731807E-16   7.3297209E-17      0
  2.342431292758500E+03   1.7995349E-16   7.1779901E-17      0
  2.343979454778932E+03   1.5957794E-16   6.9229657E-17      0
  2.345527625910553E+03   2.7334126E-16   8.0024999E-17      0
  2.347075806153522E+03   1.6631563E-16   6.9684659E-17      0
  2.348623995508002E+03   1.2830176E-16   6.5534747E-17      0
  2.350172193974152E+03   1.7610711E-16   7.1950228E-17      0
  2.351720401552134E+03   1.9170404E-16   7.1307912E-17      0
  2.353268618242110E+03   3.1828004E-16   8.2920456E-17      0
  2.354816844044239E+03   2.5350378E-16   7.7105257E-17      0
  2.356365078958682E+03   2.4961447E-16   7.6091914E-17      0
  2.357913322985601E+03   1.8147387E-16   7.1152462E-17      0
  2.359461576125155E+03   2.4010306E-16   7.6023735E-17      0
  2.361009838377508E+03   3.1260913E-16   8.1869070E-17      0
  2.362558109742818E+03   2.0877120E-16   7.3338184E-17      0
  2.364106390221248E+03   2.1762685E-16   7.3645584E-17      0
  2.365654679812957E+03   2.0350475E-16   7.2091596E-17      0
  2.367202978518107E+03   1.4849632E-16   6.7438043E-17      0
  2.368751286336858E+03   1.8001431E-16   6.8898414E-17      0
  2.370299603269373E+03   1.8604852E-16   7.1490084E-17      0
  2.371847929315812E+03   2.1400952E-16   7.3263771E-17      0
  2.373396264476335E+03   2.5426873E-16   7.7646650E-17      0
  2.374944608751103E+03   1.9554342E-16   7.1075746E-17      0
  2.376492962140279E+03   1.8657542E-16   6.9091339E-17      0
  2.378041324644021E+03   1.3831459E-16   6.6285761E-17      0
  2.379589696262492E+03   1.8310917E-16   6.9796117E-17      0
  2.381138076995853E+03   1.9632698E-16   7.1043492E-17      0
  2.382686466844264E+03   1.4726134E-16   6.7027226E-17      0
  2.384234865807886E+03   7.1282044E-17   5.7772855E-17      0
  2.385783273886881E+03   8.5806019E-17   6.0755496E-17      0
  2.387331691081409E+03   3.4356257E-16   8.2765045E-17      0
  2.388880117391631E+03   1.2879287E-16   6.4320327E-17      0
  2.390428552817709E+03   6.4406744E-17   5.7347089E-17      0
  2.391976997359803E+03   1.8707783E-16   6.9522724E-17      0
  2.393525451018074E+03   2.8252408E-16   7.8330649E-17      0
  2.395073913792684E+03   2.6136676E-16   7.5758587E-17      0
  2.396622385683794E+03   1.9948904E-16   7.1149543E-17      0
  2.398170866691563E+03   2.5401401E-16   7.5131571E-17      0
  2.399719356816154E+03   1.8129513E-16   6.8737491E-17      0
  2.401267856057727E+03   1.5201358E-16   6.6526868E-17      0
  2.402816364416444E+03   2.4758792E-16   7.4218615E-17      0
  2.404364881892466E+03   1.2707595E-16   6.3746032E-17      0
  2.405913408485953E+03   4.6380685E-17   5.4309771E-17      0
  2.407461944197066E+03   3.0567132E-16   7.9075806E-17      0
  2.409010489025967E+03   9.0432169E-17   5.9851540E-17      0
  2.410559042972818E+03   2.0837614E-16   7.0127393E-17      0
  2.412107606037777E+03   2.5222886E-16   7.5263311E-17      0
  2.413656178221008E+03   1.7030945E-16   6.7361308E-17      0
  2.415204759522671E+03   1.3468738E-16   6.3863326E-17      0
  2.416753349942926E+03   2.1639049E-16   7.1860125E-17      0
  2.418301949481936E+03   1.8821432E-16   6.9307630E-17      0
  2.419850558139861E+03   1.7148919E-16   6.7145764E-17      0
  2.421399175916862E+03   1.6903794E-16   6.6956141E-17      0
  2.422947802813101E+03   1.2897331E-16   6.3442781E-17      0
  2.424496438828738E+03   1.2598260E-16   6.3398610E-17      0
  2.426045083963935E+03   7.2972689E-17   5.7350470E-17      0
  2.427593738218852E+03   1.5182320E-16   6.5769289E-17      0
  2.429142401593651E+03   1.9274837E-16   6.9420762E-17      0
  2.430691074088493E+03   1.3454220E-16   6.3216934E-17      0
  2.432239755703540E+03   1.4684881E-16   6.5367458E-17      0
  2.433788446438951E+03   1.1336625E-16   6.1812845E-17      0
  2.435337146294888E+03   1.6000332E-16   6.6210818E-17      0
  2.436885855271513E+03   1.8408036E-16   6.7089086E-17      0
  2.438434573368987E+03   8.9169289E-17   5.8127610E-17      0
  2.439983300587471E+03   1.0173983E-16   5.9900688E-17      0
  2.441532036927125E+03   1.0198537E-16   5.9468383E-17      0
  2.443080782388111E+03   1.3720564E-16   6.2427665E-17      0
  2.444629536970591E+03   1.1167150E-16   6.0101626E-17      0
  2.446178300674725E+03   1.1379042E-16   6.1307384E-17      0
  2.447727073500675E+03   2.0903968E-16   7.0718179E-17      0
  2.449275855448601E+03   2.0128493E-16   6.9358658E-17      0
  2.450824646518665E+03   2.2123627E-16   6.9911055E-17      0
  2.452373446711028E+03   5.2175595E-17   5.4011390E-17      0
  2.453922256025852E+03   2.3351092E-16   7.0976252E-17      0
  2.455471074463297E+03   1.2867091E-16   6.1689873E-17      0
  2.457019902023525E+03   1.3239412E-16   6.2624653E-17      0
  2.458568738706697E+03   2.6695164E-16   7.4269589E-17      0
  2.460117584512974E+03   2.0782262E-16   6.9999776E-17      0
  2.461666439442517E+03   5.1930862E-17   5.4069882E-17      0
  2.463215303495488E+03   1.3260604E-16   6.1221543E-17      0
  2.464764176672047E+03   2.1746032E-16   6.9542351E-17      0
  2.466313058972357E+03   1.4043587E-16   6.2367671E-17      0
  2.467861950396577E+03   2.3517515E-16   7.0732598E-17      0
  2.469410850944871E+03   1.7608159E-16   6.6296263E-17      0
  2.470959760617397E+03   1.4944789E-16   6.2936864E-17      0
  2.472508679414319E+03   2.4466753E-16   7.2056815E-17      0
  2.474057607335797E+03   3.3678816E-16   7.9761599E-17      0
  2.475606544381993E+03   3.4494530E-16   7.9411549E-17      0
  2.477155490553068E+03   2.1977106E-16   6.9369371E-17      0
  2.478704445849182E+03   1.7659815E-16   6.7144110E-17      0
  2.480253410270498E+03   1.1610308E-16   5.8284516E-17      0
  2.481802383817176E+03   2.6830671E-16   7.3890873E-17      0
  2.483351366489379E+03   1.9243307E-16   6.7392939E-17      0
  2.484900358287266E+03   2.5413241E-16   7.1785063E-17      0
  2.486449359210999E+03   2.5862724E-16   7.3209018E-17      0
  2.487998369260740E+03   2.3424921E-16   7.0748692E-17      0
  2.489547388436651E+03   2.7137533E-16   7.3527390E-17      0
  2.491096416738892E+03   3.4034655E-16   7.9017354E-17      0
  2.492645454167624E+03   2.4935303E-16   7.1337035E-17      0
  2.494194500723009E+03   2.5533469E-16   7.2473204E-17      0
  2.495743556405209E+03   1.4355320E-16   6.1998821E-17      0
  2.497292621214384E+03   2.5739118E-16   7.2646873E-17      0
  2.498841695150696E+03   2.4610677E-16   7.0449947E-17      0
  2.500390778214306E+03   2.9981570E-16   7.6252500E-17      0
  2.501939870405376E+03   2.3124915E-16   7.0082196E-17      0
  2.503488971724067E+03   4.0914026E-16   8.3336071E-17      0
  2.505038082170540E+03   3.1764080E-16   7.8200550E-17      0
  2.506587201744957E+03   2.1872173E-16   6.8603488E-17      0
  2.508136330447478E+03   2.8708284E-16   7.4836367E-17      0
  2.509685468278267E+03   2.7313708E-16   7.3216145E-17      0
  2.511234615237483E+03   2.3682567E-16   6.9831143E-17      0
  2.512783771325287E+03   1.5003209E-16   6.2860082E-17      0
  2.514332936541843E+03   3.9336057E-16   8.2051314E-17      0
  2.515882110887310E+03   3.0093244E-16   7.5673599E-17      0
  2.517431294361851E+03   2.9356997E-16   7.5365981E-17      0
  2.518980486965626E+03   3.5370825E-16   7.7754541E-17      0
  2.520529688698797E+03   3.5913461E-16   7.9491898E-17      0
  2.522078899561526E+03   3.9870145E-16   8.2289734E-17      0
  2.523628119553973E+03   3.4973141E-16   7.9026348E-17      0
  2.525177348676301E+03   3.5489352E-16   7.8545994E-17      0
  2.526726586928670E+03   3.7421315E-16   7.9266111E-17      0
  2.528275834311242E+03   4.4287801E-16   8.5629810E-17      0
  2.529825090824179E+03   2.5463896E-16   7.0365363E-17      0
  2.531374356467642E+03   2.8229906E-16   7.3349493E-17      0
  2.532923631241793E+03   2.4735027E-16   7.0944793E-17      0
  2.534472915146792E+03   3.8199653E-16   8.0136801E-17      0
  2.536022208182801E+03   4.0567034E-16   8.2584118E-17      0
  2.537571510349982E+03   3.6215508E-16   7.9089306E-17      0
  2.539120821648497E+03   2.5700237E-16   7.0671737E-17      0
  2.540670142078505E+03   2.8211301E-16   7.4205824E-17      0
  2.542219471640170E+03   5.1025217E-16   8.7837138E-17      0
  2.543768810333653E+03   2.1365681E-16   6.7503629E-17      0
  2.545318158159113E+03   2.5647361E-16   7.0507340E-17      0
  2.546867515116715E+03   4.3062554E-16   8.3621759E-17      0
  2.548416881206620E+03   3.2273633E-16   7.6984813E-17      0
  2.549966256428987E+03   3.3485611E-16   7.5322835E-17      0
  2.551515640783979E+03   3.8114159E-16   8.1695620E-17      0
  2.553065034271758E+03   3.6363421E-16   7.8697765E-17      0
  2.554614436892484E+03   3.4840522E-16   7.6581771E-17      0
  2.556163848646320E+03   5.2078799E-16   9.0941653E-17      0
  2.557713269533427E+03   2.2048857E-16   6.6480393E-17      0
  2.559262699553967E+03   3.1465816E-16   7.5125271E-17      0
  2.560812138708101E+03   2.2176921E-16   6.8790385E-17      0
  2.562361586995989E+03   4.2827177E-16   8.2413970E-17      0
  2.563911044417795E+03   5.0065862E-16   8.8428777E-17      0
  2.565460510973680E+03   3.4782349E-16   7.7480890E-17      0
  2.567009986663805E+03   3.3009300E-16   7.4658874E-17      0
  2.568559471488331E+03   2.4545268E-16   7.0157549E-17      0
  2.570108965447421E+03   2.4565054E-16   6.9536945E-17      0
  2.571658468541235E+03   2.6115267E-16   7.1549217E-17      0
  2.573207980769936E+03   3.0303909E-16   7.4246190E-17      0
  2.574757502133684E+03   2.5104572E-16   6.9820793E-17      0
  2.576307032632643E+03   3.9699111E-16   8.0324829E-17      0
  2.577856572266971E+03   2.3077241E-16   6.8345064E-17      0
  2.579406121036833E+03   1.5579662E-16   6.1069825E-17      0
  2.580955678942389E+03   3.6151533E-16   7.8850125E-17      0
  2.582505245983801E+03   2.7178418E-16   7.1699691E-17      0
  2.584054822161229E+03   2.4553545E-16   7.0759346E-17      0
  2.585604407474837E+03   1.7528325E-16   6.2091565E-17      0
  2.587154001924786E+03   1.7726848E-16   6.3848536E-17      0
  2.588703605511236E+03   1.6687403E-16   6.2762058E-17      0
  2.590253218234351E+03   2.6794029E-16   7.1082105E-17      0
  2.591802840094290E+03   3.3229727E-16   7.6497954E-17      0
  2.593352471091217E+03   3.0289671E-16   7.4512158E-17      0
  2.594902111225293E+03   2.8451853E-16   7.2412549E-17      0
  2.596451760496678E+03   4.1849857E-16   8.2710550E-17      0
  2.598001418905536E+03   2.3967597E-16   6.8306292E-17      0
  2.599551086452027E+03   2.3336337E-16   6.8821698E-17      0
  2.601100763136313E+03   1.3893188E-16   6.0344818E-17      0
  2.602650448958556E+03   1.6587931E-16   6.2319701E-17      0
  2.604200143918917E+03   1.2421149E-16   5.8250529E-17      0
  2.605749848017559E+03   2.5591888E-16   7.0488553E-17      0
  2.607299561254643E+03   3.0838079E-16   7.5030172E-17      0
  2.608849283630329E+03   1.8975382E-16   6.4184782E-17      0
  2.610399015144781E+03   2.1685208E-16   6.6372456E-17      0
  2.611948755798160E+03   2.5176249E-16   7.0470845E-17      0
  2.613498505590628E+03   2.3248288E-16   6.7976737E-17      0
  2.615048264522345E+03   3.4629065E-16   7.8291527E-17      0
  2.616598032593474E+03   3.0386492E-16   7.5072001E-17      0
  2.618147809804177E+03   2.2459656E-16   6.7262000E-17      0
  2.619697596154615E+03   3.2543231E-16   7.5180606E-17      0
  2.621247391644950E+03   2.8587076E-16   7.3590831E-17      0
  2.622797196275345E+03   3.5260290E-16   7.8186428E-17      0
  2.624347010045959E+03   2.3129688E-16   6.8381532E-17      0
  2.625896832956955E+03   1.8868194E-16   6.5212782E-17      0
  2.627446665008495E+03   2.1641491E-16   6.7463560E-17      0
  2.628996506200741E+03   2.3499751E-16   6.9189992E-17      0
  2.630546356533853E+03   2.2944241E-16   6.8599882E-17      0
  2.632096216007996E+03   3.2634512E-16   7.5777367E-17      0
  2.633646084623329E+03   1.3265795E-16   5.9832753E-17      0
  2.635195962380014E+03   3.8612783E-16   8.0284886E-17      0
  2.636745849278213E+03   2.8508424E-16   7.2984845E-17      0
  2.638295745318089E+03   3.7025221E-16   8.0161220E-17      0
  2.639845650499803E+03   4.1734732E-16   8.2731389E-17      0
  2.641395564823516E+03   5.1181288E-16   8.9158040E-17      0
  2.642945488289390E+03   3.2842046E-16   7.6634168E-17      0
  2.644495420897588E+03   5.9228435E-16   9.4239271E-17      0
  2.646045362648270E+03   4.3022593E-16   8.5034041E-17      0
  2.647595313541599E+03   4.1533924E-16   8.2946879E-17      0
  2.649145273577737E+03   4.8072571E-16   8.6674433E-17      0
  2.650695242756845E+03   5.3703054E-16   9.0801833E-17      0
  2.652245221079084E+03   4.8145866E-16   8.7175890E-17      0
  2.653795208544619E+03   4.2839734E-16   8.2911337E-17      0
  2.655345205153608E+03   5.8425866E-16   9.3763205E-17      0
  2.656895210906215E+03   5.1713638E-16   9.0729762E-17      0
  2.658445225802601E+03   4.9008712E-16   8.8197034E-17      0
  2.659995249842929E+03   4.0850927E-16   8.2915605E-17      0
  2.661545283027359E+03   5.5373233E-16   9.1324485E-17      0
  2.663095325356055E+03   5.1267257E-16   8.9036636E-17      0
  2.664645376829177E+03   3.8791801E-16   8.0550246E-17      0
  2.666195437446887E+03   4.5670571E-16   8.5454295E-17      0
  2.667745507209348E+03   5.0626291E-16   9.0947330E-17      0
  2.669295586116721E+03   5.7398621E-16   9.2543299E-17      0
  2.670845674169168E+03   5.5361364E-16   9.2706234E-17      0
  2.672395771366851E+03   4.1310339E-16   8.3550781E-17      0
  2.673945877709932E+03   4.9999582E-16   8.7744732E-17      0
  2.675495993198572E+03   4.9621207E-16   8.8397391E-17      0
  2.677046117832934E+03   5.8264109E-16   9.4205813E-17      0
  2.678596251613179E+03   6.2944945E-16   9.6122503E-17      0
  2.680146394539470E+03   5.8222678E-16   9.6634237E-17      0
  2.681696546611968E+03   4.5917942E-16   8.5823092E-17      0
  2.683246707830835E+03   5.2316953E-16   9.1786661E-17      0
  2.684796878196233E+03   6.9071831E-16   1.0093368E-16      0
  2.686347057708324E+03   7.4828436E-16   1.0424770E-16      0
  2.687897246367269E+03   8.9333791E-16   1.1223852E-16      0
  2.689447444173232E+03   6.7803050E-16   1.0257548E-16      0
  2.690997651126373E+03   5.3982892E-16   9.0948502E-17      0
  2.692547867226855E+03   5.4065372E-16   9.0644874E-17      0
  2.694098092474838E+03   7.4286192E-16   1.0551178E-16      0
  2.695648326870487E+03   6.8427668E-16   1.0014497E-16      0
  2.697198570413962E+03   6.3826622E-16   9.8516457E-17      0
  2.698748823105425E+03   6.7609778E-16   1.0194952E-16      0
  2.700299084945038E+03   6.9556101E-16   1.0072050E-16      0
  2.701849355932964E+03   7.2043990E-16   1.0390864E-16      0
  2.703399636069364E+03   8.2919682E-16   1.0892334E-16      0
  2.704949925354400E+03   7.7951717E-16   1.0711344E-16      0
  2.706500223788235E+03   8.5081214E-16   1.1104941E-16      0
  2.708050531371029E+03   7.2268253E-16   1.0323773E-16      0
  2.709600848102945E+03   8.6136252E-16   1.1086287E-16      0
  2.711151173984145E+03   9.3010782E-16   1.1497183E-16      0
  2.712701509014792E+03   1.1194440E-15   1.2365858E-16      0
  2.714251853195046E+03   8.5256428E-16   1.1107798E-16      0
  2.715802206525070E+03   1.0099406E-15   1.2003181E-16      0
  2.717352569005027E+03   8.0329275E-16   1.0664627E-16      0
  2.718902940635077E+03   1.1171626E-15   1.2304087E-16      0
  2.720453321415384E+03   1.0944479E-15   1.2411156E-16      0
  2.722003711346108E+03   9.5916772E-16   1.1489748E-16      0
  2.723554110427413E+03   1.1380275E-15   1.2384596E-16      0
  2.725104518659460E+03   1.0219797E-15   1.1760432E-16      0
  2.726654936042410E+03   1.2157343E-15   1.2861297E-16      0
  2.728205362576427E+03   1.0463432E-15   1.2094086E-16      0
  2.729755798261672E+03   1.0366541E-15   1.1935382E-16      0
  2.731306243098308E+03   1.2112135E-15   1.3066247E-16      0
  2.732856697086496E+03   1.0479734E-15   1.2061379E-16      0
  2.734407160226398E+03   1.2965047E-15   1.3368017E-16      0
  2.735957632518177E+03   1.4165583E-15   1.3917957E-16      0
  2.737508113961993E+03   1.0950137E-15   1.2349457E-16      0
  2.739058604558011E+03   1.2314517E-15   1.3083161E-16      0
  2.740609104306391E+03   1.1604018E-15   1.2623443E-16      0
  2.742159613207296E+03   1.4084070E-15   1.3956167E-16      0
  2.743710131260887E+03   1.3235442E-15   1.3499352E-16      0
  2.745260658467327E+03   1.1992575E-15   1.2944412E-16      0
  2.746811194826779E+03   1.0026595E-15   1.2094869E-16      0
  2.748361740339404E+03   1.2840861E-15   1.3259091E-16      0
  2.749912295005363E+03   1.6262694E-15   1.4851173E-16      0
  2.751462858824820E+03   1.1754891E-15   1.2932529E-16      0
  2.753013431797936E+03   1.1423422E-15   1.2472936E-16      0
  2.754564013924874E+03   1.4064589E-15   1.4038109E-16      0
  2.756114605205795E+03   1.2429273E-15   1.3148041E-16      0
  2.757665205640862E+03   1.2967815E-15   1.3542409E-16      0
  2.759215815230237E+03   1.4163569E-15   1.3979899E-16      0
  2.760766433974082E+03   1.3914254E-15   1.3728403E-16      0
  2.762317061872559E+03   1.3246586E-15   1.3692617E-16      0
  2.763867698925831E+03   1.2757223E-15   1.3435442E-16      0
  2.765418345134058E+03   1.1698407E-15   1.2592112E-16      0
  2.766969000497404E+03   1.3442693E-15   1.4009823E-16      0
  2.768519665016031E+03   1.5504442E-15   1.4665139E-16      0
  2.770070338690101E+03   1.3841454E-15   1.3753115E-16      0
  2.771621021519777E+03   1.4514052E-15   1.4352255E-16      0
  2.773171713505219E+03   1.2499830E-15   1.3164918E-16      0
  2.774722414646591E+03   1.6962888E-15   1.5226592E-16      0
  2.776273124944054E+03   1.4736481E-15   1.4372646E-16      0
  2.777823844397771E+03   1.5011423E-15   1.4191780E-16      0
  2.779374573007904E+03   1.4376136E-15   1.4357758E-16      0
  2.780925310774616E+03   1.6487326E-15   1.5037287E-16      0
  2.782476057698068E+03   1.5406908E-15   1.4724728E-16      0
  2.784026813778422E+03   1.4672689E-15   1.4290821E-16      0
  2.785577579015841E+03   1.6195440E-15   1.5120997E-16      0
  2.787128353410487E+03   1.8282086E-15   1.5871437E-16      0
  2.788679136962523E+03   1.4163583E-15   1.4171700E-16      0
  2.790229929672109E+03   1.7536909E-15   1.5651679E-16      0
  2.791780731539410E+03   1.5164314E-15   1.4694764E-16      0
  2.793331542564587E+03   1.6429133E-15   1.5213755E-16      0
  2.794882362747801E+03   1.0686930E-15   1.2730475E-16      0
  2.796433192089216E+03   9.8917948E-16   1.2085614E-16      0
  2.797984030588995E+03   8.8382568E-16   1.1930617E-16      0
  2.799534878247297E+03   1.4547397E-15   1.4786135E-16      0
  2.801085735064287E+03   1.1758142E-15   1.3072019E-16      0
  2.802636601040127E+03   1.4313762E-15   1.4455399E-16      0
  2.804187476174978E+03   1.2125336E-15   1.3485128E-16      0
  2.805738360469003E+03   1.3837503E-15   1.4243099E-16      0
  2.807289253922364E+03   1.3298514E-15   1.3957229E-16      0
  2.808840156535224E+03   1.4831413E-15   1.4562924E-16      0
  2.810391068307745E+03   1.7767842E-15   1.6071313E-16      0
  2.811941989240090E+03   1.7491281E-15   1.5842645E-16      0
  2.813492919332419E+03   1.6629347E-15   1.5549361E-16      0
  2.815043858584896E+03   2.0799724E-15   1.7280144E-16      0
  2.816594806997683E+03   1.7425133E-15   1.5611548E-16      0
  2.818145764570943E+03   2.0150704E-15   1.6871417E-16      0
  2.819696731304837E+03   1.7151333E-15   1.5702461E-16      0
  2.821247707199529E+03   1.6375374E-15   1.5398991E-16      0
  2.822798692255180E+03   1.2993774E-15   1.3835001E-16      0
  2.824349686471952E+03   1.5601689E-15   1.5017220E-16      0
  2.825900689850008E+03   2.0384972E-15   1.7144712E-16      0
  2.827451702389511E+03   1.7220150E-15   1.5597482E-16      0
  2.829002724090622E+03   2.0495156E-15   1.6963224E-16      0
  2.830553754953505E+03   1.9769726E-15   1.6785915E-16      0
  2.832104794978321E+03   1.6559090E-15   1.5447570E-16      0
  2.833655844165232E+03   2.1426560E-15   1.7570980E-16      0
  2.835206902514402E+03   2.4694005E-15   1.8586206E-16      0
  2.836757970025993E+03   2.4622096E-15   1.8700152E-16      0
  2.838309046700165E+03   2.3490644E-15   1.8265880E-16      0
  2.839860132537083E+03   2.6472986E-15   1.9212650E-16      0
  2.841411227536909E+03   2.6816424E-15   1.9584737E-16      0
  2.842962331699806E+03   3.1380934E-15   2.1018947E-16      0
  2.844513445025934E+03   2.9138575E-15   2.0182987E-16      0
  2.846064567515457E+03   2.9023095E-15   2.0502704E-16      0
  2.847615699168538E+03   3.0732816E-15   2.0595319E-16      0
  2.849166839985337E+03   3.0477450E-15   2.0931277E-16      0
  2.850717989966020E+03   2.3904403E-15   1.8472431E-16      0
  2.852269149110746E+03   2.6864751E-15   1.9486287E-16      0
  2.853820317419680E+03   2.5423165E-15   1.9407971E-16      0
  2.855371494892982E+03   3.3607959E-15   2.1697086E-16      0
  2.856922681530817E+03   3.0634886E-15   2.1257245E-16      0
  2.858473877333346E+03   3.1188505E-15   2.1023190E-16      0
  2.860025082300731E+03   3.3437430E-15   2.1733624E-16      0
  2.861576296433135E+03   3.4669435E-15   2.2394119E-16      0
  2.863127519730721E+03   3.5562877E-15   2.2466260E-16      0
  2.864678752193651E+03   3.7206536E-15   2.2947279E-16      0
  2.866229993822087E+03   3.8039534E-15   2.3477953E-16      0
  2.867781244616193E+03   3.6054398E-15   2.3015410E-16      0
  2.869332504576129E+03   3.6011466E-15   2.3123520E-16      0
  2.870883773702059E+03   3.3687811E-15   2.2145717E-16      0
  2.872435051994146E+03   4.0065599E-15   2.4140505E-16      0
  2.873986339452551E+03   4.2536457E-15   2.4620577E-16      0
  2.875537636077438E+03   3.3676255E-15   2.2207409E-16      0
  2.877088941868969E+03   4.2253040E-15   2.4726228E-16      0
  2.878640256827306E+03   4.2176904E-15   2.5068957E-16      0
  2.880191580952612E+03   4.1534616E-15   2.4682688E-16      0
  2.881742914245049E+03   3.8422736E-15   2.4002344E-16      0
  2.883294256704779E+03   4.1926229E-15   2.4927873E-16      0
  2.884845608331967E+03   4.4358345E-15   2.6019727E-16      0
  2.886396969126773E+03   4.7019252E-15   2.6592610E-16      0
  2.887948339089360E+03   5.0132450E-15   2.7230897E-16      0
  2.889499718219891E+03   4.3373300E-15   2.5621021E-16      0
  2.891051106518530E+03   4.1302758E-15   2.4896498E-16      0
  2.892602503985436E+03   4.6926180E-15   2.6408431E-16      0
  2.894153910620775E+03   4.5905459E-15   2.6277773E-16      0
  2.895705326424707E+03   4.4101008E-15   2.5468068E-16      0
  2.897256751397397E+03   4.7799903E-15   2.6970887E-16      0
  2.898808185539005E+03   4.7699360E-15   2.6873910E-16      0
  2.900359628849695E+03   4.7279389E-15   2.7088770E-16      0
  2.901911081329630E+03   4.8736802E-15   2.7033737E-16      0
  2.903462542978971E+03   4.4881146E-15   2.5865482E-16      0
  2.905014013797882E+03   4.9564451E-15   2.8050865E-16      0
  2.906565493786526E+03   4.9091569E-15   2.7183617E-16      0
  2.908116982945063E+03   4.5360664E-15   2.6603934E-16      0
  2.909668481273658E+03   4.5285812E-15   2.6811404E-16      0
  2.911219988772474E+03   5.4099651E-15   2.8575318E-16      0
  2.912771505441671E+03   4.9050251E-15   2.8136510E-16      0
  2.914323031281414E+03   4.7490672E-15   2.7277007E-16      0
  2.915874566291865E+03   4.7071099E-15   2.7214573E-16      0
  2.917426110473185E+03   5.2903531E-15   2.8782876E-16      0
  2.918977663825538E+03   4.9608869E-15   2.8491377E-16      0
  2.920529226349088E+03   4.8027242E-15   2.7887940E-16      0
  2.922080798043995E+03   4.8041816E-15   2.7821867E-16      0
  2.923632378910424E+03   5.0315201E-15   2.8540555E-16      0
  2.925183968948536E+03   4.3172668E-15   2.6409394E-16      0
  2.926735568158495E+03   4.7575990E-15   2.8173570E-16      0
  2.928287176540462E+03   4.9023794E-15   2.8528633E-16      0
  2.929838794094600E+03   4.6782904E-15   2.8070357E-16      0
  2.931390420821072E+03   5.1697483E-15   2.9477218E-16      0
  2.932942056720041E+03   4.8273979E-15   2.8378838E-16      0
  2.934493701791670E+03   4.6132345E-15   2.8292129E-16      0
  2.936045356036122E+03   4.8056906E-15   2.8446514E-16      0
  2.937597019453558E+03   5.1403592E-15   2.9202506E-16      0
  2.939148692044140E+03   4.7346753E-15   2.8609538E-16      0
  2.940700373808034E+03   4.7261152E-15   2.8229755E-16      0
  2.942252064745401E+03   4.6681832E-15   2.8587383E-16      0
  2.943803764856403E+03   3.9707325E-15   2.6289555E-16      0
  2.945355474141204E+03   4.3179465E-15   2.7760001E-16      0
  2.946907192599965E+03   4.7167025E-15   2.8464637E-16      0
  2.948458920232851E+03   4.5598871E-15   2.8204506E-16      0
  2.950010657040022E+03   4.2578847E-15   2.7370308E-16      0
  2.951562403021643E+03   4.7416324E-15   2.8625092E-16      0
  2.953114158177876E+03   4.2950076E-15   2.7934519E-16      0
  2.954665922508883E+03   4.1812227E-15   2.7235569E-16      0
  2.956217696014829E+03   4.4715551E-15   2.8435677E-16      0
  2.957769478695873E+03   4.3132057E-15   2.7841409E-16      0
  2.959321270552181E+03   4.8149588E-15   2.9464555E-16      0
  2.960873071583915E+03   4.2147398E-15   2.7504176E-16      0
  2.962424881791237E+03   4.0909667E-15   2.7825477E-16      0
  2.963976701174310E+03   5.0017545E-15   2.9294979E-16      0
  2.965528529733297E+03   4.7452764E-15   2.9653157E-16      0
  2.967080367468361E+03   4.1503539E-15   2.7796802E-16      0
  2.968632214379664E+03   4.5113225E-15   2.8871613E-16      0
  2.970184070467370E+03   5.2618093E-15   3.1504771E-16      0
  2.971735935731640E+03   5.4078768E-15   3.1381565E-16      0
  2.973287810172639E+03   5.5538676E-15   3.2751410E-16      0
  2.974839693790528E+03   4.6727741E-15   3.0135053E-16      0
  2.976391586585471E+03   5.1460098E-15   3.0892139E-16      0
  2.977943488557630E+03   5.0865345E-15   3.1585229E-16      0
  2.979495399707168E+03   4.8421109E-15   3.0343137E-16      0
  2.981047320034248E+03   5.4714983E-15   3.2633850E-16      0
  2.982599249539032E+03   5.5583611E-15   3.2764298E-16      0
  2.984151188221685E+03   5.5805834E-15   3.3280385E-16      0
  2.985703136082367E+03   5.1683858E-15   3.1516119E-16      0
  2.987255093121242E+03   5.7037627E-15   3.3946611E-16      0
  2.988807059338475E+03   5.0088446E-15   3.1424239E-16      0
  2.990359034734225E+03   5.8151336E-15   3.4155108E-16      0
  2.991911019308658E+03   6.0008020E-15   3.4813036E-16      0
  2.993463013061934E+03   5.4247319E-15   3.2878428E-16      0
  2.995015015994219E+03   6.2044863E-15   3.5358342E-16      0
  2.996567028105674E+03   6.3275136E-15   3.6364848E-16      0
  2.998119049396462E+03   5.8842265E-15   3.4946494E-16      0
  2.999671079866746E+03   5.9208259E-15   3.4946269E-16      0
  3.001223119516689E+03   5.3565186E-15   3.3581902E-16      0
  3.002775168346453E+03   5.4700520E-15   3.4341746E-16      0
  3.004327226356203E+03   5.9499639E-15   3.5871636E-16      0
  3.005879293546101E+03   5.7394957E-15   3.5564973E-16      0
  3.007431369916309E+03   5.3300332E-15   3.3456610E-16      0
  3.008983455466990E+03   5.8367927E-15   3.5815515E-16      0
  3.010535550198307E+03   5.9626859E-15   3.6415611E-16      0
  3.012087654110424E+03   5.3854160E-15   3.4727432E-16      0
  3.013639767203503E+03   5.7508599E-15   3.6626811E-16      0
  3.015191889477707E+03   5.5398780E-15   3.5274639E-16      0
  3.016744020933198E+03   5.9061824E-15   3.6484607E-16      0
  3.018296161570142E+03   5.9252949E-15   3.7608864E-16      0
  3.019848311388699E+03   5.6584219E-15   3.5961154E-16      0
  3.021400470389032E+03   5.6848735E-15   3.6051771E-16      0
  3.022952638571306E+03   5.2229691E-15   3.5087202E-16      0
  3.024504815935682E+03   5.7618815E-15   3.6706583E-16      0
  3.026057002482324E+03   5.1474603E-15   3.4879046E-16      0
  3.027609198211394E+03   5.1295849E-15   3.4764318E-16      0
  3.029161403123056E+03   5.3832040E-15   3.7220319E-16      0
  3.030713617217473E+03   5.5920675E-15   3.7022333E-16      0
  3.032265840494807E+03   5.7400721E-15   3.7545304E-16      0
  3.033818072955222E+03   5.2969667E-15   3.6676754E-16      0
  3.035370314598880E+03   4.9028330E-15   3.5191183E-16      0
  3.036922565425944E+03   4.6166713E-15   3.4683482E-16      0
  3.038474825436579E+03   5.2373153E-15   3.6339945E-16      0
  3.040027094630946E+03   5.5471853E-15   3.8011421E-16      0
  3.041579373009208E+03   5.2920251E-15   3.6932526E-16      0
  3.043131660571529E+03   5.1564609E-15   3.6571783E-16      0
  3.044683957318071E+03   4.8603111E-15   3.6377717E-16      0
  3.046236263248998E+03   4.2103759E-15   3.3317549E-16      0
  3.047788578364473E+03   4.6513315E-15   3.6053349E-16      0
  3.049340902664658E+03   4.9595075E-15   3.6627968E-16      0
  3.050893236149716E+03   5.3587510E-15   3.7754530E-16      0
  3.052445578819812E+03   4.9504680E-15   3.7544643E-16      0
  3.053997930675107E+03   4.7528446E-15   3.6363349E-16      0
  3.055550291715765E+03   4.7626719E-15   3.6641862E-16      0
  3.057102661941949E+03   5.2355992E-15   3.9344553E-16      0
  3.058655041353821E+03   5.6218636E-15   3.9737929E-16      0
  3.060207429951546E+03   5.2415597E-15   3.9489870E-16      0
  3.061759827735285E+03   4.8624024E-15   3.7764961E-16      0
  3.063312234705203E+03   5.9743504E-15   4.1205522E-16      0
  3.064864650861462E+03   4.9497980E-15   3.9084416E-16      0
  3.066417076204224E+03   4.8419453E-15   3.7924873E-16      0
  3.067969510733655E+03   5.4655453E-15   4.1453491E-16      0
  3.069521954449916E+03   5.8532255E-15   4.1781885E-16      0
  3.071074407353170E+03   5.4043692E-15   4.0469821E-16      0
  3.072626869443581E+03   5.5136856E-15   4.1778984E-16      0
  3.074179340721312E+03   6.6273154E-15   4.4947586E-16      0
  3.075731821186525E+03   6.5049382E-15   4.5105129E-16      0
  3.077284310839385E+03   5.5268413E-15   4.1933925E-16      0
  3.078836809680054E+03   5.6276920E-15   4.2736282E-16      0
  3.080389317708694E+03   6.5578358E-15   4.6490330E-16      0
  3.081941834925470E+03   6.3283936E-15   4.5078072E-16      0
  3.083494361330545E+03   6.2994408E-15   4.6065802E-16      0
  3.085046896924081E+03   5.9586676E-15   4.4174343E-16      0
  3.086599441706241E+03   6.5580594E-15   4.7086366E-16      0
  3.088151995677190E+03   6.4520041E-15   4.6851626E-16      0
  3.089704558837090E+03   6.4526885E-15   4.7029064E-16      0
  3.091257131186104E+03   6.2409316E-15   4.6528637E-16      0
  3.092809712724395E+03   6.3491955E-15   4.7180524E-16      0
  3.094362303452127E+03   6.0244625E-15   4.6028877E-16      0
  3.095914903369463E+03   7.3174406E-15   5.0635852E-16      0
  3.097467512476565E+03   5.8055172E-15   4.6107863E-16      0
  3.099020130773598E+03   6.7336523E-15   4.9494586E-16      0
  3.100572758260724E+03   6.5210483E-15   4.9277640E-16      0
  3.102125394938106E+03   7.2243821E-15   5.2419947E-16      0
  3.103678040805908E+03   6.5821067E-15   4.9781852E-16      0
  3.105230695864293E+03   7.7658149E-15   5.3772923E-16      0
  3.106783360113424E+03   6.6923044E-15   5.1196312E-16      0
  3.108336033553464E+03   7.5542964E-15   5.4167021E-16      0
  3.109888716184577E+03   7.1808980E-15   5.3418636E-16      0
  3.111441408006926E+03   7.5251212E-15   5.5140918E-16      0
  3.112994109020673E+03   7.9288899E-15   5.6100151E-16      0
  3.114546819225983E+03   8.5211421E-15   5.7674865E-16      0
  3.116099538623017E+03   8.4661197E-15   5.8482379E-16      0
  3.117652267211941E+03   8.3926947E-15   5.8945642E-16      0
  3.119205004992917E+03   7.6302964E-15   5.6407783E-16      0
  3.120757751966108E+03   8.0869327E-15   5.8893169E-16      0
  3.122310508131676E+03   7.3919659E-15   5.5465967E-16      0
  3.123863273489787E+03   7.8501201E-15   5.8777120E-16      0
  3.125416048040603E+03   7.9248724E-15   5.8180570E-16      0
  3.126968831784287E+03   8.4115784E-15   6.0623826E-16      0
  3.128521624721002E+03   7.5980990E-15   5.8601943E-16      0
  3.130074426850912E+03   8.4293763E-15   6.1059132E-16      0
  3.131627238174180E+03   7.9928214E-15   6.0687020E-16      0
  3.133180058690970E+03   7.4180935E-15   5.8496529E-16      0
  3.134732888401445E+03   8.0814219E-15   6.1544789E-16      0
  3.136285727305767E+03   6.8954309E-15   5.6453931E-16      0
  3.137838575404100E+03   7.3840732E-15   5.8918823E-16      0
  3.139391432696607E+03   7.5935928E-15   6.1191995E-16      0
  3.140944299183453E+03   7.0073172E-15   5.8277720E-16      0
  3.142497174864800E+03   7.4671121E-15   6.1147547E-16      0
  3.144050059740811E+03   7.4897923E-15   6.1310151E-16      0
  3.145602953811651E+03   7.1076076E-15   5.8764107E-16      0
  3.147155857077481E+03   7.0812259E-15   6.0114521E-16      0
  3.148708769538466E+03   7.6668654E-15   6.2394448E-16      0
  3.150261691194769E+03   7.3698990E-15   6.1153089E-16      0
  3.151814622046553E+03   6.3778256E-15   5.2961339E-16   2560
  3.153367562093981E+03   4.6365114E-15   4.9575065E-16   2564
  3.154920511337218E+03   8.3259408E-15   6.6670853E-16   2564
  3.156473469776425E+03   1.4952930E-14   8.9734829E-16   2564
  3.158026437411767E+03   9.0693823E-17   7.0435587E-17   2564
