

  1.571019024955975E+03   0.0000000E+00   0.0000000E+00   2564
  1.572562673965468E+03   0.0000000E+00   0.0000000E+00   2564
  1.574106332030510E+03   0.0000000E+00   0.0000000E+00   2564
  1.575649999151260E+03   0.0000000E+00   0.0000000E+00   2564
  1.577193675327878E+03   0.0000000E+00   0.0000000E+00   2560
  1.578737360560523E+03   0.0000000E+00   0.0000000E+00    512
  1.580281054849355E+03  -2.9209878E-13   1.5436136E-13      0
  1.581824758194532E+03   2.2019257E-14   3.9537350E-14      0
  1.583368470596214E+03   1.3530240E-14   2.2997570E-14      0
  1.584912192054561E+03   3.2252236E-14   1.6211604E-14      0
  1.586455922569732E+03  -1.9552932E-16   1.2102036E-14      0
  1.587999662141887E+03   2.6682315E-15   9.6869568E-15      0
  1.589543410771184E+03  -5.3896622E-15   7.5868927E-15      0
  1.591087168457783E+03  -1.2623702E-14   6.0819337E-15      0
  1.592630935201844E+03  -5.5953819E-15   5.6319250E-15      0
  1.594174711003526E+03   9.2618724E-15   5.9185373E-15      0
  1.595718495862989E+03   4.4267111E-15   4.9157396E-15      0
  1.597262289780392E+03  -3.7847312E-15   3.9173889E-15      0
  1.598806092755894E+03   7.5296549E-16   3.8028819E-15      0
  1.600349904789655E+03   1.8575377E-15   3.3589903E-15      0
  1.601893725881834E+03  -2.2769398E-15   2.8285164E-15      0
  1.603437556032591E+03   4.7687298E-15   2.9587308E-15      0
  1.604981395242085E+03   3.6291860E-16   2.4367234E-15      0
  1.606525243510476E+03  -1.8577256E-15   2.0673643E-15      0
  1.608069100837923E+03  -5.8746102E-16   1.9450657E-15      0
  1.609612967224586E+03   8.9932989E-19   1.7942983E-15      0
  1.611156842670623E+03  -1.7099695E-15   1.5964516E-15      0
  1.612700727176195E+03  -2.6236240E-15   1.3691919E-15      0
  1.614244620741462E+03  -2.0726708E-15   1.3032761E-15      0
  1.615788523366581E+03  -9.9856693E-16   1.2483920E-15      0
  1.617332435051715E+03  -5.0767708E-16   1.1945387E-15      0
  1.618876355797020E+03   4.2123766E-16   1.1978330E-15      0
  1.620420285602657E+03  -5.3541937E-16   1.0689985E-15      0
  1.621964224468786E+03  -5.7080894E-16   9.6356774E-16      0
  1.623508172395566E+03   1.5012707E-15   1.0601253E-15      0
  1.625052129383157E+03   4.0471904E-16   9.2684092E-16      0
  1.626596095431718E+03   1.2880688E-15   9.3441107E-16      0
  1.628140070541408E+03   9.9949634E-16   8.5663698E-16      0
  1.629684054712388E+03   8.2602579E-16   8.3720154E-16      0
  1.631228047944817E+03  -5.3710417E-16   6.9153962E-16      0
  1.632772050238853E+03  -3.8835792E-17   6.8474863E-16      0
  1.634316061594658E+03  -6.2103370E-16   6.2863540E-16      0
  1.635860082012390E+03   3.8617428E-16   6.5880073E-16      0
  1.637404111492208E+03   8.6090721E-17   6.1132501E-16      0
  1.638948150034273E+03   1.2051847E-15   6.6061137E-16      0
  1.640492197638745E+03   3.6844890E-16   5.8852379E-16      0
  1.642036254305782E+03  -1.8420403E-16   5.3064634E-16      0
  1.643580320035544E+03  -1.6246763E-16   5.2088116E-16      0
  1.645124394828191E+03   7.6185770E-16   5.5537081E-16      0
  1.646668478683882E+03  -4.2280049E-16   4.5552458E-16      0
  1.648212571602777E+03   6.4897632E-16   5.0961653E-16      0
  1.649756673585036E+03  -1.2791003E-17   4.6373910E-16      0
  1.651300784630818E+03   3.9347560E-16   4.7311719E-16      0
  1.652844904740283E+03   1.7846558E-16   4.4941170E-16      0
  1.654389033913590E+03   5.4396334E-16   4.6053023E-16      0
  1.655933172150899E+03  -8.5804186E-17   4.0587413E-16      0
  1.657477319452370E+03   4.5002056E-16   4.3330005E-16      0
  1.659021475818161E+03  -3.2785998E-16   3.6761518E-16      0
  1.660565641248434E+03  -3.6479353E-16   3.5629578E-16      0
  1.662109815743347E+03   2.0006378E-16   3.8786520E-16      0
  1.663653999303061E+03  -1.6949030E-16   3.5869667E-16      0
  1.665198191927734E+03  -2.5415920E-16   3.3802041E-16      0
  1.666742393617526E+03  -7.7335379E-16   2.9283599E-16      0
  1.668286604372598E+03  -4.0912366E-16   3.1654966E-16      0
  1.669830824193108E+03  -2.8593821E-16   3.2001831E-16      0
  1.671375053079217E+03   3.2204538E-18   3.2953470E-16      0
  1.672919291031083E+03  -7.9955344E-17   3.1732771E-16      0
  1.674463538048868E+03  -3.0626858E-16   2.9715824E-16      0
  1.676007794132729E+03  -1.3387922E-16   3.0187487E-16      0
  1.677552059282828E+03   1.0935378E-16   3.1441275E-16      0
  1.679096333499324E+03   2.2494876E-16   3.1980129E-16      0
  1.680640616782376E+03  -3.9756063E-16   2.6468165E-16      0
  1.682184909132144E+03  -4.8619336E-16   2.6064858E-16      0
  1.683729210548788E+03   3.7683800E-16   3.0419870E-16      0
  1.685273521032467E+03  -6.3599138E-18   2.8537498E-16      0
  1.686817840583342E+03   3.3247245E-16   2.9559547E-16      0
  1.688362169201572E+03  -2.9288044E-16   2.5477391E-16      0
  1.689906506887316E+03   5.6530747E-17   2.7052750E-16      0
  1.691450853640735E+03   1.7569959E-16   2.8075669E-16      0
  1.692995209461987E+03  -7.9765013E-17   2.5712135E-16      0
  1.694539574351234E+03   3.1051338E-16   2.7403827E-16      0
  1.696083948308634E+03   1.7093854E-16   2.6577962E-16      0
  1.697628331334348E+03   5.1557387E-17   2.5506465E-16      0
  1.699172723428535E+03  -1.0911158E-16   2.3867128E-16      0
  1.700717124591354E+03  -2.6740880E-16   2.2308836E-16      0
  1.702261534822966E+03   3.7583021E-17   2.4331376E-16      0
  1.703805954123530E+03   2.0714948E-16   2.5053006E-16      0
  1.705350382493207E+03   2.5358134E-16   2.4938590E-16      0
  1.706894819932155E+03   3.7138213E-16   2.5641223E-16      0
  1.708439266440535E+03   9.1561912E-17   2.3515003E-16      0
  1.709983722018507E+03  -1.6837377E-16   2.1561498E-16      0
  1.711528186666229E+03   7.8214314E-17   2.2915118E-16      0
  1.713072660383862E+03   2.4589470E-16   2.3780379E-16      0
  1.714617143171567E+03  -1.7831686E-17   2.1306927E-16      0
  1.716161635029502E+03   8.6811077E-17   2.2255841E-16      0
  1.717706135957827E+03  -1.7592166E-16   2.0347063E-16      0
  1.719250645956702E+03   1.4874372E-16   2.1941000E-16      0
  1.720795165026287E+03  -7.9204767E-17   2.0080171E-16      0
  1.722339693166743E+03   1.3338268E-17   2.0946218E-16      0
  1.723884230378228E+03   9.2983227E-17   2.0671323E-16      0
  1.725428776660902E+03   9.6462388E-17   2.1074279E-16      0
  1.726973332014925E+03   1.9423708E-16   2.0838930E-16      0
  1.728517896440458E+03   1.6173243E-16   2.1043390E-16      0
  1.730062469937659E+03  -1.5972351E-16   1.8374309E-16      0
  1.731607052506690E+03  -4.2291230E-16   1.6103129E-16      0
  1.733151644147709E+03  -1.5114283E-16   1.7917643E-16      0
  1.734696244860876E+03  -1.0078152E-16   1.8559200E-16      0
  1.736240854646352E+03  -4.7726237E-17   1.8586707E-16      0
  1.737785473504296E+03   1.4042127E-16   1.9143855E-16      0
  1.739330101434868E+03  -2.6041020E-17   1.8495099E-16      0
  1.740874738438228E+03   2.9660055E-16   1.9798586E-16      0
  1.742419384514536E+03  -1.5904759E-16   1.6697748E-16      0
  1.743964039663952E+03  -7.0722526E-17   1.7637747E-16      0
  1.745508703886635E+03  -1.0313952E-16   1.6854516E-16      0
  1.747053377182746E+03  -3.2871684E-17   1.7168163E-16      0
  1.748598059552444E+03  -1.3329169E-16   1.6547164E-16      0
  1.750142750995889E+03   2.3391212E-16   1.8592883E-16      0
  1.751687451513242E+03  -4.5719043E-17   1.6810676E-16      0
  1.753232161104661E+03   7.1249427E-17   1.7210730E-16      0
  1.754776879770308E+03   2.3848660E-16   1.8001197E-16      0
  1.756321607510341E+03   1.7221299E-18   1.6464716E-16      0
  1.757866344324921E+03  -6.2973942E-17   1.5818895E-16      0
  1.759411090214209E+03   8.7308000E-17   1.6515611E-16      0
  1.760955845178363E+03  -1.6367955E-16   1.4846836E-16      0
  1.762500609217543E+03  -8.2618396E-17   1.5282335E-16      0
  1.764045382331910E+03   2.9050845E-16   1.7276382E-16      0
  1.765590164521624E+03  -1.0225605E-16   1.4863307E-16      0
  1.767134955786844E+03   7.6630224E-17   1.5872798E-16      0
  1.768679756127730E+03  -1.1726536E-16   1.4513374E-16      0
  1.770224565544443E+03   1.2335882E-16   1.5857745E-16      0
  1.771769384037143E+03  -7.6512274E-17   1.4448566E-16      0
  1.773314211605988E+03   7.7521871E-17   1.5382637E-16      0
  1.774859048251140E+03  -7.9564849E-17   1.4063487E-16      0
  1.776403893972758E+03  -7.6697331E-17   1.4048117E-16      0
  1.777948748771003E+03   1.8183099E-16   1.5872012E-16      0
  1.779493612646034E+03  -3.3534024E-16   1.1738921E-16      0
  1.781038485598011E+03   8.6173557E-19   1.4354372E-16      0
  1.782583367627094E+03   4.5676599E-17   1.4330348E-16      0
  1.784128258733444E+03   2.8266051E-16   1.5714793E-16      0
  1.785673158917219E+03  -1.8156274E-16   1.2548207E-16      0
  1.787218068178581E+03  -1.6499950E-16   1.2540471E-16      0
  1.788762986517690E+03   1.1355820E-16   1.4315671E-16      0
  1.790307913934705E+03  -1.8080297E-17   1.3478392E-16      0
  1.791852850429786E+03  -7.1271179E-17   1.3039199E-16      0
  1.793397796003093E+03   5.3280912E-18   1.3300143E-16      0
  1.794942750654787E+03   6.0595175E-17   1.3459597E-16      0
  1.796487714385027E+03  -4.3420024E-17   1.3096577E-16      0
  1.798032687193974E+03  -2.3533561E-16   1.1302118E-16      0
  1.799577669081787E+03   8.4052065E-17   1.3487160E-16      0
  1.801122660048627E+03   8.6603759E-17   1.3401607E-16      0
  1.802667660094654E+03  -1.1639964E-16   1.1796026E-16      0
  1.804212669220028E+03  -4.7562958E-17   1.2392805E-16      0
  1.805757687424908E+03  -1.6665163E-17   1.2416988E-16      0
  1.807302714709455E+03  -4.0860170E-18   1.2318167E-16      0
  1.808847751073829E+03   9.7212204E-17   1.2835522E-16      0
  1.810392796518190E+03  -5.9558553E-17   1.1743269E-16      0
  1.811937851042698E+03   3.1547840E-16   1.4220087E-16      0
  1.813482914647513E+03   1.9840298E-16   1.3195863E-16      0
  1.815027987332796E+03   8.1120676E-17   1.2281615E-16      0
  1.816573069098706E+03   7.4826924E-17   1.2325941E-16      0
  1.818118159945403E+03   1.6836574E-16   1.2697413E-16      0
  1.819663259873049E+03  -1.5977091E-16   1.0373147E-16      0
  1.821208368881802E+03  -4.2328453E-17   1.1436030E-16      0
  1.822753486971823E+03   1.4244742E-16   1.2210212E-16      0
  1.824298614143271E+03  -6.6175442E-17   1.0821525E-16      0
  1.825843750396308E+03   2.0649215E-16   1.2557238E-16      0
  1.827388895731093E+03  -1.5074291E-17   1.1009411E-16      0
  1.828934050147787E+03  -5.7873877E-17   1.0650082E-16      0
  1.830479213646549E+03   1.8090948E-17   1.1137814E-16      0
  1.832024386227540E+03  -4.1877471E-17   1.0535757E-16      0
  1.833569567890920E+03   2.3156400E-17   1.1097862E-16      0
  1.835114758636848E+03   2.1278320E-16   1.2205071E-16      0
  1.836659958465486E+03   8.8549929E-17   1.1236956E-16      0
  1.838205167376993E+03  -9.8948781E-17   9.9360485E-17      0
  1.839750385371530E+03   1.0783733E-16   1.1414196E-16      0
  1.841295612449256E+03  -1.0559129E-17   1.0425550E-16      0
  1.842840848610333E+03   2.5701399E-16   1.2073936E-16      0
  1.844386093854919E+03   2.6067142E-16   1.2068210E-16      0
  1.845931348183175E+03   2.9320198E-17   1.0263858E-16      0
  1.847476611595262E+03  -2.0579215E-16   8.7767919E-17      0
  1.849021884091340E+03   5.0010900E-17   1.0489225E-16      0
  1.850567165671568E+03   9.9573090E-18   1.0188933E-16      0
  1.852112456336107E+03   2.1764426E-16   1.1458196E-16      0
  1.853657756085118E+03   8.1938129E-17   1.0519290E-16      0
  1.855203064918761E+03   3.0963167E-17   1.0116134E-16      0
  1.856748382837194E+03   7.7264420E-17   1.0394076E-16      0
  1.858293709840580E+03   1.6619772E-16   1.0825398E-16      0
  1.859839045929079E+03   2.3687766E-16   1.1342078E-16      0
  1.861384391102849E+03  -1.3405023E-17   9.7136534E-17      0
  1.862929745362052E+03   3.3848816E-17   9.8325060E-17      0
  1.864475108706848E+03  -6.3026047E-17   9.1857732E-17      0
  1.866020481137397E+03   3.4380633E-16   1.1629409E-16      0
  1.867565862653860E+03   1.7805570E-16   1.0671382E-16      0
  1.869111253256396E+03   2.4341479E-17   9.5368445E-17      0
  1.870656652945166E+03   2.4347403E-17   9.4677372E-17      0
  1.872202061720330E+03   2.6182670E-16   1.1125878E-16      0
  1.873747479582050E+03   1.0473961E-16   9.8800318E-17      0
  1.875292906530483E+03   9.6986298E-17   1.0105775E-16      0
  1.876838342565792E+03   9.8744586E-17   9.9459006E-17      0
  1.878383787688136E+03   1.4412087E-16   1.0085344E-16      0
  1.879929241897676E+03   6.2376558E-17   9.5760211E-17      0
  1.881474705194571E+03   1.6042494E-16   1.0083777E-16      0
  1.883020177578984E+03   1.6598802E-16   1.0196235E-16      0
  1.884565659051072E+03   2.6894228E-16   1.0687933E-16      0
  1.886111149610997E+03   1.1227786E-16   9.7483143E-17      0
  1.887656649258920E+03   2.9204084E-16   1.0767773E-16      0
  1.889202157995000E+03   7.6436485E-17   9.3676557E-17      0
  1.890747675819397E+03   6.5183004E-17   9.2143103E-17      0
  1.892293202732274E+03   1.5779235E-16   9.8076932E-17      0
  1.893838738733788E+03  -1.6398641E-17   8.5774672E-17      0
  1.895384283824101E+03   1.2773038E-16   9.5980956E-17      0
  1.896929838003374E+03   2.4133290E-16   1.0036511E-16      0
  1.898475401271766E+03   9.3355035E-17   9.2287118E-17      0
  1.900020973629438E+03   2.4687768E-16   1.0090904E-16      0
  1.901566555076551E+03   1.0169390E-16   9.0844449E-17      0
  1.903112145613263E+03   1.3968935E-16   9.4728433E-17      0
  1.904657745239737E+03   1.3245398E-16   9.1932264E-17      0
  1.906203353956133E+03   1.7310614E-17   8.6283971E-17      0
  1.907748971762610E+03   2.0276261E-17   8.3191764E-17      0
  1.909294598659329E+03   1.0595004E-16   8.9160488E-17      0
  1.910840234646451E+03   1.9895044E-16   9.5438663E-17      0
  1.912385879724135E+03   1.1148981E-16   8.7763003E-17      0
  1.913931533892543E+03   1.5344535E-16   9.1771407E-17      0
  1.915477197151835E+03  -7.1633791E-18   8.0362496E-17      0
  1.917022869502171E+03   8.3095512E-18   8.2586659E-17      0
  1.918568550943711E+03   8.8320655E-17   8.5716141E-17      0
  1.920114241476617E+03   8.8949835E-17   8.6151642E-17      0
  1.921659941101047E+03  -7.1940533E-17   7.4140549E-17      0
  1.923205649817164E+03   7.0127393E-17   8.2555199E-17      0
  1.924751367625127E+03   2.4535702E-16   9.3375390E-17      0
  1.926297094525097E+03   3.0778549E-16   9.7266540E-17      0
  1.927842830517233E+03   1.3020348E-16   8.6359588E-17      0
  1.929388575601697E+03   1.0668449E-16   8.3870714E-17      0
  1.930934329778649E+03   2.6747510E-17   7.8718233E-17      0
  1.932480093048250E+03   1.1793731E-16   8.4224814E-17      0
  1.934025865410659E+03   1.3118808E-16   8.4696247E-17      0
  1.935571646866038E+03   1.1019637E-16   8.2862513E-17      0
  1.937117437414547E+03   9.3083607E-17   8.0962407E-17      0
  1.938663237056347E+03   2.2946985E-16   8.9783295E-17      0
  1.940209045791596E+03   4.9536962E-17   7.8904706E-17      0
  1.941754863620458E+03   1.5802603E-16   8.5215902E-17      0
  1.943300690543091E+03   6.7772033E-17   7.8892318E-17      0
  1.944846526559656E+03   2.2453200E-16   8.7399407E-17      0
  1.946392371670314E+03   6.4578308E-17   7.8517016E-17      0
  1.947938225875226E+03   1.2683305E-16   8.1265049E-17      0
  1.949484089174551E+03   1.1142822E-16   8.2141940E-17      0
  1.951029961568451E+03   2.1086102E-16   8.5017445E-17      0
  1.952575843057085E+03   4.8671856E-17   7.5655183E-17      0
  1.954121733640615E+03   1.4503597E-16   8.2599252E-17      0
  1.955667633319200E+03   1.8111980E-16   8.2474347E-17      0
  1.957213542093003E+03   1.6778477E-16   8.3159994E-17      0
  1.958759459962181E+03   1.7451231E-16   8.2963165E-17      0
  1.960305386926898E+03   1.6991096E-16   8.2266527E-17      0
  1.961851322987312E+03   2.0617078E-16   8.3798895E-17      0
  1.963397268143585E+03   6.6555217E-17   7.5874022E-17      0
  1.964943222395877E+03   2.3498248E-16   8.3758112E-17      0
  1.966489185744349E+03   1.3048336E-16   7.8639545E-17      0
  1.968035158189161E+03   1.9754003E-16   8.2886839E-17      0
  1.969581139730474E+03   1.1187579E-16   7.5149564E-17      0
  1.971127130368448E+03   1.1005156E-17   7.0268616E-17      0
  1.972673130103245E+03   3.5253362E-17   7.0901217E-17      0
  1.974219138935023E+03   2.0213512E-16   8.1000106E-17      0
  1.975765156863946E+03   8.4497492E-17   7.5176907E-17      0
  1.977311183890171E+03   2.2136674E-16   8.0046751E-17      0
  1.978857220013861E+03   1.3277637E-16   7.6640057E-17      0
  1.980403265235176E+03   6.9237181E-17   7.0735119E-17      0
  1.981949319554276E+03   2.0697151E-16   7.9398903E-17      0
  1.983495382971323E+03   1.3260302E-16   7.5316026E-17      0
  1.985041455486476E+03   1.7674257E-16   7.6499787E-17      0
  1.986587537099897E+03   1.3074564E-16   7.4742512E-17      0
  1.988133627811746E+03   2.3399447E-16   7.9963239E-17      0
  1.989679727622183E+03   2.2405199E-16   7.8704760E-17      0
  1.991225836531370E+03   1.4378080E-16   7.3042980E-17      0
  1.992771954539466E+03   1.0812106E-16   7.1054504E-17      0
  1.994318081646633E+03   3.0344365E-16   8.1544583E-17      0
  1.995864217853032E+03   1.7867099E-16   7.5050944E-17      0
  1.997410363158822E+03   4.6982621E-17   6.6946645E-17      0
  1.998956517564165E+03   1.0945951E-16   7.0072475E-17      0
  2.000502681069220E+03   2.3241303E-16   7.6655549E-17      0
  2.002048853674150E+03   1.0698976E-16   6.9264783E-17      0
  2.003595035379114E+03   2.6988264E-16   7.8888553E-17      0
  2.005141226184274E+03   2.5966152E-16   7.6483608E-17      0
  2.006687426089789E+03  -1.7027240E-17   6.1058297E-17      0
  2.008233635095821E+03   2.4749035E-16   7.5800171E-17      0
  2.009779853202530E+03   7.8140636E-17   6.5995983E-17      0
  2.011326080410077E+03   2.6826653E-16   7.6368941E-17      0
  2.012872316718623E+03   1.6437856E-16   6.8821169E-17      0
  2.014418562128328E+03   1.1655269E-16   6.7532554E-17      0
  2.015964816639353E+03   1.1457479E-16   6.6081871E-17      0
  2.017511080251859E+03   1.9668024E-16   7.1164082E-17      0
  2.019057352966006E+03   2.0221874E-16   7.1010061E-17      0
  2.020603634781956E+03   2.2545420E-16   7.0941643E-17      0
  2.022149925699869E+03   1.8006455E-16   6.9560715E-17      0
  2.023696225719905E+03   6.3354120E-17   6.2233105E-17      0
  2.025242534842226E+03   1.8781763E-16   6.9528302E-17      0
  2.026788853066992E+03   1.8270777E-16   6.8356326E-17      0
  2.028335180394364E+03   8.8201296E-17   6.2748697E-17      0
  2.029881516824503E+03   1.7520404E-16   6.7718041E-17      0
  2.031427862357569E+03   2.1049404E-16   7.0096695E-17      0
  2.032974216993722E+03   2.7525810E-17   5.8444843E-17      0
  2.034520580733126E+03   1.2115193E-16   6.3270972E-17      0
  2.036066953575939E+03   1.0436083E-16   6.2720910E-17      0
  2.037613335522322E+03   2.3533537E-16   6.9716053E-17      0
  2.039159726572437E+03   1.6079605E-16   6.5856355E-17      0
  2.040706126726444E+03   1.1826781E-17   5.6007790E-17      0
  2.042252535984503E+03   1.3218620E-16   6.2975285E-17      0
  2.043798954346777E+03   2.1727486E-16   6.7410879E-17      0
  2.045345381813425E+03   1.6415753E-16   6.5243970E-17      0
  2.046891818384608E+03   9.6147504E-17   6.1189515E-17      0
  2.048438264060487E+03   1.8076386E-16   6.4987107E-17      0
  2.049984718841223E+03   1.2061844E-16   6.2989876E-17      0
  2.051531182726977E+03   1.5034481E-16   6.2608831E-17      0
  2.053077655717909E+03   1.0854028E-16   6.0176165E-17      0
  2.054624137814181E+03   7.5341159E-17   5.8614594E-17      0
  2.056170629015952E+03   2.2475463E-16   6.5757100E-17      0
  2.057717129323385E+03   4.6707074E-17   5.6809633E-17      0
  2.059263638736640E+03   6.4712086E-17   5.7344852E-17      0
  2.060810157255877E+03   7.7099004E-17   5.6355054E-17      0
  2.062356684881259E+03   3.3298596E-17   5.4512046E-17      0
  2.063903221612944E+03   8.7479882E-17   5.7896250E-17      0
  2.065449767451095E+03   1.0263648E-16   5.7601695E-17      0
  2.066996322395873E+03   1.2361175E-16   5.8810106E-17      0
  2.068542886447436E+03  -1.5150931E-18   5.0133786E-17      0
  2.070089459605948E+03   6.9930100E-17   5.6087914E-17      0
  2.071636041871569E+03   1.4983769E-16   5.9976292E-17      0
  2.073182633244459E+03   7.9597876E-17   5.5949411E-17      0
  2.074729233724780E+03   7.8819850E-17   5.5149779E-17      0
  2.076275843312693E+03   3.5103709E-17   5.1480078E-17      0
  2.077822462008358E+03   6.2993854E-17   5.3729163E-17      0
  2.079369089811936E+03   6.8843867E-17   5.3107517E-17      0
  2.080915726723588E+03   1.1757135E-16   5.7130493E-17      0
  2.082462372743476E+03   1.5597034E-16   5.8602828E-17      0
  2.084009027871759E+03   1.5687524E-16   5.7838407E-17      0
  2.085555692108599E+03  -3.5399224E-17   4.6008858E-17      0
  2.087102365454158E+03   4.8509527E-17   5.0757248E-17      0
  2.088649047908595E+03   3.1289443E-17   5.0012379E-17      0
  2.090195739472072E+03   2.4099762E-17   4.8886871E-17      0
  2.091742440144749E+03   4.5803535E-17   5.0309307E-17      0
  2.093289149926788E+03   1.3801806E-16   5.6400847E-17      0
  2.094835868818349E+03   1.2171337E-17   4.7248090E-17      0
  2.096382596819595E+03   4.1856110E-17   4.9990869E-17      0
  2.097929333930685E+03   1.0335494E-17   4.6519499E-17      0
  2.099476080151780E+03   7.5890466E-17   5.0843047E-17      0
  2.101022835483041E+03   8.4219222E-17   5.1704069E-17      0
  2.102569599924630E+03   7.9213701E-17   5.0573313E-17      0
  2.104116373476707E+03   7.1079306E-17   5.0135341E-17      0
  2.105663156139434E+03   1.1220258E-16   5.1963529E-17      0
  2.107209947912971E+03   3.4033632E-17   4.7295696E-17      0
  2.108756748797480E+03   1.2432858E-16   5.3252045E-17      0
  2.110303558793120E+03   6.3609785E-17   4.8557557E-17      0
  2.111850377900054E+03   1.1442264E-16   5.2052785E-17      0
  2.113397206118443E+03   3.2478529E-17   4.6818979E-17      0
  2.114944043448447E+03   9.2727589E-17   5.0254097E-17      0
  2.116490889890227E+03   4.0916363E-17   4.7284261E-17      0
  2.118037745443945E+03   4.1336545E-17   4.6630517E-17      0
  2.119584610109761E+03   5.8450832E-17   4.7218778E-17      0
  2.121131483887837E+03   4.9695602E-17   4.6659402E-17      0
  2.122678366778333E+03   5.8134055E-17   4.7750549E-17      0
  2.124225258781411E+03   6.6692489E-17   4.7738767E-17      0
  2.125772159897231E+03   1.7156809E-16   5.3633375E-17      0
  2.127319070125955E+03   6.0348775E-17   4.7061382E-17      0
  2.128865989467743E+03   2.8006436E-17   4.5144815E-17      0
  2.130412917922758E+03   4.9251081E-17   4.5829452E-17      0
  2.131959855491160E+03   1.4218733E-16   5.1724828E-17      0
  2.133506802173109E+03   7.9387693E-17   4.7554157E-17      0
  2.135053757968767E+03   3.5111862E-17   4.4499703E-17      0
  2.136600722878296E+03   2.5397386E-17   4.4573597E-17      0
  2.138147696901855E+03   1.1869883E-16   4.9575733E-17      0
  2.139694680039607E+03   5.3180596E-17   4.6030884E-17      0
  2.141241672291712E+03   6.5443254E-17   4.6190745E-17      0
  2.142788673658331E+03   3.0211362E-17   4.3271049E-17      0
  2.144335684139626E+03   5.5191535E-17   4.5653339E-17      0
  2.145882703735758E+03   5.4908309E-17   4.5109243E-17      0
  2.147429732446888E+03   1.3499374E-17   4.2545830E-17      0
  2.148976770273176E+03   4.1348697E-17   4.3973160E-17      0
  2.150523817214784E+03   1.1293481E-16   4.8051402E-17      0
  2.152070873271874E+03   1.2386325E-17   4.1362935E-17      0
  2.153617938444605E+03   1.4805469E-16   4.9133893E-17      0
  2.155165012733140E+03   5.7385483E-17   4.4882430E-17      0
  2.156712096137640E+03   3.6146459E-17   4.2688326E-17      0
  2.158259188658265E+03   4.8487766E-17   4.3515421E-17      0
  2.159806290295177E+03  -1.6726788E-17   3.9079165E-17      0
  2.161353401048538E+03  -1.8294007E-17   3.8382322E-17      0
  2.162900520918507E+03   2.1101128E-17   4.1145357E-17      0
  2.164447649905247E+03   1.2898336E-16   4.7910837E-17      0
  2.165994788008918E+03   7.8213401E-17   4.4090282E-17      0
  2.167541935229682E+03   8.3692229E-17   4.4245100E-17      0
  2.169089091567700E+03   1.1645384E-16   4.7079114E-17      0
  2.170636257023132E+03   3.4836232E-17   4.0534070E-17      0
  2.172183431596141E+03   8.4418109E-17   4.4435964E-17      0
  2.173730615286887E+03   4.5468914E-17   4.1374608E-17      0
  2.175277808095532E+03   5.5097594E-17   4.1263144E-17      0
  2.176825010022237E+03   5.2346735E-17   4.1735540E-17      0
  2.178372221067163E+03   1.2222160E-16   4.5989809E-17      0
  2.179919441230471E+03   2.9543642E-17   3.9751511E-17      0
  2.181466670512322E+03  -4.5822127E-17   3.4894379E-17      0
  2.183013908912878E+03   8.5519722E-17   4.3389706E-17      0
  2.184561156432300E+03   7.7781560E-17   4.2942684E-17      0
  2.186108413070749E+03   2.9241387E-17   3.9835288E-17      0
  2.187655678828386E+03   1.3640578E-16   4.6126324E-17      0
  2.189202953705374E+03  -7.8823670E-18   3.6399047E-17      0
  2.190750237701871E+03   3.5733531E-17   4.0186763E-17      0
  2.192297530818042E+03   5.2970896E-17   4.0143734E-17      0
  2.193844833054045E+03   1.3667062E-16   4.5799492E-17      0
  2.195392144410043E+03   3.0026808E-17   3.8739396E-17      0
  2.196939464886197E+03   9.5114283E-17   4.2474854E-17      0
  2.198486794482668E+03   8.5569955E-17   4.2347108E-17      0
  2.200034133199618E+03   1.3413590E-16   4.4507237E-17      0
  2.201581481037207E+03   2.3295530E-17   3.8229429E-17      0
  2.203128837995597E+03   2.7426344E-17   3.7764663E-17      0
  2.204676204074950E+03   7.4565085E-17   4.1135149E-17      0
  2.206223579275426E+03   5.9069967E-17   4.0325237E-17      0
  2.207770963597186E+03  -4.7291626E-17   3.2575213E-17      0
  2.209318357040394E+03   4.0524485E-17   3.8004731E-17      0
  2.210865759605209E+03   9.3340238E-17   4.1449461E-17      0
  2.212413171291792E+03   2.7980595E-17   3.7510748E-17      0
  2.213960592100305E+03   7.5412104E-17   4.0261997E-17      0
  2.215508022030910E+03   1.2259380E-16   4.3384892E-17      0
  2.217055461083768E+03  -1.7785920E-17   3.4020072E-17      0
  2.218602909259040E+03   3.7233289E-17   3.7663839E-17      0
  2.220150366556888E+03   9.3685517E-17   4.0504030E-17      0
  2.221697832977472E+03   3.6974960E-17   3.7868232E-17      0
  2.223245308520954E+03   5.5396290E-18   3.4453459E-17      0
  2.224792793187495E+03   3.8402644E-17   3.6850665E-17      0
  2.226340286977258E+03  -1.0392019E-17   3.3600199E-17      0
  2.227887789890403E+03   6.0511048E-17   3.8063225E-17      0
  2.229435301927091E+03   5.2572172E-17   3.7670513E-17      0
  2.230982823087484E+03   8.1814390E-17   3.9458623E-17      0
  2.232530353371744E+03   3.7599812E-17   3.6579849E-17      0
  2.234077892780031E+03   6.5358538E-17   3.8179795E-17      0
  2.235625441312507E+03   1.4900482E-17   3.4461337E-17      0
  2.237172998969333E+03  -1.8155953E-17   3.2377189E-17      0
  2.238720565750672E+03   1.0531582E-17   3.3750580E-17      0
  2.240268141656683E+03   5.3495808E-17   3.6463167E-17      0
  2.241815726687530E+03   5.8528997E-17   3.7503403E-17      0
  2.243363320843373E+03   1.4210092E-16   4.2294747E-17      0
  2.244910924124372E+03   1.2409510E-17   3.3758118E-17      0
  2.246458536530691E+03   5.3829930E-17   3.6674333E-17      0
  2.248006158062490E+03   1.0012602E-17   3.4088209E-17      0
  2.249553788719931E+03   4.4621077E-17   3.5463751E-17      0
  2.251101428503175E+03   1.4242670E-17   3.3862779E-17      0
  2.252649077412383E+03   3.6892381E-17   3.5063065E-17      0
  2.254196735447718E+03   2.4662182E-17   3.4203435E-17      0
  2.255744402609340E+03   9.4887867E-17   3.9315064E-17      0
  2.257292078897412E+03   3.2803475E-17   3.4996589E-17      0
  2.258839764312092E+03   3.4667305E-17   3.4683445E-17      0
  2.260387458853546E+03  -6.3727661E-18   3.2536964E-17      0
  2.261935162521933E+03   7.4316322E-17   3.6743472E-17      0
  2.263482875317414E+03   3.1688171E-17   3.4746264E-17      0
  2.265030597240152E+03   7.2085151E-17   3.7082226E-17      0
  2.266578328290307E+03   1.1666772E-16   3.8788669E-17      0
  2.268126068468041E+03   5.2325477E-17   3.5693677E-17      0
  2.269673817773516E+03   9.2296409E-17   3.8364984E-17      0
  2.271221576206894E+03   9.1004333E-17   3.7734491E-17      0
  2.272769343768336E+03   7.7131389E-17   3.7589440E-17      0
  2.274317120458002E+03   5.5889523E-17   3.5500660E-17      0
  2.275864906276055E+03   6.5432084E-17   3.5578616E-17      0
  2.277412701222657E+03   8.2966440E-17   3.7595673E-17      0
  2.278960505297968E+03   7.4552697E-17   3.6259221E-17      0
  2.280508318502150E+03   1.3223799E-16   4.0073307E-17      0
  2.282056140835365E+03   8.2119546E-17   3.6871927E-17      0
  2.283603972297775E+03   8.4833930E-17   3.7028638E-17      0
  2.285151812889540E+03   1.0055722E-16   3.7518788E-17      0
  2.286699662610823E+03   1.0913732E-16   3.8428356E-17      0
  2.288247521461784E+03   1.0364758E-16   3.8034152E-17      0
  2.289795389442587E+03   1.1264568E-16   3.8297225E-17      0
  2.291343266553391E+03   4.0680144E-17   3.4519259E-17      0
  2.292891152794359E+03   1.0534396E-16   3.7617944E-17      0
  2.294439048165652E+03   1.0471308E-16   3.7463483E-17      0
  2.295986952667432E+03   9.1309384E-17   3.7078288E-17      0
  2.297534866299859E+03   1.3282178E-16   3.8555494E-17      0
  2.299082789063098E+03   6.8260863E-17   3.5691659E-17      0
  2.300630720957307E+03   1.2358707E-16   3.8385101E-17      0
  2.302178661982650E+03   1.4741764E-16   3.9909062E-17      0
  2.303726612139287E+03   1.1820112E-16   3.7911855E-17      0
  2.305274571427381E+03   6.4925565E-17   3.4643059E-17      0
  2.306822539847092E+03   1.5269582E-16   4.0052271E-17      0
  2.308370517398583E+03   7.4657656E-17   3.5448425E-17      0
  2.309918504082015E+03   1.3307216E-16   3.8131785E-17      0
  2.311466499897550E+03   8.7632718E-17   3.6306913E-17      0
  2.313014504845348E+03   1.1794210E-16   3.7140376E-17      0
  2.314562518925573E+03   1.9128930E-16   4.1676307E-17      0
  2.316110542138386E+03   1.2538015E-16   3.8383159E-17      0
  2.317658574483948E+03   1.5092781E-16   3.8489412E-17      0
  2.319206615962421E+03   1.4778569E-16   3.9073117E-17      0
  2.320754666573966E+03   1.4097476E-16   3.8473361E-17      0
  2.322302726318745E+03   1.4747255E-16   3.8829820E-17      0
  2.323850795196920E+03   1.0906461E-16   3.6713690E-17      0
  2.325398873208653E+03   2.0833378E-16   4.1592405E-17      0
  2.326946960354104E+03   1.6722793E-16   4.0347250E-17      0
  2.328495056633437E+03   1.2907265E-16   3.6990918E-17      0
  2.330043162046812E+03   2.0512101E-16   4.1966916E-17      0
  2.331591276594391E+03   8.2784256E-17   3.4446775E-17      0
  2.333139400276336E+03   1.2616913E-16   3.7267438E-17      0
  2.334687533092809E+03   1.4414685E-16   3.8195568E-17      0
  2.336235675043971E+03   1.8523802E-16   4.0392510E-17      0
  2.337783826129983E+03   1.5708409E-16   3.9294467E-17      0
  2.339331986351009E+03   9.3238105E-17   3.5574107E-17      0
  2.340880155707208E+03   1.6460982E-16   3.8653068E-17      0
  2.342428334198744E+03   1.4904598E-16   3.8461033E-17      0
  2.343976521825778E+03   1.2652945E-16   3.6880748E-17      0
  2.345524718588471E+03   1.3707627E-16   3.7134867E-17      0
  2.347072924486985E+03   1.6098920E-16   3.9378012E-17      0
  2.348621139521483E+03   1.5460452E-16   3.7839556E-17      0
  2.350169363692124E+03   1.7231992E-16   3.9353339E-17      0
  2.351717596999073E+03   2.3954041E-16   4.2225525E-17      0
  2.353265839442489E+03   1.5388127E-16   3.7710635E-17      0
  2.354814091022536E+03   1.8031358E-16   3.9780558E-17      0
  2.356362351739374E+03   2.0453264E-16   4.0368723E-17      0
  2.357910621593166E+03   1.5642281E-16   3.8136520E-17      0
  2.359458900584072E+03   1.2642378E-16   3.6416385E-17      0
  2.361007188712256E+03   2.0979177E-16   4.0778591E-17      0
  2.362555485977879E+03   1.4784564E-16   3.7294434E-17      0
  2.364103792381102E+03   1.1333784E-16   3.5810353E-17      0
  2.365652107922087E+03   1.5711266E-16   3.7263421E-17      0
  2.367200432600997E+03   1.6263446E-16   3.8600506E-17      0
  2.368748766417992E+03   1.1622720E-16   3.5878473E-17      0
  2.370297109373235E+03   1.5232175E-16   3.7932865E-17      0
  2.371845461466887E+03   1.6530029E-16   3.8184113E-17      0
  2.373393822699111E+03   1.4800994E-16   3.6703986E-17      0
  2.374942193070069E+03   1.3819759E-16   3.7034693E-17      0
  2.376490572579921E+03   2.4294009E-16   4.1881670E-17      0
  2.378038961228830E+03   2.3345372E-16   4.1630654E-17      0
  2.379587359016957E+03   1.7803791E-16   3.9292624E-17      0
  2.381135765944464E+03   1.4538143E-16   3.6735084E-17      0
  2.382684182011515E+03   1.6706614E-16   3.8681606E-17      0
  2.384232607218269E+03   1.6970062E-16   3.7813457E-17      0
  2.385781041564889E+03   1.0645905E-16   3.4801791E-17      0
  2.387329485051536E+03   1.8826308E-16   3.9020058E-17      0
  2.388877937678375E+03   1.5809701E-16   3.7425056E-17      0
  2.390426399445563E+03   2.4193024E-16   4.1683517E-17      0
  2.391974870353265E+03   1.0757858E-16   3.4446739E-17      0
  2.393523350401644E+03   1.8791552E-16   3.9087030E-17      0
  2.395071839590858E+03   1.3971164E-16   3.5986033E-17      0
  2.396620337921072E+03   1.0998474E-16   3.4640733E-17      0
  2.398168845392446E+03   1.8975116E-16   3.9186940E-17      0
  2.399717362005144E+03   1.6948427E-16   3.7790712E-17      0
  2.401265887759326E+03   2.2994229E-16   4.0911609E-17      0
  2.402814422655155E+03   2.1151094E-16   3.9835195E-17      0
  2.404362966692792E+03   2.0641858E-16   3.9426214E-17      0
  2.405911519872400E+03   1.5459478E-16   3.7177580E-17      0
  2.407460082194140E+03   1.2457831E-16   3.4917941E-17      0
  2.409008653658174E+03   1.2850678E-16   3.5665441E-17      0
  2.410557234264664E+03   1.9212027E-16   3.9076125E-17      0
  2.412105824013772E+03   1.6222212E-16   3.7232471E-17      0
  2.413654422905661E+03   1.0685333E-16   3.4440965E-17      0
  2.415203030940491E+03   2.1000884E-16   3.9995758E-17      0
  2.416751648118426E+03   1.7444662E-16   3.7492094E-17      0
  2.418300274439625E+03   1.6569514E-16   3.7263388E-17      0
  2.419848909904253E+03   1.6543307E-16   3.7501375E-17      0
  2.421397554512471E+03   1.8260180E-16   3.8162183E-17      0
  2.422946208264440E+03   1.0994830E-16   3.4196474E-17      0
  2.424494871160322E+03   1.3174818E-16   3.5546753E-17      0
  2.426043543200281E+03   1.2585669E-16   3.5100016E-17      0
  2.427592224384477E+03   1.6896746E-16   3.6950562E-17      0
  2.429140914713073E+03   1.4607291E-16   3.6269842E-17      0
  2.430689614186230E+03   1.8437007E-16   3.8154794E-17      0
  2.432238322804111E+03   2.2646191E-16   4.0304306E-17      0
  2.433787040566877E+03   1.5416517E-16   3.5959384E-17      0
  2.435335767474691E+03   1.3793515E-16   3.5298841E-17      0
  2.436884503527715E+03   1.0747765E-16   3.3616948E-17      0
  2.438433248726109E+03   1.0025475E-16   3.3259774E-17      0
  2.439982003070038E+03   9.3298396E-17   3.2566994E-17      0
  2.441530766559662E+03   4.3700223E-17   2.9595791E-17      0
  2.443079539195144E+03   1.4258316E-16   3.5973691E-17      0
  2.444628320976646E+03   1.4819606E-16   3.6045748E-17      0
  2.446177111904329E+03   8.8154729E-17   3.2601792E-17      0
  2.447725911978356E+03   1.5372846E-16   3.5749816E-17      0
  2.449274721198889E+03   1.5536650E-16   3.6035902E-17      0
  2.450823539566089E+03   9.7477908E-17   3.2888139E-17      0
  2.452372367080120E+03   1.1235455E-16   3.3540212E-17      0
  2.453921203741142E+03   7.8492578E-17   3.2087352E-17      0
  2.455470049549318E+03   5.7278002E-17   3.0664892E-17      0
  2.457018904504810E+03   5.2643472E-17   3.0395020E-17      0
  2.458567768607781E+03   1.7340203E-16   3.6866404E-17      0
  2.460116641858392E+03   8.2086347E-17   3.1727154E-17      0
  2.461665524256804E+03   1.0896162E-16   3.3223746E-17      0
  2.463214415803182E+03   7.2109874E-17   3.1212549E-17      0
  2.464763316497686E+03   1.4097449E-16   3.5065162E-17      0
  2.466312226340478E+03   1.0033544E-16   3.3115345E-17      0
  2.467861145331720E+03   6.4683850E-17   3.0427809E-17      0
  2.469410073471576E+03   1.6575469E-16   3.6527859E-17      0
  2.470959010760207E+03   1.7152437E-16   3.6778068E-17      0
  2.472507957197774E+03   1.3347700E-16   3.4560665E-17      0
  2.474056912784441E+03   1.5302792E-16   3.5336054E-17      0
  2.475605877520369E+03   1.2257964E-16   3.4484591E-17      0
  2.477154851405719E+03   8.8773579E-17   3.0950260E-17      0
  2.478703834440656E+03   9.4726467E-17   3.2136466E-17      0
  2.480252826625340E+03   9.3369957E-17   3.2339933E-17      0
  2.481801827959935E+03   1.2791182E-16   3.4157934E-17      0
  2.483350838444601E+03   1.7783768E-16   3.6797563E-17      0
  2.484899858079501E+03   1.4434222E-16   3.4836185E-17      0
  2.486448886864797E+03   1.0295911E-16   3.2353138E-17      0
  2.487997924800652E+03   1.9523682E-16   3.7499512E-17      0
  2.489546971887227E+03   1.5987395E-16   3.5760864E-17      0
  2.491096028124684E+03   1.2964876E-16   3.4122329E-17      0
  2.492645093513187E+03   1.3478461E-16   3.4477255E-17      0
  2.494194168052897E+03   2.3164914E-16   3.9118046E-17      0
  2.495743251743976E+03   2.2211560E-16   3.8093305E-17      0
  2.497292344586586E+03   2.0297216E-16   3.7829630E-17      0
  2.498841446580891E+03   1.8644711E-16   3.7144360E-17      0
  2.500390557727051E+03   1.7782525E-16   3.6367763E-17      0
  2.501939678025229E+03   2.3724098E-16   3.9932657E-17      0
  2.503488807475587E+03   2.0684746E-16   3.7730600E-17      0
  2.505037946078288E+03   2.9595614E-16   4.1954220E-17      0
  2.506587093833494E+03   3.1232585E-16   4.2427447E-17      0
  2.508136250741366E+03   1.9704932E-16   3.7014026E-17      0
  2.509685416802068E+03   2.3676540E-16   3.8902440E-17      0
  2.511234592015761E+03   2.1537306E-16   3.7675026E-17      0
  2.512783776382608E+03   2.0987825E-16   3.7868474E-17      0
  2.514332969902770E+03   2.4616535E-16   3.9742746E-17      0
  2.515882172576411E+03   1.6090401E-16   3.4735054E-17      0
  2.517431384403691E+03   2.9078938E-16   4.1519404E-17      0
  2.518980605384775E+03   2.9508291E-16   4.1312765E-17      0
  2.520529835519824E+03   2.4775698E-16   3.9484931E-17      0
  2.522079074808999E+03   2.6105336E-16   3.9648193E-17      0
  2.523628323252464E+03   2.8031833E-16   4.0539635E-17      0
  2.525177580850381E+03   1.7543041E-16   3.5981642E-17      0
  2.526726847602912E+03   1.9631243E-16   3.6459957E-17      0
  2.528276123510219E+03   2.7700683E-16   4.0571674E-17      0
  2.529825408572465E+03   3.0735432E-16   4.2093246E-17      0
  2.531374702789811E+03   3.3303713E-16   4.2794166E-17      0
  2.532924006162421E+03   3.0575888E-16   4.2247274E-17      0
  2.534473318690456E+03   2.6348585E-16   3.9929993E-17      0
  2.536022640374079E+03   3.0764994E-16   4.1901383E-17      0
  2.537571971213452E+03   3.7553240E-16   4.5121594E-17      0
  2.539121311208738E+03   3.2481622E-16   4.1698089E-17      0
  2.540670660360097E+03   2.8594594E-16   4.0979004E-17      0
  2.542220018667695E+03   3.3799854E-16   4.2764768E-17      0
  2.543769386131692E+03   2.8900039E-16   4.1050337E-17      0
  2.545318762752250E+03   2.8040044E-16   4.0943746E-17      0
  2.546868148529532E+03   3.5217856E-16   4.2711818E-17      0
  2.548417543463701E+03   3.3169596E-16   4.3575964E-17      0
  2.549966947554919E+03   3.5793746E-16   4.3611946E-17      0
  2.551516360803348E+03   2.4520201E-16   3.8254840E-17      0
  2.553065783209150E+03   3.1369968E-16   4.2420849E-17      0
  2.554615214772488E+03   3.6599785E-16   4.3740136E-17      0
  2.556164655493525E+03   3.1069933E-16   4.1361099E-17      0
  2.557714105372422E+03   2.6975196E-16   4.0554584E-17      0
  2.559263564409342E+03   2.8342395E-16   3.9923912E-17      0
  2.560813032604448E+03   2.2220705E-16   3.7777623E-17      0
  2.562362509957901E+03   3.3537716E-16   4.2645369E-17      0
  2.563911996469865E+03   3.1500891E-16   4.1047448E-17      0
  2.565461492140501E+03   3.1210604E-16   4.2174915E-17      0
  2.567010996969972E+03   3.3716374E-16   4.2284851E-17      0
  2.568560510958441E+03   2.6601827E-16   3.9931770E-17      0
  2.570110034106069E+03   2.7994389E-16   4.0310159E-17      0
  2.571659566413020E+03   3.1962299E-16   4.2063223E-17      0
  2.573209107879455E+03   3.2936233E-16   4.2121003E-17      0
  2.574758658505538E+03   2.4098347E-16   3.8674353E-17      0
  2.576308218291430E+03   2.9268850E-16   4.0364697E-17      0
  2.577857787237293E+03   3.3239344E-16   4.2657946E-17      0
  2.579407365343292E+03   2.5800968E-16   3.9506411E-17      0
  2.580956952609587E+03   2.1064443E-16   3.7525740E-17      0
  2.582506549036342E+03   3.1570157E-16   4.0835786E-17      0
  2.584056154623718E+03   3.2772869E-16   4.2303509E-17      0
  2.585605769371879E+03   2.1693262E-16   3.7463615E-17      0
  2.587155393280986E+03   1.8691618E-16   3.5838464E-17      0
  2.588705026351202E+03   1.5709861E-16   3.4518158E-17      0
  2.590254668582691E+03   2.7700622E-16   4.0254179E-17      0
  2.591804319975613E+03   2.0408236E-16   3.6824771E-17      0
  2.593353980530133E+03   2.2065118E-16   3.7484328E-17      0
  2.594903650246411E+03   2.2453803E-16   3.7351152E-17      0
  2.596453329124610E+03   1.9361287E-16   3.6260127E-17      0
  2.598003017164895E+03   1.9785431E-16   3.6650738E-17      0
  2.599552714367425E+03   1.8793324E-16   3.5717047E-17      0
  2.601102420732365E+03   1.5651423E-16   3.4381481E-17      0
  2.602652136259876E+03   2.0652307E-16   3.6689705E-17      0
  2.604201860950122E+03   1.4543115E-16   3.3688800E-17      0
  2.605751594803264E+03   2.5856012E-16   3.8916700E-17      0
  2.607301337819466E+03   1.3799069E-16   3.3342261E-17      0
  2.608851089998890E+03   2.3925740E-16   3.8181125E-17      0
  2.610400851341697E+03   2.2748356E-16   3.7735285E-17      0
  2.611950621848052E+03   1.6322497E-16   3.4776298E-17      0
  2.613500401518116E+03   1.7890051E-16   3.5583338E-17      0
  2.615050190352052E+03   2.1254550E-16   3.6911856E-17      0
  2.616599988350023E+03   1.9474854E-16   3.5797171E-17      0
  2.618149795512190E+03   1.8581658E-16   3.5932987E-17      0
  2.619699611838718E+03   1.6328966E-16   3.4659179E-17      0
  2.621249437329767E+03   2.1265374E-16   3.6938746E-17      0
  2.622799271985502E+03   2.0648474E-16   3.7199960E-17      0
  2.624349115806084E+03   1.7544803E-16   3.5569494E-17      0
  2.625898968791676E+03   1.6801976E-16   3.5340680E-17      0
  2.627448830942441E+03   1.7408433E-16   3.5373102E-17      0
  2.628998702258540E+03   2.0919359E-16   3.6989042E-17      0
  2.630548582740138E+03   1.1807488E-16   3.2624675E-17      0
  2.632098472387396E+03   1.3690915E-16   3.3287118E-17      0
  2.633648371200477E+03   1.5428949E-16   3.4260603E-17      0
  2.635198279179544E+03   1.5945599E-16   3.4691052E-17      0
  2.636748196324758E+03   1.6676071E-16   3.4595793E-17      0
  2.638298122636284E+03   1.1273469E-16   3.2029161E-17      0
  2.639848058114284E+03   2.1199432E-16   3.7147857E-17      0
  2.641398002758919E+03   1.8004339E-16   3.5514622E-17      0
  2.642947956570353E+03   2.1924946E-16   3.7950080E-17      0
  2.644497919548749E+03   1.8514489E-16   3.5698836E-17      0
  2.646047891694269E+03   2.9438125E-16   4.0551474E-17      0
  2.647597873007075E+03   2.2491451E-16   3.7620724E-17      0
  2.649147863487332E+03   2.4856492E-16   3.8892011E-17      0
  2.650697863135200E+03   2.2896412E-16   3.7626994E-17      0
  2.652247871950843E+03   2.7920183E-16   3.9997561E-17      0
  2.653797889934423E+03   1.6860602E-16   3.5562324E-17      0
  2.655347917086104E+03   2.3650505E-16   3.8161107E-17      0
  2.656897953406047E+03   2.5390292E-16   3.9472056E-17      0
  2.658447998894415E+03   2.9269853E-16   4.0527790E-17      0
  2.659998053551373E+03   2.9029659E-16   4.0345377E-17      0
  2.661548117377080E+03   2.7829964E-16   4.0195763E-17      0
  2.663098190371702E+03   2.8398664E-16   4.0207198E-17      0
  2.664648272535399E+03   3.3521017E-16   4.3425235E-17      0
  2.666198363868336E+03   3.3044449E-16   4.2234026E-17      0
  2.667748464370674E+03   2.8168139E-16   4.0617834E-17      0
  2.669298574042578E+03   3.5662131E-16   4.3563692E-17      0
  2.670848692884208E+03   3.3950205E-16   4.2628488E-17      0
  2.672398820895728E+03   3.5176272E-16   4.3384998E-17      0
  2.673948958077301E+03   2.8254348E-16   4.0447742E-17      0
  2.675499104429089E+03   3.7801384E-16   4.4020445E-17      0
  2.677049259951255E+03   3.4051527E-16   4.4352369E-17      0
  2.678599424643962E+03   3.5674976E-16   4.2997831E-17      0
  2.680149598507373E+03   3.6716295E-16   4.4672392E-17      0
  2.681699781541650E+03   3.7931096E-16   4.4181298E-17      0
  2.683249973746957E+03   4.6110335E-16   4.8045320E-17      0
  2.684800175123456E+03   4.1233948E-16   4.6041515E-17      0
  2.686350385671308E+03   4.2390582E-16   4.7304242E-17      0
  2.687900605390679E+03   4.1125408E-16   4.5572930E-17      0
  2.689450834281730E+03   4.0271461E-16   4.5339880E-17      0
  2.691001072344624E+03   3.6860579E-16   4.4738874E-17      0
  2.692551319579524E+03   4.0225399E-16   4.5545934E-17      0
  2.694101575986593E+03   4.6423176E-16   4.8109493E-17      0
  2.695651841565993E+03   3.5812304E-16   4.4904873E-17      0
  2.697202116317887E+03   4.7052214E-16   4.8114582E-17      0
  2.698752400242439E+03   4.7999695E-16   4.9096912E-17      0
  2.700302693339811E+03   4.5279750E-16   4.7390772E-17      0
  2.701852995610164E+03   3.5688899E-16   4.4136789E-17      0
  2.703403307053664E+03   5.0098997E-16   5.0015836E-17      0
  2.704953627670473E+03   4.2185867E-16   4.6418401E-17      0
  2.706503957460752E+03   5.5933942E-16   5.1434914E-17      0
  2.708054296424667E+03   5.6596661E-16   5.2024065E-17      0
  2.709604644562377E+03   4.6956394E-16   4.8468919E-17      0
  2.711155001874048E+03   4.5987219E-16   4.8093730E-17      0
  2.712705368359841E+03   5.6832687E-16   5.3136058E-17      0
  2.714255744019919E+03   5.3679750E-16   5.0664141E-17      0
  2.715806128854446E+03   5.1900991E-16   4.9904184E-17      0
  2.717356522863585E+03   5.4957377E-16   5.2451450E-17      0
  2.718906926047497E+03   5.6560360E-16   5.1855645E-17      0
  2.720457338406347E+03   6.3833838E-16   5.4531025E-17      0
  2.722007759940297E+03   6.3360876E-16   5.4193214E-17      0
  2.723558190649509E+03   5.8713407E-16   5.2613299E-17      0
  2.725108630534147E+03   6.5503567E-16   5.5293901E-17      0
  2.726659079594374E+03   7.1969499E-16   5.7065490E-17      0
  2.728209537830352E+03   6.9212529E-16   5.7174903E-17      0
  2.729760005242245E+03   7.0542884E-16   5.6744358E-17      0
  2.731310481830215E+03   6.8256816E-16   5.6198843E-17      0
  2.732860967594426E+03   6.8994857E-16   5.7087969E-17      0
  2.734411462535039E+03   6.7982859E-16   5.5914412E-17      0
  2.735961966652219E+03   8.2245189E-16   6.0941307E-17      0
  2.737512479946128E+03   8.0408663E-16   5.9772898E-17      0
  2.739063002416929E+03   7.7738693E-16   5.9548196E-17      0
  2.740613534064784E+03   8.3888449E-16   6.1662688E-17      0
  2.742164074889858E+03   6.9044535E-16   5.6830762E-17      0
  2.743714624892312E+03   8.3484044E-16   6.2132262E-17      0
  2.745265184072311E+03   8.9619410E-16   6.2740703E-17      0
  2.746815752430016E+03   9.4617212E-16   6.4910173E-17      0
  2.748366329965591E+03   8.0067367E-16   6.0786512E-17      0
  2.749916916679198E+03   9.9695079E-16   6.4880242E-17      0
  2.751467512571002E+03   9.2298999E-16   6.4923064E-17      0
  2.753018117641164E+03   9.5364168E-16   6.4740627E-17      0
  2.754568731889848E+03   8.7113945E-16   6.2908244E-17      0
  2.756119355317216E+03   9.9128329E-16   6.6566983E-17      0
  2.757669987923432E+03   1.0053612E-15   6.5966774E-17      0
  2.759220629708659E+03   9.5865844E-16   6.5962565E-17      0
  2.760771280673060E+03   9.4319099E-16   6.4822134E-17      0
  2.762321940816797E+03   8.5354711E-16   6.1160755E-17      0
  2.763872610140033E+03   9.2751029E-16   6.4855149E-17      0
  2.765423288642933E+03   1.0442801E-15   6.7230911E-17      0
  2.766973976325658E+03   1.0300475E-15   6.7167370E-17      0
  2.768524673188373E+03   1.0497833E-15   6.9417169E-17      0
  2.770075379231239E+03   9.5754428E-16   6.4789173E-17      0
  2.771626094454420E+03   9.4163594E-16   6.5439522E-17      0
  2.773176818858079E+03   9.9736563E-16   6.6883389E-17      0
  2.774727552442379E+03   1.0716749E-15   6.7641120E-17      0
  2.776278295207482E+03   1.1009112E-15   7.0874774E-17      0
  2.777829047153553E+03   9.0495677E-16   6.3801724E-17      0
  2.779379808280755E+03   9.5987531E-16   6.5897694E-17      0
  2.780930578589248E+03   1.0976685E-15   6.9757994E-17      0
  2.782481358079200E+03   1.0012718E-15   6.7232109E-17      0
  2.784032146750770E+03   1.0466354E-15   6.8501639E-17      0
  2.785582944604122E+03   1.0357048E-15   6.8313604E-17      0
  2.787133751639420E+03   1.2920084E-15   7.5538431E-17      0
  2.788684567856827E+03   1.1338927E-15   7.1064800E-17      0
  2.790235393256505E+03   9.9029576E-16   6.7365305E-17      0
  2.791786227838619E+03   1.0268813E-15   6.9421265E-17      0
  2.793337071603330E+03   1.0671882E-15   6.8412972E-17      0
  2.794887924550803E+03   6.9646818E-16   6.0817482E-17      0
  2.796438786681200E+03   5.8484004E-16   5.5934615E-17      0
  2.797989657994684E+03   6.1602515E-16   5.6334891E-17      0
  2.799540538491418E+03   7.9603860E-16   6.2541597E-17      0
  2.801091428171566E+03   8.7384472E-16   6.4702220E-17      0
  2.802642327035291E+03   7.2434504E-16   6.0036478E-17      0
  2.804193235082756E+03   6.9340229E-16   5.8663973E-17      0
  2.805744152314123E+03   7.7422501E-16   6.1023926E-17      0
  2.807295078729557E+03   8.2252167E-16   6.3412824E-17      0
  2.808846014329220E+03   1.0377663E-15   6.9630264E-17      0
  2.810396959113276E+03   9.1493153E-16   6.6587742E-17      0
  2.811947913081887E+03   1.0498475E-15   6.9561006E-17      0
  2.813498876235217E+03   9.4367898E-16   6.6435759E-17      0
  2.815049848573430E+03   1.0315728E-15   6.9282167E-17      0
  2.816600830096687E+03   1.0480369E-15   6.9679862E-17      0
  2.818151820805153E+03   1.0950840E-15   7.1862070E-17      0
  2.819702820698990E+03   1.0371853E-15   6.9084543E-17      0
  2.821253829778363E+03   9.2477310E-16   6.6345609E-17      0
  2.822804848043432E+03   7.4274567E-16   6.1195920E-17      0
  2.824355875494363E+03   8.0233687E-16   6.2109326E-17      0
  2.825906912131320E+03   8.8788969E-16   6.5726375E-17      0
  2.827457957954463E+03   1.0350085E-15   6.9341274E-17      0
  2.829009012963957E+03   9.9108826E-16   6.8561659E-17      0
  2.830560077159965E+03   9.0458238E-16   6.6206312E-17      0
  2.832111150542651E+03   9.5039066E-16   6.7308686E-17      0
  2.833662233112177E+03   1.0839157E-15   7.2054108E-17      0
  2.835213324868706E+03   1.0220780E-15   6.8980371E-17      0
  2.836764425812403E+03   1.2411646E-15   7.5565146E-17      0
  2.838315535943430E+03   1.3742995E-15   7.9644920E-17      0
  2.839866655261950E+03   1.2109502E-15   7.4739130E-17      0
  2.841417783768128E+03   1.3182339E-15   7.8240579E-17      0
  2.842968921462125E+03   1.1339039E-15   7.3304283E-17      0
  2.844520068344105E+03   1.2154565E-15   7.4818586E-17      0
  2.846071224414232E+03   1.2785899E-15   7.7336140E-17      0
  2.847622389672670E+03   1.3975539E-15   8.0452519E-17      0
  2.849173564119580E+03   1.4137277E-15   8.0730657E-17      0
  2.850724747755126E+03   1.2143458E-15   7.6027527E-17      0
  2.852275940579472E+03   1.2804811E-15   7.8008704E-17      0
  2.853827142592781E+03   1.2269371E-15   7.7208721E-17      0
  2.855378353795217E+03   1.3076815E-15   7.8077029E-17      0
  2.856929574186942E+03   1.4305434E-15   8.0994098E-17      0
  2.858480803768120E+03   1.4518980E-15   8.2085791E-17      0
  2.860032042538915E+03   1.5170784E-15   8.4540459E-17      0
  2.861583290499489E+03   1.5500009E-15   8.4264214E-17      0
  2.863134547650006E+03   1.4484203E-15   8.3333867E-17      0
  2.864685813990629E+03   1.3817859E-15   8.1793194E-17      0
  2.866237089521522E+03   1.5488397E-15   8.6658650E-17      0
  2.867788374242848E+03   1.5995224E-15   8.7127702E-17      0
  2.869339668154769E+03   1.6605450E-15   8.8000040E-17      0
  2.870890971257450E+03   1.5299951E-15   8.5179916E-17      0
  2.872442283551055E+03   1.7624398E-15   9.0371024E-17      0
  2.873993605035746E+03   1.6556481E-15   8.8620782E-17      0
  2.875544935711686E+03   1.6943303E-15   9.0733852E-17      0
  2.877096275579040E+03   1.7950614E-15   9.2175707E-17      0
  2.878647624637970E+03   1.7789145E-15   9.2590290E-17      0
  2.880198982888639E+03   1.7106772E-15   8.9711953E-17      0
  2.881750350331212E+03   1.9039458E-15   9.5343676E-17      0
  2.883301726965852E+03   1.7744954E-15   9.2182192E-17      0
  2.884853112792721E+03   1.7645218E-15   9.2822192E-17      0
  2.886404507811984E+03   2.0872548E-15   9.9414649E-17      0
  2.887955912023804E+03   1.8268904E-15   9.4271690E-17      0
  2.889507325428344E+03   1.9700436E-15   9.7042871E-17      0
  2.891058748025768E+03   1.9597062E-15   9.6654764E-17      0
  2.892610179816238E+03   1.8592085E-15   9.4832995E-17      0
  2.894161620799920E+03   1.8973737E-15   9.5906913E-17      0
  2.895713070976974E+03   2.0126432E-15   9.9248081E-17      0
  2.897264530347567E+03   1.9327077E-15   9.8028195E-17      0
  2.898815998911859E+03   2.0821840E-15   9.9555038E-17      0
  2.900367476670016E+03   2.2498320E-15   1.0396850E-16      0
  2.901918963622201E+03   2.2336788E-15   1.0490906E-16      0
  2.903470459768578E+03   2.2569398E-15   1.0492392E-16      0
  2.905021965109308E+03   2.2666129E-15   1.0512164E-16      0
  2.906573479644556E+03   2.3466677E-15   1.0946945E-16      0
  2.908125003374486E+03   2.4665153E-15   1.0815786E-16      0
  2.909676536299261E+03   2.2316468E-15   1.0683470E-16      0
  2.911228078419045E+03   2.3083602E-15   1.0728372E-16      0
  2.912779629734000E+03   2.3804398E-15   1.0767313E-16      0
  2.914331190244291E+03   2.3768121E-15   1.0986440E-16      0
  2.915882759950081E+03   2.3881154E-15   1.0975509E-16      0
  2.917434338851533E+03   2.5623365E-15   1.1439004E-16      0
  2.918985926948811E+03   2.7495479E-15   1.1687821E-16      0
  2.920537524242078E+03   2.7039795E-15   1.1748768E-16      0
  2.922089130731498E+03   2.5182654E-15   1.1295678E-16      0
  2.923640746417235E+03   2.8802523E-15   1.2123581E-16      0
  2.925192371299452E+03   2.7485008E-15   1.1937757E-16      0
  2.926744005378312E+03   2.8221404E-15   1.2020246E-16      0
  2.928295648653979E+03   2.7222036E-15   1.1923237E-16      0
  2.929847301126616E+03   2.9649637E-15   1.2322666E-16      0
  2.931398962796388E+03   3.1010960E-15   1.2711114E-16      0
  2.932950633663458E+03   3.1303949E-15   1.2675066E-16      0
  2.934502313727989E+03   2.9781075E-15   1.2485391E-16      0
  2.936054002990144E+03   3.1565860E-15   1.2867141E-16      0
  2.937605701450088E+03   3.0798160E-15   1.2696665E-16      0
  2.939157409107983E+03   3.3030660E-15   1.3276746E-16      0
  2.940709125963993E+03   3.1007282E-15   1.2826795E-16      0
  2.942260852018283E+03   3.1043139E-15   1.3125255E-16      0
  2.943812587271016E+03   3.4361922E-15   1.3459826E-16      0
  2.945364331722355E+03   3.3672154E-15   1.3368259E-16      0
  2.946916085372463E+03   3.0412360E-15   1.2877765E-16      0
  2.948467848221504E+03   3.2329958E-15   1.3150147E-16      0
  2.950019620269643E+03   2.9149250E-15   1.2780306E-16      0
  2.951571401517042E+03   2.8648204E-15   1.2495736E-16      0
  2.953123191963866E+03   2.9490102E-15   1.2744210E-16      0
  2.954674991610276E+03   2.9678980E-15   1.2862268E-16      0
  2.956226800456439E+03   2.9899204E-15   1.2916113E-16      0
  2.957778618502517E+03   2.7735249E-15   1.2407230E-16      0
  2.959330445748673E+03   2.8190294E-15   1.2667196E-16      0
  2.960882282195071E+03   2.8967390E-15   1.2585361E-16      0
  2.962434127841875E+03   3.0941252E-15   1.3556138E-16      0
  2.963985982689249E+03   2.9806693E-15   1.3397164E-16      0
  2.965537846737356E+03   2.8861839E-15   1.3001265E-16      0
  2.967089719986360E+03   2.8694664E-15   1.3095963E-16      0
  2.968641602436424E+03   2.7926759E-15   1.2601013E-16      0
  2.970193494087713E+03   2.9155753E-15   1.3142673E-16      0
  2.971745394940389E+03   2.9475940E-15   1.3329899E-16      0
  2.973297304994617E+03   2.8822702E-15   1.2863119E-16      0
  2.974849224250560E+03   2.6324418E-15   1.2866235E-16      0
  2.976401152708382E+03   2.7425381E-15   1.2361819E-16      0
  2.977953090368246E+03   2.8304635E-15   1.3555711E-16      0
  2.979505037230317E+03   2.8686211E-15   1.3275044E-16      0
  2.981056993294757E+03   3.0027928E-15   1.3541303E-16      0
  2.982608958561732E+03   2.8436800E-15   1.3186295E-16      0
  2.984160933031403E+03   2.9286969E-15   1.3462490E-16      0
  2.985712916703936E+03   2.8766819E-15   1.3388692E-16      0
  2.987264909579493E+03   2.7244315E-15   1.3098116E-16      0
  2.988816911658239E+03   2.7605615E-15   1.3333874E-16      0
  2.990368922940336E+03   2.8147932E-15   1.3385664E-16      0
  2.991920943425951E+03   2.8912330E-15   1.3456730E-16      0
  2.993472973115244E+03   2.9056661E-15   1.3949002E-16      0
  2.995025012008382E+03   2.5705603E-15   1.2988750E-16      0
  2.996577060105525E+03   2.9319927E-15   1.3933656E-16      0
  2.998129117406840E+03   2.7396427E-15   1.3499488E-16      0
  2.999681183912490E+03   2.7758195E-15   1.3635450E-16      0
  3.001233259622637E+03   2.8490519E-15   1.3991587E-16      0
  3.002785344537448E+03   3.1087259E-15   1.4549233E-16      0
  3.004337438657084E+03   3.0194514E-15   1.4205592E-16      0
  3.005889541981709E+03   2.9550271E-15   1.4188841E-16      0
  3.007441654511490E+03   2.6857769E-15   1.3815634E-16      0
  3.008993776246586E+03   3.0791380E-15   1.4784537E-16      0
  3.010545907187163E+03   2.7587793E-15   1.4293927E-16      0
  3.012098047333386E+03   2.5576575E-15   1.3567833E-16      0
  3.013650196685417E+03   2.7546257E-15   1.3951580E-16      0
  3.015202355243420E+03   2.9042577E-15   1.4646712E-16      0
  3.016754523007560E+03   2.6812781E-15   1.3921249E-16      0
  3.018306699978000E+03   2.9027770E-15   1.4755751E-16      0
  3.019858886154904E+03   2.6486824E-15   1.4085376E-16      0
  3.021411081538436E+03   2.5211391E-15   1.3869717E-16      0
  3.022963286128758E+03   2.6531007E-15   1.4072075E-16      0
  3.024515499926037E+03   2.6354873E-15   1.4295571E-16      0
  3.026067722930435E+03   2.1858947E-15   1.3116062E-16      0
  3.027619955142115E+03   2.5680093E-15   1.4123078E-16      0
  3.029172196561242E+03   2.6986025E-15   1.4462348E-16      0
  3.030724447187981E+03   2.7294281E-15   1.4958759E-16      0
  3.032276707022494E+03   2.5610623E-15   1.4368984E-16      0
  3.033828976064945E+03   2.5669638E-15   1.4449675E-16      0
  3.035381254315499E+03   2.4386557E-15   1.4160314E-16      0
  3.036933541774318E+03   2.5525772E-15   1.4551130E-16      0
  3.038485838441568E+03   2.3023215E-15   1.3869400E-16      0
  3.040038144317412E+03   2.5104233E-15   1.4488704E-16      0
  3.041590459402013E+03   2.4763737E-15   1.4643143E-16      0
  3.043142783695536E+03   1.9851420E-15   1.3124627E-16      0
  3.044695117198145E+03   2.3253511E-15   1.4270392E-16      0
  3.046247459910004E+03   2.1992651E-15   1.3971328E-16      0
  3.047799811831276E+03   2.4480053E-15   1.4602094E-16      0
  3.049352172962125E+03   2.2040983E-15   1.4286771E-16      0
  3.050904543302715E+03   2.4574444E-15   1.4967042E-16      0
  3.052456922853211E+03   2.2699204E-15   1.4492926E-16      0
  3.054009311613775E+03   2.3774157E-15   1.4942699E-16      0
  3.055561709584574E+03   2.3257289E-15   1.4664595E-16      0
  3.057114116765768E+03   2.3418022E-15   1.4948267E-16      0
  3.058666533157523E+03   2.3526827E-15   1.4927395E-16      0
  3.060218958760004E+03   2.3155473E-15   1.4814277E-16      0
  3.061771393573373E+03   2.3049209E-15   1.5008601E-16      0
  3.063323837597795E+03   2.4652451E-15   1.5458635E-16      0
  3.064876290833433E+03   2.3410962E-15   1.5403064E-16      0
  3.066428753280452E+03   1.8499102E-15   1.3925039E-16      0
  3.067981224939016E+03   2.0899104E-15   1.4498957E-16      0
  3.069533705809288E+03   2.3571745E-15   1.5453350E-16      0
  3.071086195891433E+03   2.0725403E-15   1.4832693E-16      0
  3.072638695185614E+03   2.5490144E-15   1.6053605E-16      0
  3.074191203691996E+03   2.6621396E-15   1.6648185E-16      0
  3.075743721410743E+03   2.3874132E-15   1.5850620E-16      0
  3.077296248342018E+03   2.2679911E-15   1.5854567E-16      0
  3.078848784485985E+03   2.1995932E-15   1.5424305E-16      0
  3.080401329842809E+03   2.5418025E-15   1.6692657E-16      0
  3.081953884412654E+03   2.2665871E-15   1.5817328E-16      0
  3.083506448195682E+03   2.4068600E-15   1.6312609E-16      0
  3.085059021192060E+03   2.4979239E-15   1.6956574E-16      0
  3.086611603401951E+03   2.3166720E-15   1.6198121E-16      0
  3.088164194825517E+03   2.2766772E-15   1.6270764E-16      0
  3.089716795462925E+03   2.4193952E-15   1.6902069E-16      0
  3.091269405314337E+03   2.2637383E-15   1.6260224E-16      0
  3.092822024379918E+03   2.4925005E-15   1.7384230E-16      0
  3.094374652659832E+03   2.5809121E-15   1.7504428E-16      0
  3.095927290154243E+03   2.7152128E-15   1.8050062E-16      0
  3.097479936863314E+03   2.5678151E-15   1.7846709E-16      0
  3.099032592787210E+03   2.5859651E-15   1.8002263E-16      0
  3.100585257926096E+03   2.4233985E-15   1.7752578E-16      0
  3.102137932280135E+03   2.5455934E-15   1.7967848E-16      0
  3.103690615849490E+03   2.8860153E-15   1.9150429E-16      0
  3.105243308634328E+03   2.8026520E-15   1.9285026E-16      0
  3.106796010634810E+03   2.7363484E-15   1.8775167E-16      0
  3.108348721851102E+03   2.6172109E-15   1.8949578E-16      0
  3.109901442283367E+03   2.8605724E-15   1.9285860E-16      0
  3.111454171931771E+03   2.5602293E-15   1.8531164E-16      0
  3.113006910796476E+03   2.8179198E-15   1.9526205E-16      0
  3.114559658877647E+03   2.5690962E-15   1.9059754E-16      0
  3.116112416175448E+03   2.7669519E-15   1.9742238E-16      0
  3.117665182690043E+03   2.6204749E-15   1.9536123E-16      0
  3.119217958421596E+03   2.8328452E-15   1.9966779E-16      0
  3.120770743370272E+03   2.8561110E-15   2.0345356E-16      0
  3.122323537536235E+03   2.9198827E-15   2.0603491E-16      0
  3.123876340919647E+03   2.9833570E-15   2.0856744E-16      0
  3.125429153520675E+03   2.9587702E-15   2.1063323E-16      0
  3.126981975339482E+03   3.1317430E-15   2.1687166E-16      0
  3.128534806376232E+03   2.8164790E-15   2.0739014E-16      0
  3.130087646631089E+03   3.2920861E-15   2.2453388E-16      0
  3.131640496104217E+03   2.7746866E-15   2.0861917E-16      0
  3.133193354795781E+03   3.2642431E-15   2.2372488E-16      0
  3.134746222705945E+03   3.2477761E-15   2.2521481E-16      0
  3.136299099834873E+03   3.0345387E-15   2.2459015E-16      0
  3.137851986182729E+03   3.4791400E-15   2.3538604E-16      0
  3.139404881749678E+03   3.0852051E-15   2.2432897E-16      0
  3.140957786535883E+03   3.1513668E-15   2.2965731E-16      0
  3.142510700541509E+03   3.4608199E-15   2.3767281E-16      0
  3.144063623766720E+03   3.1896815E-15   2.3342269E-16      0
  3.145616556211680E+03   3.5567976E-15   2.4267481E-16      0
  3.147169497876554E+03   3.2774187E-15   2.3410331E-16      0
  3.148722448761505E+03   2.3515994E-15   1.9086301E-16   2560
  3.150275408866697E+03   2.1928127E-15   1.9486943E-16   2564
  3.151828378192296E+03   4.2939819E-15   2.7158709E-16   2564
  3.153381356738466E+03   6.9720078E-15   3.5000201E-16   2564
  3.154934344505370E+03   2.0808460E-17   2.0919303E-17   2564
