

  1.574095846223629E+03   0.0000000E+00   0.0000000E+00   2564
  1.575639484576848E+03   0.0000000E+00   0.0000000E+00   2564
  1.577183131945804E+03   0.0000000E+00   0.0000000E+00   2564
  1.578726788330652E+03   0.0000000E+00   0.0000000E+00   2564
  1.580270453731552E+03  -3.7958585E-13   1.7536252E-13   2048
  1.581814128148661E+03  -2.7876674E-14   4.0045790E-14      0
  1.583357811582137E+03   2.7677787E-14   2.5296032E-14      0
  1.584901504032139E+03  -1.7091156E-14   1.3645432E-14      0
  1.586445205498825E+03   2.6172797E-15   1.2441209E-14      0
  1.587988915982351E+03  -8.9672558E-15   9.3643914E-15      0
  1.589532635482877E+03  -2.2467761E-15   8.8175452E-15      0
  1.591076364000561E+03  -8.3407106E-15   6.8637655E-15      0
  1.592620101535560E+03  -3.5902315E-16   6.5523763E-15      0
  1.594163848088031E+03   7.7715883E-15   6.5192331E-15      0
  1.595707603658135E+03  -6.6868025E-15   4.5576446E-15      0
  1.597251368246028E+03   1.7721255E-15   4.7373532E-15      0
  1.598795141851869E+03   1.9659950E-15   4.1760177E-15      0
  1.600338924475815E+03  -1.5137766E-15   3.4935120E-15      0
  1.601882716118025E+03   2.5259655E-15   3.4734204E-15      0
  1.603426516778655E+03  -1.8021630E-15   2.7210938E-15      0
  1.604970326457866E+03  -3.5026621E-15   2.3514363E-15      0
  1.606514145155815E+03  -1.4903291E-15   2.2672143E-15      0
  1.608057972872659E+03   1.7192850E-16   2.1892155E-15      0
  1.609601809608557E+03  -6.6638480E-16   1.9533289E-15      0
  1.611145655363667E+03  -4.3127216E-15   1.4585825E-15      0
  1.612689510138148E+03   7.3187151E-16   1.7260347E-15      0
  1.614233373932156E+03  -1.3530151E-16   1.5800657E-15      0
  1.615777246745850E+03   1.1657629E-15   1.5810760E-15      0
  1.617321128579389E+03   1.6763281E-15   1.4986899E-15      0
  1.618865019432930E+03   1.6240878E-15   1.3704436E-15      0
  1.620408919306631E+03  -1.6282290E-15   1.0393575E-15      0
  1.621952828200651E+03  -4.4948677E-16   1.0864544E-15      0
  1.623496746115148E+03  -8.1635596E-16   9.9694190E-16      0
  1.625040673050279E+03  -1.0602784E-15   8.8011175E-16      0
  1.626584609006203E+03   3.6126800E-16   9.7742308E-16      0
  1.628128553983078E+03   7.4179641E-16   9.4300379E-16      0
  1.629672507981062E+03   1.1381167E-15   9.3221863E-16      0
  1.631216471000314E+03   2.3933175E-16   8.0679883E-16      0
  1.632760443040991E+03  -1.3308042E-15   6.5837642E-16      0
  1.634304424103251E+03   5.5903677E-16   7.7951934E-16      0
  1.635848414187253E+03   7.0707663E-17   6.9700827E-16      0
  1.637392413293155E+03  -7.0596550E-17   6.6688386E-16      0
  1.638936421421115E+03  -3.0498993E-17   6.3822583E-16      0
  1.640480438571291E+03  -2.1053508E-16   5.9607223E-16      0
  1.642024464743841E+03  -3.2618426E-16   5.7305474E-16      0
  1.643568499938924E+03   9.4130274E-16   6.4829027E-16      0
  1.645112544156697E+03   8.4006033E-16   6.2591288E-16      0
  1.646656597397320E+03  -5.5228978E-16   4.9147853E-16      0
  1.648200659660949E+03  -6.0219220E-16   4.7280574E-16      0
  1.649744730947743E+03   3.0591791E-16   5.2593975E-16      0
  1.651288811257861E+03  -4.1629512E-16   4.4920026E-16      0
  1.652832900591460E+03  -6.8197635E-16   4.2177934E-16      0
  1.654376998948699E+03  -1.1388260E-16   4.5266674E-16      0
  1.655921106329736E+03  -2.4385803E-16   4.3777757E-16      0
  1.657465222734729E+03   2.1148586E-16   4.5449104E-16      0
  1.659009348163836E+03  -1.8422221E-16   4.0934643E-16      0
  1.660553482617216E+03   7.1544466E-17   4.2788306E-16      0
  1.662097626095027E+03   8.6794010E-18   4.0323888E-16      0
  1.663641778597427E+03   9.7053797E-16   4.7129856E-16      0
  1.665185940124574E+03  -9.1240715E-17   3.9165851E-16      0
  1.666730110676627E+03   3.3748773E-16   4.1337312E-16      0
  1.668274290253744E+03  -1.4306777E-16   3.6498761E-16      0
  1.669818478856082E+03  -1.9835068E-16   3.4915680E-16      0
  1.671362676483801E+03  -1.1317074E-16   3.5196016E-16      0
  1.672906883137058E+03   2.3677443E-16   3.7205178E-16      0
  1.674451098816012E+03  -1.1907790E-16   3.3413163E-16      0
  1.675995323520821E+03   4.0906262E-16   3.7549675E-16      0
  1.677539557251643E+03   7.1169912E-17   3.3894412E-16      0
  1.679083800008637E+03  -2.1572120E-16   3.0960997E-16      0
  1.680628051791961E+03   2.2095249E-16   3.4097804E-16      0
  1.682172312601773E+03  -1.7115811E-16   3.1235256E-16      0
  1.683716582438231E+03   2.3693153E-16   3.2497555E-16      0
  1.685260861301494E+03   2.2965152E-16   3.2907770E-16      0
  1.686805149191720E+03  -5.5371100E-16   2.4591293E-16      0
  1.688349446109067E+03  -2.5577989E-16   2.7737687E-16      0
  1.689893752053694E+03   3.2990112E-16   3.2257286E-16      0
  1.691438067025759E+03   8.9578605E-17   2.9526777E-16      0
  1.692982391025420E+03   7.9093568E-17   2.9021310E-16      0
  1.694526724052836E+03   2.1774500E-16   3.0250678E-16      0
  1.696071066108165E+03  -3.5022057E-16   2.4486079E-16      0
  1.697615417191564E+03   3.6790730E-16   2.9864418E-16      0
  1.699159777303194E+03  -2.4930926E-17   2.6869087E-16      0
  1.700704146443211E+03  -1.7649366E-16   2.5041862E-16      0
  1.702248524611774E+03   3.5269131E-16   2.9179081E-16      0
  1.703792911809042E+03  -6.9861802E-17   2.4819254E-16      0
  1.705337308035173E+03  -1.0591203E-16   2.4405195E-16      0
  1.706881713290325E+03  -8.0027756E-18   2.5252149E-16      0
  1.708426127574657E+03   8.5319736E-17   2.5227929E-16      0
  1.709970550888327E+03   2.5930029E-17   2.5073030E-16      0
  1.711514983231493E+03  -3.3431753E-16   2.1393602E-16      0
  1.713059424604314E+03   1.1002098E-16   2.5294913E-16      0
  1.714603875006948E+03   2.8131674E-16   2.6071820E-16      0
  1.716148334439554E+03  -2.7047803E-16   2.1272929E-16      0
  1.717692802902289E+03   3.0463138E-16   2.4935737E-16      0
  1.719237280395313E+03  -1.0293034E-16   2.2358827E-16      0
  1.720781766918784E+03  -3.3379737E-16   1.9950163E-16      0
  1.722326262472859E+03  -2.3394648E-17   2.2420028E-16      0
  1.723870767057698E+03  -1.2866372E-16   2.0814407E-16      0
  1.725415280673460E+03   3.0672233E-16   2.4495100E-16      0
  1.726959803320301E+03  -8.1883985E-17   2.0670849E-16      0
  1.728504334998381E+03   2.5454258E-17   2.1733054E-16      0
  1.730048875707859E+03  -2.1473284E-16   1.8833077E-16      0
  1.731593425448891E+03  -3.2683367E-16   1.8152285E-16      0
  1.733137984221639E+03   7.0415457E-17   2.1186071E-16      0
  1.734682552026258E+03   6.5323260E-17   2.1065652E-16      0
  1.736227128862909E+03  -3.1423655E-17   1.9931172E-16      0
  1.737771714731748E+03   9.9156483E-17   2.1147125E-16      0
  1.739316309632936E+03   1.4113525E-16   2.1206866E-16      0
  1.740860913566630E+03   3.4793580E-16   2.2248744E-16      0
  1.742405526532989E+03  -1.3284992E-16   1.8560369E-16      0
  1.743950148532171E+03   6.4609671E-18   1.9283266E-16      0
  1.745494779564334E+03   5.9933450E-18   1.8988762E-16      0
  1.747039419629638E+03   1.2133486E-16   2.0234757E-16      0
  1.748584068728240E+03   2.0965528E-16   2.0362030E-16      0
  1.750128726860300E+03  -2.0936545E-16   1.6658633E-16      0
  1.751673394025976E+03  -2.6013899E-17   1.8347529E-16      0
  1.753218070225425E+03   7.3478752E-17   1.8651439E-16      0
  1.754762755458807E+03  -1.8029381E-17   1.7942543E-16      0
  1.756307449726280E+03  -2.5893662E-17   1.7489330E-16      0
  1.757852153028003E+03   1.9100204E-16   1.9182108E-16      0
  1.759396865364134E+03  -1.2831195E-16   1.6335684E-16      0
  1.760941586734832E+03  -2.9639302E-18   1.7334744E-16      0
  1.762486317140255E+03   7.6645311E-17   1.7596352E-16      0
  1.764031056580562E+03  -8.0491807E-17   1.6302261E-16      0
  1.765575805055910E+03  -1.6960857E-17   1.6613531E-16      0
  1.767120562566460E+03   2.6662675E-16   1.8590956E-16      0
  1.768665329112369E+03   4.9249755E-17   1.6935844E-16      0
  1.770210104693796E+03   1.1649244E-16   1.7210562E-16      0
  1.771754889310899E+03   1.2795374E-16   1.7380972E-16      0
  1.773299682963838E+03  -1.5863263E-16   1.4664941E-16      0
  1.774844485652770E+03   1.2000923E-16   1.6661751E-16      0
  1.776389297377854E+03   1.4777011E-16   1.7130139E-16      0
  1.777934118139249E+03  -9.8603913E-17   1.4695343E-16      0
  1.779478947937113E+03   2.0954138E-16   1.7146033E-16      0
  1.781023786771605E+03   2.1059162E-16   1.7365801E-16      0
  1.782568634642883E+03   1.8580108E-16   1.6547838E-16      0
  1.784113491551106E+03   3.7057758E-16   1.8104011E-16      0
  1.785658357496433E+03   1.2941057E-16   1.5988635E-16      0
  1.787203232479023E+03   7.4424550E-17   1.5459153E-16      0
  1.788748116499032E+03   3.5943899E-17   1.5100222E-16      0
  1.790293009556622E+03  -1.5936593E-16   1.3258245E-16      0
  1.791837911651950E+03   3.6578048E-16   1.7224310E-16      0
  1.793382822785173E+03   1.1101261E-16   1.5514335E-16      0
  1.794927742956453E+03   4.3950286E-17   1.4637163E-16      0
  1.796472672165946E+03  -1.4443643E-16   1.2946642E-16      0
  1.798017610413812E+03   2.2156594E-16   1.5753601E-16      0
  1.799562557700209E+03   1.0118078E-16   1.5047468E-16      0
  1.801107514025295E+03   2.8185465E-17   1.4077727E-16      0
  1.802652479389231E+03  -1.2464086E-16   1.2684109E-16      0
  1.804197453792173E+03   1.9048479E-16   1.5241807E-16      0
  1.805742437234280E+03   6.9389382E-17   1.3917479E-16      0
  1.807287429715713E+03  -4.1241247E-17   1.3178398E-16      0
  1.808832431236629E+03   3.7936895E-17   1.3650704E-16      0
  1.810377441797186E+03   3.1977029E-17   1.3320934E-16      0
  1.811922461397543E+03   1.0572433E-17   1.3149015E-16      0
  1.813467490037860E+03   1.3243031E-16   1.3943136E-16      0
  1.815012527718294E+03   2.6664886E-16   1.5091706E-16      0
  1.816557574439005E+03   1.3225003E-16   1.3781676E-16      0
  1.818102630200151E+03  -1.8481739E-16   1.0884483E-16      0
  1.819647695001891E+03   2.3474533E-16   1.4474875E-16      0
  1.821192768844383E+03   1.3236231E-17   1.2508319E-16      0
  1.822737851727787E+03   2.0452884E-16   1.3938239E-16      0
  1.824282943652261E+03   1.5805082E-17   1.2675824E-16      0
  1.825828044617963E+03  -3.7024849E-17   1.1755768E-16      0
  1.827373154625052E+03   8.5375561E-17   1.2742320E-16      0
  1.828918273673688E+03  -1.3259320E-16   1.0867901E-16      0
  1.830463401764029E+03   1.9876303E-16   1.3555451E-16      0
  1.832008538896232E+03  -8.5399913E-17   1.1028993E-16      0
  1.833553685070459E+03  -4.8498294E-17   1.1369170E-16      0
  1.835098840286866E+03  -1.1139230E-16   1.0593846E-16      0
  1.836644004545614E+03   1.0193239E-16   1.2546162E-16      0
  1.838189177846859E+03   1.7068612E-17   1.1634838E-16      0
  1.839734360190762E+03   1.1627196E-16   1.2498215E-16      0
  1.841279551577481E+03   1.5040378E-16   1.2564471E-16      0
  1.842824752007175E+03  -1.8352536E-16   9.6760392E-17      0
  1.844369961480003E+03   2.7165060E-17   1.1422365E-16      0
  1.845915179996123E+03   1.2014777E-16   1.2185870E-16      0
  1.847460407555694E+03  -1.4394269E-16   9.8136681E-17      0
  1.849005644158874E+03   5.9430379E-17   1.1260984E-16      0
  1.850550889805824E+03  -3.7682064E-17   1.0544545E-16      0
  1.852096144496701E+03   8.7438457E-17   1.1577584E-16      0
  1.853641408231664E+03  -2.9466066E-17   1.0570089E-16      0
  1.855186681010873E+03   1.2455827E-16   1.1871866E-16      0
  1.856731962834485E+03   1.2437686E-16   1.1697612E-16      0
  1.858277253702661E+03   1.1926748E-16   1.1543005E-16      0
  1.859822553615557E+03   8.3507737E-18   1.0566836E-16      0
  1.861367862573334E+03   2.3331631E-16   1.2223368E-16      0
  1.862913180576150E+03   6.4100535E-17   1.1055672E-16      0
  1.864458507624164E+03   1.1757364E-16   1.1473924E-16      0
  1.866003843717535E+03   2.4196785E-16   1.2143301E-16      0
  1.867549188856422E+03  -5.5497711E-17   9.7037954E-17      0
  1.869094543040983E+03   3.3067491E-17   1.0463750E-16      0
  1.870639906271378E+03   3.9416526E-17   1.0482250E-16      0
  1.872185278547765E+03   1.8212620E-17   1.0149594E-16      0
  1.873730659870303E+03   3.0290917E-17   1.0216583E-16      0
  1.875276050239151E+03   2.3016633E-16   1.1918599E-16      0
  1.876821449654467E+03   6.7113961E-17   1.0432015E-16      0
  1.878366858116412E+03   2.0250911E-16   1.1632237E-16      0
  1.879912275625142E+03   2.1654061E-16   1.1612220E-16      0
  1.881457702180819E+03   6.6694792E-17   1.0382610E-16      0
  1.883003137783599E+03  -6.3787135E-18   9.7898963E-17      0
  1.884548582433644E+03   7.1084507E-17   1.0120956E-16      0
  1.886094036131110E+03   6.9643036E-17   1.0285984E-16      0
  1.887639498876156E+03   2.6230177E-17   9.8490298E-17      0
  1.889184970668944E+03   8.6904422E-17   1.0283728E-16      0
  1.890730451509629E+03   1.0224983E-16   1.0367192E-16      0
  1.892275941398373E+03   1.1801584E-16   1.0458505E-16      0
  1.893821440335333E+03   7.3603722E-17   9.9649840E-17      0
  1.895366948320669E+03   2.2002439E-16   1.1103930E-16      0
  1.896912465354539E+03   1.1844076E-16   1.0349708E-16      0
  1.898457991437103E+03   1.0703483E-16   1.0283486E-16      0
  1.900003526568519E+03   4.7056766E-17   9.4777977E-17      0
  1.901549070748946E+03  -2.7444652E-17   8.8738599E-17      0
  1.903094623978544E+03   4.8752642E-17   9.5072679E-17      0
  1.904640186257471E+03   6.4400180E-18   9.1396344E-17      0
  1.906185757585886E+03   2.4176697E-16   1.1026524E-16      0
  1.907731337963948E+03   4.4721646E-17   9.2816613E-17      0
  1.909276927391816E+03  -4.8286834E-17   8.5727563E-17      0
  1.910822525869650E+03   8.8540811E-17   9.5946254E-17      0
  1.912368133397607E+03   1.9899540E-17   8.9076433E-17      0
  1.913913749975848E+03   2.2334660E-16   1.0655854E-16      0
  1.915459375604530E+03   5.0848003E-17   9.0449513E-17      0
  1.917005010283813E+03   2.6325832E-16   1.0730635E-16      0
  1.918550654013857E+03   6.5316722E-17   9.1754255E-17      0
  1.920096306794819E+03   7.3663868E-17   9.2980937E-17      0
  1.921641968626859E+03   6.7272726E-17   9.1347421E-17      0
  1.923187639510136E+03   8.1623020E-17   9.1963009E-17      0
  1.924733319444810E+03   4.8357118E-17   8.8334770E-17      0
  1.926279008431038E+03   1.2091855E-16   9.3660807E-17      0
  1.927824706468981E+03   2.3677431E-17   8.5944185E-17      0
  1.929370413558796E+03  -4.0558922E-17   8.0733820E-17      0
  1.930916129700644E+03  -2.8050740E-17   8.0518720E-17      0
  1.932461854894682E+03   2.4840363E-16   1.0228862E-16      0
  1.934007589141071E+03   1.5896178E-17   8.3054949E-17      0
  1.935553332439969E+03   1.0794675E-16   9.0318911E-17      0
  1.937099084791535E+03   1.7157806E-16   9.4673528E-17      0
  1.938644846195929E+03   1.1722493E-16   9.0651637E-17      0
  1.940190616653309E+03  -1.8290113E-17   7.9017004E-17      0
  1.941736396163834E+03   3.0890693E-16   1.0480760E-16      0
  1.943282184727664E+03   8.5340098E-17   8.7132777E-17      0
  1.944827982344957E+03   1.4076098E-16   9.0971564E-17      0
  1.946373789015874E+03   6.3756613E-17   8.3565299E-17      0
  1.947919604740571E+03   1.6967911E-16   9.1803476E-17      0
  1.949465429519210E+03   4.8970143E-18   8.0101835E-17      0
  1.951011263351948E+03   2.7860422E-16   9.9180795E-17      0
  1.952557106238946E+03   2.3687922E-16   9.8062579E-17      0
  1.954102958180361E+03   1.4013093E-16   8.8197974E-17      0
  1.955648819176354E+03   4.5630416E-17   7.9532192E-17      0
  1.957194689227083E+03   7.6686373E-17   8.4653988E-17      0
  1.958740568332708E+03   3.2716525E-17   7.8562147E-17      0
  1.960286456493387E+03   1.2181019E-16   8.5887665E-17      0
  1.961832353709280E+03   2.8648494E-16   9.8336508E-17      0
  1.963378259980545E+03   1.7706546E-16   9.0689091E-17      0
  1.964924175307343E+03   1.0280702E-16   8.3924322E-17      0
  1.966470099689831E+03   4.1351923E-17   7.8662143E-17      0
  1.968016033128170E+03   1.8103940E-16   8.9021892E-17      0
  1.969561975622518E+03   1.0879917E-16   8.3792020E-17      0
  1.971107927173034E+03  -1.4667474E-17   7.3006676E-17      0
  1.972653887779878E+03   1.4247924E-16   8.3961373E-17      0
  1.974199857443209E+03   4.5176883E-17   7.7864457E-17      0
  1.975745836163187E+03   1.4102144E-16   8.4849997E-17      0
  1.977291823939968E+03   2.6599767E-16   9.2527067E-17      0
  1.978837820773715E+03   1.5616474E-16   8.6917591E-17      0
  1.980383826664585E+03   1.1624920E-16   8.0436962E-17      0
  1.981929841612738E+03   7.5676954E-17   7.8972303E-17      0
  1.983475865618332E+03   1.5654942E-16   8.3708918E-17      0
  1.985021898681528E+03   1.5698189E-16   8.3278374E-17      0
  1.986567940802484E+03   2.7800082E-16   9.2623701E-17      0
  1.988113991981359E+03   1.9566329E-16   8.4805945E-17      0
  1.989660052218313E+03   1.0369903E-16   7.8979695E-17      0
  1.991206121513505E+03   1.7589874E-16   8.3183704E-17      0
  1.992752199867094E+03   7.1125899E-17   7.5137758E-17      0
  1.994298287279240E+03   1.3520696E-17   7.0091176E-17      0
  1.995844383750100E+03   1.5986700E-16   8.1368208E-17      0
  1.997390489279836E+03   1.4097275E-16   7.9275441E-17      0
  1.998936603868606E+03   6.7313741E-17   7.3122720E-17      0
  2.000482727516569E+03   1.5454677E-16   8.0121634E-17      0
  2.002028860223884E+03   1.5813582E-16   7.9491746E-17      0
  2.003575001990711E+03   1.8294554E-16   8.0964233E-17      0
  2.005121152817209E+03   1.5126625E-16   7.8267088E-17      0
  2.006667312703538E+03   9.3520272E-17   7.4763621E-17      0
  2.008213481649856E+03   1.4794328E-16   7.6574869E-17      0
  2.009759659656322E+03   1.6160204E-16   7.8976790E-17      0
  2.011305846723097E+03   1.0775227E-16   7.3521977E-17      0
  2.012852042850339E+03   2.2240065E-16   8.2533124E-17      0
  2.014398248038208E+03   9.8473728E-17   7.2312837E-17      0
  2.015944462286863E+03   1.7432768E-16   7.6229729E-17      0
  2.017490685596463E+03   1.0350630E-16   7.2146931E-17      0
  2.019036917967167E+03   1.8106632E-16   7.6619834E-17      0
  2.020583159399135E+03   3.6512351E-17   6.6225324E-17      0
  2.022129409892526E+03   2.1402079E-16   7.9844012E-17      0
  2.023675669447500E+03   5.8034747E-17   6.5828304E-17      0
  2.025221938064215E+03   2.0713406E-16   7.8840073E-17      0
  2.026768215742832E+03   7.1324164E-17   6.7294677E-17      0
  2.028314502483509E+03   2.0805199E-16   7.7727297E-17      0
  2.029860798286405E+03   8.9212726E-17   6.7627693E-17      0
  2.031407103151681E+03   6.5229584E-17   6.5714953E-17      0
  2.032953417079494E+03   1.8549229E-16   7.5025831E-17      0
  2.034499740070006E+03   2.3428717E-16   7.8639346E-17      0
  2.036046072123374E+03   1.9631402E-16   7.5642219E-17      0
  2.037592413239759E+03   3.1482642E-16   8.1975968E-17      0
  2.039138763419320E+03   1.2643859E-16   7.0468026E-17      0
  2.040685122662216E+03   1.3447594E-16   6.9345780E-17      0
  2.042231490968607E+03   1.8264687E-16   7.3653082E-17      0
  2.043777868338651E+03   5.7975316E-17   6.3531448E-17      0
  2.045324254772508E+03   4.7220763E-17   6.1785826E-17      0
  2.046870650270339E+03   7.3861280E-17   6.3637301E-17      0
  2.048417054832300E+03   1.3070257E-16   6.9413079E-17      0
  2.049963468458554E+03   8.3597017E-17   6.4408736E-17      0
  2.051509891149258E+03   1.5162246E-16   6.9243832E-17      0
  2.053056322904572E+03   1.9110082E-16   7.3465603E-17      0
  2.054602763724657E+03   1.6528254E-16   6.9419214E-17      0
  2.056149213609669E+03   4.0765105E-17   6.0305933E-17      0
  2.057695672559771E+03   2.1008787E-16   7.2781055E-17      0
  2.059242140575120E+03   1.4169800E-16   6.6554992E-17      0
  2.060788617655877E+03   1.0586752E-16   6.4743393E-17      0
  2.062335103802200E+03   9.9502403E-17   6.4748654E-17      0
  2.063881599014249E+03  -1.3167499E-17   5.3759603E-17      0
  2.065428103292184E+03   1.2468191E-16   6.5716475E-17      0
  2.066974616636163E+03   4.2767759E-17   5.8454214E-17      0
  2.068521139046347E+03   1.1131340E-16   6.3005116E-17      0
  2.070067670522896E+03   1.9280207E-18   5.4507963E-17      0
  2.071614211065967E+03   6.2513970E-17   5.8417407E-17      0
  2.073160760675721E+03   1.1642055E-16   6.4038364E-17      0
  2.074707319352317E+03   8.8052516E-17   6.0793295E-17      0
  2.076253887095915E+03   8.0561754E-17   6.0097636E-17      0
  2.077800463906674E+03   7.0202794E-18   5.3638355E-17      0
  2.079347049784754E+03   1.4718681E-16   6.3442960E-17      0
  2.080893644730314E+03   1.1609062E-16   6.2270170E-17      0
  2.082440248743514E+03   5.0649927E-17   5.5698339E-17      0
  2.083986861824512E+03   1.2575771E-16   6.2595450E-17      0
  2.085533483973470E+03   8.1461944E-17   5.9395499E-17      0
  2.087080115190546E+03   2.9087158E-17   5.4221074E-17      0
  2.088626755475899E+03   6.0213627E-17   5.7000831E-17      0
  2.090173404829689E+03   4.5149510E-17   5.4660753E-17      0
  2.091720063252076E+03   1.3050265E-17   5.2146240E-17      0
  2.093266730743219E+03  -2.8505057E-17   4.7660933E-17      0
  2.094813407303277E+03   7.1444754E-17   5.6225630E-17      0
  2.096360092932412E+03   5.3204939E-17   5.5645783E-17      0
  2.097906787630781E+03   1.2003712E-16   5.9125302E-17      0
  2.099453491398544E+03   4.1026544E-17   5.3183935E-17      0
  2.101000204235861E+03   2.0339016E-17   5.0939999E-17      0
  2.102546926142891E+03   3.1741352E-17   5.1511842E-17      0
  2.104093657119794E+03   9.5739558E-17   5.7314895E-17      0
  2.105640397166730E+03   6.8163719E-17   5.4286447E-17      0
  2.107187146283858E+03   9.3865524E-17   5.6624450E-17      0
  2.108733904471338E+03   6.5018183E-17   5.3315059E-17      0
  2.110280671729328E+03   6.8488980E-17   5.3698947E-17      0
  2.111827448057989E+03  -8.4561557E-18   4.7593183E-17      0
  2.113374233457481E+03   1.3822882E-16   5.8085893E-17      0
  2.114921027927962E+03   8.8342003E-17   5.5018714E-17      0
  2.116467831469594E+03   8.0225581E-17   5.3987812E-17      0
  2.118014644082535E+03   4.3401571E-17   5.0756120E-17      0
  2.119561465766943E+03   1.3223348E-16   5.8018316E-17      0
  2.121108296522981E+03   1.4353398E-16   5.7982092E-17      0
  2.122655136350807E+03  -1.4514929E-17   4.5212375E-17      0
  2.124201985250579E+03   2.0749892E-17   4.7445747E-17      0
  2.125748843222459E+03   6.3022672E-17   5.2181134E-17      0
  2.127295710266606E+03   1.2286942E-17   4.7374768E-17      0
  2.128842586383180E+03   4.5557270E-17   4.9415095E-17      0
  2.130389471572339E+03   3.2824813E-17   4.8606288E-17      0
  2.131936365834244E+03   1.1712566E-16   5.5835969E-17      0
  2.133483269169054E+03   5.4450954E-17   4.9953593E-17      0
  2.135030181576929E+03   3.8290058E-17   4.8575659E-17      0
  2.136577103058029E+03   6.3475048E-17   5.0272468E-17      0
  2.138124033612513E+03   9.9975861E-17   5.2750535E-17      0
  2.139670973240542E+03   3.1106691E-18   4.5972515E-17      0
  2.141217921942274E+03   6.4807232E-17   4.9886995E-17      0
  2.142764879717869E+03   3.6741106E-17   4.7929058E-17      0
  2.144311846567487E+03   1.0185498E-16   5.2756186E-17      0
  2.145858822491288E+03  -2.2886599E-17   4.2332996E-17      0
  2.147405807489431E+03   4.4807937E-17   4.8535792E-17      0
  2.148952801562075E+03   8.1740665E-17   5.0197469E-17      0
  2.150499804709382E+03   5.9549493E-17   4.9327424E-17      0
  2.152046816931510E+03   9.9310444E-17   5.2721362E-17      0
  2.153593838228619E+03   6.1588176E-17   4.8572006E-17      0
  2.155140868600869E+03   9.9131599E-18   4.3954068E-17      0
  2.156687908048420E+03  -6.2592413E-17   3.6383427E-17      0
  2.158234956571431E+03  -6.4660613E-18   4.2398234E-17      0
  2.159782014170061E+03   2.9534118E-18   4.3116472E-17      0
  2.161329080844472E+03   9.6485219E-17   5.1014164E-17      0
  2.162876156594821E+03   4.9421739E-17   4.6972718E-17      0
  2.164423241421270E+03   1.3428264E-17   4.3572219E-17      0
  2.165970335323978E+03   5.0780697E-17   4.5877286E-17      0
  2.167517438303104E+03  -1.4754159E-17   4.0952597E-17      0
  2.169064550358809E+03   1.2762195E-17   4.2853177E-17      0
  2.170611671491252E+03   1.5174414E-16   5.3229231E-17      0
  2.172158801700593E+03   6.5464159E-17   4.7610696E-17      0
  2.173705940986991E+03   7.7471612E-17   4.7516140E-17      0
  2.175253089350607E+03   1.1606427E-16   5.0659783E-17      0
  2.176800246791600E+03   2.0566092E-17   4.3315965E-17      0
  2.178347413310130E+03   5.2877411E-17   4.5055611E-17      0
  2.179894588906357E+03   7.5339954E-17   4.6433641E-17      0
  2.181441773580440E+03   5.8266040E-17   4.5630558E-17      0
  2.182988967332540E+03   1.0187193E-16   4.8046799E-17      0
  2.184536170162816E+03   1.0048711E-16   4.8828263E-17      0
  2.186083382071427E+03   2.9399131E-17   4.2596837E-17      0
  2.187630603058535E+03   9.2564700E-17   4.7943474E-17      0
  2.189177833124298E+03   6.4727503E-18   4.1646410E-17      0
  2.190725072268876E+03   1.3104364E-18   3.9923654E-17      0
  2.192272320492430E+03  -3.3496447E-17   3.6754523E-17      0
  2.193819577795118E+03   7.3386802E-18   4.0678377E-17      0
  2.195366844177101E+03  -2.1580917E-18   3.9132939E-17      0
  2.196914119638539E+03   4.8433708E-17   4.3741916E-17      0
  2.198461404179592E+03  -2.1358376E-18   3.9072869E-17      0
  2.200008697800419E+03   7.7052834E-17   4.5636186E-17      0
  2.201556000501179E+03   1.3201126E-16   4.9983874E-17      0
  2.203103312282034E+03  -1.0028893E-18   3.8705309E-17      0
  2.204650633143144E+03   3.3377962E-17   4.2194913E-17      0
  2.206197963084666E+03  -4.0290466E-18   3.8253206E-17      0
  2.207745302106763E+03   7.2717018E-17   4.4959460E-17      0
  2.209292650209592E+03   7.5379917E-17   4.4747682E-17      0
  2.210840007393316E+03   2.8508518E-17   4.1003601E-17      0
  2.212387373658092E+03   3.1432042E-18   3.8134945E-17      0
  2.213934749004082E+03   6.5229240E-17   4.3357396E-17      0
  2.215482133431444E+03   3.3258855E-17   4.1035755E-17      0
  2.217029526940340E+03  -1.6286855E-18   3.7731443E-17      0
  2.218576929530928E+03   6.8014105E-17   4.3688398E-17      0
  2.220124341203370E+03   8.8455659E-18   3.8544532E-17      0
  2.221671761957824E+03   7.0212381E-18   3.8032269E-17      0
  2.223219191794450E+03   1.7063121E-17   3.8408722E-17      0
  2.224766630713409E+03   5.4507761E-17   4.2119061E-17      0
  2.226314078714860E+03   6.2215538E-18   3.7429622E-17      0
  2.227861535798963E+03   4.8982509E-17   4.1226877E-17      0
  2.229409001965879E+03   2.3322771E-17   3.8703695E-17      0
  2.230956477215767E+03   1.0670898E-16   4.5477470E-17      0
  2.232503961548787E+03   3.7063210E-17   3.9580033E-17      0
  2.234051454965100E+03   1.0041167E-16   4.4843228E-17      0
  2.235598957464864E+03  -1.3391526E-17   3.5160520E-17      0
  2.237146469048240E+03   3.8984086E-17   4.0000664E-17      0
  2.238693989715388E+03   7.6970393E-17   4.2442928E-17      0
  2.240241519466468E+03   5.5345791E-17   4.0965329E-17      0
  2.241789058301640E+03   8.1668442E-17   4.2433641E-17      0
  2.243336606221064E+03   1.0385371E-16   4.3700154E-17      0
  2.244884163224900E+03   8.5959941E-17   4.3309668E-17      0
  2.246431729313307E+03   5.4067350E-17   4.0391070E-17      0
  2.247979304486446E+03   9.3394018E-17   4.3018315E-17      0
  2.249526888744477E+03   3.6447659E-17   3.8883858E-17      0
  2.251074482087560E+03   1.1212685E-16   4.4708831E-17      0
  2.252622084515855E+03   5.9908953E-17   4.0109601E-17      0
  2.254169696029521E+03   4.0775025E-17   3.8735151E-17      0
  2.255717316628719E+03   6.5337316E-17   4.0615471E-17      0
  2.257264946313609E+03   2.9337062E-17   3.7542260E-17      0
  2.258812585084351E+03   1.2681256E-16   4.5580051E-17      0
  2.260360232941105E+03   4.4694359E-17   3.9124975E-17      0
  2.261907889884031E+03   5.5184898E-17   3.9487300E-17      0
  2.263455555913288E+03   1.0951306E-16   4.4414689E-17      0
  2.265003231029038E+03   5.6278676E-17   3.9156725E-17      0
  2.266550915231440E+03   2.4540313E-17   3.6957861E-17      0
  2.268098608520654E+03   5.9935145E-17   3.9973232E-17      0
  2.269646310896840E+03   2.6769143E-17   3.6048339E-17      0
  2.271194022360158E+03   8.8369214E-17   4.1833647E-17      0
  2.272741742910768E+03   8.4507921E-17   4.1090802E-17      0
  2.274289472548830E+03   2.5180966E-18   3.4680014E-17      0
  2.275837211274506E+03   1.1809323E-16   4.4256125E-17      0
  2.277384959087953E+03   7.4522978E-17   4.0378319E-17      0
  2.278932715989333E+03   1.4021233E-16   4.4880722E-17      0
  2.280480481978806E+03   3.9469916E-17   3.7513617E-17      0
  2.282028257056532E+03   5.7229066E-17   3.8373914E-17      0
  2.283576041222670E+03   1.3877789E-16   4.4994523E-17      0
  2.285123834477381E+03   1.5920224E-16   4.5920151E-17      0
  2.286671636820826E+03   9.0972033E-17   4.1168968E-17      0
  2.288219448253163E+03   8.3682971E-17   4.0554071E-17      0
  2.289767268774554E+03   6.3017154E-17   3.9261741E-17      0
  2.291315098385158E+03   1.5893157E-16   4.5526188E-17      0
  2.292862937085135E+03   1.5045424E-16   4.5323085E-17      0
  2.294410784874647E+03   6.5710348E-17   3.9087596E-17      0
  2.295958641753852E+03   1.1005439E-16   4.1846032E-17      0
  2.297506507722911E+03   9.3620368E-17   4.1291993E-17      0
  2.299054382781984E+03   7.6675110E-17   3.9848251E-17      0
  2.300602266931231E+03   1.4276994E-16   4.3525916E-17      0
  2.302150160170812E+03   7.2367153E-17   3.9455076E-17      0
  2.303698062500889E+03   1.3637936E-16   4.3675656E-17      0
  2.305245973921619E+03   1.2188481E-16   4.2611230E-17      0
  2.306793894433165E+03   8.0796097E-17   3.9717640E-17      0
  2.308341824035686E+03   1.6675245E-16   4.5086495E-17      0
  2.309889762729342E+03   1.0532498E-16   4.1514666E-17      0
  2.311437710514293E+03   1.5789789E-16   4.4478782E-17      0
  2.312985667390700E+03   1.7106954E-16   4.5638949E-17      0
  2.314533633358722E+03   1.4458056E-16   4.4144234E-17      0
  2.316081608418521E+03   1.5895850E-16   4.4425455E-17      0
  2.317629592570255E+03   1.8930633E-16   4.6410937E-17      0
  2.319177585814087E+03   1.8183479E-16   4.6828044E-17      0
  2.320725588150174E+03   1.5392889E-16   4.3539753E-17      0
  2.322273599578678E+03   1.8188156E-16   4.5820932E-17      0
  2.323821620099759E+03   1.0414874E-16   4.0878035E-17      0
  2.325369649713578E+03   1.1254314E-16   4.0956941E-17      0
  2.326917688420294E+03   1.6315621E-16   4.4634934E-17      0
  2.328465736220067E+03   1.8063953E-16   4.5014941E-17      0
  2.330013793113059E+03   1.7501487E-16   4.6001006E-17      0
  2.331561859099429E+03   1.2227511E-16   4.1113163E-17      0
  2.333109934179337E+03   1.8356944E-16   4.6155834E-17      0
  2.334658018352944E+03   2.2997281E-16   4.8168458E-17      0
  2.336206111620409E+03   1.8779069E-16   4.5708111E-17      0
  2.337754213981894E+03   2.1964234E-16   4.7504986E-17      0
  2.339302325437559E+03   1.3264737E-16   4.1785022E-17      0
  2.340850445987563E+03   3.0116230E-16   5.3003871E-17      0
  2.342398575632067E+03   2.1179180E-16   4.7240738E-17      0
  2.343946714371231E+03   1.3200950E-16   4.1526426E-17      0
  2.345494862205216E+03   2.3054336E-16   4.8376182E-17      0
  2.347043019134182E+03   1.7510343E-16   4.4520565E-17      0
  2.348591185158288E+03   2.0664601E-16   4.6324080E-17      0
  2.350139360277697E+03   1.6660728E-16   4.4700966E-17      0
  2.351687544492566E+03   1.6604293E-16   4.3574260E-17      0
  2.353235737803058E+03   1.9286286E-16   4.5366813E-17      0
  2.354783940209333E+03   1.0710423E-16   3.9784218E-17      0
  2.356332151711551E+03   2.4170289E-16   4.7655721E-17      0
  2.357880372309870E+03   1.4563780E-16   4.2432711E-17      0
  2.359428602004453E+03   1.9507935E-16   4.5451838E-17      0
  2.360976840795461E+03   1.2372758E-16   4.0548867E-17      0
  2.362525088683052E+03   1.6980488E-16   4.3847067E-17      0
  2.364073345667387E+03   1.5705134E-16   4.2711435E-17      0
  2.365621611748626E+03   2.0082295E-16   4.5282007E-17      0
  2.367169886926932E+03   1.7056606E-16   4.3714461E-17      0
  2.368718171202463E+03   1.9073209E-16   4.4055355E-17      0
  2.370266464575378E+03   1.5530280E-16   4.2803678E-17      0
  2.371814767045841E+03   3.0728352E-16   5.1336936E-17      0
  2.373363078614010E+03   2.8335454E-16   5.0773971E-17      0
  2.374911399280046E+03   1.7366538E-16   4.3426754E-17      0
  2.376459729044108E+03   1.5647979E-16   4.1557994E-17      0
  2.378008067906359E+03   2.6405392E-16   4.9486348E-17      0
  2.379556415866958E+03   2.3325207E-16   4.6845094E-17      0
  2.381104772926064E+03   2.0146290E-16   4.4762531E-17      0
  2.382653139083840E+03   1.2663034E-16   4.0847949E-17      0
  2.384201514340445E+03   9.5427751E-17   3.7599501E-17      0
  2.385749898696040E+03   1.5815966E-16   4.2908098E-17      0
  2.387298292150784E+03   2.1587451E-16   4.5430103E-17      0
  2.388846694704839E+03   1.7632572E-16   4.3574869E-17      0
  2.390395106358365E+03   1.3993421E-16   4.0839227E-17      0
  2.391943527111522E+03   1.9557529E-16   4.4151645E-17      0
  2.393491956964471E+03   2.7668109E-16   4.9519743E-17      0
  2.395040395917371E+03   1.3954614E-16   4.0406320E-17      0
  2.396588843970385E+03   1.6163731E-16   4.2302510E-17      0
  2.398137301123671E+03   2.3936084E-16   4.6691173E-17      0
  2.399685767377392E+03   2.0415073E-16   4.4700824E-17      0
  2.401234242731706E+03   1.5654184E-16   4.1981309E-17      0
  2.402782727186774E+03   2.5083862E-16   4.7019113E-17      0
  2.404331220742758E+03   1.3979362E-16   4.0792700E-17      0
  2.405879723399816E+03   1.7456886E-16   4.2295922E-17      0
  2.407428235158111E+03   1.9464358E-16   4.3882319E-17      0
  2.408976756017801E+03   1.1860337E-16   3.9291387E-17      0
  2.410525285979048E+03   1.6316388E-16   4.1537817E-17      0
  2.412073825042013E+03   1.3353787E-16   4.0256535E-17      0
  2.413622373206856E+03   1.9282996E-16   4.3416513E-17      0
  2.415170930473736E+03   1.3992471E-16   4.0428340E-17      0
  2.416719496842816E+03   7.6969765E-17   3.6057567E-17      0
  2.418268072314254E+03   1.8048054E-16   4.3194677E-17      0
  2.419816656888212E+03   1.5019899E-16   4.0912208E-17      0
  2.421365250564851E+03   1.6431207E-16   4.1478906E-17      0
  2.422913853344331E+03   7.6528831E-17   3.6042569E-17      0
  2.424462465226811E+03   1.3930984E-16   4.0457338E-17      0
  2.426011086212454E+03   1.8690630E-16   4.2575115E-17      0
  2.427559716301419E+03   8.8300611E-17   3.6899918E-17      0
  2.429108355493867E+03   2.2059372E-16   4.5295484E-17      0
  2.430657003789959E+03   1.0487797E-16   3.7575493E-17      0
  2.432205661189854E+03   1.7727489E-16   4.3309671E-17      0
  2.433754327693714E+03   1.3936361E-16   4.0233853E-17      0
  2.435303003301699E+03   1.3538918E-16   4.0327149E-17      0
  2.436851688013970E+03   6.7350931E-17   3.4477752E-17      0
  2.438400381830687E+03   1.5885195E-16   4.0980847E-17      0
  2.439949084752011E+03   2.0016451E-16   4.3813610E-17      0
  2.441497796778102E+03   1.7594946E-16   4.2148720E-17      0
  2.443046517909121E+03   1.7445218E-16   4.1700249E-17      0
  2.444595248145229E+03   1.7763575E-16   4.2010846E-17      0
  2.446143987486586E+03   1.0916723E-16   3.7827115E-17      0
  2.447692735933353E+03   1.9973018E-16   4.4015194E-17      0
  2.449241493485689E+03   1.4811605E-16   4.0308068E-17      0
  2.450790260143758E+03   6.6350493E-17   3.4164419E-17      0
  2.452339035907718E+03   2.0591401E-16   4.3647244E-17      0
  2.453887820777729E+03   1.5197036E-16   3.9961760E-17      0
  2.455436614753954E+03   1.1967325E-16   3.8064731E-17      0
  2.456985417836552E+03   2.2492772E-16   4.5071331E-17      0
  2.458534230025684E+03   1.7947065E-16   4.1821444E-17      0
  2.460083051321511E+03   2.2959617E-16   4.5376938E-17      0
  2.461631881724194E+03   9.3246542E-17   3.6450081E-17      0
  2.463180721233891E+03   2.1741417E-16   4.3732252E-17      0
  2.464729569850766E+03   2.1997250E-16   4.4298122E-17      0
  2.466278427574978E+03   2.5775043E-16   4.6162905E-17      0
  2.467827294406688E+03   1.6341776E-16   4.0437532E-17      0
  2.469376170346056E+03   1.3501591E-16   3.8945440E-17      0
  2.470925055393244E+03   1.7393021E-16   4.1161821E-17      0
  2.472473949548412E+03   2.3353257E-16   4.4840190E-17      0
  2.474022852811720E+03   2.4338039E-16   4.5918281E-17      0
  2.475571765183330E+03   2.1639397E-16   4.3424335E-17      0
  2.477120686663402E+03   2.8283714E-16   4.7277366E-17      0
  2.478669617252096E+03   4.4797519E-16   5.6679316E-17      0
  2.480218556949574E+03   3.0557936E-16   4.7362291E-17      0
  2.481767505755995E+03   1.7229150E-16   4.1148265E-17      0
  2.483316463671522E+03   2.5229112E-16   4.5949651E-17      0
  2.484865430696314E+03   2.1376757E-16   4.3379102E-17      0
  2.486414406830532E+03   2.7933325E-16   4.7303789E-17      0
  2.487963392074337E+03   3.0207016E-16   4.8661603E-17      0
  2.489512386427890E+03   2.0919386E-16   4.3201704E-17      0
  2.491061389891351E+03   2.8208839E-16   4.7085946E-17      0
  2.492610402464881E+03   1.4670552E-16   3.9165513E-17      0
  2.494159424148641E+03   2.2286429E-16   4.3906449E-17      0
  2.495708454942791E+03   2.1189096E-16   4.3030710E-17      0
  2.497257494847493E+03   2.0274311E-16   4.2952091E-17      0
  2.498806543862907E+03   2.9067833E-16   4.7127126E-17      0
  2.500355601989194E+03   2.2176147E-16   4.4083879E-17      0
  2.501904669226514E+03   2.6632063E-16   4.6190473E-17      0
  2.503453745575029E+03   2.7031474E-16   4.5929114E-17      0
  2.505002831034899E+03   3.4813332E-16   5.1269174E-17      0
  2.506551925606285E+03   2.2855972E-16   4.3749457E-17      0
  2.508101029289347E+03   2.3580042E-16   4.4793455E-17      0
  2.509650142084247E+03   3.4353107E-16   4.9729774E-17      0
  2.511199263991145E+03   2.4830501E-16   4.4804943E-17      0
  2.512748395010202E+03   3.1903795E-16   4.9266656E-17      0
  2.514297535141579E+03   3.2024182E-16   4.8374571E-17      0
  2.515846684385437E+03   3.2321726E-16   4.9337654E-17      0
  2.517395842741936E+03   2.7039687E-16   4.6889425E-17      0
  2.518945010211237E+03   3.6686810E-16   4.9911856E-17      0
  2.520494186793502E+03   3.3733233E-16   5.0042634E-17      0
  2.522043372488890E+03   2.4319285E-16   4.4508339E-17      0
  2.523592567297564E+03   1.8113633E-16   4.1201658E-17      0
  2.525141771219682E+03   2.5474751E-16   4.5084738E-17      0
  2.526690984255408E+03   2.9621661E-16   4.7007701E-17      0
  2.528240206404900E+03   3.4288291E-16   5.0053566E-17      0
  2.529789437668320E+03   2.8790189E-16   4.6317432E-17      0
  2.531338678045830E+03   3.1442840E-16   4.8106376E-17      0
  2.532887927537589E+03   2.2433848E-16   4.3657792E-17      0
  2.534437186143758E+03   2.5276834E-16   4.4776845E-17      0
  2.535986453864500E+03   3.1193558E-16   4.8154928E-17      0
  2.537535730699974E+03   2.3321633E-16   4.3599714E-17      0
  2.539085016650341E+03   2.9274687E-16   4.6614447E-17      0
  2.540634311715762E+03   3.7025036E-16   5.1769026E-17      0
  2.542183615896399E+03   2.8267342E-16   4.5703300E-17      0
  2.543732929192411E+03   3.4315200E-16   4.9509814E-17      0
  2.545282251603960E+03   2.5188899E-16   4.4741147E-17      0
  2.546831583131207E+03   2.7389832E-16   4.5662120E-17      0
  2.548380923774312E+03   3.0872284E-16   4.7970113E-17      0
  2.549930273533437E+03   2.9499000E-16   4.6010595E-17      0
  2.551479632408742E+03   2.8322503E-16   4.6902653E-17      0
  2.553029000400389E+03   3.4038022E-16   4.8957052E-17      0
  2.554578377508538E+03   2.4176369E-16   4.3448859E-17      0
  2.556127763733351E+03   3.1316486E-16   4.8189815E-17      0
  2.557677159074987E+03   2.2057752E-16   4.2180828E-17      0
  2.559226563533608E+03   3.2386130E-16   4.8292859E-17      0
  2.560775977109376E+03   2.5634952E-16   4.5156359E-17      0
  2.562325399802450E+03   3.0778422E-16   4.6890295E-17      0
  2.563874831612993E+03   2.7196965E-16   4.5612086E-17      0
  2.565424272541164E+03   2.9287715E-16   4.6656911E-17      0
  2.566973722587124E+03   2.0413670E-16   4.1140814E-17      0
  2.568523181751036E+03   2.8740596E-16   4.6741095E-17      0
  2.570072650033060E+03   2.0970921E-16   4.1967581E-17      0
  2.571622127433356E+03   3.1640090E-16   4.8200334E-17      0
  2.573171613952087E+03   2.7875245E-16   4.5999034E-17      0
  2.574721109589411E+03   2.1983816E-16   4.2525557E-17      0
  2.576270614345492E+03   1.8227792E-16   4.0001204E-17      0
  2.577820128220489E+03   1.7962613E-16   4.0309861E-17      0
  2.579369651214563E+03   2.8926466E-16   4.5592749E-17      0
  2.580919183327876E+03   3.1554968E-16   4.8100450E-17      0
  2.582468724560590E+03   2.2351331E-16   4.2706574E-17      0
  2.584018274912864E+03   1.7942780E-16   4.0724213E-17      0
  2.585567834384860E+03   2.3893097E-16   4.2842149E-17      0
  2.587117402976738E+03   2.1356779E-16   4.2434792E-17      0
  2.588666980688660E+03   2.1316348E-16   4.2240706E-17      0
  2.590216567520787E+03   2.9431539E-16   4.6826211E-17      0
  2.591766163473279E+03   1.6133808E-16   3.9139950E-17      0
  2.593315768546299E+03   2.1975073E-16   4.2814974E-17      0
  2.594865382740007E+03   1.8795748E-16   4.0292226E-17      0
  2.596415006054563E+03   2.2552853E-16   4.2764583E-17      0
  2.597964638490129E+03   2.5945887E-16   4.4284775E-17      0
  2.599514280046867E+03   2.0373177E-16   4.1740186E-17      0
  2.601063930724937E+03   1.9142522E-16   4.0933069E-17      0
  2.602613590524500E+03   1.7710513E-16   4.0104701E-17      0
  2.604163259445717E+03   2.9744176E-16   4.6432143E-17      0
  2.605712937488750E+03   3.2573637E-16   4.8470878E-17      0
  2.607262624653758E+03   1.8551956E-16   4.0699622E-17      0
  2.608812320940905E+03   2.2776687E-16   4.2618340E-17      0
  2.610362026350350E+03   3.4088237E-16   4.9161653E-17      0
  2.611911740882255E+03   2.3766847E-16   4.3817683E-17      0
  2.613461464536781E+03   3.0338600E-16   4.7001977E-17      0
  2.615011197314089E+03   3.5945445E-16   5.0228819E-17      0
  2.616560939214339E+03   3.3751285E-16   4.9345142E-17      0
  2.618110690237695E+03   3.3790749E-16   4.8163938E-17      0
  2.619660450384314E+03   3.1270897E-16   4.7284685E-17      0
  2.621210219654361E+03   2.9805567E-16   4.7117743E-17      0
  2.622759998047995E+03   2.7880632E-16   4.5950833E-17      0
  2.624309785565378E+03   3.4642573E-16   4.9154540E-17      0
  2.625859582206670E+03   2.8478950E-16   4.6448001E-17      0
  2.627409387972034E+03   2.5868773E-16   4.4837927E-17      0
  2.628959202861630E+03   3.2166254E-16   4.8170800E-17      0
  2.630509026875618E+03   3.1823936E-16   4.8037369E-17      0
  2.632058860014162E+03   3.0621962E-16   4.7218877E-17      0
  2.633608702277421E+03   3.5727244E-16   5.0153853E-17      0
  2.635158553665557E+03   3.4460448E-16   4.9294340E-17      0
  2.636708414178730E+03   3.5997201E-16   5.0143470E-17      0
  2.638258283817103E+03   4.6567542E-16   5.5314626E-17      0
  2.639808162580836E+03   3.4543195E-16   4.9479211E-17      0
  2.641358050470091E+03   4.3126053E-16   5.3256661E-17      0
  2.642907947485028E+03   4.5769044E-16   5.5024299E-17      0
  2.644457853625809E+03   4.5221353E-16   5.4238312E-17      0
  2.646007768892595E+03   4.2326353E-16   5.3910596E-17      0
  2.647557693285548E+03   4.1412775E-16   5.2757748E-17      0
  2.649107626804828E+03   4.6884867E-16   5.4703515E-17      0
  2.650657569450596E+03   5.3415650E-16   5.8067867E-17      0
  2.652207521223015E+03   3.9200939E-16   5.1848362E-17      0
  2.653757482122245E+03   5.2598830E-16   5.6931573E-17      0
  2.655307452148447E+03   4.8955958E-16   5.6153785E-17      0
  2.656857431301783E+03   5.0505944E-16   5.7415883E-17      0
  2.658407419582413E+03   5.0233300E-16   5.6995702E-17      0
  2.659957416990499E+03   4.8673615E-16   5.6502504E-17      0
  2.661507423526204E+03   3.8425520E-16   5.0933593E-17      0
  2.663057439189686E+03   5.0198915E-16   5.6566177E-17      0
  2.664607463981108E+03   5.0739343E-16   5.6932062E-17      0
  2.666157497900632E+03   5.3943230E-16   5.8117558E-17      0
  2.667707540948418E+03   5.5018226E-16   6.0378878E-17      0
  2.669257593124627E+03   5.0294106E-16   5.6188996E-17      0
  2.670807654429422E+03   4.6352740E-16   5.5803728E-17      0
  2.672357724862963E+03   5.6510227E-16   5.9694309E-17      0
  2.673907804425411E+03   6.8478400E-16   6.3824052E-17      0
  2.675457893116928E+03   5.9705658E-16   6.1214648E-17      0
  2.677007990937675E+03   4.7812808E-16   5.5548586E-17      0
  2.678558097887814E+03   6.8979065E-16   6.4454919E-17      0
  2.680108213967505E+03   5.9824767E-16   6.2312588E-17      0
  2.681658339176911E+03   5.5589226E-16   5.8702950E-17      0
  2.683208473516192E+03   7.4426487E-16   6.7629049E-17      0
  2.684758616985509E+03   6.5429060E-16   6.2896345E-17      0
  2.686308769585024E+03   7.0002371E-16   6.5536203E-17      0
  2.687858931314898E+03   6.8713160E-16   6.4827203E-17      0
  2.689409102175294E+03   7.3589481E-16   6.7551036E-17      0
  2.690959282166371E+03   6.6751241E-16   6.3169322E-17      0
  2.692509471288291E+03   7.4948202E-16   6.6531983E-17      0
  2.694059669541216E+03   6.6125734E-16   6.4771557E-17      0
  2.695609876925308E+03   6.4169146E-16   6.2435268E-17      0
  2.697160093440727E+03   7.1055646E-16   6.5629165E-17      0
  2.698710319087634E+03   6.1028798E-16   6.2766213E-17      0
  2.700260553866191E+03   7.8626109E-16   6.8200413E-17      0
  2.701810797776560E+03   6.7879346E-16   6.5221252E-17      0
  2.703361050818902E+03   7.8225123E-16   6.7741295E-17      0
  2.704911312993378E+03   8.1770538E-16   7.0032472E-17      0
  2.706461584300150E+03   8.9473689E-16   7.3023968E-17      0
  2.708011864739379E+03   8.2178496E-16   6.9865461E-17      0
  2.709562154311226E+03   7.9181688E-16   6.8831492E-17      0
  2.711112453015853E+03   9.0145312E-16   7.2735626E-17      0
  2.712662760853421E+03   9.3061223E-16   7.3634030E-17      0
  2.714213077824092E+03   9.8207096E-16   7.5863864E-17      0
  2.715763403928027E+03   1.0186681E-15   7.8008234E-17      0
  2.717313739165388E+03   8.9548895E-16   7.2947927E-17      0
  2.718864083536335E+03   1.1348810E-15   8.0124288E-17      0
  2.720414437041031E+03   8.6132679E-16   7.1797768E-17      0
  2.721964799679636E+03   8.4053853E-16   7.0696109E-17      0
  2.723515171452313E+03   1.0635222E-15   7.8571597E-17      0
  2.725065552359223E+03   1.1110086E-15   7.9216559E-17      0
  2.726615942400525E+03   1.1307524E-15   8.0309596E-17      0
  2.728166341576385E+03   9.9223981E-16   7.6085681E-17      0
  2.729716749886961E+03   1.0923938E-15   7.8822305E-17      0
  2.731267167332415E+03   1.0656166E-15   7.9651742E-17      0
  2.732817593912910E+03   1.2432921E-15   8.3717640E-17      0
  2.734368029628605E+03   1.2232027E-15   8.3802349E-17      0
  2.735918474479664E+03   1.0460156E-15   7.7883892E-17      0
  2.737468928466247E+03   1.1139905E-15   8.0632646E-17      0
  2.739019391588516E+03   1.1047082E-15   8.0429841E-17      0
  2.740569863846632E+03   1.2053863E-15   8.2707659E-17      0
  2.742120345240758E+03   1.0362310E-15   7.7898689E-17      0
  2.743670835771053E+03   1.2016322E-15   8.4000152E-17      0
  2.745221335437680E+03   1.2802915E-15   8.6040052E-17      0
  2.746771844240801E+03   1.1710258E-15   8.3211868E-17      0
  2.748322362180576E+03   1.2758230E-15   8.5801208E-17      0
  2.749872889257168E+03   1.0798137E-15   8.0581070E-17      0
  2.751423425470738E+03   1.3450603E-15   8.8988726E-17      0
  2.752973970821448E+03   1.3656932E-15   8.7276932E-17      0
  2.754524525309459E+03   1.2513645E-15   8.5971018E-17      0
  2.756075088934932E+03   1.1713173E-15   8.3557173E-17      0
  2.757625661698029E+03   1.3676738E-15   8.9574012E-17      0
  2.759176243598911E+03   1.3977224E-15   9.0220186E-17      0
  2.760726834637741E+03   1.3289824E-15   8.7349862E-17      0
  2.762277434814680E+03   1.2702189E-15   8.7184499E-17      0
  2.763828044129888E+03   1.4592387E-15   9.2930559E-17      0
  2.765378662583529E+03   1.5391726E-15   9.2925940E-17      0
  2.766929290175763E+03   1.4222372E-15   9.2365065E-17      0
  2.768479926906752E+03   1.3258753E-15   8.6594177E-17      0
  2.770030572776658E+03   1.3588555E-15   8.8716901E-17      0
  2.771581227785642E+03   1.4606761E-15   9.3316369E-17      0
  2.773131891933866E+03   1.4631772E-15   9.0906481E-17      0
  2.774682565221491E+03   1.5205567E-15   9.3674466E-17      0
  2.776233247648679E+03   1.5242470E-15   9.4586965E-17      0
  2.777783939215592E+03   1.4802863E-15   9.1083597E-17      0
  2.779334639922391E+03   1.4327481E-15   9.3046126E-17      0
  2.780885349769237E+03   1.5219200E-15   9.3558257E-17      0
  2.782436068756293E+03   1.5661728E-15   9.6904963E-17      0
  2.783986796883720E+03   1.6001081E-15   9.6980078E-17      0
  2.785537534151680E+03   1.4836209E-15   9.4483858E-17      0
  2.787088280560334E+03   1.5921957E-15   9.6520622E-17      0
  2.788639036109844E+03   1.6948079E-15   1.0023382E-16      0
  2.790189800800372E+03   1.8536533E-15   1.0445097E-16      0
  2.791740574632079E+03   1.6995759E-15   1.0111561E-16      0
  2.793291357605127E+03   1.6280975E-15   9.9082063E-17      0
  2.794842149719677E+03   1.5530369E-15   9.7664196E-17      0
  2.796392950975891E+03   1.1854369E-15   8.4263122E-17      0
  2.797943761373931E+03   9.6521374E-16   7.7986184E-17      0
  2.799494580913959E+03   1.0301878E-15   8.1033716E-17      0
  2.801045409596137E+03   1.4257464E-15   9.2185276E-17      0
  2.802596247420625E+03   1.5076470E-15   9.6814178E-17      0
  2.804147094387586E+03   1.2348797E-15   8.7499655E-17      0
  2.805697950497181E+03   1.2917646E-15   8.8359784E-17      0
  2.807248815749572E+03   1.7378147E-15   1.0115594E-16      0
  2.808799690144921E+03   1.8551305E-15   1.0441348E-16      0
  2.810350573683389E+03   1.7495646E-15   1.0280563E-16      0
  2.811901466365138E+03   2.0281236E-15   1.0983881E-16      0
  2.813452368190330E+03   2.0057611E-15   1.1066462E-16      0
  2.815003279159127E+03   2.1823058E-15   1.1471083E-16      0
  2.816554199271690E+03   2.2482200E-15   1.1457430E-16      0
  2.818105128528181E+03   2.2654898E-15   1.1571727E-16      0
  2.819656066928761E+03   2.1834978E-15   1.1387229E-16      0
  2.821207014473594E+03   1.9278258E-15   1.0831086E-16      0
  2.822757971162839E+03   1.7493780E-15   1.0241373E-16      0
  2.824308936996659E+03   1.5695137E-15   9.7545585E-17      0
  2.825859911975217E+03   2.0032873E-15   1.1076617E-16      0
  2.827410896098672E+03   2.2773648E-15   1.1473379E-16      0
  2.828961889367188E+03   2.1292282E-15   1.1246021E-16      0
  2.830512891780926E+03   2.0179884E-15   1.0992262E-16      0
  2.832063903340047E+03   2.2147038E-15   1.1404961E-16      0
  2.833614924044714E+03   2.4334628E-15   1.2126022E-16      0
  2.835165953895088E+03   2.6631885E-15   1.2389895E-16      0
  2.836716992891333E+03   2.7140272E-15   1.2704165E-16      0
  2.838268041033607E+03   2.7201434E-15   1.2678380E-16      0
  2.839819098322074E+03   2.6128523E-15   1.2372964E-16      0
  2.841370164756896E+03   2.8050248E-15   1.2992169E-16      0
  2.842921240338234E+03   3.0421428E-15   1.3343216E-16      0
  2.844472325066250E+03   2.9556793E-15   1.3267372E-16      0
  2.846023418941106E+03   2.8604176E-15   1.3156969E-16      0
  2.847574521962964E+03   3.3755769E-15   1.3999614E-16      0
  2.849125634131986E+03   3.2367172E-15   1.3993835E-16      0
  2.850676755448333E+03   3.3095811E-15   1.3999815E-16      0
  2.852227885912167E+03   3.2201647E-15   1.3702648E-16      0
  2.853779025523650E+03   2.7684507E-15   1.3158579E-16      0
  2.855330174282944E+03   3.4651368E-15   1.4350750E-16      0
  2.856881332190211E+03   3.4519970E-15   1.4612140E-16      0
  2.858432499245613E+03   3.8542388E-15   1.5005426E-16      0
  2.859983675449311E+03   3.9389205E-15   1.5229200E-16      0
  2.861534860801468E+03   3.9915365E-15   1.5586161E-16      0
  2.863086055302245E+03   3.7589298E-15   1.4934526E-16      0
  2.864637258951804E+03   4.0640268E-15   1.5569021E-16      0
  2.866188471750307E+03   4.1678438E-15   1.5857844E-16      0
  2.867739693697915E+03   4.5021923E-15   1.6560762E-16      0
  2.869290924794792E+03   4.0716666E-15   1.5932815E-16      0
  2.870842165041098E+03   4.6304860E-15   1.6726767E-16      0
  2.872393414436996E+03   4.3404298E-15   1.6260347E-16      0
  2.873944672982647E+03   4.4430774E-15   1.6237113E-16      0
  2.875495940678214E+03   4.4615457E-15   1.6458587E-16      0
  2.877047217523857E+03   4.8402914E-15   1.7153308E-16      0
  2.878598503519740E+03   4.7570721E-15   1.7295005E-16      0
  2.880149798666024E+03   4.4801542E-15   1.6646729E-16      0
  2.881701102962872E+03   4.6383118E-15   1.6952993E-16      0
  2.883252416410443E+03   4.7091136E-15   1.7085295E-16      0
  2.884803739008903E+03   5.3231277E-15   1.8128860E-16      0
  2.886355070758410E+03   4.8604466E-15   1.7391891E-16      0
  2.887906411659129E+03   4.9342973E-15   1.7847379E-16      0
  2.889457761711220E+03   5.1878727E-15   1.8205569E-16      0
  2.891009120914846E+03   5.3672670E-15   1.8407604E-16      0
  2.892560489270169E+03   5.4683884E-15   1.8566660E-16      0
  2.894111866777350E+03   5.1740402E-15   1.8010717E-16      0
  2.895663253436552E+03   5.4188780E-15   1.8276126E-16      0
  2.897214649247936E+03   5.3131980E-15   1.8555094E-16      0
  2.898766054211665E+03   5.3172531E-15   1.8328532E-16      0
  2.900317468327901E+03   5.3258687E-15   1.8732331E-16      0
  2.901868891596804E+03   5.1219087E-15   1.7844983E-16      0
  2.903420324018539E+03   5.1232500E-15   1.7906785E-16      0
  2.904971765593265E+03   5.7391687E-15   1.9492123E-16      0
  2.906523216321146E+03   4.8980824E-15   1.7616438E-16      0
  2.908074676202344E+03   5.3915367E-15   1.8813224E-16      0
  2.909626145237020E+03   5.3134995E-15   1.8629602E-16      0
  2.911177623425337E+03   5.2046028E-15   1.8261246E-16      0
  2.912729110767457E+03   5.3235322E-15   1.8781918E-16      0
  2.914280607263540E+03   5.3441447E-15   1.8762647E-16      0
  2.915832112913751E+03   5.5259765E-15   1.8928302E-16      0
  2.917383627718250E+03   4.9970057E-15   1.8155819E-16      0
  2.918935151677200E+03   4.8897035E-15   1.8325429E-16      0
  2.920486684790762E+03   5.2263724E-15   1.8574064E-16      0
  2.922038227059099E+03   5.1708757E-15   1.8677426E-16      0
  2.923589778482373E+03   5.0410327E-15   1.8379425E-16      0
  2.925141339060746E+03   4.9797787E-15   1.8329019E-16      0
  2.926692908794380E+03   4.9171711E-15   1.8411668E-16      0
  2.928244487683437E+03   4.8030698E-15   1.8146725E-16      0
  2.929796075728079E+03   4.8349441E-15   1.8293193E-16      0
  2.931347672928468E+03   4.6386874E-15   1.8259599E-16      0
  2.932899279284767E+03   4.8717989E-15   1.8298219E-16      0
  2.934450894797136E+03   4.5717426E-15   1.8014781E-16      0
  2.936002519465739E+03   4.9681786E-15   1.8486497E-16      0
  2.937554153290738E+03   4.6246224E-15   1.7942770E-16      0
  2.939105796272294E+03   4.4030691E-15   1.7636909E-16      0
  2.940657448410570E+03   4.7487382E-15   1.8170851E-16      0
  2.942209109705728E+03   4.1017393E-15   1.7283335E-16      0
  2.943760780157930E+03   4.5109464E-15   1.7903783E-16      0
  2.945312459767337E+03   4.1559964E-15   1.7490336E-16      0
  2.946864148534113E+03   4.4947409E-15   1.7804815E-16      0
  2.948415846458420E+03   4.1576333E-15   1.7478991E-16      0
  2.949967553540419E+03   4.2076408E-15   1.7503991E-16      0
  2.951519269780272E+03   4.3988704E-15   1.7917576E-16      0
  2.953070995178142E+03   4.4407460E-15   1.8170980E-16      0
  2.954622729734192E+03   4.5636339E-15   1.8383685E-16      0
  2.956174473448582E+03   4.1691114E-15   1.7760523E-16      0
  2.957726226321475E+03   4.5481002E-15   1.8386220E-16      0
  2.959277988353034E+03   4.8208131E-15   1.9005273E-16      0
  2.960829759543420E+03   4.5180966E-15   1.8313140E-16      0
  2.962381539892796E+03   4.7710825E-15   1.9324212E-16      0
  2.963933329401324E+03   4.4954567E-15   1.8032242E-16      0
  2.965485128069166E+03   5.0872625E-15   1.9896460E-16      0
  2.967036935896484E+03   5.0941493E-15   1.9747156E-16      0
  2.968588752883442E+03   4.8468428E-15   1.9301381E-16      0
  2.970140579030199E+03   4.9133239E-15   1.9832374E-16      0
  2.971692414336919E+03   5.0615618E-15   1.9393501E-16      0
  2.973244258803765E+03   5.2132070E-15   2.0500903E-16      0
  2.974796112430898E+03   4.8233283E-15   1.9678600E-16      0
  2.976347975218479E+03   5.4027281E-15   2.0490664E-16      0
  2.977899847166674E+03   5.3429165E-15   2.0926402E-16      0
  2.979451728275641E+03   5.6321609E-15   2.1290930E-16      0
  2.981003618545546E+03   5.4283038E-15   2.0882701E-16      0
  2.982555517976548E+03   5.6237499E-15   2.1542150E-16      0
  2.984107426568812E+03   5.4427203E-15   2.1051765E-16      0
  2.985659344322497E+03   5.7547101E-15   2.1670560E-16      0
  2.987211271237769E+03   5.6999049E-15   2.1867983E-16      0
  2.988763207314787E+03   5.4302397E-15   2.1114013E-16      0
  2.990315152553716E+03   6.3208017E-15   2.3058069E-16      0
  2.991867106954716E+03   5.7952571E-15   2.1968695E-16      0
  2.993419070517951E+03   6.1689397E-15   2.2771245E-16      0
  2.994971043243582E+03   6.1337743E-15   2.2792645E-16      0
  2.996523025131772E+03   5.8385515E-15   2.2506092E-16      0
  2.998075016182683E+03   5.9755430E-15   2.2810282E-16      0
  2.999627016396477E+03   6.0040050E-15   2.2651045E-16      0
  3.001179025773316E+03   6.0639622E-15   2.3253551E-16      0
  3.002731044313365E+03   6.5493642E-15   2.3958610E-16      0
  3.004283072016782E+03   6.4038846E-15   2.4028186E-16      0
  3.005835108883733E+03   6.1333948E-15   2.3524673E-16      0
  3.007387154914378E+03   5.5728631E-15   2.2126503E-16      0
  3.008939210108881E+03   6.0940687E-15   2.3613730E-16      0
  3.010491274467402E+03   5.8454777E-15   2.3157770E-16      0
  3.012043347990106E+03   6.0255667E-15   2.3680220E-16      0
  3.013595430677155E+03   6.0563508E-15   2.3861172E-16      0
  3.015147522528709E+03   5.8061440E-15   2.3604217E-16      0
  3.016699623544933E+03   5.3937876E-15   2.2181820E-16      0
  3.018251733725987E+03   6.2131175E-15   2.4552558E-16      0
  3.019803853072035E+03   5.5647502E-15   2.2980787E-16      0
  3.021355981583239E+03   5.8208646E-15   2.3741730E-16      0
  3.022908119259761E+03   5.5978256E-15   2.3220463E-16      0
  3.024460266101764E+03   5.5776755E-15   2.3577779E-16      0
  3.026012422109410E+03   5.7826435E-15   2.3841987E-16      0
  3.027564587282860E+03   5.7811816E-15   2.3868150E-16      0
  3.029116761622280E+03   5.4852426E-15   2.3895842E-16      0
  3.030668945127828E+03   5.5906830E-15   2.3519834E-16      0
  3.032221137799670E+03   5.4513160E-15   2.3749957E-16      0
  3.033773339637966E+03   5.6361708E-15   2.4202804E-16      0
  3.035325550642880E+03   5.8215118E-15   2.4819669E-16      0
  3.036877770814574E+03   5.8352447E-15   2.4867164E-16      0
  3.038430000153209E+03   5.5781749E-15   2.4052591E-16      0
  3.039982238658949E+03   5.7098775E-15   2.4956357E-16      0
  3.041534486331956E+03   5.8439183E-15   2.4858588E-16      0
  3.043086743172393E+03   5.4620970E-15   2.4466404E-16      0
  3.044639009180421E+03   5.2719597E-15   2.4300330E-16      0
  3.046191284356204E+03   5.6684097E-15   2.4747436E-16      0
  3.047743568699903E+03   5.4819612E-15   2.5135459E-16      0
  3.049295862211681E+03   5.7609908E-15   2.5141465E-16      0
  3.050848164891700E+03   5.4581710E-15   2.4816289E-16      0
  3.052400476740124E+03   5.6276522E-15   2.5452157E-16      0
  3.053952797757115E+03   5.8241507E-15   2.5914888E-16      0
  3.055505127942833E+03   6.2888211E-15   2.6873849E-16      0
  3.057057467297444E+03   6.4159040E-15   2.7382984E-16      0
  3.058609815821108E+03   6.2726589E-15   2.7019234E-16      0
  3.060162173513989E+03   6.6881027E-15   2.8645630E-16      0
  3.061714540376249E+03   6.5123603E-15   2.7907348E-16      0
  3.063266916408050E+03   6.3971151E-15   2.7748664E-16      0
  3.064819301609554E+03   6.5153207E-15   2.8755270E-16      0
  3.066371695980925E+03   6.2823565E-15   2.7626758E-16      0
  3.067924099522325E+03   6.6756310E-15   2.9401541E-16      0
  3.069476512233916E+03   6.8143750E-15   2.8917167E-16      0
  3.071028934115861E+03   6.4775752E-15   2.8574339E-16      0
  3.072581365168322E+03   6.7696605E-15   2.9387607E-16      0
  3.074133805391462E+03   7.2380710E-15   3.0375266E-16      0
  3.075686254785444E+03   7.1687456E-15   3.0247279E-16      0
  3.077238713350429E+03   7.0104305E-15   3.0126077E-16      0
  3.078791181086581E+03   6.9726897E-15   3.0714063E-16      0
  3.080343657994061E+03   7.9884872E-15   3.2616372E-16      0
  3.081896144073034E+03   7.2753269E-15   3.1279050E-16      0
  3.083448639323660E+03   7.4083577E-15   3.1754310E-16      0
  3.085001143746103E+03   8.3874092E-15   3.3654337E-16      0
  3.086553657340525E+03   7.6100023E-15   3.2513741E-16      0
  3.088106180107089E+03   7.5494793E-15   3.2549427E-16      0
  3.089658712045957E+03   7.6346374E-15   3.2958693E-16      0
  3.091211253157292E+03   7.8403995E-15   3.3367322E-16      0
  3.092763803441256E+03   8.1585781E-15   3.4427506E-16      0
  3.094316362898013E+03   7.6639871E-15   3.3255628E-16      0
  3.095868931527724E+03   7.2769693E-15   3.2640264E-16      0
  3.097421509330552E+03   7.8591181E-15   3.4415303E-16      0
  3.098974096306660E+03   8.9100641E-15   3.6343783E-16      0
  3.100526692456210E+03   8.1489779E-15   3.5448276E-16      0
  3.102079297779366E+03   8.0249816E-15   3.5212401E-16      0
  3.103631912276289E+03   8.3970069E-15   3.5819321E-16      0
  3.105184535947142E+03   8.3924304E-15   3.5991648E-16      0
  3.106737168792088E+03   8.9716578E-15   3.7651663E-16      0
  3.108289810811289E+03   9.4999751E-15   3.8977714E-16      0
  3.109842462004910E+03   9.3915210E-15   3.8824253E-16      0
  3.111395122373110E+03   9.1982637E-15   3.8912596E-16      0
  3.112947791916054E+03   1.0371301E-14   4.1202216E-16      0
  3.114500470633904E+03   1.0149450E-14   4.0176591E-16      0
  3.116053158526822E+03   9.5066438E-15   4.0192783E-16      0
  3.117605855594972E+03   8.9424174E-15   3.8668655E-16      0
  3.119158561838516E+03   9.6086435E-15   4.0730148E-16      0
  3.120711277257616E+03   9.6466965E-15   4.0934987E-16      0
  3.122264001852436E+03   9.1251935E-15   3.9596617E-16      0
  3.123816735623137E+03   9.3909120E-15   4.1401009E-16      0
  3.125369478569884E+03   9.0693766E-15   3.9803129E-16      0
  3.126922230692838E+03   9.6461891E-15   4.2192471E-16      0
  3.128474991992161E+03   9.4370812E-15   4.1581162E-16      0
  3.130027762468018E+03   9.1858589E-15   4.1583269E-16      0
  3.131580542120570E+03   8.8623795E-15   4.0889327E-16      0
  3.133133330949980E+03   9.2647676E-15   4.1744309E-16      0
  3.134686128956411E+03   9.2335417E-15   4.2194483E-16      0
  3.136238936140026E+03   8.2366432E-15   3.9153963E-16      0
  3.137791752500986E+03   9.7706546E-15   4.3443280E-16      0
  3.139344578039456E+03   8.8119658E-15   4.1473798E-16      0
  3.140897412755597E+03   8.5629754E-15   4.1800944E-16      0
  3.142450256649573E+03   8.1417019E-15   4.1159988E-16      0
  3.144003109721546E+03   8.4529983E-15   4.1628445E-16      0
  3.145555971971679E+03   8.5403359E-15   4.1773185E-16      0
  3.147108843400134E+03   8.5309355E-15   4.2411946E-16      0
  3.148661724007075E+03   7.9375254E-15   4.0397590E-16      0
  3.150214613792664E+03   8.4091771E-15   4.2824829E-16      0
  3.151767512757064E+03   6.0656038E-15   3.3387027E-16   2560
  3.153320420900438E+03   5.4314192E-15   3.4447824E-16   2564
  3.154873338222948E+03   9.7548820E-15   4.6305475E-16   2564
  3.156426264724758E+03   1.6387284E-14   6.0459412E-16   2564
  3.157979200406029E+03   1.2012828E-16   5.1869482E-17   2564
