

  1.663260508638540E+03   7.7228737E-15
  1.664630884616185E+03   1.8528502E-14
  1.666001275575852E+03  -1.5594559E-14
  1.667371681486139E+03   1.3014839E-14
  1.668742102315637E+03   5.3644295E-15
  1.670112538032935E+03  -1.4498680E-15
  1.671482988606619E+03   1.4592106E-14
  1.672853454005270E+03   1.9098416E-14
  1.674223934197468E+03   2.4247064E-14
  1.675594429151786E+03  -2.5849578E-15
  1.676964938836798E+03   2.1254832E-14
  1.678335463221071E+03   2.2533109E-14
  1.679706002273170E+03   3.1468341E-14
  1.681076555961658E+03  -1.5753785E-14
  1.682447124255091E+03  -1.4270040E-14
  1.683817707122025E+03   5.3344797E-15
  1.685188304531011E+03   3.5101327E-14
  1.686558916450597E+03   1.3775099E-12
  1.687929542849328E+03   2.6933935E-14
  1.689300183695745E+03   1.7399027E-14
  1.690670838958387E+03   4.2247488E-15
  1.692041508605787E+03   3.1960125E-14
  1.693412192606479E+03   8.6671833E-15
  1.694782890928988E+03   9.3355999E-15
  1.696153603541841E+03   3.2935593E-15
  1.697524330413557E+03   2.7688213E-14
  1.698895071512657E+03   1.6135475E-14
  1.700265826807654E+03   1.0058385E-14
  1.701636596267060E+03   2.9587230E-14
  1.703007379859384E+03   2.6700145E-14
  1.704378177553129E+03   2.2806376E-14
  1.705748989316799E+03   1.8173122E-15
  1.707119815118891E+03   7.5540262E-15
  1.708490654927901E+03   4.5708456E-15
  1.709861508712321E+03   2.1662985E-14
  1.711232376440639E+03   3.1853064E-14
  1.712603258081341E+03  -1.7305227E-14
  1.713974153602910E+03  -1.4907622E-15
  1.715345062973824E+03   2.6164231E-14
  1.716715986162559E+03  -4.6303801E-15
  1.718086923137588E+03   2.2238759E-14
  1.719457873867381E+03   1.0917448E-14
  1.720828838320404E+03   1.0574849E-14
  1.722199816465119E+03   6.5038490E-14
  1.723570808269988E+03   4.0208590E-15
  1.724941813703466E+03   2.0361334E-14
  1.726312832734008E+03   2.2528747E-14
  1.727683865330064E+03  -2.8520968E-14
  1.729054911460081E+03   1.4370102E-14
  1.730425971092503E+03   6.4155148E-15
  1.731797044195772E+03  -5.5284489E-15
  1.733168130738326E+03   6.3584226E-15
  1.734539230688599E+03   5.1029551E-15
  1.735910344015023E+03  -3.3308260E-15
  1.737281470686027E+03   1.8039349E-14
  1.738652610670037E+03  -6.7913818E-15
  1.740023763935475E+03   9.1467793E-15
  1.741394930450760E+03   1.5483693E-14
  1.742766110184308E+03   8.8067725E-16
  1.744137303104534E+03   7.4147943E-15
  1.745508509179846E+03   4.6585817E-15
  1.746879728378653E+03   1.1243335E-14
  1.748250960669359E+03  -1.8716402E-15
  1.749622206020364E+03   1.2324124E-14
  1.750993464400067E+03   1.7252743E-14
  1.752364735776862E+03  -1.1948027E-15
  1.753736020119142E+03   8.2926999E-15
  1.755107317395296E+03   9.0992667E-15
  1.756478627573709E+03   1.4836509E-14
  1.757849950622765E+03   1.4416787E-14
  1.759221286510844E+03  -2.5432063E-15
  1.760592635206323E+03   6.3265873E-15
  1.761963996677576E+03   1.7877911E-14
  1.763335370892974E+03   3.9131088E-15
  1.764706757820886E+03   2.2318780E-15
  1.766078157429676E+03   9.7863307E-16
  1.767449569687707E+03   9.4704873E-15
  1.768820994563338E+03   2.7216357E-15
  1.770192432024925E+03   6.9911897E-15
  1.771563882040823E+03   8.7002151E-15
  1.772935344579382E+03   7.3115360E-16
  1.774306819608948E+03   7.8466633E-15
  1.775678307097869E+03   3.1674858E-15
  1.777049807014484E+03   7.3213174E-15
  1.778421319327133E+03   1.7456439E-14
  1.779792844004153E+03   6.9130217E-15
  1.781164381013876E+03   2.9139051E-15
  1.782535930324634E+03   5.2561952E-15
  1.783907491904753E+03   4.0123286E-15
  1.785279065722558E+03   1.6900027E-14
  1.786650651746371E+03   8.6600640E-15
  1.788022249944511E+03   2.8014304E-15
  1.789393860285295E+03  -3.1358079E-15
  1.790765482737035E+03   8.9141841E-15
  1.792137117268042E+03   7.8999544E-15
  1.793508763846625E+03   1.5908935E-15
  1.794880422441087E+03   8.8775482E-15
  1.796252093019732E+03  -1.4876357E-15
  1.797623775550859E+03   6.3607033E-15
  1.798995470002763E+03   5.8816405E-15
  1.800367176343740E+03   2.8018319E-15
  1.801738894542080E+03   3.4277348E-15
  1.803110624566071E+03   8.3890855E-15
  1.804482366384000E+03   1.1807677E-14
  1.805854119964148E+03   5.1626366E-15
  1.807225885274796E+03   8.4355511E-15
  1.808597662284222E+03   1.4077693E-14
  1.809969450960700E+03   7.0175494E-15
  1.811341251272502E+03   7.7691268E-15
  1.812713063187898E+03   1.4786068E-14
  1.814084886675153E+03   1.1778493E-14
  1.815456721702532E+03   5.5411019E-15
  1.816828568238296E+03   9.0774098E-15
  1.818200426250703E+03   1.4087324E-14
  1.819572295708010E+03   6.9187239E-15
  1.820944176578470E+03   4.3632293E-15
  1.822316068830332E+03   2.7508301E-14
  1.823687972431845E+03   1.2112049E-14
  1.825059887351255E+03   1.0497809E-14
  1.826431813556803E+03   6.0111832E-15
  1.827803751016730E+03   4.7756099E-15
  1.829175699699273E+03   6.2996225E-15
  1.830547659572667E+03   1.0496644E-14
  1.831919630605144E+03   9.1142304E-15
  1.833291612764934E+03   1.0614821E-14
  1.834663606020263E+03   2.3230503E-15
  1.836035610339356E+03   6.0148627E-15
  1.837407625690436E+03   1.3374306E-14
  1.838779652041720E+03   8.7159131E-15
  1.840151689361427E+03   1.3032910E-14
  1.841523737617769E+03   8.7762845E-15
  1.842895796778959E+03   1.0848963E-14
  1.844267866813205E+03   7.4081391E-15
  1.845639947688715E+03   1.0252818E-14
  1.847012039373692E+03   1.6108002E-14
  1.848384141836338E+03   8.4900323E-15
  1.849756255044851E+03   9.2681549E-15
  1.851128378967429E+03   1.2586163E-14
  1.852500513572265E+03   8.5493449E-15
  1.853872658827550E+03   1.0034853E-14
  1.855244814701475E+03   1.2284995E-14
  1.856616981162224E+03   1.2634930E-14
  1.857989158177983E+03   6.8355538E-15
  1.859361345716934E+03   8.2224199E-15
  1.860733543747254E+03   1.0164699E-14
  1.862105752237122E+03   1.4809275E-14
  1.863477971154711E+03   7.2801160E-15
  1.864850200468193E+03   3.5764912E-15
  1.866222440145738E+03   1.1474319E-14
  1.867594690155513E+03   9.2992054E-15
  1.868966950465682E+03   9.4202922E-15
  1.870339221044407E+03   9.4098279E-15
  1.871711501859850E+03   9.8189931E-15
  1.873083792880166E+03   1.1235076E-14
  1.874456094073511E+03   1.3298024E-14
  1.875828405408039E+03   1.5327232E-14
  1.877200726851898E+03   6.2772697E-15
  1.878573058373238E+03   1.2711395E-14
  1.879945399940204E+03   1.0949958E-14
  1.881317751520939E+03   9.9242260E-15
  1.882690113083584E+03   1.5664751E-14
  1.884062484596278E+03   1.5625032E-14
  1.885434866027157E+03   1.6300527E-14
  1.886807257344356E+03   1.0290292E-14
  1.888179658516006E+03   1.6253952E-14
  1.889552069510236E+03   1.6969860E-14
  1.890924490295174E+03   1.5378354E-14
  1.892296920838944E+03   1.8293474E-14
  1.893669361109670E+03   1.2694130E-12
  1.895041811075471E+03   1.5308410E-14
  1.896414270704465E+03   1.3363698E-14
  1.897786739964769E+03   1.4856594E-14
  1.899159218824496E+03   1.8920600E-14
  1.900531707251756E+03   1.3564043E-14
  1.901904205214661E+03   1.2831199E-14
  1.903276712681316E+03   1.4015038E-14
  1.904649229619825E+03   2.0548701E-14
  1.906021755998292E+03   1.3813355E-14
  1.907394291784816E+03   1.6872964E-14
  1.908766836947497E+03   1.7206554E-14
  1.910139391454429E+03   1.7262694E-14
  1.911511955273706E+03   1.4989007E-14
  1.912884528373420E+03   2.0020542E-14
  1.914257110721660E+03  -2.8264549E-13
  1.915629702286514E+03   1.0317126E-14
  1.917002303036066E+03   1.8575190E-14
  1.918374912938400E+03   1.6110980E-14
  1.919747531961596E+03   1.0789874E-14
  1.921120160073732E+03   1.1587703E-14
  1.922492797242886E+03   1.6511830E-14
  1.923865443437132E+03   1.9489944E-14
  1.925238098624542E+03   1.2085666E-14
  1.926610762773187E+03   1.5573680E-14
  1.927983435851134E+03   6.9410754E-15
  1.929356117826449E+03   1.1736562E-14
  1.930728808667198E+03   9.1933229E-15
  1.932101508341440E+03   2.0939300E-14
  1.933474216817237E+03   1.5203327E-14
  1.934846934062646E+03   1.4986137E-14
  1.936219660045723E+03   1.3551624E-14
  1.937592394734521E+03   1.7445316E-14
  1.938965138097093E+03   7.8886584E-15
  1.940337890101487E+03   1.3297534E-14
  1.941710650715752E+03   9.8932881E-15
  1.943083419907933E+03   1.3905824E-14
  1.944456197646075E+03   1.2792960E-14
  1.945828983898217E+03   9.0604980E-15
  1.947201778632400E+03   1.3413143E-14
  1.948574581816663E+03   1.2503414E-14
  1.949947393419039E+03   1.2467419E-14
  1.951320213407564E+03   1.0227293E-14
  1.952693041750269E+03   1.3882345E-14
  1.954065878415183E+03   1.4358494E-14
  1.955438723370335E+03   1.1879318E-14
  1.956811576583751E+03   1.2731318E-14
  1.958184438023454E+03   1.0634433E-14
  1.959557307657467E+03   7.8874776E-15
  1.960930185453810E+03   1.1474865E-14
  1.962303071380501E+03   1.2240917E-14
  1.963675965405556E+03   9.6784966E-15
  1.965048867496991E+03   1.5785718E-14
  1.966421777622817E+03   1.2541465E-14
  1.967794695751045E+03   1.2186892E-14
  1.969167621849685E+03   1.0615473E-14
  1.970540555886743E+03   1.2633113E-14
  1.971913497830224E+03   1.0932752E-14
  1.973286447648132E+03   9.4130399E-15
  1.974659405308468E+03   9.8361887E-15
  1.976032370779231E+03   1.1331929E-14
  1.977405344028420E+03   1.0052964E-14
  1.978778325024030E+03   1.3033294E-14
  1.980151313734057E+03   1.2212458E-14
  1.981524310126491E+03   1.1744683E-14
  1.982897314169324E+03   1.0977921E-14
  1.984270325830544E+03   9.4327164E-15
  1.985643345078139E+03   9.4554771E-15
  1.987016371880093E+03   1.2828931E-14
  1.988389406204391E+03   9.1369258E-15
  1.989762448019013E+03   1.2121781E-14
  1.991135497291941E+03   1.0749632E-14
  1.992508553991151E+03   9.8271289E-15
  1.993881618084621E+03   1.2084386E-14
  1.995254689540325E+03   1.2344838E-14
  1.996627768326236E+03   1.1429994E-14
  1.998000854410326E+03   1.6220439E-14
  1.999373947760565E+03   1.1861722E-14
  2.000747048344919E+03   1.2681008E-14
  2.002120156131357E+03   1.3819425E-14
  2.003493271087841E+03   1.1859850E-14
  2.004866393182335E+03   1.4241099E-14
  2.006239522382800E+03   1.3213012E-14
  2.007612658657196E+03   1.6025065E-14
  2.008985801973480E+03   1.5852898E-14
  2.010358952299609E+03   1.4506523E-14
  2.011732109603537E+03   1.4114699E-14
  2.013105273853218E+03   1.3155828E-14
  2.014478445016603E+03   1.5336402E-14
  2.015851623061641E+03   1.2360955E-14
  2.017224807956280E+03   1.1921600E-14
  2.018597999668468E+03   1.2651176E-14
  2.019971198166148E+03   1.2430370E-14
  2.021344403417265E+03   1.4279481E-14
  2.022717615389760E+03   1.5566924E-14
  2.024090834051573E+03   1.6120929E-14
  2.025464059370644E+03   1.5255507E-14
  2.026837291314908E+03   9.8267460E-15
  2.028210529852302E+03   1.3714061E-14
  2.029583774950760E+03   1.7744444E-14
  2.030957026578213E+03   1.5980183E-14
  2.032330284702594E+03   1.1470906E-14
  2.033703549291831E+03   1.6125974E-14
  2.035076820313851E+03   1.3699475E-14
  2.036450097736583E+03   1.6533487E-14
  2.037823381527950E+03   1.3423325E-14
  2.039196671655876E+03   1.2421347E-14
  2.040569968088283E+03   1.1770464E-14
  2.041943270793091E+03   1.5887362E-14
  2.043316579738219E+03   1.4999419E-14
  2.044689894891585E+03   1.5781437E-14
  2.046063216221104E+03   1.7191862E-14
  2.047436543694692E+03   1.6861710E-14
  2.048809877280262E+03   1.4566880E-14
  2.050183216945726E+03   1.3624571E-14
  2.051556562658992E+03   1.3522004E-14
  2.052929914387971E+03   1.5135085E-14
  2.054303272100571E+03   1.4429637E-14
  2.055676635764696E+03   1.5150856E-14
  2.057050005348253E+03   1.6204862E-14
  2.058423380819144E+03   1.3366287E-14
  2.059796762145271E+03   1.4822682E-14
  2.061170149294534E+03   1.5627201E-14
  2.062543542234835E+03   1.3464077E-14
  2.063916940934068E+03   1.4215358E-14
  2.065290345360132E+03   1.3391664E-14
  2.066663755480921E+03   1.4863932E-14
  2.068037171264331E+03   1.4357764E-14
  2.069410592678252E+03   1.3610311E-14
  2.070784019690575E+03   1.3358629E-14
  2.072157452269192E+03   1.2777502E-14
  2.073530890381991E+03   1.2355521E-14
  2.074904333996858E+03   1.2429990E-14
  2.076277783081681E+03   1.2251865E-14
  2.077651237604343E+03   1.0826783E-14
  2.079024697532728E+03   1.4479130E-14
  2.080398162834718E+03   1.1958423E-14
  2.081771633478195E+03   1.2150010E-14
  2.083145109431037E+03   1.2058292E-14
  2.084518590661124E+03   9.7696170E-15
  2.085892077136332E+03   1.4095731E-14
  2.087265568824537E+03   1.1212690E-14
  2.088639065693615E+03   1.3010335E-14
  2.090012567711439E+03   1.0334398E-14
  2.091386074845881E+03   1.2424938E-14
  2.092759587064811E+03   1.1638555E-14
  2.094133104336101E+03   1.3502707E-14
  2.095506626627619E+03   1.1928480E-14
  2.096880153907232E+03   1.4292661E-14
  2.098253686142808E+03   1.0788340E-14
  2.099627223302210E+03   1.0456916E-14
  2.101000765353304E+03   8.9235675E-15
  2.102374312263952E+03   1.2027788E-14
  2.103747864002016E+03   1.2386393E-14
  2.105121420535357E+03   1.0877404E-14
  2.106494981831834E+03   1.1410828E-14
  2.107868547859306E+03   1.0858563E-14
  2.109242118585630E+03   1.1240792E-14
  2.110615693978662E+03   1.2018806E-14
  2.111989274006259E+03   1.4177006E-14
  2.113362858636272E+03   9.5807439E-15
  2.114736447836556E+03   1.0983212E-14
  2.116110041574963E+03   9.9426862E-15
  2.117483639819342E+03   1.0396228E-14
  2.118857242537546E+03   8.3054435E-15
  2.120230849697421E+03   1.0203067E-14
  2.121604461266816E+03   8.7330537E-15
  2.122978077213576E+03   9.0035071E-15
  2.124351697505549E+03   8.9444536E-15
  2.125725322110578E+03   9.1513812E-15
  2.127098950996508E+03   8.0993494E-15
  2.128472584131181E+03   7.7659741E-15
  2.129846221482437E+03   8.3808066E-15
  2.131219863018119E+03   8.6117120E-15
  2.132593508706066E+03   8.0596540E-15
  2.133967158514116E+03   9.0998232E-15
  2.135340812410107E+03   1.0263377E-14
  2.136714470361876E+03   8.5078242E-15
  2.138088132337259E+03   1.0611574E-14
  2.139461798304090E+03   1.0013974E-14
  2.140835468230204E+03   9.1523689E-15
  2.142209142083434E+03   1.0723326E-14
  2.143582819831611E+03   1.0464377E-14
  2.144956501442567E+03   8.0059674E-15
  2.146330186884132E+03   9.8344879E-15
  2.147703876124136E+03   9.4010484E-15
  2.149077569130406E+03   1.1635415E-14
  2.150451265870771E+03   1.0520884E-14
  2.151824966313057E+03   1.1124483E-14
  2.153198670425090E+03   8.9410850E-15
  2.154572378174695E+03   1.4490462E-14
  2.155946089529697E+03   1.0087372E-14
  2.157319804457918E+03   1.1304970E-14
  2.158693522927181E+03   1.0606547E-14
  2.160067244905308E+03   8.7178698E-15
  2.161440970360119E+03   1.0192786E-14
  2.162814699259435E+03   1.2267212E-14
  2.164188431571074E+03   9.7663365E-15
  2.165562167262855E+03   9.2603224E-15
  2.166935906302596E+03   1.0883114E-14
  2.168309648658113E+03   1.0133285E-14
  2.169683394297223E+03   1.0245240E-14
  2.171057143187741E+03   8.2424048E-15
  2.172430895297481E+03   9.1950805E-15
  2.173804650594257E+03   1.0884411E-14
  2.175178409045881E+03   7.9684548E-15
  2.176552170620167E+03   9.1397091E-15
  2.177925935284926E+03   9.3315578E-15
  2.179299703007968E+03   7.8539834E-15
  2.180673473757105E+03   7.7627732E-15
  2.182047247500144E+03   9.1056245E-15
  2.183421024204895E+03   8.4388326E-15
  2.184794803839165E+03   8.6169178E-15
  2.186168586370763E+03   9.2124227E-15
  2.187542371767494E+03   7.9160074E-15
  2.188916159997165E+03   7.8025397E-15
  2.190289951027581E+03   7.7026483E-15
  2.191663744826546E+03   1.0988973E-14
  2.193037541361864E+03   8.6411862E-15
  2.194411340601340E+03   9.4200220E-15
  2.195785142512775E+03   8.0104846E-15
  2.197158947063971E+03   7.6955764E-15
  2.198532754222731E+03   8.6313030E-15
  2.199906563956854E+03   8.9106104E-15
  2.201280376234142E+03   8.1753172E-15
  2.202654191022393E+03   8.4081115E-15
  2.204028008289407E+03   7.4153271E-15
  2.205401828002983E+03   9.0407799E-15
  2.206775650130918E+03   7.4145249E-15
  2.208149474641009E+03   7.7858396E-15
  2.209523301501054E+03   6.8252187E-15
  2.210897130678848E+03   8.6382309E-15
  2.212270962142187E+03   9.9948067E-15
  2.213644795858867E+03   6.3632969E-15
  2.215018631796681E+03   8.2384169E-15
  2.216392469923425E+03   6.4645275E-15
  2.217766310206891E+03   8.2970621E-15
  2.219140152614874E+03   6.3734736E-15
  2.220513997115164E+03   6.6903982E-15
  2.221887843675555E+03   6.5919678E-15
  2.223261692263838E+03   7.7997462E-15
  2.224635542847804E+03   7.4789723E-15
  2.226009395395244E+03   4.9777085E-15
  2.227383249873948E+03   6.6833784E-15
  2.228757106251706E+03   7.7236632E-15
  2.230130964496307E+03   6.3728260E-15
  2.231504824575540E+03   7.3170696E-15
  2.232878686457193E+03   7.0417512E-15
  2.234252550109055E+03   7.3855073E-15
  2.235626415498912E+03   6.4936532E-15
  2.237000282594553E+03   6.6599367E-15
  2.238374151363764E+03   7.3493229E-15
  2.239748021774331E+03   6.5103189E-15
  2.241121893794041E+03   6.7444685E-15
  2.242495767390679E+03   6.4766333E-15
  2.243869642532030E+03   6.9034549E-15
  2.245243519185879E+03   6.6148119E-15
  2.246617397320011E+03   7.6454617E-15
  2.247991276902210E+03   6.1037097E-15
  2.249365157900260E+03   5.9708712E-15
  2.250739040281944E+03   5.8087249E-15
  2.252112924015046E+03   5.6796414E-15
  2.253486809067348E+03   6.9957180E-15
  2.254860695406634E+03   6.9656267E-15
  2.256234583000684E+03   6.9957624E-15
  2.257608471817282E+03   7.5709922E-15
  2.258982361824209E+03   6.2001274E-15
  2.260356252989247E+03   6.2467253E-15
  2.261730145280175E+03   6.4199376E-15
  2.263104038664777E+03   7.2444382E-15
  2.264477933110831E+03   6.8840477E-15
  2.265851828586120E+03   6.8453078E-15
  2.267225725058421E+03   6.7245149E-15
  2.268599622495516E+03   6.4384440E-15
  2.269973520865184E+03   6.7241677E-15
  2.271347420135205E+03   5.7773068E-15
  2.272721320273358E+03   7.3246818E-15
  2.274095221247422E+03   6.9057978E-15
  2.275469123025175E+03   6.3295841E-15
  2.276843025574397E+03   7.1541284E-15
  2.278216928862866E+03   6.7877621E-15
  2.279590832858360E+03   5.7885770E-15
  2.280964737528658E+03   6.5726614E-15
  2.282338642841537E+03   6.0137069E-15
  2.283712548764775E+03   6.7167845E-15
  2.285086455266150E+03   5.5001314E-15
  2.286460362313439E+03   7.1265998E-15
  2.287834269874420E+03   5.9967010E-15
  2.289208177916871E+03   6.0120849E-15
  2.290582086408567E+03   5.7663966E-15
  2.291955995317287E+03   6.7675192E-15
  2.293329904610808E+03   7.2748314E-15
  2.294703814256905E+03   6.3638691E-15
  2.296077724223358E+03   5.5850536E-15
  2.297451634477939E+03   7.3412981E-15
  2.298825544988430E+03   6.5164307E-15
  2.300199455722604E+03   7.8948807E-15
  2.301573366648239E+03   6.9396931E-15
  2.302947277733111E+03   7.2673987E-15
  2.304321188944997E+03   7.6738746E-15
  2.305695100251673E+03   6.7307063E-15
  2.307069011620916E+03   8.1936047E-15
  2.308442923020501E+03   8.1531715E-15
  2.309816834418206E+03   8.7805680E-15
  2.311190745781807E+03   7.3678593E-15
  2.312564657079080E+03   8.0249943E-15
  2.313938568277801E+03   8.6815625E-15
  2.315312479345747E+03   8.8904756E-15
  2.316686390250695E+03   9.7826266E-15
  2.318060300960422E+03   1.0426486E-14
  2.319434211442702E+03   9.3231451E-15
  2.320808121665314E+03   1.1294901E-14
  2.322182031596034E+03   1.0010782E-14
  2.323555941202638E+03   1.0722606E-14
  2.324929850452904E+03   1.1581389E-14
  2.326303759314608E+03   1.0991953E-14
  2.327677667755528E+03   1.0871599E-14
  2.329051575743440E+03   1.1413491E-14
  2.330425483246122E+03   1.1991655E-14
  2.331799390231351E+03   1.1658180E-14
  2.333173296666904E+03   1.2009688E-14
  2.334547202520559E+03   1.1790063E-14
  2.335921107760093E+03   1.3060507E-14
  2.337295012353286E+03   1.2927136E-14
  2.338668916267914E+03   1.2630063E-14
  2.340042819471756E+03   1.4225219E-14
  2.341416721932590E+03   1.3244876E-14
  2.342790623618193E+03   1.4147653E-14
  2.344164524496347E+03   1.2826934E-14
  2.345538424534829E+03   8.7918827E-15
  2.346912323701417E+03   9.4773839E-15
  2.348286221963892E+03   1.3952460E-14
  2.349660119290033E+03   1.5276451E-14
  2.351034015647620E+03   1.6584334E-14
  2.352407911004432E+03   1.5330077E-14
  2.353781805328249E+03   1.6446829E-14
  2.355155698586854E+03   1.7353818E-14
  2.356529590748024E+03   1.5099367E-14
  2.357903481779543E+03   1.6758184E-14
  2.359277371649190E+03   1.7475547E-14
  2.360651260324747E+03   1.7972579E-14
  2.362025147773997E+03   1.6588525E-14
  2.363399033964721E+03   1.8428577E-14
  2.364772918864700E+03   1.6739114E-14
  2.366146802441720E+03   1.7695755E-14
  2.367520684663561E+03   1.8906392E-14
  2.368894565498006E+03   1.8974500E-14
  2.370268444912841E+03   1.8467070E-14
  2.371642322875849E+03   1.8831228E-14
  2.373016199354813E+03   1.9122790E-14
  2.374390074317519E+03   1.7440478E-14
  2.375763947731751E+03   1.4309265E-14
  2.377137819565295E+03   1.5224135E-14
  2.378511689785936E+03   1.6172583E-14
  2.379885558361460E+03   1.9342211E-14
  2.381259425259655E+03   1.8437935E-14
  2.382633290448307E+03   1.4955742E-14
  2.384007153895202E+03   9.7962960E-15
  2.385381015568129E+03   1.0387666E-14
  2.386754875434876E+03   1.6148468E-14
  2.388128733463231E+03   2.0203259E-14
  2.389502589620983E+03   2.0077346E-14
  2.390876443875921E+03   2.0663450E-14
  2.392250296195836E+03   1.8847401E-14
  2.393624146548517E+03   2.0624671E-14
  2.394997994901756E+03   1.8965137E-14
  2.396371841223343E+03   2.0774710E-14
  2.397745685481070E+03   2.0598762E-14
  2.399119527642730E+03   2.1179246E-14
  2.400493367676114E+03   2.0195624E-14
  2.401867205549016E+03   2.0038192E-14
  2.403241041229230E+03   2.1018240E-14
  2.404614874684549E+03   2.0038031E-14
  2.405988705882770E+03   1.9130876E-14
  2.407362534791686E+03   1.9083862E-14
  2.408736361379093E+03   2.0554164E-14
  2.410110185612788E+03   2.0605366E-14
  2.411484007460568E+03   1.8473668E-14
  2.412857826890230E+03   1.9861569E-14
  2.414231643869572E+03   1.9917097E-14
  2.415605458366391E+03   1.8415724E-14
  2.416979270348489E+03   1.8096562E-14
  2.418353079783664E+03   1.9967184E-14
  2.419726886639718E+03   1.8165211E-14
  2.421100690884449E+03   1.8392211E-14
  2.422474492485660E+03   1.7582627E-14
  2.423848291411154E+03   1.8710026E-14
  2.425222087628733E+03   1.8058959E-14
  2.426595881106200E+03   1.8157764E-14
  2.427969671811359E+03   1.9036095E-14
  2.429343459712016E+03   1.8495202E-14
  2.430717244775975E+03   1.6398837E-14
  2.432091026971044E+03   1.7903927E-14
  2.433464806265027E+03   1.7129842E-14
  2.434838582625733E+03   1.7912692E-14
  2.436212356020970E+03   1.8367593E-14
  2.437586126418545E+03   1.7291700E-14
  2.438959893786270E+03   1.7168453E-14
  2.440333658091954E+03   1.6572103E-14
  2.441707419303409E+03   1.6623057E-14
  2.443081177388444E+03   1.6910671E-14
  2.444454932314874E+03   1.6289575E-14
  2.445828684050511E+03   1.6539133E-14
  2.447202432563168E+03   1.6135905E-14
  2.448576177820662E+03   1.7630794E-14
  2.449949919790805E+03   1.5869093E-14
  2.451323658441416E+03   1.5988167E-14
  2.452697393740311E+03   1.5913181E-14
  2.454071125655307E+03   1.5358966E-14
  2.455444854154223E+03   1.5944181E-14
  2.456818579204879E+03   1.5369555E-14
  2.458192300775094E+03   1.6322630E-14
  2.459566018832690E+03   1.5723815E-14
  2.460939733345487E+03   1.5546375E-14
  2.462313444281308E+03   1.5457914E-14
  2.463687151607979E+03   1.3928047E-14
  2.465060855293321E+03   1.2813780E-14
  2.466434555305160E+03   1.4591416E-14
  2.467808251611323E+03   1.2801560E-14
  2.469181944179637E+03   1.4389042E-14
  2.470555632977927E+03   1.4904720E-14
  2.471929317974024E+03   1.3721778E-14
  2.473302999135758E+03   1.3053752E-14
  2.474676676430957E+03   1.3181124E-14
  2.476050349827454E+03   1.3694806E-14
  2.477424019293081E+03   1.4696791E-14
  2.478797684795670E+03   1.3287674E-14
  2.480171346303056E+03   1.2783155E-14
  2.481545003783075E+03   1.3217857E-14
  2.482918657203561E+03   1.3051553E-14
  2.484292306532352E+03   1.3099265E-14
  2.485665951737285E+03   1.2793851E-14
  2.487039592786200E+03   1.2928467E-14
  2.488413229646935E+03   1.2119397E-14
  2.489786862287333E+03   1.2717403E-14
  2.491160490675234E+03   1.3134964E-14
  2.492534114778482E+03   1.2840742E-14
  2.493907734564919E+03   1.3177680E-14
  2.495281350002391E+03   1.2754980E-14
  2.496654961058744E+03   1.3466587E-14
  2.498028567701824E+03   1.3376010E-14
  2.499402169899479E+03   1.3508594E-14
  2.500775767619559E+03   1.2559014E-14
  2.502149360829913E+03   1.3642917E-14
  2.503522949498391E+03   1.3642896E-14
  2.504896533592846E+03   1.3696591E-14
  2.506270113081132E+03   1.2325200E-14
  2.507643687931103E+03   1.3786149E-14
  2.509017258110613E+03   1.3244809E-14
  2.510390823587518E+03   1.3167806E-14
  2.511764384329677E+03   1.3241829E-14
  2.513137940304948E+03   1.2469771E-14
  2.514511491481191E+03   1.4001267E-14
  2.515885037826266E+03   1.5661671E-14
  2.517258579308037E+03   1.4988661E-14
  2.518632115894364E+03   1.5065140E-14
  2.520005647553113E+03   1.5330094E-14
  2.521379174252150E+03   1.6969661E-14
  2.522752695959341E+03   1.7387660E-14
  2.524126212642552E+03   1.7880921E-14
  2.525499724269655E+03   1.8766327E-14
  2.526873230808518E+03   1.9271331E-14
  2.528246732227013E+03   2.1732199E-14
  2.529620228493011E+03   2.2578839E-14
  2.530993719574388E+03   2.2464837E-14
  2.532367205439018E+03   2.2576167E-14
  2.533740686054776E+03   2.3585460E-14
  2.535114161389541E+03   2.4195367E-14
  2.536487631411190E+03   2.3864333E-14
  2.537861096087605E+03   2.4899555E-14
  2.539234555386665E+03   2.4925559E-14
  2.540608009276253E+03   2.7270541E-14
  2.541981457724253E+03   2.7049706E-14
  2.543354900698549E+03   2.7454201E-14
  2.544728338167028E+03   2.7281833E-14
  2.546101770097578E+03   2.7893573E-14
  2.547475196458086E+03   2.7981362E-14
  2.548848617216443E+03   2.8180939E-14
  2.550222032340540E+03   2.7799225E-14
  2.551595441798271E+03   3.4045053E-14
  2.552968845557528E+03   2.8252848E-14
  2.554342243586208E+03   2.8743873E-14
  2.555715635852206E+03   2.8465559E-14
  2.557089022323422E+03   2.8376746E-14
  2.558462402967753E+03   2.8305043E-14
  2.559835777753102E+03   2.9628037E-14
  2.561209146647371E+03   2.9383851E-14
  2.562582509618462E+03   2.9995134E-14
  2.563955866634280E+03   2.9382719E-14
  2.565329217662732E+03   2.7940666E-14
  2.566702562671726E+03   2.8787889E-14
  2.568075901629170E+03   2.8055046E-14
  2.569449234502976E+03   2.9294834E-14
  2.570822561261054E+03   2.9527009E-14
  2.572195881871319E+03   3.1441091E-14
  2.573569196301686E+03   2.8579793E-14
  2.574942504520069E+03   3.0446084E-14
  2.576315806494388E+03   3.0101721E-14
  2.577689102192560E+03   2.7359034E-14
  2.579062391582508E+03   2.7645592E-14
  2.580435674632152E+03   2.9865098E-14
  2.581808951309417E+03   2.8724913E-14
  2.583182221582228E+03   2.8725174E-14
  2.584555485418510E+03   2.9219926E-14
  2.585928742786192E+03   2.7436698E-14
  2.587301993653205E+03   2.0031907E-14
  2.588675237987479E+03   2.0461885E-14
  2.590048475756946E+03   2.3044685E-14
  2.591421706929540E+03   2.7906691E-14
  2.592794931473198E+03   2.9131123E-14
  2.594168149355856E+03   2.7808195E-14
  2.595541360545454E+03   2.7074482E-14
  2.596914565009932E+03   2.6005138E-14
  2.598287762717231E+03   2.4552775E-14
  2.599660953635296E+03   2.2884913E-14
  2.601034137732071E+03   1.6352645E-14
  2.602407314975504E+03   1.5188156E-14
  2.603780485333541E+03   1.8641162E-14
  2.605153648774134E+03   2.4258044E-14
  2.606526805265234E+03   2.4277868E-14
  2.607899954774794E+03   2.4576812E-14
  2.609273097270768E+03   2.3482006E-14
  2.610646232721114E+03   2.2556249E-14
  2.612019361093790E+03   2.4294318E-14
  2.613392482356754E+03   2.2676049E-14
  2.614765596477970E+03   2.2340494E-14
  2.616138703425398E+03   2.1385397E-14
  2.617511803167005E+03   2.0137559E-14
  2.618884895670757E+03   2.1925185E-14
  2.620257980904621E+03   2.0031563E-14
  2.621631058836569E+03   1.9150954E-14
  2.623004129434571E+03   1.6995699E-14
  2.624377192666600E+03   1.8589895E-14
  2.625750248500631E+03   1.8264770E-14
  2.627123296904642E+03   1.8398254E-14
  2.628496337846610E+03   1.5043664E-14
  2.629869371294516E+03   1.6976194E-14
  2.631242397216341E+03   1.6305379E-14
  2.632615415580070E+03   1.4899099E-14
  2.633988426353688E+03   1.4986764E-14
  2.635361429505182E+03   1.5015234E-14
  2.636734425002540E+03   1.4745851E-14
  2.638107412813755E+03   1.4964258E-14
  2.639480392906818E+03   1.3663946E-14
  2.640853365249723E+03   1.3664713E-14
  2.642226329810468E+03   1.3465306E-14
  2.643599286557050E+03   1.2662079E-14
  2.644972235457467E+03   1.3599405E-14
  2.646345176479725E+03   1.2838442E-14
  2.647718109591823E+03   1.2274391E-14
  2.649091034761769E+03   1.2404281E-14
  2.650463951957570E+03   1.2301014E-14
  2.651836861147234E+03   1.2145671E-14
  2.653209762298773E+03   1.1157080E-14
  2.654582655380199E+03   1.1428878E-14
  2.655955540359528E+03   1.1591955E-14
  2.657328417204775E+03   1.0714149E-14
  2.658701285883959E+03   1.1848680E-14
  2.660074146365101E+03   1.1449435E-14
  2.661446998616223E+03   1.0979313E-14
  2.662819842605349E+03   1.1294216E-14
  2.664192678300506E+03   1.2101222E-14
  2.665565505669721E+03   1.2310034E-14
  2.666938324681023E+03   1.1989136E-14
  2.668311135302447E+03   1.1943818E-14
  2.669683937502025E+03   1.1984784E-14
  2.671056731247794E+03   1.2395469E-14
  2.672429516507792E+03   1.2937655E-14
  2.673802293250057E+03   1.2736893E-14
  2.675175061442631E+03   1.3528059E-14
  2.676547821053560E+03   1.4241936E-14
  2.677920572050889E+03   1.4702866E-14
  2.679293314402666E+03   1.4066672E-14
  2.680666048076939E+03   1.5141492E-14
  2.682038773041763E+03   1.6537558E-14
  2.683411489265189E+03   1.5566814E-14
  2.684784196715275E+03   1.8522911E-14
  2.686156895360079E+03   1.9908442E-14
  2.687529585167659E+03   1.9329341E-14
  2.688902266106080E+03   2.2325200E-14
  2.690274938143404E+03   2.1228294E-14
  2.691647601247698E+03   2.2132283E-14
  2.693020255387031E+03   2.2514683E-14
  2.694392900529474E+03   2.3763611E-14
  2.695765536643097E+03   2.4703707E-14
  2.697138163695977E+03   2.5878945E-14
  2.698510781656189E+03   2.5894958E-14
  2.699883390491814E+03   2.6872954E-14
  2.701255990170931E+03   2.8003495E-14
  2.702628580661626E+03   2.6850497E-14
  2.704001161931981E+03   2.9287743E-14
  2.705373733950085E+03   3.0201722E-14
  2.706746296684028E+03   3.0937045E-14
  2.708118850101901E+03   3.2140913E-14
  2.709491394171798E+03   3.3374430E-14
  2.710863928861816E+03   3.3096437E-14
  2.712236454140052E+03   3.3503450E-14
  2.713608969974608E+03   3.3979564E-14
  2.714981476333586E+03   3.5646934E-14
  2.716353973185091E+03   3.7512457E-14
  2.717726460497229E+03   3.6797107E-14
  2.719098938238111E+03   3.5832184E-14
  2.720471406375848E+03   3.7750476E-14
  2.721843864878555E+03   3.8984363E-14
  2.723216313714346E+03   3.9309644E-14
  2.724588752851340E+03   3.7454899E-14
  2.725961182257658E+03   3.9973589E-14
  2.727333601901423E+03   3.9572847E-14
  2.728706011750760E+03   4.0250203E-14
  2.730078411773796E+03   4.0790986E-14
  2.731450801938662E+03   3.8525024E-14
  2.732823182213488E+03   4.0519207E-14
  2.734195552566409E+03   3.9427510E-14
  2.735567912965563E+03   4.1001809E-14
  2.736940263379087E+03   4.0896702E-14
  2.738312603775124E+03   4.1094423E-14
  2.739684934121817E+03   3.8470888E-14
  2.741057254387311E+03   4.1441727E-14
  2.742429564539755E+03   4.0848340E-14
  2.743801864547300E+03   4.0839690E-14
  2.745174154378099E+03   4.0292863E-14
  2.746546434000306E+03   4.3409287E-14
  2.747918703382080E+03   4.2777776E-14
  2.749290962491582E+03   4.2880874E-14
  2.750663211296972E+03   4.2349154E-14
  2.752035449766418E+03   4.3606144E-14
  2.753407677868085E+03   4.5493818E-14
  2.754779895570144E+03   4.4780867E-14
  2.756152102840766E+03   4.4625121E-14
  2.757524299648126E+03   4.5913953E-14
  2.758896485960402E+03   4.4387976E-14
  2.760268661745773E+03   4.6075980E-14
  2.761640826972420E+03   4.9354577E-14
  2.763012981608528E+03   4.9895868E-14
  2.764385125622284E+03   4.9134162E-14
  2.765757258981878E+03   4.9555578E-14
  2.767129381655501E+03   4.9599183E-14
  2.768501493611348E+03   5.0335451E-14
  2.769873594817614E+03   5.0692645E-14
  2.771245685242500E+03   4.9858806E-14
  2.772617764854207E+03   4.9329244E-14
  2.773989833620940E+03   5.3026197E-14
  2.775361891510905E+03   5.1050574E-14
  2.776733938492312E+03   5.2383387E-14
  2.778105974533373E+03   5.3309082E-14
  2.779477999602301E+03   5.5658904E-14
  2.780850013667315E+03   5.4224759E-14
  2.782222016696634E+03   5.5624640E-14
  2.783594008658479E+03   5.7496969E-14
  2.784965989521076E+03   6.0199384E-14
  2.786337959252653E+03   5.6173287E-14
  2.787709917821437E+03   5.8247915E-14
  2.789081865195662E+03   5.9187240E-14
  2.790453801343564E+03   5.7951582E-14
  2.791825726233380E+03   5.9933944E-14
  2.793197639833350E+03   5.7820482E-14
  2.794569542111718E+03   5.6708432E-14
  2.795941433036727E+03   4.6992731E-14
  2.797313312576628E+03   2.4453760E-14
  2.798685180699671E+03   2.1825420E-14
  2.800057037374108E+03   2.7910608E-14
  2.801428882568197E+03   5.3127994E-14
  2.802800716250197E+03   5.2606763E-14
  2.804172538388368E+03   3.2330729E-14
  2.805544348950975E+03   2.5234424E-14
  2.806916147906285E+03   2.6860152E-14
  2.808287935222567E+03   4.8224079E-14
  2.809659710868093E+03   5.6920357E-14
  2.811031474811140E+03   5.7810934E-14
  2.812403227019983E+03   5.9362231E-14
  2.813774967462905E+03   5.9604963E-14
  2.815146696108187E+03   5.7150546E-14
  2.816518412924116E+03   5.5644068E-14
  2.817890117878981E+03   5.4901084E-14
  2.819261810941072E+03   5.5899370E-14
  2.820633492078685E+03   5.5006340E-14
  2.822005161260116E+03   5.3723678E-14
  2.823376818453664E+03   5.6087987E-14
  2.824748463627633E+03   5.5486475E-14
  2.826120096750326E+03   5.4745051E-14
  2.827491717790055E+03   5.5965493E-14
  2.828863326715127E+03   5.3494417E-14
  2.830234923493857E+03   5.4479130E-14
  2.831606508094563E+03   5.6866302E-14
  2.832978080485562E+03   5.3098717E-14
  2.834349640635178E+03   5.4379305E-14
  2.835721188511735E+03   5.6908742E-14
  2.837092724083562E+03   5.5453973E-14
  2.838464247318988E+03   5.5541377E-14
  2.839835758186348E+03   5.9610465E-14
  2.841207256653978E+03   5.6809331E-14
  2.842578742690218E+03   5.8682978E-14
  2.843950216263409E+03   5.8021072E-14
  2.845321677341898E+03   5.8582899E-14
  2.846693125894031E+03   5.8259387E-14
  2.848064561888159E+03   5.7471091E-14
  2.849435985292638E+03   6.1715851E-14
  2.850807396075823E+03   6.0046152E-14
  2.852178794206074E+03   5.8946019E-14
  2.853550179651753E+03   5.4214628E-14
  2.854921552381228E+03   5.3290007E-14
  2.856292912362865E+03   5.4550182E-14
  2.857664259565036E+03   6.0413155E-14
  2.859035593956115E+03   6.1526332E-14
  2.860406915504482E+03   6.0546654E-14
  2.861778224178514E+03   6.2821818E-14
  2.863149519946597E+03   6.3066719E-14
  2.864520802777116E+03   6.5296164E-14
  2.865892072638461E+03   6.6655110E-14
  2.867263329499024E+03   6.4385922E-14
  2.868634573327200E+03   6.8488821E-14
  2.870005804091389E+03   6.5827748E-14
  2.871377021759991E+03   6.7815660E-14
  2.872748226301410E+03   6.7742558E-14
  2.874119417684055E+03   7.0838321E-14
  2.875490595876336E+03   7.2699733E-14
  2.876861760846666E+03   7.3525922E-14
  2.878232912563463E+03   7.3338240E-14
  2.879604050995146E+03   7.3533959E-14
  2.880975176110137E+03   7.5580167E-14
  2.882346287876864E+03   7.6322608E-14
  2.883717386263754E+03   7.8402074E-14
  2.885088471239241E+03   8.0795850E-14
  2.886459542771759E+03   8.1984617E-14
  2.887830600829745E+03   8.3247875E-14
  2.889201645381644E+03   8.6482071E-14
  2.890572676395897E+03   8.9238316E-14
  2.891943693840954E+03   9.0810910E-14
  2.893314697685265E+03   9.4299168E-14
  2.894685687897284E+03   9.4526478E-14
  2.896056664445469E+03   9.8744662E-14
  2.897427627298280E+03   9.9193928E-14
  2.898798576424179E+03   9.7151569E-14
  2.900169511791635E+03   1.0124397E-13
  2.901540433369116E+03   1.0580635E-13
  2.902911341125096E+03   1.0832912E-13
  2.904282235028052E+03   1.0696373E-13
  2.905653115046462E+03   1.0790530E-13
  2.907023981148810E+03   1.0546556E-13
  2.908394833303580E+03   1.0866460E-13
  2.909765671479263E+03   1.0723838E-13
  2.911136495644350E+03   1.1080166E-13
  2.912507305767338E+03   1.1001974E-13
  2.913878101816726E+03   1.1436553E-13
  2.915248883761014E+03   1.1241937E-13
  2.916619651568709E+03   1.1211949E-13
  2.917990405208319E+03   1.1047712E-13
  2.919361144648357E+03   1.1373621E-13
  2.920731869857338E+03   1.1564741E-13
  2.922102580803779E+03   1.1448355E-13
  2.923473277456203E+03   1.1607567E-13
  2.924843959783135E+03   1.1397773E-13
  2.926214627753103E+03   1.1633969E-13
  2.927585281334639E+03   1.1730279E-13
  2.928955920496279E+03   1.1820563E-13
  2.930326545206560E+03   1.1777038E-13
  2.931697155434024E+03   1.1787533E-13
  2.933067751147217E+03   1.1802203E-13
  2.934438332314686E+03   1.1731768E-13
  2.935808898904985E+03   1.2006055E-13
  2.937179450886666E+03   1.1898002E-13
  2.938549988228291E+03   1.1870873E-13
  2.939920510898420E+03   1.1864789E-13
  2.941291018865618E+03   1.1931363E-13
  2.942661512098455E+03   1.1958910E-13
  2.944031990565502E+03   1.1914692E-13
  2.945402454235335E+03   1.1940939E-13
  2.946772903076534E+03   1.2073204E-13
  2.948143337057680E+03   1.1777192E-13
  2.949513756147358E+03   1.2026948E-13
  2.950884160314160E+03   1.1879264E-13
  2.952254549526676E+03   1.2170096E-13
  2.953624923753504E+03   1.2030622E-13
  2.954995282963243E+03   1.1803315E-13
  2.956365627124496E+03   1.1855560E-13
  2.957735956205870E+03   1.1958015E-13
  2.959106270175974E+03   2.9446196E-13
  2.960476569003423E+03   1.1966432E-13
  2.961846852656833E+03   1.1916879E-13
  2.963217121104824E+03   1.2108450E-13
  2.964587374316021E+03   1.1890388E-13
  2.965957612259052E+03   1.1977794E-13
  2.967327834902548E+03   1.1765766E-13
  2.968698042215142E+03   1.1834418E-13
  2.970068234165474E+03   1.1731431E-13
  2.971438410722184E+03   1.1928735E-13
  2.972808571853919E+03   1.1546572E-13
  2.974178717529326E+03   1.1344420E-13
  2.975548847717059E+03   1.1540329E-13
  2.976918962385774E+03   1.1596564E-13
  2.978289061504129E+03   1.1489820E-13
  2.979659145040789E+03   1.1368560E-13
  2.981029212964418E+03   1.1449191E-13
  2.982399265243689E+03   1.1265818E-13
  2.983769301847276E+03   1.0943118E-13
  2.985139322743853E+03   1.0980102E-13
  2.986509327902105E+03   1.1024603E-13
  2.987879317290716E+03   1.0756658E-13
  2.989249290878372E+03   1.0594231E-13
  2.990619248633769E+03   1.0577892E-13
  2.991989190525599E+03   1.0621557E-13
  2.993359116522563E+03   1.0262878E-13
  2.994729026593365E+03   1.0455903E-13
  2.996098920706710E+03   9.9297523E-14
  2.997468798831309E+03   1.0021653E-13
  2.998838660935876E+03   9.9927756E-14
  3.000208506989130E+03   1.0009275E-13
  3.001578336959790E+03   9.8336405E-14
  3.002948150816583E+03   9.7905652E-14
  3.004317948528238E+03   9.6358292E-14
  3.005687730063486E+03   9.5619388E-14
  3.007057495391065E+03   9.5742208E-14
  3.008427244479713E+03   9.4420504E-14
  3.009796977298176E+03   9.5409181E-14
  3.011166693815201E+03   9.3281773E-14
  3.012536393999539E+03   9.3389977E-14
  3.013906077819944E+03   9.3032502E-14
  3.015275745245176E+03   9.2655938E-14
  3.016645396243998E+03   9.0493124E-14
  3.018015030785176E+03   9.3499014E-14
  3.019384648837479E+03   9.4322031E-14
  3.020754250369683E+03   9.3180102E-14
  3.022123835350564E+03   9.2195288E-14
  3.023493403748905E+03   9.1363535E-14
  3.024862955533489E+03   9.4223410E-14
  3.026232490673108E+03   9.2261993E-14
  3.027602009136554E+03   9.2356678E-14
  3.028971510892623E+03   9.4489337E-14
  3.030340995910117E+03   9.5060766E-14
  3.031710464157840E+03   9.2515324E-14
  3.033079915604601E+03   9.5561932E-14
  3.034449350219211E+03   9.4956263E-14
  3.035818767970487E+03   9.7273392E-14
  3.037188168827249E+03   9.6368043E-14
  3.038557552758321E+03   9.4726927E-14
  3.039926919732531E+03   9.6140022E-14
  3.041296269718710E+03   9.6566276E-14
  3.042665602685694E+03   9.6296242E-14
  3.044034918602324E+03   9.4755407E-14
  3.045404217437440E+03   9.4382855E-14
  3.046773499159893E+03   9.6739125E-14
  3.048142763738532E+03   9.5154455E-14
  3.049512011142213E+03   9.5519018E-14
  3.050881241339795E+03   9.5318156E-14
  3.052250454300142E+03   9.4409323E-14
  3.053619649992120E+03   9.2229108E-14
  3.054988828384601E+03   9.2058678E-14
  3.056357989446459E+03   9.3074210E-14
  3.057727133146574E+03   9.1622294E-14
  3.059096259453828E+03   9.0509102E-14
  3.060465368337110E+03   9.2789857E-14
  3.061834459765309E+03   9.3208021E-14
  3.063203533707321E+03   9.1273892E-14
  3.064572590132045E+03   9.2467660E-14
  3.065941629008383E+03   9.3501440E-14
  3.067310650305244E+03   1.3546335E-13
