

  5.257460220532039E+03   3.8460210E-13
  5.262328829401930E+03   2.8234733E-13
  5.267197498487437E+03   2.6996203E-13
  5.272066227677728E+03   2.7490057E-13
  5.276935016861960E+03   2.7731276E-13
  5.281803865929276E+03   2.8098934E-13
  5.286672774768806E+03   2.8744129E-13
  5.291541743269662E+03   2.8904984E-13
  5.296410771320948E+03   2.9063961E-13
  5.301279858811749E+03   2.8537003E-13
  5.306149005631141E+03   2.9531675E-13
  5.311018211668184E+03   2.9687047E-13
  5.315887476811925E+03   3.0367720E-13
  5.320756800951394E+03   2.9760366E-13
  5.325626183975614E+03   3.0235496E-13
  5.330495625773589E+03   3.0787647E-13
  5.335365126234313E+03   3.1072727E-13
  5.340234685246763E+03   3.1467583E-13
  5.345104302699904E+03   3.1994240E-13
  5.349973978482690E+03   3.2431715E-13
  5.354843712484058E+03   3.3167590E-13
  5.359713504592934E+03   3.2839416E-13
  5.364583354698229E+03   3.3025004E-13
  5.369453262688843E+03   3.4343592E-13
  5.374323228453660E+03   3.4327386E-13
  5.379193251881550E+03   3.4065952E-13
  5.384063332861373E+03   3.4165026E-13
  5.388933471281975E+03   3.3732126E-13
  5.393803667032187E+03   3.4050180E-13
  5.398673920000828E+03   3.3577663E-13
  5.403544230076704E+03   3.3493943E-13
  5.408414597148605E+03   3.2831721E-13
  5.413285021105314E+03   3.2333706E-13
  5.418155501835595E+03   3.1645368E-13
  5.423026039228201E+03   3.1157913E-13
  5.427896633171872E+03   3.0444717E-13
  5.432767283555337E+03   2.9667054E-13
  5.437637990267307E+03   2.9202088E-13
  5.442508753196485E+03   2.8123491E-13
  5.447379572231559E+03   2.7591975E-13
  5.452250447261204E+03   2.6938496E-13
  5.457121378174082E+03   2.6428805E-13
  5.461992364858842E+03   2.6094675E-13
  5.466863407204120E+03   2.6025026E-13
  5.471734505098541E+03   2.6114899E-13
  5.476605658430715E+03   2.6490005E-13
  5.481476867089241E+03   2.6502411E-13
  5.486348130962703E+03   2.7224821E-13
  5.491219449939675E+03   2.7520504E-13
  5.496090823908714E+03   2.8567434E-13
  5.500962252758371E+03   2.9634094E-13
  5.505833736377177E+03   3.0606762E-13
  5.510705274653656E+03   3.1481604E-13
  5.515576867476317E+03   3.2303576E-13
  5.520448514733655E+03   3.3865302E-13
  5.525320216314156E+03   3.4313191E-13
  5.530191972106291E+03   3.4977647E-13
  5.535063781998520E+03   3.5685146E-13
  5.539935645879286E+03   3.6426824E-13
  5.544807563637028E+03   3.7516553E-13
  5.549679535160164E+03   3.7427033E-13
  5.554551560337104E+03   3.8009185E-13
  5.559423639056246E+03   3.7432465E-13
  5.564295771205974E+03   3.7519171E-13
  5.569167956674660E+03   3.7022281E-13
  5.574040195350663E+03   3.7009282E-13
  5.578912487122332E+03   3.6880264E-13
  5.583784831878002E+03   3.6989896E-13
  5.588657229505995E+03   3.6964418E-13
  5.593529679894623E+03   3.6755841E-13
  5.598402182932184E+03   3.7270122E-13
  5.603274738506965E+03   3.7611068E-13
  5.608147346507239E+03   3.7715634E-13
  5.613020006821271E+03   3.7470973E-13
  5.617892719337307E+03   3.7540061E-13
  5.622765483943589E+03   3.7940403E-13
  5.627638300528341E+03   3.7852864E-13
  5.632511168979779E+03   3.7108299E-13
  5.637384089186102E+03   3.7554226E-13
  5.642257061035502E+03   3.7165261E-13
  5.647130084416158E+03   3.7228182E-13
  5.652003159216233E+03   3.7243686E-13
  5.656876285323886E+03   3.7238927E-13
  5.661749462627255E+03   3.6791921E-13
  5.666622691014473E+03   3.6914569E-13
  5.671495970373659E+03   3.6651490E-13
  5.676369300592919E+03   3.6619766E-13
  5.681242681560349E+03   3.6618587E-13
  5.686116113164032E+03   3.6574197E-13
  5.690989595292041E+03   3.6805498E-13
  5.695863127832435E+03   3.6854011E-13
  5.700736710673264E+03   3.6572942E-13
  5.705610343702561E+03   3.6121968E-13
  5.710484026808356E+03   3.5766838E-13
  5.715357759878660E+03   3.6021769E-13
  5.720231542801476E+03   3.5205432E-13
  5.725105375464795E+03   3.4945636E-13
  5.729979257756594E+03   3.4248971E-13
  5.734853189564844E+03   3.3905298E-13
  5.739727170777497E+03   3.3547519E-13
  5.744601201282500E+03   3.3072408E-13
  5.749475280967788E+03   3.2661848E-13
  5.754349409721280E+03   3.2061593E-13
  5.759223587430886E+03   3.1240659E-13
  5.764097813984508E+03   3.1511032E-13
  5.768972089270032E+03   3.1318822E-13
  5.773846413175336E+03   3.1131976E-13
  5.778720785588285E+03   3.0730686E-13
  5.783595206396732E+03   3.0486380E-13
  5.788469675488520E+03   3.0355384E-13
  5.793344192751482E+03   3.0384638E-13
  5.798218758073439E+03   3.0548426E-13
  5.803093371342197E+03   3.0287947E-13
  5.807968032445558E+03   3.0815612E-13
  5.812842741271309E+03   3.0908788E-13
  5.817717497707225E+03   3.1419870E-13
  5.822592301641070E+03   3.1502416E-13
  5.827467152960599E+03   3.1715901E-13
  5.832342051553558E+03   3.2005388E-13
  5.837216997307676E+03   3.2159938E-13
  5.842091990110675E+03   3.2453022E-13
  5.846967029850267E+03   3.2539967E-13
  5.851842116414149E+03   3.2438727E-13
  5.856717249690012E+03   3.2648444E-13
  5.861592429565531E+03   3.2860729E-13
  5.866467655928377E+03   3.2784474E-13
  5.871342928666203E+03   3.2638627E-13
  5.876218247666657E+03   3.2757369E-13
  5.881093612817371E+03   3.3082277E-13
  5.885969024005971E+03   3.3196753E-13
  5.890844481120070E+03   3.2959003E-13
  5.895719984047272E+03   3.2873856E-13
  5.900595532675167E+03   3.3156385E-13
  5.905471126891338E+03   3.3286890E-13
  5.910346766583355E+03   3.3446477E-13
  5.915222451638780E+03   3.3546083E-13
  5.920098181945161E+03   3.3682632E-13
  5.924973957390039E+03   3.3399558E-13
  5.929849777860943E+03   3.3462672E-13
  5.934725643245390E+03   3.3083914E-13
  5.939601553430888E+03   3.3338336E-13
  5.944477508304937E+03   3.3654023E-13
  5.949353507755023E+03   3.3308482E-13
  5.954229551668623E+03   3.3311022E-13
  5.959105639933204E+03   3.3061908E-13
  5.963981772436221E+03   3.3319276E-13
  5.968857949065123E+03   3.3197316E-13
  5.973734169707343E+03   3.2961397E-13
  5.978610434250308E+03   3.2647794E-13
  5.983486742581433E+03   3.2627476E-13
  5.988363094588123E+03   3.2671947E-13
  5.993239490157775E+03   3.2577188E-13
  5.998115929177774E+03   3.2353157E-13
  6.002992411535492E+03   3.1862986E-13
  6.007868937118295E+03   3.2050399E-13
  6.012745505813541E+03   3.2024126E-13
  6.017622117508571E+03   3.1848214E-13
  6.022498772090722E+03   3.1585964E-13
  6.027375469447318E+03   3.1037922E-13
  6.032252209465675E+03   3.0456193E-13
  6.037128992033096E+03   3.0312054E-13
  6.042005817036879E+03   2.9862950E-13
  6.046882684364307E+03   2.8885583E-13
  6.051759593902658E+03   2.8136459E-13
  6.056636545539195E+03   2.6972524E-13
  6.061513539161176E+03   2.5634096E-13
  6.066390574655847E+03   2.4366614E-13
  6.071267651910442E+03   2.3122525E-13
  6.076144770812190E+03   2.1655429E-13
  6.081021931248309E+03   2.0328594E-13
  6.085899133106004E+03   1.8788061E-13
  6.090776376272474E+03   1.7629642E-13
  6.095653660634908E+03   1.6266601E-13
  6.100530986080484E+03   1.5322212E-13
  6.105408352496370E+03   1.4522288E-13
  6.110285759769727E+03   1.3673782E-13
  6.115163207787704E+03   1.2815221E-13
  6.120040696437442E+03   1.2137489E-13
  6.124918225606073E+03   1.1739614E-13
  6.129795795180718E+03   1.1445163E-13
  6.134673405048488E+03   1.1216372E-13
  6.139551055096489E+03   1.0982206E-13
  6.144428745211813E+03   1.0997674E-13
  6.149306475281543E+03   1.1058433E-13
  6.154184245192757E+03   1.1391772E-13
  6.159062054832518E+03   1.1495358E-13
  6.163939904087884E+03   1.1927143E-13
  6.168817792845902E+03   1.2414851E-13
  6.173695720993610E+03   1.2992773E-13
  6.178573688418037E+03   1.3565544E-13
  6.183451695006202E+03   1.4152824E-13
  6.188329740645119E+03   1.5040416E-13
  6.193207825221785E+03   1.5786352E-13
  6.198085948623197E+03   1.6766197E-13
  6.202964110736334E+03   1.7830485E-13
  6.207842311448175E+03   1.8631346E-13
  6.212720550645682E+03   1.9559632E-13
  6.217598828215814E+03   2.0438360E-13
  6.222477144045518E+03   2.1443220E-13
  6.227355498021732E+03   2.2093537E-13
  6.232233890031387E+03   2.2858996E-13
  6.237112319961404E+03   2.3473641E-13
  6.241990787698694E+03   2.4001279E-13
  6.246869293130162E+03   2.4880410E-13
  6.251747836142701E+03   2.5201607E-13
  6.256626416623199E+03   2.5891081E-13
  6.261505034458532E+03   2.6499785E-13
  6.266383689535568E+03   2.6769515E-13
  6.271262381741167E+03   2.7710592E-13
  6.276141110962181E+03   2.7822097E-13
  6.281019877085452E+03   2.8365618E-13
  6.285898679997815E+03   2.8655439E-13
  6.290777519586094E+03   2.8958777E-13
  6.295656395737105E+03   2.9381822E-13
  6.300535308337659E+03   2.9391138E-13
  6.305414257274556E+03   2.9221674E-13
  6.310293242434584E+03   2.9429570E-13
  6.315172263704530E+03   2.9573989E-13
  6.320051320971164E+03   2.9132735E-13
  6.324930414121256E+03   2.9138592E-13
  6.329809543041563E+03   2.9344834E-13
  6.334688707618835E+03   2.9276058E-13
  6.339567907739811E+03   2.9341904E-13
  6.344447143291226E+03   2.9218538E-13
  6.349326414159803E+03   2.9174853E-13
  6.354205720232260E+03   2.8659017E-13
  6.359085061395305E+03   2.9055694E-13
  6.363964437535637E+03   2.8645676E-13
  6.368843848539948E+03   2.8582505E-13
  6.373723294294924E+03   2.8566938E-13
  6.378602774687238E+03   2.8284048E-13
  6.383482289603558E+03   2.7996789E-13
  6.388361838930546E+03   2.8302238E-13
  6.393241422554850E+03   2.7741535E-13
  6.398121040363116E+03   2.7947761E-13
  6.403000692241979E+03   2.7985031E-13
  6.407880378078067E+03   2.7809816E-13
  6.412760097757999E+03   2.8013212E-13
  6.417639851168386E+03   2.7616023E-13
  6.422519638195834E+03   2.7520849E-13
  6.427399458726939E+03   2.7484156E-13
  6.432279312648288E+03   2.6964338E-13
  6.437159199846462E+03   2.6762772E-13
  6.442039120208035E+03   2.6520024E-13
  6.446919073619571E+03   2.6093754E-13
  6.451799059967626E+03   2.6072525E-13
  6.456679079138751E+03   2.5757093E-13
  6.461559131019490E+03   2.5801740E-13
  6.466439215496374E+03   2.5582620E-13
  6.471319332455932E+03   2.5366200E-13
  6.476199481784683E+03   2.4908450E-13
  6.481079663369138E+03   2.5008454E-13
  6.485959877095802E+03   2.4754580E-13
  6.490840122851170E+03   2.4478154E-13
  6.495720400521733E+03   2.4508192E-13
  6.500600709993972E+03   2.4380297E-13
  6.505481051154361E+03   2.4268071E-13
  6.510361423889367E+03   2.3980281E-13
  6.515241828085451E+03   2.3773588E-13
  6.520122263629064E+03   2.3679691E-13
  6.525002730406650E+03   2.3499911E-13
  6.529883228304648E+03   2.3414436E-13
  6.534763757209489E+03   2.3098865E-13
  6.539644317007595E+03   2.3398614E-13
  6.544524907585381E+03   2.3172260E-13
  6.549405528829257E+03   2.2814723E-13
  6.554286180625624E+03   2.2543276E-13
  6.559166862860879E+03   2.2712282E-13
  6.564047575421406E+03   2.2175332E-13
  6.568928318193586E+03   2.2199025E-13
  6.573809091063794E+03   2.2088796E-13
  6.578689893918395E+03   2.1739359E-13
  6.583570726643747E+03   2.1946349E-13
  6.588451589126204E+03   2.1542242E-13
  6.593332481252111E+03   2.1281921E-13
  6.598213402907806E+03   2.1235353E-13
  6.603094353979621E+03   2.1066613E-13
  6.607975334353880E+03   2.0981455E-13
  6.612856343916900E+03   2.0627989E-13
  6.617737382554994E+03   2.0523772E-13
  6.622618450154465E+03   2.0265097E-13
  6.627499546601611E+03   2.0095964E-13
  6.632380671782721E+03   2.0140100E-13
  6.637261825584082E+03   1.9716799E-13
  6.642143007891967E+03   1.9844407E-13
  6.647024218592652E+03   1.9485158E-13
  6.651905457572396E+03   1.9659751E-13
  6.656786724717459E+03   1.9349880E-13
  6.661668019914091E+03   1.9393078E-13
  6.666549343048538E+03   1.9216353E-13
  6.671430694007035E+03   1.8703318E-13
  6.676312072675814E+03   1.8717978E-13
  6.681193478941102E+03   1.8357024E-13
  6.686074912689115E+03   1.8427284E-13
  6.690956373806064E+03   1.8252686E-13
  6.695837862178159E+03   1.8150550E-13
  6.700719377691594E+03   1.8166717E-13
  6.705600920232565E+03   1.7849817E-13
  6.710482489687256E+03   1.7739654E-13
  6.715364085941851E+03   1.7539713E-13
  6.720245708882519E+03   1.7148347E-13
  6.725127358395433E+03   1.7094182E-13
  6.730009034366751E+03   1.6881380E-13
  6.734890736682629E+03   1.7005181E-13
  6.739772465229216E+03   1.6811388E-13
  6.744654219892656E+03   1.6694930E-13
  6.749536000559086E+03   1.6558193E-13
  6.754417807114634E+03   1.6298340E-13
  6.759299639445429E+03   1.6139012E-13
  6.764181497437587E+03   1.6189616E-13
  6.769063380977221E+03   1.6038608E-13
  6.773945289950439E+03   1.5685282E-13
  6.778827224243342E+03   1.5602019E-13
  6.783709183742023E+03   1.5473271E-13
  6.788591168332573E+03   1.5699523E-13
  6.793473177901074E+03   1.5455871E-13
  6.798355212333604E+03   1.5376340E-13
  6.803237271516234E+03   1.5292967E-13
  6.808119355335031E+03   1.5211783E-13
  6.813001463676053E+03   1.5209615E-13
  6.817883596425356E+03   1.5024395E-13
  6.822765753468989E+03   1.4982729E-13
  6.827647934692993E+03   1.4969380E-13
  6.832530139983405E+03   1.4988286E-13
  6.837412369226259E+03   1.4810836E-13
  6.842294622307580E+03   1.4770117E-13
  6.847176899113387E+03   1.4564980E-13
  6.852059199529697E+03   1.4714232E-13
  6.856941523442517E+03   1.4688951E-13
  6.861823870737853E+03   1.4710542E-13
  6.866706241301704E+03   1.4558182E-13
  6.871588635020060E+03   1.4505558E-13
  6.876471051778911E+03   1.4604641E-13
  6.881353491464238E+03   1.4440650E-13
  6.886235953962017E+03   1.4238212E-13
  6.891118439158222E+03   1.4031305E-13
  6.896000946938818E+03   1.4095733E-13
  6.900883477189765E+03   1.4030782E-13
  6.905766029797019E+03   1.4019764E-13
  6.910648604646531E+03   1.4037279E-13
  6.915531201624245E+03   1.4095067E-13
  6.920413820616101E+03   1.3889913E-13
  6.925296461508037E+03   1.3883186E-13
  6.930179124185980E+03   1.3941010E-13
  6.935061808535854E+03   1.3861098E-13
  6.939944514443580E+03   1.3847902E-13
  6.944827241795072E+03   1.3905837E-13
  6.949709990476240E+03   1.3834162E-13
  6.954592760372988E+03   1.2939896E-13
  6.959475551371216E+03   1.3764837E-13
  6.964358363356817E+03   1.3825196E-13
  6.969241196215683E+03   1.3679342E-13
  6.974124049833698E+03   1.3560221E-13
  6.979006924096741E+03   1.3623097E-13
  6.983889818890690E+03   1.3465702E-13
  6.988772734101412E+03   1.3389254E-13
  6.993655669614773E+03   1.3431187E-13
  6.998538625316636E+03   1.3622331E-13
  7.003421601092854E+03   1.3369357E-13
  7.008304596829282E+03   1.3417010E-13
  7.013187612411763E+03   1.3143680E-13
  7.018070647726142E+03   1.3141434E-13
  7.022953702658257E+03   1.3169348E-13
  7.027836777093937E+03   1.3147250E-13
  7.032719870919012E+03   1.3136203E-13
  7.037602984019308E+03   1.3159500E-13
  7.042486116280641E+03   1.3404994E-13
  7.047369267588828E+03   1.3381933E-13
  7.052252437829678E+03   1.3219428E-13
  7.057135626888999E+03   1.3208903E-13
  7.062018834652589E+03   1.3294583E-13
  7.066902061006248E+03   1.3032461E-13
  7.071785305835767E+03   1.3297862E-13
  7.076668569026935E+03   1.3260270E-13
  7.081551850465537E+03   1.3479682E-13
  7.086435150037351E+03   1.3059690E-13
  7.091318467628154E+03   1.3235974E-13
  7.096201803123718E+03   1.3022404E-13
  7.101085156409807E+03   1.2992808E-13
  7.105968527372188E+03   1.3079255E-13
  7.110851915896618E+03   1.3060951E-13
  7.115735321868851E+03   1.3084778E-13
  7.120618745174639E+03   1.3225662E-13
  7.125502185699728E+03   1.3172037E-13
  7.130385643329862E+03   1.2958678E-13
  7.135269117950776E+03   1.2719957E-13
  7.140152609448209E+03   1.2784030E-13
  7.145036117707888E+03   1.2649305E-13
  7.149919642615542E+03   1.2759253E-13
  7.154803184056893E+03   1.2722108E-13
  7.159686741917661E+03   1.2837821E-13
  7.164570316083558E+03   1.2691096E-13
  7.169453906440300E+03   1.2892137E-13
  7.174337512873591E+03   1.2725640E-13
  7.179221135269136E+03   1.2705692E-13
  7.184104773512633E+03   1.2483763E-13
  7.188988427489781E+03   1.2290624E-13
  7.193872097086272E+03   1.2308653E-13
  7.198755782187795E+03   1.2457693E-13
  7.203639482680035E+03   1.2438741E-13
  7.208523198448672E+03   1.2447640E-13
  7.213406929379387E+03   1.2544722E-13
  7.218290675357854E+03   1.2432777E-13
  7.223174436269742E+03   1.2295275E-13
  7.228058212000719E+03   1.1978098E-13
  7.232942002436452E+03   1.1965017E-13
  7.237825807462598E+03   1.2056002E-13
  7.242709626964817E+03   1.2182353E-13
  7.247593460828762E+03   1.2122565E-13
  7.252477308940082E+03   1.1923559E-13
  7.257361171184427E+03   1.1862818E-13
  7.262245047447437E+03   1.1858362E-13
  7.267128937614755E+03   1.1859968E-13
  7.272012841572019E+03   1.1636330E-13
  7.276896759204861E+03   1.1434216E-13
  7.281780690398913E+03   1.1626202E-13
  7.286664635039803E+03   1.1436967E-13
  7.291548593013154E+03   1.1554683E-13
  7.296432564204589E+03   1.1402125E-13
  7.301316548499725E+03   1.1489929E-13
  7.306200545784179E+03   1.1370259E-13
  7.311084555943561E+03   1.1355686E-13
  7.315968578863481E+03   1.1137180E-13
  7.320852614429547E+03   1.0917533E-13
  7.325736662527359E+03   1.0698223E-13
  7.330620723042519E+03   1.0643385E-13
  7.335504795860624E+03   1.0678457E-13
  7.340388880867269E+03   1.0399157E-13
  7.345272977948046E+03   1.0689712E-13
  7.350157086988542E+03   1.0552746E-13
  7.355041207874345E+03   1.0419061E-13
  7.359925340491037E+03   1.0354384E-13
  7.364809484724198E+03   1.0045848E-13
  7.369693640459407E+03   1.0091870E-13
  7.374577807582239E+03   9.8695181E-14
  7.379461985978266E+03   9.9800891E-14
  7.384346175533056E+03   1.0069945E-13
  7.389230376132180E+03   1.0046502E-13
  7.394114587661199E+03   1.0173199E-13
  7.398998810005677E+03   9.9780061E-14
  7.403883043051172E+03   9.7916162E-14
  7.408767286683242E+03   9.6971517E-14
  7.413651540787440E+03   9.6848507E-14
  7.418535805249321E+03   9.7290672E-14
  7.423420079954432E+03   9.8022718E-14
  7.428304364788320E+03   9.6525476E-14
  7.433188659636532E+03   9.5145327E-14
  7.438072964384607E+03   9.3355099E-14
  7.442957278918089E+03   9.3257718E-14
  7.447841603122513E+03   9.2050940E-14
  7.452725936883416E+03   9.0724520E-14
  7.457610280086331E+03   8.8075543E-14
  7.462494632616788E+03   8.6437347E-14
  7.467378994360318E+03   8.3258792E-14
  7.472263365202446E+03   8.1889607E-14
  7.477147745028698E+03   8.0997268E-14
  7.482032133724596E+03   8.0103730E-14
  7.486916531175659E+03   8.0787367E-14
  7.491800937267407E+03   8.1034483E-14
  7.496685351885356E+03   7.9463617E-14
  7.501569774915020E+03   7.8981255E-14
  7.506454206241913E+03   7.7356605E-14
  7.511338645751543E+03   7.6800037E-14
  7.516223093329420E+03   7.6424347E-14
  7.521107548861051E+03   7.6882396E-14
  7.525992012231939E+03   7.7912659E-14
  7.530876483327590E+03   7.9500818E-14
  7.535760962033502E+03   8.1863241E-14
  7.540645448235176E+03   8.1396363E-14
  7.545529941818108E+03   8.2301658E-14
  7.550414442667796E+03   8.1671330E-14
  7.555298950669731E+03   8.1514819E-14
  7.560183465709410E+03   8.2723196E-14
  7.565067987672321E+03   8.4288574E-14
  7.569952516443954E+03   8.2130110E-14
  7.574837051909794E+03   8.6502352E-14
  7.579721593955331E+03   8.8949085E-14
  7.584606142466048E+03   8.8916382E-14
  7.589490697327427E+03   8.8855823E-14
  7.594375258424951E+03   8.8949884E-14
  7.599259825644099E+03   8.7312027E-14
  7.604144398870349E+03   8.6362436E-14
  7.609028977989179E+03   8.6866265E-14
  7.613913562886065E+03   8.7037894E-14
  7.618798153446482E+03   8.8861535E-14
  7.623682749555901E+03   9.1650801E-14
  7.628567351099796E+03   9.3336505E-14
  7.633451957963636E+03   9.4392349E-14
  7.638336570032892E+03   9.4197179E-14
  7.643221187193030E+03   9.6454664E-14
  7.648105809329519E+03   9.4071567E-14
  7.652990436327823E+03   9.0608714E-14
  7.657875068073407E+03   8.9913394E-14
  7.662759704451734E+03   8.9176767E-14
  7.667644345348269E+03   9.0347116E-14
  7.672528990648470E+03   8.9140372E-14
  7.677413640237799E+03   9.1705953E-14
  7.682298294001715E+03   9.2539264E-14
  7.687182951825676E+03   9.3344935E-14
  7.692067613595139E+03   9.4833761E-14
  7.696952279195561E+03   9.5163115E-14
  7.701836948512398E+03   9.4178490E-14
  7.706721621431104E+03   9.1491728E-14
  7.711606297837133E+03   8.9598725E-14
  7.716490977615937E+03   9.1460232E-14
  7.721375660652970E+03   9.2357511E-14
  7.726260346833682E+03   9.2937858E-14
  7.731145036043524E+03   9.7501563E-14
  7.736029728167947E+03   9.7879665E-14
  7.740914423092399E+03   1.0080532E-13
  7.745799120702329E+03   1.0281683E-13
  7.750683820883185E+03   9.9483749E-14
  7.755568523520415E+03   9.9574049E-14
  7.760453228499465E+03   9.8331648E-14
  7.765337935705781E+03   9.4172662E-14
  7.770222645024811E+03   9.8090467E-14
  7.775107356341997E+03   9.7834338E-14
  7.779992069542785E+03   9.9925243E-14
  7.784876784512621E+03   1.0313880E-13
  7.789761501136949E+03   1.0750622E-13
  7.794646219301210E+03   1.0885443E-13
  7.799530938890848E+03   1.0998220E-13
  7.804415659791307E+03   1.0746628E-13
  7.809300381888029E+03   1.0302120E-13
  7.814185105066455E+03   1.0198826E-13
  7.819069829212030E+03   1.0112871E-13
  7.823954554210192E+03   1.0151361E-13
  7.828839279946385E+03   1.0328569E-13
  7.833724006306052E+03   1.0631792E-13
  7.838608733174630E+03   1.0878073E-13
  7.843493460437563E+03   1.1176316E-13
  7.848378187980292E+03   1.1160730E-13
  7.853262915688257E+03   1.1360365E-13
  7.858147643446899E+03   1.1087824E-13
  7.863032371141660E+03   1.1026023E-13
  7.867917098657979E+03   1.0525460E-13
  7.872801825881300E+03   1.0283916E-13
  7.877686552697061E+03   1.0046324E-13
  7.882571278990705E+03   1.0109047E-13
  7.887456004647672E+03   1.0175782E-13
  7.892340729553405E+03   1.0637240E-13
  7.897225453593344E+03   1.0815281E-13
  7.902110176652934E+03   1.0858420E-13
  7.906994898617612E+03   1.0849372E-13
  7.911879619372824E+03   1.0889115E-13
  7.916764338804011E+03   1.0772509E-13
  7.921649056796618E+03   1.0866105E-13
  7.926533773236085E+03   1.0702260E-13
  7.931418488007858E+03   1.0430341E-13
  7.936303200997380E+03   1.0467767E-13
  7.941187912090096E+03   1.0247107E-13
  7.946072621171451E+03   1.0114086E-13
  7.950957328126889E+03   9.9504030E-14
  7.955842032841857E+03   9.8389883E-14
  7.960726735201801E+03   9.9550888E-14
  7.965611435092167E+03   9.7799752E-14
  7.970496132398403E+03   1.0037743E-13
  7.975380827005959E+03   1.0449560E-13
  7.980265518800282E+03   1.0434893E-13
  7.985150207666820E+03   1.0353499E-13
  7.990034893491026E+03   1.0219599E-13
  7.994919576158350E+03   9.8714480E-14
  7.999804255554241E+03   9.6317824E-14
  8.004688931564155E+03   9.4090256E-14
  8.009573604073541E+03   9.2577733E-14
  8.014458272967857E+03   8.9911748E-14
  8.019342938132555E+03   8.8548906E-14
  8.024227599453092E+03   8.9589902E-14
  8.029112256814923E+03   9.1696575E-14
  8.033996910103508E+03   9.2235803E-14
  8.038881559204304E+03   9.2904390E-14
  8.043766204002768E+03   9.2063422E-14
  8.048650844384365E+03   9.2258144E-14
  8.053535480234553E+03   8.8879459E-14
  8.058420111438795E+03   8.7067520E-14
  8.063304737882556E+03   8.4671528E-14
  8.068189359451299E+03   8.4785796E-14
  8.073073976030492E+03   8.6055308E-14
  8.077958587505600E+03   8.9315782E-14
  8.082843193762093E+03   8.9056427E-14
  8.087727794685437E+03   9.2862533E-14
  8.092612390161107E+03   9.1776372E-14
  8.097496980074572E+03   8.9588642E-14
  8.102381564311307E+03   8.9565779E-14
  8.107266142756785E+03   8.7579913E-14
  8.112150715296484E+03   8.7443968E-14
  8.117035281815879E+03   8.6496674E-14
  8.121919842200450E+03   8.8026408E-14
  8.126804396335678E+03   8.7542136E-14
  8.131688944107043E+03   8.7037812E-14
  8.136573485400028E+03   8.8217411E-14
  8.141458020100121E+03   8.7197353E-14
  8.146342548092804E+03   8.9052545E-14
  8.151227069263567E+03   8.7159934E-14
  8.156111583497898E+03   8.7850293E-14
  8.160996090681291E+03   8.3251291E-14
  8.165880590699235E+03   8.1252882E-14
  8.170765083437227E+03   7.5931184E-14
  8.175649568780761E+03   7.4564514E-14
  8.180534046615336E+03   7.1817999E-14
  8.185418516826452E+03   7.0426127E-14
  8.190302979299609E+03   7.1619678E-14
  8.195187433920310E+03   7.0293516E-14
  8.200071880574063E+03   8.0185228E-14
  8.204956319146371E+03   6.3672470E-14
  8.209840749522746E+03   6.1620685E-14
  8.214725171588694E+03   6.1210694E-14
  8.219609585229735E+03   5.9593816E-14
  8.224493990331375E+03   5.9931376E-14
  8.229378386779137E+03   5.8970366E-14
  8.234262774458537E+03   5.9180728E-14
  8.239147153255097E+03   6.1666777E-14
  8.244031523054338E+03   6.0521277E-14
  8.248915883741785E+03   5.8657635E-14
  8.253800235202967E+03   5.6993052E-14
  8.258684577323413E+03   5.6727291E-14
  8.263568909988653E+03   5.6861376E-14
  8.268453233084219E+03   5.7363910E-14
  8.273337546495650E+03   5.8236124E-14
  8.278221850108484E+03   6.0239669E-14
  8.283106143808258E+03   6.0099989E-14
  8.287990427480518E+03   6.0540013E-14
  8.292874701010809E+03   6.0613630E-14
  8.297758964284676E+03   6.1602592E-14
  8.302643217187671E+03   5.9142720E-14
  8.307527459605346E+03   5.9367252E-14
  8.312411691423253E+03   5.7400956E-14
  8.317295912526954E+03   5.9278279E-14
  8.322180122802005E+03   5.9786011E-14
  8.327064322133969E+03   6.0723324E-14
  8.331948510408412E+03   6.1957302E-14
  8.336832687510901E+03   6.2431051E-14
  8.341716853327007E+03   6.4652487E-14
  8.346601007742298E+03   6.5658796E-14
  8.351485150642357E+03   6.6862843E-14
  8.356369281912754E+03   6.5968891E-14
  8.361253401439075E+03   6.4925319E-14
  8.366137509106904E+03   6.6521184E-14
  8.371021604801823E+03   6.3352217E-14
  8.375905688409424E+03   6.7234961E-14
  8.380789759815299E+03   6.5655828E-14
  8.385673818905045E+03   6.7541892E-14
  8.390557865564253E+03   6.7715033E-14
  8.395441899678530E+03   7.0368895E-14
  8.400325921133477E+03   7.1350186E-14
  8.405209929814699E+03   7.2101227E-14
  8.410093925607809E+03   7.4103863E-14
  8.414977908398418E+03   7.8174290E-14
  8.419861878072139E+03   8.1193021E-14
  8.424745834514595E+03   8.4439393E-14
  8.429629777611404E+03   8.6722249E-14
  8.434513707248194E+03   9.0921032E-14
  8.439397623310593E+03   9.1085525E-14
  8.444281525684230E+03   9.2047172E-14
  8.449165414254738E+03   8.9220921E-14
  8.454049288907760E+03   9.1862539E-14
  8.458933149528932E+03   8.9153294E-14
  8.463816996003899E+03   8.7761341E-14
  8.468700828218312E+03   8.6062030E-14
  8.473584646057818E+03   8.8597363E-14
  8.478468449408074E+03   9.0521442E-14
  8.483352238154734E+03   9.2795983E-14
  8.488236012183461E+03   9.7267795E-14
  8.493119771379921E+03   9.8889552E-14
  8.498003515629782E+03   9.9519710E-14
  8.502887244818712E+03   1.0296464E-13
  8.507770958832389E+03   1.0650598E-13
  8.512654657556492E+03   1.0536021E-13
  8.517538340876699E+03   1.0534094E-13
  8.522422008678701E+03   1.0546669E-13
  8.527305660848182E+03   1.0316924E-13
  8.532189297270841E+03   9.5774449E-14
  8.537072917832369E+03   9.6317539E-14
  8.541956522418472E+03   9.4114990E-14
  8.546840110914849E+03   9.1528950E-14
  8.551723683207210E+03   9.4689495E-14
  8.556607239181269E+03   9.6673341E-14
  8.561490778722737E+03   9.6986160E-14
  8.566374301717336E+03   1.0215318E-13
  8.571257808050792E+03   1.0204512E-13
  8.576141297608827E+03   1.0476637E-13
  8.581024770277174E+03   1.0786574E-13
  8.585908225941568E+03   1.0681674E-13
  8.590791664487750E+03   1.0789773E-13
  8.595675085801462E+03   1.0716250E-13
  8.600558489768449E+03   1.0579134E-13
  8.605441876274464E+03   1.0051505E-13
  8.610325245205264E+03   9.6330733E-14
  8.615208596446606E+03   9.1258977E-14
  8.620091929884253E+03   9.2335685E-14
  8.624975245403974E+03   9.2487819E-14
  8.629858542891539E+03   9.3802014E-14
  8.634741822232725E+03   9.4809977E-14
  8.639625083313316E+03   9.5964537E-14
  8.644508326019091E+03   1.0026866E-13
  8.649391550235843E+03   1.0416897E-13
  8.654274755849363E+03   1.0403477E-13
  8.659157942745447E+03   1.0517781E-13
  8.664041110809903E+03   1.0669690E-13
  8.668924259928532E+03   1.0292740E-13
  8.673807389987145E+03   9.6816286E-14
  8.678690500871560E+03   9.2191269E-14
  8.683573592467594E+03   9.4641790E-14
  8.688456664661073E+03   9.3386345E-14
  8.693339717337825E+03   9.6014512E-14
  8.698222750383686E+03   9.7930622E-14
  8.703105763684491E+03   1.0307061E-13
  8.707988757126081E+03   1.0571652E-13
  8.712871730594308E+03   1.0561827E-13
  8.717754683975019E+03   1.0318864E-13
  8.722637617154078E+03   9.7733853E-14
  8.727520530017337E+03   9.2542707E-14
  8.732403422450669E+03   9.2155348E-14
  8.737286294339941E+03   9.2059437E-14
  8.742169145571032E+03   9.0952697E-14
  8.747051976029819E+03   9.0650720E-14
  8.751934785602189E+03   9.1355437E-14
  8.756817574174034E+03   9.2267611E-14
  8.761700341631247E+03   9.3053298E-14
  8.766583087859728E+03   9.3863882E-14
  8.771465812745384E+03   9.5512309E-14
  8.776348516174125E+03   9.8983240E-14
  8.781231198031861E+03   9.9472229E-14
  8.786113858204519E+03   9.9763039E-14
  8.790996496578020E+03   9.3776705E-14
  8.795879113038298E+03   9.0967923E-14
  8.800761707471283E+03   8.8111911E-14
  8.805644279762922E+03   8.5071768E-14
  8.810526829799155E+03   8.5369855E-14
  8.815409357465936E+03   8.1968151E-14
  8.820291862649223E+03   8.2216982E-14
  8.825174345234973E+03   8.3295119E-14
  8.830056805109156E+03   8.0525240E-14
  8.834939242157741E+03   7.9146081E-14
  8.839821656266708E+03   7.8385052E-14
  8.844704047322040E+03   7.6159307E-14
  8.849586415209726E+03   7.4520861E-14
  8.854468759815756E+03   7.7386807E-14
  8.859351081026132E+03   7.9844023E-14
  8.864233378726856E+03   7.8162527E-14
  8.869115652803941E+03   7.2439721E-14
  8.873997903143401E+03   7.1768580E-14
  8.878880129631258E+03   7.1554884E-14
  8.883762332153536E+03   6.9699841E-14
  8.888644510596270E+03   6.9813079E-14
  8.893526664845496E+03   7.0425328E-14
  8.898408794787259E+03   7.0727922E-14
  8.903290900307607E+03   6.8313187E-14
  8.908172981292597E+03   6.6482403E-14
  8.913055037628286E+03   6.4164772E-14
  8.917937069200747E+03   6.2848015E-14
  8.922819075896045E+03   6.2002547E-14
  8.927701057600259E+03   6.1511634E-14
  8.932583014199477E+03   6.1791765E-14
  8.937464945579788E+03   6.3148183E-14
  8.942346851627284E+03   6.3179103E-14
  8.947228732228070E+03   6.4604246E-14
  8.952110587268253E+03   6.4959546E-14
  8.956992416633942E+03   6.5946048E-14
  8.961874220211264E+03   6.4432265E-14
  8.966755997886337E+03   6.7019090E-14
  8.971637749545300E+03   6.9009943E-14
  8.976519475074285E+03   6.9472091E-14
  8.981401174359438E+03   7.0017905E-14
  8.986282847286910E+03   6.4916070E-14
  8.991164493742854E+03   6.2278253E-14
  8.996046113613434E+03   6.2124439E-14
  9.000927706784818E+03   6.3763000E-14
  9.005809273143181E+03   6.7353187E-14
  9.010690812574703E+03   6.7008289E-14
  9.015572324965573E+03   6.9151248E-14
  9.020453810201983E+03   6.8358547E-14
  9.025335268170134E+03   6.9922285E-14
  9.030216698756232E+03   6.9263260E-14
  9.035098101846488E+03   7.0264656E-14
  9.039979477327124E+03   7.3378959E-14
  9.044860825084361E+03   7.2702322E-14
  9.049742145004437E+03   7.1656480E-14
  9.054623436973587E+03   7.0622382E-14
  9.059504700878055E+03   7.1893378E-14
  9.064385936604092E+03   6.7923423E-14
  9.069267144037962E+03   6.4830316E-14
  9.074148323065925E+03   6.3629691E-14
  9.079029473574254E+03   6.1081829E-14
  9.083910595449224E+03   5.8732235E-14
  9.088791688577123E+03   5.8381854E-14
  9.093672752844242E+03   6.2513871E-14
  9.098553788136878E+03   6.4359623E-14
  9.103434794341338E+03   6.5161147E-14
  9.108315771343930E+03   6.8250378E-14
  9.113196719030977E+03   7.3054762E-14
  9.118077637288801E+03   7.2574149E-14
  9.122958526003738E+03   7.4034542E-14
  9.127839385062123E+03   7.3858969E-14
  9.132720214350304E+03   7.3555874E-14
  9.137601013754633E+03   7.2053454E-14
  9.142481783161473E+03   7.1361272E-14
  9.147362522457188E+03   6.8826238E-14
  9.152243231528151E+03   6.5659277E-14
  9.157123910260749E+03   6.4041708E-14
  9.162004558541365E+03   6.0456848E-14
  9.166885176256394E+03   5.7376901E-14
  9.171765763292240E+03   5.6123580E-14
  9.176646319535314E+03   5.8988858E-14
  9.181526844872031E+03   6.0494341E-14
  9.186407339188814E+03   6.3564198E-14
  9.191287802372099E+03   6.5729940E-14
  9.196168234308318E+03   6.9724615E-14
  9.201048634883919E+03   7.1744341E-14
  9.205929003985359E+03   7.3539644E-14
  9.210809341499093E+03   7.6780819E-14
  9.215689647311590E+03   7.5112469E-14
  9.220569921309328E+03   7.4256878E-14
  9.225450163378790E+03   7.0556245E-14
  9.230330373406461E+03   6.5478066E-14
  9.235210551278842E+03   5.8359235E-14
  9.240090696882437E+03   5.7687009E-14
  9.244970810103760E+03   5.7876582E-14
  9.249850890829330E+03   5.9686387E-14
  9.254730938945671E+03   6.0882621E-14
  9.259610954339327E+03   6.5624067E-14
  9.264490936896833E+03   6.6402382E-14
  9.269370886504745E+03   6.8240850E-14
  9.274250803049617E+03   7.3260591E-14
  9.279130686418017E+03   7.3969415E-14
  9.284010536496518E+03   7.6159809E-14
  9.288890353171704E+03   7.6640131E-14
  9.293770136330160E+03   7.3717826E-14
  9.298649885858486E+03   6.7754850E-14
  9.303529601643286E+03   6.3791183E-14
  9.308409283571173E+03   5.8491277E-14
  9.313288931528767E+03   5.6895996E-14
  9.318168545402697E+03   5.6099683E-14
  9.323048125079600E+03   5.6061265E-14
  9.327927670446119E+03   5.6858991E-14
  9.332807181388909E+03   5.8491244E-14
  9.337686657794629E+03   5.8405341E-14
  9.342566099549947E+03   5.9047310E-14
  9.347445506541540E+03   6.1722451E-14
  9.352324878656093E+03   6.1052719E-14
  9.357204215780299E+03   6.5744658E-14
  9.362083517800858E+03   7.1540775E-14
  9.366962784604480E+03   7.3066004E-14
  9.371842016077884E+03   7.5568708E-14
  9.376721212107792E+03   7.4600604E-14
  9.381600372580941E+03   7.1819029E-14
  9.386479497384071E+03   7.0778127E-14
  9.391358586403934E+03   6.7920882E-14
  9.396237639527290E+03   6.1934365E-14
  9.401116656640901E+03   5.7366878E-14
  9.405995637631546E+03   5.3245199E-14
  9.410874582386010E+03   5.2451438E-14
  9.415753490791085E+03   4.9241817E-14
  9.420632362733570E+03   4.8082977E-14
  9.425511198100277E+03   5.1903458E-14
  9.430389996778022E+03   5.3669458E-14
  9.435268758653630E+03   5.4495308E-14
  9.440147483613939E+03   5.7929871E-14
  9.445026171545789E+03   5.9601656E-14
  9.449904822336037E+03   6.2749014E-14
  9.454783435871541E+03   6.7648944E-14
  9.459662012039169E+03   6.8177750E-14
  9.464540550725802E+03   6.8956424E-14
  9.469419051818324E+03   6.3091147E-14
  9.474297515203636E+03   5.6422776E-14
  9.479175940768637E+03   5.0367395E-14
  9.484054328400243E+03   4.6994482E-14
  9.488932677985375E+03   4.5275358E-14
  9.493810989410964E+03   4.5827196E-14
  9.498689262563948E+03   4.6820932E-14
  9.503567497331282E+03   4.7790947E-14
  9.508445693599917E+03   4.8508394E-14
  9.513323851256822E+03   4.8139468E-14
  9.518201970188973E+03   4.8693874E-14
  9.523080050283354E+03   5.0275779E-14
  9.527958091426959E+03   5.3434474E-14
  9.532836093506790E+03   5.8933219E-14
  9.537714056409861E+03   5.9304226E-14
  9.542591980023190E+03   6.3023602E-14
  9.547469864233806E+03   6.1780286E-14
  9.552347708928753E+03   5.9244324E-14
  9.557225513995078E+03   5.5531202E-14
  9.562103279319836E+03   5.0085322E-14
  9.566981004790094E+03   4.3405665E-14
  9.571858690292929E+03   3.9945108E-14
  9.576736335715428E+03   4.0672405E-14
  9.581613940944686E+03   4.0150605E-14
  9.586491505867802E+03   4.1210423E-14
  9.591369030371894E+03   4.4199368E-14
  9.596246514344084E+03   4.7625430E-14
  9.601123957671505E+03   4.9671838E-14
  9.606001360241298E+03   5.1682427E-14
  9.610878721940613E+03   5.4050101E-14
  9.615756042656611E+03   5.7938619E-14
  9.620633322276462E+03   5.3982846E-14
  9.625510560687348E+03   4.8356406E-14
  9.630387757776454E+03   4.1733723E-14
  9.635264913430985E+03   3.9133109E-14
  9.640142027538144E+03   3.9404979E-14
  9.645019099985153E+03   3.9290901E-14
  9.649896130659239E+03   4.0392545E-14
  9.654773119447636E+03   3.9546732E-14
  9.659650066237597E+03   4.2983192E-14
  9.664526970916373E+03   4.6010942E-14
  9.669403833371236E+03   4.9672645E-14
  9.674280653489461E+03   5.1711965E-14
  9.679157431158334E+03   5.2732311E-14
  9.684034166265152E+03   5.0781628E-14
  9.688910858697220E+03   4.8694111E-14
  9.693787508341855E+03   4.5732647E-14
  9.698664115086385E+03   4.2423784E-14
  9.703540678818143E+03   3.7242927E-14
  9.708417199424473E+03   3.6001126E-14
  9.713293676792739E+03   3.5689191E-14
  9.718170110810299E+03   3.4504070E-14
  9.723046501364533E+03   3.6153765E-14
  9.727922848342827E+03   3.6727003E-14
  9.732799151632576E+03   3.6821596E-14
  9.737675411121190E+03   3.7879723E-14
  9.742551626696080E+03   3.6854492E-14
  9.747427798244678E+03   3.7860624E-14
  9.752303925654418E+03   3.7386506E-14
  9.757180008812749E+03   3.8499447E-14
  9.762056047607130E+03   4.3606957E-14
  9.766932041925023E+03   4.6565138E-14
  9.771807991653912E+03   4.4731729E-14
  9.776683896681283E+03   4.8325835E-14
  9.781559756894634E+03   4.6796212E-14
  9.786435572181479E+03   4.6322768E-14
  9.791311342429333E+03   4.2472573E-14
  9.796187067525725E+03   3.9964932E-14
  9.801062747358201E+03   3.6277107E-14
  9.805938381814311E+03   3.5384656E-14
  9.810813970781612E+03   3.2151704E-14
  9.815689514147680E+03   3.3921057E-14
  9.820565011800096E+03   3.2352982E-14
  9.825440463626455E+03   3.3908684E-14
  9.830315869514363E+03   3.4061949E-14
  9.835191229351431E+03   3.2617812E-14
  9.840066543025285E+03   3.8284730E-14
  9.844941810423559E+03   4.0666401E-14
  9.849817031433906E+03   4.1670850E-14
  9.854692205943977E+03   4.3948579E-14
  9.859567333841445E+03   4.5074577E-14
  9.864442415013986E+03   4.2906556E-14
  9.869317449349293E+03   3.7522692E-14
  9.874192436735064E+03   3.4591843E-14
  9.879067377059011E+03   3.4944548E-14
  9.883942270208858E+03   3.2921707E-14
  9.888817116072338E+03   3.0273059E-14
  9.893691914537194E+03   3.0021138E-14
  9.898566665491182E+03   3.1187790E-14
  9.903441368822072E+03   2.8522178E-14
  9.908316024417636E+03   2.9209386E-14
  9.913190632165666E+03   2.9315932E-14
  9.918065191953961E+03   2.7644445E-14
  9.922939703670330E+03   3.0258368E-14
  9.927814167202598E+03   2.9331301E-14
  9.932688582438597E+03   3.0711131E-14
  9.937562949266168E+03   2.8811856E-14
  9.942437267573170E+03   3.1903032E-14
  9.947311537247469E+03   3.0490818E-14
  9.952185758176944E+03   3.4370916E-14
  9.957059930249479E+03   3.1248445E-14
  9.961934053352981E+03   3.4322869E-14
  9.966808127375360E+03   3.5343544E-14
  9.971682152204536E+03   3.3966614E-14
  9.976556127728447E+03   3.6848789E-14
  9.981430053835038E+03   3.7527866E-14
  9.986303930412265E+03   3.8216460E-14
  9.991177757348099E+03   3.6173352E-14
  9.996051534530519E+03   3.5087337E-14
  1.000092526184752E+04   3.6087354E-14
  1.000579893918710E+04   3.5319255E-14
  1.001067256643728E+04   2.9897275E-14
  1.001554614348608E+04   2.9444126E-14
  1.002041967022154E+04   2.7043465E-14
  1.002529314653172E+04   2.5503359E-14
  1.003016657230467E+04   2.5980142E-14
  1.003503994742846E+04   2.8412419E-14
  1.003991327179119E+04   2.7058761E-14
  1.004478654528094E+04   2.6448761E-14
  1.004965976778583E+04   2.5951678E-14
  1.005453293919398E+04   2.7208192E-14
  1.005940605939351E+04   2.7164657E-14
  1.006427912827258E+04   3.0474734E-14
  1.006915214571934E+04   2.9201769E-14
  1.007402511162195E+04   3.2412861E-14
  1.007889802586860E+04   2.8903187E-14
  1.008377088834747E+04   3.0765324E-14
  1.008864369894677E+04   3.2463361E-14
  1.009351645755472E+04   3.3117108E-14
  1.009838916405954E+04   3.4590264E-14
  1.010326181834947E+04   2.9814066E-14
  1.010813442031277E+04   3.2156728E-14
  1.011300696983770E+04   3.1214038E-14
  1.011787946681253E+04   2.7836139E-14
  1.012275191112555E+04   2.7746995E-14
  1.012762430266506E+04   2.8733655E-14
  1.013249664131938E+04   2.6807941E-14
  1.013736892697682E+04   2.4326165E-14
  1.014224115952573E+04   2.3928899E-14
  1.014711333885445E+04   2.3814484E-14
  1.015198546485135E+04   2.6633816E-14
  1.015685753740479E+04   2.2448028E-14
  1.016172955640317E+04   2.3370076E-14
  1.016660152173488E+04   2.1880702E-14
  1.017147343328834E+04   2.3115533E-14
  1.017634529095196E+04   2.3449153E-14
  1.018121709461419E+04   2.2933000E-14
  1.018608884416346E+04   2.1157823E-14
  1.019096053948824E+04   2.2755430E-14
  1.019583218047701E+04   2.2620547E-14
  1.020070376701825E+04   2.5942212E-14
  1.020557529900045E+04   2.6790836E-14
  1.021044677631214E+04   2.9486210E-14
  1.021531819884182E+04   3.2849320E-14
  1.022018956647804E+04   2.4099929E-14
  1.022506087910935E+04   3.0531614E-14
  1.022993213662430E+04   3.2983216E-14
  1.023480333891147E+04   2.7595325E-14
  1.023967448585945E+04   2.0236115E-14
  1.024454557735684E+04   2.0066258E-14
  1.024941661329225E+04   2.4843509E-14
