

  1.663423797059560E+03   4.5080557E-14
  1.664794150278794E+03   7.1796512E-14
  1.666164518482468E+03   6.0710314E-14
  1.667534901639178E+03   5.2943706E-14
  1.668905299717517E+03   1.9477091E-14
  1.670275712686074E+03   3.0497655E-14
  1.671646140513437E+03   4.7826353E-14
  1.673016583168188E+03   2.0558262E-14
  1.674387040618906E+03   3.4997826E-14
  1.675757512834167E+03  -5.5445451E-15
  1.677127999782544E+03   5.3005868E-14
  1.678498501432606E+03   3.6556631E-14
  1.679869017752918E+03   2.4384164E-14
  1.681239548712043E+03   5.1893247E-14
  1.682610094278540E+03  -1.6407838E-14
  1.683980654420965E+03   2.0276542E-14
  1.685351229107869E+03   5.9440503E-14
  1.686721818307803E+03   2.8213376E-12
  1.688092421989310E+03   3.4509301E-14
  1.689463040120933E+03   3.3970361E-14
  1.690833672671211E+03   2.6461474E-14
  1.692204319608680E+03   4.6844128E-15
  1.693574980901872E+03  -2.8564409E-15
  1.694945656519315E+03   1.3251273E-14
  1.696316346429535E+03   2.3174954E-14
  1.697687050601055E+03   1.1771135E-14
  1.699057769002392E+03   2.8919002E-14
  1.700428501602064E+03   1.5669911E-14
  1.701799248368581E+03   1.6314088E-14
  1.703170009270454E+03   2.5275446E-14
  1.704540784276188E+03   3.3992100E-14
  1.705911573354285E+03   2.7371489E-14
  1.707282376473245E+03   2.6846772E-14
  1.708653193601565E+03   3.5559029E-14
  1.710024024707735E+03   2.0735973E-14
  1.711394869760247E+03  -3.2040810E-14
  1.712765728727586E+03   1.8021873E-14
  1.714136601578237E+03   3.6201101E-14
  1.715507488280677E+03   6.3609676E-15
  1.716878388803385E+03   1.7664338E-14
  1.718249303114833E+03   2.7307756E-14
  1.719620231183492E+03   2.0462734E-14
  1.720991172977830E+03   2.5704477E-14
  1.722362128466309E+03   2.5723569E-14
  1.723733097617391E+03   1.5737532E-14
  1.725104080399534E+03   2.6619195E-14
  1.726475076781191E+03   1.5897894E-14
  1.727846086730814E+03   2.1807090E-14
  1.729217110216852E+03   1.8332193E-14
  1.730588147207749E+03   1.3797649E-14
  1.731959197671946E+03   2.1822762E-14
  1.733330261577884E+03   2.0988992E-14
  1.734701338893998E+03   1.7480376E-14
  1.736072429588719E+03   1.6076767E-14
  1.737443533630478E+03   1.6385129E-14
  1.738814650987701E+03   1.0447998E-14
  1.740185781628811E+03   2.2076174E-14
  1.741556925522228E+03   1.8026555E-14
  1.742928082636370E+03   2.3793967E-14
  1.744299252939650E+03   1.4404712E-14
  1.745670436400480E+03   3.2059780E-14
  1.747041632987266E+03   1.9273081E-14
  1.748412842668416E+03   2.0496093E-14
  1.749784065412330E+03   2.1851424E-14
  1.751155301187406E+03   1.8540269E-14
  1.752526549962042E+03   1.5557320E-14
  1.753897811704629E+03   2.1655695E-14
  1.755269086383558E+03   1.9375509E-14
  1.756640373967215E+03   1.3245185E-14
  1.758011674423984E+03   1.2241140E-14
  1.759382987722246E+03   9.6694910E-15
  1.760754313830378E+03   8.8347324E-15
  1.762125652716757E+03   2.5982111E-14
  1.763497004349752E+03   2.1099850E-14
  1.764868368697734E+03   8.9743700E-15
  1.766239745729069E+03   1.6252323E-14
  1.767611135412120E+03   1.3315337E-14
  1.768982537715246E+03   1.1513521E-14
  1.770353952606804E+03   1.9814344E-14
  1.771725380055150E+03   1.9642393E-14
  1.773096820028635E+03   1.1308855E-14
  1.774468272495606E+03   1.7158372E-14
  1.775839737424410E+03   2.1367953E-14
  1.777211214783390E+03   1.5075514E-14
  1.778582704540883E+03   2.1285684E-14
  1.779954206665230E+03   1.6357848E-14
  1.781325721124762E+03   1.9227126E-14
  1.782697247887811E+03   2.6294561E-14
  1.784068786922705E+03   1.3698083E-14
  1.785440338197770E+03   2.6147104E-14
  1.786811901681329E+03   2.0421399E-14
  1.788183477341702E+03   1.1798687E-14
  1.789555065147204E+03   1.2470556E-14
  1.790926665066150E+03   2.0523493E-14
  1.792298277066853E+03   2.2207039E-14
  1.793669901117620E+03   1.5469453E-14
  1.795041537186757E+03   2.0182105E-14
  1.796413185242566E+03   2.1875229E-14
  1.797784845253349E+03   2.1387602E-14
  1.799156517187403E+03   1.7560985E-14
  1.800528201013021E+03   2.2268174E-14
  1.801899896698496E+03   2.1936625E-14
  1.803271604212117E+03   1.0406121E-14
  1.804643323522171E+03   8.9652085E-15
  1.806015054596941E+03   1.8675404E-14
  1.807386797404707E+03   1.0730564E-14
  1.808758551913748E+03   1.9222574E-14
  1.810130318092340E+03   2.2066885E-14
  1.811502095908755E+03   2.0803895E-14
  1.812873885331263E+03   2.2510631E-14
  1.814245686328131E+03   1.4573951E-14
  1.815617498867624E+03   2.0365750E-14
  1.816989322918005E+03   2.0441941E-14
  1.818361158447531E+03   1.5759053E-14
  1.819733005424461E+03   8.3537066E-15
  1.821104863817047E+03   1.3021739E-14
  1.822476733593541E+03   1.9063527E-14
  1.823848614722192E+03   4.0128528E-14
  1.825220507171246E+03   2.6905515E-14
  1.826592410908945E+03   2.6949729E-14
  1.827964325903532E+03   1.5549346E-14
  1.829336252123243E+03   1.8959362E-14
  1.830708189536315E+03   1.7618507E-14
  1.832080138110980E+03   2.2533961E-14
  1.833452097815469E+03   2.8195535E-14
  1.834824068618009E+03   2.5559863E-14
  1.836196050486825E+03   2.4673241E-14
  1.837568043390141E+03   2.2085161E-14
  1.838940047296175E+03   1.9589807E-14
  1.840312062173147E+03   1.6767403E-14
  1.841684087989269E+03   2.4960770E-14
  1.843056124712755E+03   1.7362764E-14
  1.844428172311815E+03   2.6588847E-14
  1.845800230754656E+03   2.4311970E-14
  1.847172300009482E+03   2.6164860E-14
  1.848544380044496E+03   2.5396640E-14
  1.849916470827898E+03   2.2896659E-14
  1.851288572327884E+03   2.0613517E-14
  1.852660684512650E+03   1.7891174E-14
  1.854032807350388E+03   2.5143565E-14
  1.855404940809287E+03   2.1790333E-14
  1.856777084857535E+03   2.0983373E-14
  1.858149239463317E+03   1.9854086E-14
  1.859521404594815E+03   1.9910392E-14
  1.860893580220209E+03   2.9202738E-14
  1.862265766307676E+03   2.5833209E-14
  1.863637962825392E+03   2.2388821E-14
  1.865010169741529E+03   1.6143411E-14
  1.866382387024257E+03   2.5730591E-14
  1.867754614641745E+03   3.2973332E-14
  1.869126852562157E+03   2.7666727E-14
  1.870499100753656E+03   2.8850291E-14
  1.871871359184403E+03   2.7299848E-14
  1.873243627822557E+03   2.2637569E-14
  1.874615906636273E+03   2.4186560E-14
  1.875988195593704E+03   2.5427992E-14
  1.877360494663002E+03   2.6757012E-14
  1.878732803812316E+03   2.8269726E-14
  1.880105123009791E+03   2.8845162E-14
  1.881477452223572E+03   3.2637863E-14
  1.882849791421801E+03   3.0912047E-14
  1.884222140572616E+03   2.7879188E-14
  1.885594499644156E+03   3.6868651E-14
  1.886966868604554E+03   2.8977698E-14
  1.888339247421944E+03   2.8286125E-14
  1.889711636064455E+03   3.1584165E-14
  1.891084034500215E+03   3.3278972E-14
  1.892456442697350E+03   3.5544210E-14
  1.893828860623983E+03   2.8102693E-14
  1.895201288248236E+03   3.3245779E-14
  1.896573725538226E+03   2.9898250E-14
  1.897946172462071E+03   3.3085483E-14
  1.899318628987885E+03   3.0048843E-14
  1.900691095083780E+03   3.1792284E-14
  1.902063570717866E+03   3.4036803E-14
  1.903436055858250E+03   2.6919710E-14
  1.904808550473037E+03   3.4594018E-14
  1.906181054530332E+03   3.2579144E-14
  1.907553567998234E+03   3.5286664E-14
  1.908926090844843E+03   3.2684938E-14
  1.910298623038255E+03   3.3687642E-14
  1.911671164546565E+03   3.2392644E-14
  1.913043715337865E+03   2.4662750E-14
  1.914416275380245E+03   2.8543191E-14
  1.915788844641792E+03   2.7955404E-14
  1.917161423090593E+03   3.1663189E-14
  1.918534010694732E+03   2.9500599E-14
  1.919906607422289E+03   2.6728779E-14
  1.921279213241344E+03   2.9581555E-14
  1.922651828119975E+03   2.5392725E-14
  1.924024452026257E+03   3.1033573E-14
  1.925397084928262E+03   2.6427201E-14
  1.926769726794061E+03   2.9562226E-14
  1.928142377591724E+03   2.2336579E-14
  1.929515037289317E+03   2.7766989E-14
  1.930887705854904E+03   2.5389469E-14
  1.932260383256549E+03   1.2782050E-13
  1.933633069462312E+03   2.4911437E-14
  1.935005764440251E+03   2.2817226E-14
  1.936378468158423E+03   2.5698832E-14
  1.937751180584883E+03   2.3391243E-14
  1.939123901687682E+03   2.3801721E-14
  1.940496631434870E+03   2.9026410E-14
  1.941869369794498E+03   1.9981216E-14
  1.943242116734610E+03   2.2911133E-14
  1.944614872223251E+03   2.6842369E-14
  1.945987636228463E+03   2.5555167E-14
  1.947360408718287E+03   2.1804947E-14
  1.948733189660760E+03   2.7059863E-14
  1.950105979023921E+03   2.8239352E-14
  1.951478776775802E+03   2.3752079E-14
  1.952851582884436E+03   2.5005648E-14
  1.954224397317854E+03   2.5795474E-14
  1.955597220044084E+03   2.6765484E-14
  1.956970051031154E+03   2.4051980E-14
  1.958342890247087E+03   3.1068786E-14
  1.959715737659906E+03   2.5467296E-14
  1.961088593237633E+03   2.2928691E-14
  1.962461456948286E+03   2.8258881E-14
  1.963834328759883E+03   2.6884492E-14
  1.965207208640438E+03   2.9995093E-14
  1.966580096557965E+03   2.6141529E-14
  1.967952992480475E+03   3.1421826E-14
  1.969325896375978E+03   2.9368550E-14
  1.970698808212481E+03   2.3992779E-14
  1.972071727957991E+03   2.8921394E-14
  1.973444655580511E+03   2.7259106E-14
  1.974817591048044E+03   2.9803105E-14
  1.976190534328588E+03   2.7620415E-14
  1.977563485390145E+03   2.8893564E-14
  1.978936444200709E+03   2.8481381E-14
  1.980309410728276E+03   3.1085201E-14
  1.981682384940839E+03   2.7071563E-14
  1.983055366806388E+03   3.0845742E-14
  1.984428356292914E+03   3.2318908E-14
  1.985801353368405E+03   3.1101725E-14
  1.987174358000846E+03   3.1872620E-14
  1.988547370158220E+03   2.8620827E-14
  1.989920389808512E+03   3.1865529E-14
  1.991293416919700E+03   3.4435623E-14
  1.992666451459765E+03   3.4714246E-14
  1.994039493396684E+03   3.2814578E-14
  1.995412542698431E+03   3.5561652E-14
  1.996785599332980E+03   3.5910894E-14
  1.998158663268305E+03   3.7401079E-14
  1.999531734472373E+03   3.5379655E-14
  2.000904812913155E+03   3.6442922E-14
  2.002277898558618E+03   3.6990637E-14
  2.003650991376726E+03   3.4758614E-14
  2.005024091335443E+03   3.5914166E-14
  2.006397198402731E+03   3.8442536E-14
  2.007770312546551E+03   2.7852156E-14
  2.009143433734860E+03   3.4782280E-14
  2.010516561935615E+03   3.7233630E-14
  2.011889697116772E+03   3.7026307E-14
  2.013262839246285E+03   4.1022165E-14
  2.014635988292106E+03   3.6302982E-14
  2.016009144222184E+03   4.1103880E-14
  2.017382307004470E+03   3.7988289E-14
  2.018755476606909E+03   3.9552993E-14
  2.020128652997447E+03   3.8054561E-14
  2.021501836144030E+03   3.9879497E-14
  2.022875026014598E+03   3.0953748E-14
  2.024248222577093E+03   4.1873643E-14
  2.025621425799454E+03   3.8310741E-14
  2.026994635649619E+03   3.3097904E-14
  2.028367852095524E+03   3.6391520E-14
  2.029741075105104E+03   3.7819333E-14
  2.031114304646291E+03   3.4942837E-14
  2.032487540687018E+03   3.5561902E-14
  2.033860783195214E+03   3.5061370E-14
  2.035234032138808E+03   3.4722350E-14
  2.036607287485727E+03   3.5173267E-14
  2.037980549203897E+03   3.3640988E-14
  2.039353817261241E+03   3.4252085E-14
  2.040727091625683E+03   3.4399238E-14
  2.042100372265142E+03   3.5000987E-14
  2.043473659147540E+03   3.3324421E-14
  2.044846952240794E+03   3.3547187E-14
  2.046220251512820E+03   3.4002027E-14
  2.047593556931534E+03   3.2713520E-14
  2.048966868464851E+03   3.2948555E-14
  2.050340186080681E+03   3.3845675E-14
  2.051713509746937E+03   3.0491682E-14
  2.053086839431528E+03   3.3834348E-14
  2.054460175102362E+03   3.1755350E-14
  2.055833516727345E+03   3.5461563E-14
  2.057206864274382E+03   3.0443326E-14
  2.058580217711380E+03   3.1749072E-14
  2.059953577006239E+03   3.1648512E-14
  2.061326942126861E+03   3.0765294E-14
  2.062700313041146E+03   2.7636742E-14
  2.064073689716992E+03   2.8100980E-14
  2.065447072122297E+03   2.7905700E-14
  2.066820460224955E+03   3.0753466E-14
  2.068193853992862E+03   2.8630622E-14
  2.069567253393911E+03   2.8252979E-14
  2.070940658395994E+03   2.6427169E-14
  2.072314068967001E+03   2.4258858E-14
  2.073687485074821E+03   2.0588381E-14
  2.075060906687343E+03   2.7618183E-14
  2.076434333772453E+03   2.6551159E-14
  2.077807766298036E+03   2.6464260E-14
  2.079181204231977E+03   2.4665952E-14
  2.080554647542158E+03   2.5803905E-14
  2.081928096196461E+03   2.1676584E-14
  2.083301550162766E+03   2.6367522E-14
  2.084675009408952E+03   2.5438434E-14
  2.086048473902898E+03   2.4012007E-14
  2.087421943612479E+03   2.1231913E-14
  2.088795418505571E+03   2.5469027E-14
  2.090168898550048E+03   2.1524872E-14
  2.091542383713783E+03   2.3039916E-14
  2.092915873964649E+03   2.2398741E-14
  2.094289369270515E+03   2.1298012E-14
  2.095662869599251E+03   2.1194618E-14
  2.097036374918725E+03   2.1655595E-14
  2.098409885196804E+03   2.4113756E-14
  2.099783400401354E+03   2.1891317E-14
  2.101156920500240E+03   2.1306843E-14
  2.102530445461325E+03   2.0867283E-14
  2.103903975252473E+03   2.1462497E-14
  2.105277509841543E+03   1.9010196E-14
  2.106651049196397E+03   2.2242772E-14
  2.108024593284893E+03   2.0453098E-14
  2.109398142074889E+03   2.0038436E-14
  2.110771695534243E+03   2.2586808E-14
  2.112145253630810E+03   1.5159964E-14
  2.113518816332444E+03   1.8081672E-14
  2.114892383606999E+03   2.0617912E-14
  2.116265955422329E+03   1.8573384E-14
  2.117639531746284E+03   1.9107691E-14
  2.119013112546715E+03   2.0493281E-14
  2.120386697791470E+03   1.8845307E-14
  2.121760287448400E+03   1.7988678E-14
  2.123133881485349E+03   1.7841555E-14
  2.124507479870166E+03   1.7680879E-14
  2.125881082570695E+03   1.7225443E-14
  2.127254689554781E+03   1.9178976E-14
  2.128628300790266E+03   1.6653698E-14
  2.130001916244993E+03   1.8657188E-14
  2.131375535886804E+03   1.5685388E-14
  2.132749159683538E+03   1.7369723E-14
  2.134122787603035E+03   1.9943167E-14
  2.135496419613132E+03   1.6954615E-14
  2.136870055681668E+03   1.7052394E-14
  2.138243695776479E+03   1.5759866E-14
  2.139617339865401E+03   1.8295859E-14
  2.140990987916268E+03   1.7654240E-14
  2.142364639896913E+03   1.6048366E-14
  2.143738295775169E+03   1.5541864E-14
  2.145111955518868E+03   1.6407442E-14
  2.146485619095842E+03   1.5310270E-14
  2.147859286473919E+03   1.8083274E-14
  2.149232957620929E+03   1.6289673E-14
  2.150606632504700E+03   1.7015791E-14
  2.151980311093060E+03   1.6583845E-14
  2.153353993353834E+03   1.8520562E-14
  2.154727679254850E+03   1.5651233E-14
  2.156101368763930E+03   1.5467882E-14
  2.157475061848900E+03   1.5601876E-14
  2.158848758477582E+03   1.6273021E-14
  2.160222458617798E+03   1.6111358E-14
  2.161596162237370E+03   1.5685949E-14
  2.162969869304119E+03   1.4987467E-14
  2.164343579785864E+03   1.5239993E-14
  2.165717293650424E+03   1.4600453E-14
  2.167091010865619E+03   1.6208660E-14
  2.168464731399263E+03   1.4947423E-14
  2.169838455219176E+03   1.4663917E-14
  2.171212182293171E+03   1.6306123E-14
  2.172585912589065E+03   1.4676657E-14
  2.173959646074672E+03   1.5821903E-14
  2.175333382717805E+03   1.4825423E-14
  2.176707122486278E+03   1.3998025E-14
  2.178080865347901E+03   1.4331252E-14
  2.179454611270488E+03   1.4760803E-14
  2.180828360221848E+03   1.4364230E-14
  2.182202112169791E+03   1.3504872E-14
  2.183575867082127E+03   1.2702918E-14
  2.184949624926665E+03   1.3067090E-14
  2.186323385671211E+03   1.4963565E-14
  2.187697149283575E+03   1.5040727E-14
  2.189070915731560E+03   1.3209089E-14
  2.190444684982975E+03   1.3959359E-14
  2.191818457005623E+03   1.4740272E-14
  2.193192231767310E+03   1.5297532E-14
  2.194566009235840E+03   1.2726909E-14
  2.195939789379015E+03   1.3477164E-14
  2.197313572164639E+03   1.3124095E-14
  2.198687357560513E+03   1.1726029E-14
  2.200061145534439E+03   1.0752811E-14
  2.201434936054217E+03   1.5164873E-14
  2.202808729087649E+03   1.3039628E-14
  2.204182524602533E+03   1.2796599E-14
  2.205556322566668E+03   1.4269280E-14
  2.206930122947854E+03   1.3739549E-14
  2.208303925713888E+03   1.2954735E-14
  2.209677730832566E+03   1.2901507E-14
  2.211051538271688E+03   1.1447944E-14
  2.212425347999047E+03   1.5393037E-14
  2.213799159982441E+03   1.1673409E-14
  2.215172974189664E+03   1.2281469E-14
  2.216546790588511E+03   1.1912034E-14
  2.217920609146776E+03   1.2818133E-14
  2.219294429832253E+03   1.0834098E-14
  2.220668252612735E+03   1.2592368E-14
  2.222042077456014E+03   1.4505094E-14
  2.223415904329884E+03   1.1948511E-14
  2.224789733202134E+03   2.8167290E-14
  2.226163564040558E+03   1.2525238E-14
  2.227537396812945E+03   1.1780416E-14
  2.228911231487086E+03   1.2263778E-14
  2.230285068030770E+03   1.1720925E-14
  2.231658906411788E+03   1.1589748E-14
  2.233032746597928E+03   1.2102201E-14
  2.234406588556978E+03   1.1640979E-14
  2.235780432256728E+03   1.0119824E-14
  2.237154277664964E+03   1.1204528E-14
  2.238528124749474E+03   9.3861517E-15
  2.239901973478045E+03   1.0800569E-14
  2.241275823818463E+03   1.1543313E-14
  2.242649675738515E+03   1.2356913E-14
  2.244023529205987E+03   1.1175998E-14
  2.245397384188664E+03   1.1360386E-14
  2.246771240654331E+03   1.1015595E-14
  2.248145098570772E+03   1.2339147E-14
  2.249518957905774E+03   1.0846309E-14
  2.250892818627118E+03   1.2037148E-14
  2.252266680702590E+03   1.1575043E-14
  2.253640544099972E+03   1.2042743E-14
  2.255014408787049E+03   1.1353891E-14
  2.256388274731602E+03   1.1735663E-14
  2.257762141901413E+03   1.2285586E-14
  2.259136010264267E+03   1.1100062E-14
  2.260509879787943E+03   1.2327277E-14
  2.261883750440225E+03   1.1349263E-14
  2.263257622188893E+03   1.2677515E-14
  2.264631495001729E+03   1.2150616E-14
  2.266005368846514E+03   1.1794290E-14
  2.267379243691028E+03   1.1733168E-14
  2.268753119503051E+03   1.2722498E-14
  2.270126996250364E+03   1.2424329E-14
  2.271500873900748E+03   1.2737775E-14
  2.272874752421982E+03   1.3867465E-14
  2.274248631781844E+03   1.2412470E-14
  2.275622511948115E+03   1.1771113E-14
  2.276996392888575E+03   1.3547924E-14
  2.278370274571001E+03   1.3873572E-14
  2.279744156963173E+03   1.4342738E-14
  2.281118040032870E+03   1.4352536E-14
  2.282491923747870E+03   1.4776327E-14
  2.283865808075951E+03   1.5179191E-14
  2.285239692984892E+03   1.3355096E-14
  2.286613578442470E+03   1.6265951E-14
  2.287987464416465E+03   1.5282314E-14
  2.289361350874653E+03   1.4922520E-14
  2.290735237784812E+03   1.5538686E-14
  2.292109125114720E+03   1.6593433E-14
  2.293483012832155E+03   1.6395861E-14
  2.294856900904893E+03   1.5949403E-14
  2.296230789300713E+03   1.6109086E-14
  2.297604677987390E+03   1.7353750E-14
  2.298978566932704E+03   1.9240687E-14
  2.300352456104431E+03   1.7414792E-14
  2.301726345470347E+03   1.8165826E-14
  2.303100234998231E+03   1.8699662E-14
  2.304474124655858E+03   2.0292827E-14
  2.305848014411007E+03   1.9140412E-14
  2.307221904231453E+03   2.0222451E-14
  2.308595794084974E+03   1.9997367E-14
  2.309969683939347E+03   2.0846153E-14
  2.311343573762349E+03   2.0604768E-14
  2.312717463521757E+03   2.3107501E-14
  2.314091353185347E+03   2.2421067E-14
  2.315465242720896E+03   2.3439382E-14
  2.316839132096183E+03   2.6758777E-14
  2.318213021278983E+03   2.4076769E-14
  2.319586910237073E+03   2.4549591E-14
  2.320960798938232E+03   2.5982004E-14
  2.322334687350236E+03   2.6927847E-14
  2.323708575440861E+03   2.6653193E-14
  2.325082463177887E+03   2.5385120E-14
  2.326456350529090E+03   2.6897933E-14
  2.327830237462248E+03   2.8115688E-14
  2.329204123945137E+03   2.8711696E-14
  2.330578009945537E+03   2.8648768E-14
  2.331951895431225E+03   3.0492007E-14
  2.333325780369978E+03   2.9850681E-14
  2.334699664729576E+03   2.9739926E-14
  2.336073548477795E+03   3.0258741E-14
  2.337447431582415E+03   2.9790962E-14
  2.338821314011214E+03   3.0276884E-14
  2.340195195731970E+03   3.2131372E-14
  2.341569076712463E+03   3.2209678E-14
  2.342942956920472E+03   3.0547918E-14
  2.344316836323776E+03   2.7833221E-14
  2.345690714890152E+03   2.1721840E-14
  2.347064592587383E+03   2.2509218E-14
  2.348438469383248E+03   2.9800804E-14
  2.349812345245526E+03   3.2389025E-14
  2.351186220141998E+03   3.2745863E-14
  2.352560094040443E+03   3.2961532E-14
  2.353933966908643E+03   3.4083789E-14
  2.355307838714380E+03   3.3853159E-14
  2.356681709425432E+03   3.7009539E-14
  2.358055579009584E+03   3.3313657E-14
  2.359429447434615E+03   3.5075516E-14
  2.360803314668308E+03   2.8075173E-14
  2.362177180678445E+03   3.5671908E-14
  2.363551045432810E+03   3.7828576E-14
  2.364924908899183E+03   3.5962532E-14
  2.366298771045349E+03   3.7145027E-14
  2.367672631839092E+03   3.6233166E-14
  2.369046491248194E+03   3.5735131E-14
  2.370420349240440E+03   3.6768745E-14
  2.371794205783614E+03   3.6071247E-14
  2.373168060845501E+03   3.6514567E-14
  2.374541914393887E+03   3.4640537E-14
  2.375915766396556E+03   2.6711225E-14
  2.377289616821294E+03   2.7973705E-14
  2.378663465635888E+03   3.2796645E-14
  2.380037312808124E+03   3.6174666E-14
  2.381411158305789E+03   3.4503657E-14
  2.382785002096671E+03   3.0049395E-14
  2.384158844148556E+03   2.0385379E-14
  2.385532684429234E+03   2.0042011E-14
  2.386906522906493E+03   2.7398214E-14
  2.388280359548122E+03   3.5155913E-14
  2.389654194321909E+03   3.6072314E-14
  2.391028027195647E+03   3.6253688E-14
  2.392401858137122E+03   3.6556536E-14
  2.393775687114129E+03   3.7099833E-14
  2.395149514094457E+03   3.4574215E-14
  2.396523339045898E+03   3.6413919E-14
  2.397897161936243E+03   3.5691570E-14
  2.399270982733287E+03   3.6336538E-14
  2.400644801404821E+03   3.7233837E-14
  2.402018617918641E+03   3.4871096E-14
  2.403392432242539E+03   3.6045514E-14
  2.404766244344310E+03   3.5837710E-14
  2.406140054191749E+03   3.4872153E-14
  2.407513861752654E+03   3.3537822E-14
  2.408887666994818E+03   3.1742590E-14
  2.410261469886039E+03   3.3961183E-14
  2.411635270394115E+03   3.2612669E-14
  2.413009068486843E+03   3.2796296E-14
  2.414382864132022E+03   3.0525251E-14
  2.415756657297452E+03   3.2036660E-14
  2.417130447950930E+03   3.1031188E-14
  2.418504236060259E+03   3.1380616E-14
  2.419878021593237E+03   3.1384021E-14
  2.421251804517668E+03   3.0510035E-14
  2.422625584801352E+03   2.8871928E-14
  2.423999362412093E+03   3.0849218E-14
  2.425373137317693E+03   3.0208834E-14
  2.426746909485958E+03   3.1183755E-14
  2.428120678884690E+03   3.0817308E-14
  2.429494445481696E+03   2.9158215E-14
  2.430868209244781E+03   2.9356363E-14
  2.432241970141752E+03   2.7412034E-14
  2.433615728140415E+03   2.8245025E-14
  2.434989483208579E+03   2.7968913E-14
  2.436363235314052E+03   2.8018574E-14
  2.437736984424645E+03   2.7436075E-14
  2.439110730508165E+03   2.8344262E-14
  2.440484473532424E+03   2.7660435E-14
  2.441858213465233E+03   2.7022655E-14
  2.443231950274405E+03   2.7884052E-14
  2.444605683927753E+03   2.7364282E-14
  2.445979414393089E+03   2.6961907E-14
  2.447353141638228E+03   2.6815874E-14
  2.448726865630986E+03   2.5444905E-14
  2.450100586339177E+03   2.7375102E-14
  2.451474303730619E+03   2.6065725E-14
  2.452848017773129E+03   2.5895745E-14
  2.454221728434526E+03   2.6385740E-14
  2.455595435682627E+03   2.5641290E-14
  2.456969139485253E+03   2.7246351E-14
  2.458342839810225E+03   2.5669262E-14
  2.459716536625363E+03   2.5407605E-14
  2.461090229898490E+03   2.5239673E-14
  2.462463919597429E+03   2.6108986E-14
  2.463837605690004E+03   2.5999510E-14
  2.465211288144039E+03   2.4820359E-14
  2.466584966927360E+03   2.4451537E-14
  2.467958642007794E+03   2.4956725E-14
  2.469332313353168E+03   2.6396482E-14
  2.470705980931310E+03   2.4741624E-14
  2.472079644710047E+03   2.6568361E-14
  2.473453304657213E+03   2.4447524E-14
  2.474826960740636E+03   2.6269214E-14
  2.476200612928149E+03   2.6595732E-14
  2.477574261187583E+03   2.6837483E-14
  2.478947905486773E+03   2.7615827E-14
  2.480321545793554E+03   2.7216022E-14
  2.481695182075760E+03   2.7295647E-14
  2.483068814301228E+03   2.7355774E-14
  2.484442442437794E+03   2.8270650E-14
  2.485816066453299E+03   2.9604313E-14
  2.487189686315581E+03   2.8437644E-14
  2.488563301992479E+03   2.9603846E-14
  2.489936913451836E+03   3.0076886E-14
  2.491310520661493E+03   2.9975947E-14
  2.492684123589293E+03   3.0896990E-14
  2.494057722203082E+03   3.1281855E-14
  2.495431316470704E+03   3.0972546E-14
  2.496804906360004E+03   3.2507146E-14
  2.498178491838831E+03   3.2063091E-14
  2.499552072875033E+03   3.2239643E-14
  2.500925649436459E+03   3.2276163E-14
  2.502299221490958E+03   3.1937113E-14
  2.503672789006384E+03   3.3451804E-14
  2.505046351950588E+03   3.3352600E-14
  2.506419910291424E+03   3.5112765E-14
  2.507793463996747E+03   3.4665569E-14
  2.509167013034411E+03   3.4938334E-14
  2.510540557372275E+03   3.6302728E-14
  2.511914096978196E+03   3.3548973E-14
  2.513287631820031E+03   3.5775890E-14
  2.514661161865644E+03   3.8038332E-14
  2.516034687082893E+03   3.8251459E-14
  2.517408207439643E+03   3.9324657E-14
  2.518781722903755E+03   4.1571008E-14
  2.520155233443095E+03   4.1650114E-14
  2.521528739025530E+03   4.4094468E-14
  2.522902239618924E+03   4.5226220E-14
  2.524275735191148E+03   4.7082963E-14
  2.525649225710069E+03   4.7803158E-14
  2.527022711143560E+03   4.9854638E-14
  2.528396191459491E+03   4.9834963E-14
  2.529769666625735E+03   5.4053933E-14
  2.531143136610166E+03   5.5613676E-14
  2.532516601380660E+03   5.5786698E-14
  2.533890060905093E+03   5.5845289E-14
  2.535263515151343E+03   5.7256574E-14
  2.536636964087290E+03   5.9392270E-14
  2.538010407680812E+03   5.9858917E-14
  2.539383845899793E+03   6.0510333E-14
  2.540757278712113E+03   6.1570344E-14
  2.542130706085658E+03   6.1082019E-14
  2.543504127988313E+03   6.0464519E-14
  2.544877544387965E+03   6.0378677E-14
  2.546250955252501E+03   6.3181712E-14
  2.547624360549810E+03   6.3376130E-14
  2.548997760247782E+03   6.2949788E-14
  2.550371154314311E+03   6.2843834E-14
  2.551744542717289E+03   6.4636983E-14
  2.553117925424609E+03   6.4564185E-14
  2.554491302404168E+03   6.5037134E-14
  2.555864673623863E+03   6.3461978E-14
  2.557238039051593E+03   6.3851498E-14
  2.558611398655257E+03   6.3489517E-14
  2.559984752402756E+03   6.5288703E-14
  2.561358100261994E+03   6.6530210E-14
  2.562731442200872E+03   6.6883070E-14
  2.564104778187298E+03   6.4404774E-14
  2.565478108189177E+03   6.4426078E-14
  2.566851432174419E+03   6.2305826E-14
  2.568224750110931E+03   6.2720350E-14
  2.569598061966627E+03   6.2597490E-14
  2.570971367709416E+03   6.4122942E-14
  2.572344667307214E+03   6.1683175E-14
  2.573717960727935E+03   6.1905267E-14
  2.575091247939496E+03   6.2514074E-14
  2.576464528909816E+03   5.8289751E-14
  2.577837803606813E+03   5.7325062E-14
  2.579211071998409E+03   5.4148645E-14
  2.580584334052527E+03   5.5193195E-14
  2.581957589737089E+03   5.7479649E-14
  2.583330839020022E+03   5.7329873E-14
  2.584704081869254E+03   5.6174998E-14
  2.586077318252710E+03   5.2317363E-14
  2.587450548138323E+03   3.8413303E-14
  2.588823771494025E+03   3.7365517E-14
  2.590196988287746E+03   3.6826807E-14
  2.591570198487422E+03   4.9651465E-14
  2.592943402060991E+03   5.0492247E-14
  2.594316598976387E+03   4.6921814E-14
  2.595689789201552E+03   4.3897218E-14
  2.597062972704426E+03   4.5325882E-14
  2.598436149452952E+03   4.2630907E-14
  2.599809319415072E+03   3.8583449E-14
  2.601182482558733E+03   2.6331979E-14
  2.602555638851882E+03   2.4189187E-14
  2.603928788262467E+03   2.8263601E-14
  2.605301930758440E+03   3.8277988E-14
  2.606675066307751E+03   3.8649639E-14
  2.608048194878354E+03   3.8223537E-14
  2.609421316438205E+03   3.8661213E-14
  2.610794430955260E+03   3.7611055E-14
  2.612167538397478E+03   3.8051248E-14
  2.613540638732819E+03   3.8248623E-14
  2.614913731929244E+03   3.6864219E-14
  2.616286817954718E+03   3.6310798E-14
  2.617659896777205E+03   3.6604742E-14
  2.619032968364672E+03   3.6887072E-14
  2.620406032685089E+03   3.7093717E-14
  2.621779089706423E+03   3.6024999E-14
  2.623152139396649E+03   3.6920882E-14
  2.624525181723739E+03   3.5944687E-14
  2.625898216655668E+03   3.6573263E-14
  2.627271244160414E+03   3.7917911E-14
  2.628644264205956E+03   3.6561479E-14
  2.630017276760273E+03   3.6355132E-14
  2.631390281791350E+03   3.6440079E-14
  2.632763279267169E+03   3.5504440E-14
  2.634136269155716E+03   3.6572663E-14
  2.635509251424980E+03   3.5012493E-14
  2.636882226042948E+03   3.6276866E-14
  2.638255192977612E+03   3.6449379E-14
  2.639628152196967E+03   3.5178966E-14
  2.641001103669005E+03   3.6314135E-14
  2.642374047361724E+03   3.7158353E-14
  2.643746983243122E+03   3.5364391E-14
  2.645119911281200E+03   3.5217773E-14
  2.646492831443958E+03   3.5202354E-14
  2.647865743699403E+03   3.6125007E-14
  2.649238648015538E+03   3.7596059E-14
  2.650611544360372E+03   3.8592525E-14
  2.651984432701914E+03   3.9204178E-14
  2.653357313008175E+03   3.7851643E-14
  2.654730185247168E+03   3.8762515E-14
  2.656103049386909E+03   4.0625987E-14
  2.657475905395415E+03   3.9175765E-14
  2.658848753240704E+03   4.1779585E-14
  2.660221592890797E+03   4.1640485E-14
  2.661594424313717E+03   4.1686994E-14
  2.662967247477489E+03   4.1922717E-14
  2.664340062350138E+03   4.4425814E-14
  2.665712868899695E+03   3.6789829E-14
  2.667085667094188E+03   4.2387131E-14
  2.668458456901650E+03   4.2694025E-14
  2.669831238290115E+03   4.5707002E-14
  2.671204011227621E+03   4.7455031E-14
  2.672576775682205E+03   4.7533321E-14
  2.673949531621907E+03   4.6595276E-14
  2.675322279014769E+03   4.9714668E-14
  2.676695017828836E+03   5.4137467E-14
  2.678067748032155E+03   5.2455846E-14
  2.679440469592772E+03   5.2394483E-14
  2.680813182478739E+03   5.5442630E-14
  2.682185886658107E+03   5.4686297E-14
  2.683558582098932E+03   5.5070030E-14
  2.684931268769269E+03   5.9811226E-14
  2.686303946637177E+03   6.0342485E-14
  2.687676615670716E+03   6.2630700E-14
  2.689049275837949E+03   6.3022633E-14
  2.690421927106939E+03   6.3216203E-14
  2.691794569445755E+03   6.5804370E-14
  2.693167202822464E+03   6.9039467E-14
  2.694539827205138E+03   6.9129591E-14
  2.695912442561850E+03   6.9116330E-14
  2.697285048860674E+03   7.2140712E-14
  2.698657646069687E+03   7.5349727E-14
  2.700030234156968E+03   7.5821036E-14
  2.701402813090600E+03   7.7157390E-14
  2.702775382838666E+03   7.9335478E-14
  2.704147943369252E+03   8.0833947E-14
  2.705520494650443E+03   8.3546404E-14
  2.706893036650333E+03   8.6189024E-14
  2.708265569337012E+03   8.8574479E-14
  2.709638092678573E+03   9.2362031E-14
  2.711010606643115E+03   8.8588669E-14
  2.712383111198737E+03   9.0330866E-14
  2.713755606313537E+03   9.1920232E-14
  2.715128091955619E+03   9.4732266E-14
  2.716500568093090E+03   9.5524473E-14
  2.717873034694056E+03   9.6070673E-14
  2.719245491726627E+03   9.4511821E-14
  2.720617939158915E+03   9.9373465E-14
  2.721990376959034E+03   1.0380663E-13
  2.723362805095101E+03   1.0404602E-13
  2.724735223535234E+03   1.0661418E-13
  2.726107632247554E+03   1.0552093E-13
  2.727480031200184E+03   1.0734932E-13
  2.728852420361251E+03   1.1149541E-13
  2.730224799698881E+03   1.1190089E-13
  2.731597169181205E+03   1.1175891E-13
  2.732969528776354E+03   1.1429742E-13
  2.734341878452464E+03   1.1462771E-13
  2.735714218177672E+03   1.1597116E-13
  2.737086547920116E+03   1.1937104E-13
  2.738458867647939E+03   1.2026986E-13
  2.739831177329284E+03   1.1870584E-13
  2.741203476932298E+03   1.2303692E-13
  2.742575766425129E+03   1.2683718E-13
  2.743948045775928E+03   1.2854053E-13
  2.745320314952849E+03   1.2952261E-13
  2.746692573924047E+03   1.3259642E-13
  2.748064822657680E+03   1.3344970E-13
  2.749437061121910E+03   1.3189306E-13
  2.750809289284897E+03   1.3457628E-13
  2.752181507114809E+03   1.3780609E-13
  2.753553714579813E+03   1.3779070E-13
  2.754925911648077E+03   1.3890426E-13
  2.756298098287776E+03   1.4148487E-13
  2.757670274467084E+03   1.3914863E-13
  2.759042440154178E+03   1.4022496E-13
  2.760414595317239E+03   1.4165519E-13
  2.761786739924447E+03   1.4676864E-13
  2.763158873943989E+03   1.4871962E-13
  2.764530997344052E+03   1.4761876E-13
  2.765903110092824E+03   1.4699831E-13
  2.767275212158498E+03   1.5174477E-13
  2.768647303509269E+03   1.5288998E-13
  2.770019384113334E+03   1.5435010E-13
  2.771391453938892E+03   1.5588281E-13
  2.772763512954145E+03   1.5537186E-13
  2.774135561127299E+03   1.5810205E-13
  2.775507598426560E+03   1.5958903E-13
  2.776879624820137E+03   1.5943206E-13
  2.778251640276244E+03   1.6164823E-13
  2.779623644763094E+03   1.6339865E-13
  2.780995638248907E+03   1.6531900E-13
  2.782367620701900E+03   1.6109730E-13
  2.783739592090296E+03   1.7105554E-13
  2.785111552382321E+03   1.7370964E-13
  2.786483501546202E+03   1.7354846E-13
  2.787855439550169E+03   1.7479795E-13
  2.789227366362455E+03   1.7412878E-13
  2.790599281951296E+03   1.7864781E-13
  2.791971186284929E+03   1.7537510E-13
  2.793343079331595E+03   1.7573534E-13
  2.794714961059537E+03   1.6835479E-13
  2.796086831437000E+03   1.3869914E-13
  2.797458690432235E+03   7.5850520E-14
  2.798830538013492E+03   6.3056649E-14
  2.800202374149024E+03   7.2701509E-14
  2.801574198807088E+03   1.3699004E-13
  2.802946011955942E+03   1.4736129E-13
  2.804317813563850E+03   9.3145347E-14
  2.805689603599074E+03   6.8386703E-14
  2.807061382029884E+03   7.3743888E-14
  2.808433148824548E+03   1.3179364E-13
  2.809804903951339E+03   1.5675475E-13
  2.811176647378532E+03   1.6384168E-13
  2.812548379074405E+03   1.6462047E-13
  2.813920099007239E+03   1.6705662E-13
  2.815291807145318E+03   1.6379845E-13
  2.816663503456927E+03   1.6318503E-13
  2.818035187910355E+03   1.6350068E-13
  2.819406860473895E+03   1.6617704E-13
  2.820778521115841E+03   1.6614887E-13
  2.822150169804490E+03   1.6538317E-13
  2.823521806508141E+03   1.6925416E-13
  2.824893431195098E+03   1.6828887E-13
  2.826265043833667E+03   1.6899814E-13
  2.827636644392155E+03   1.6754970E-13
  2.829008232838874E+03   1.6838843E-13
  2.830379809142138E+03   1.7013551E-13
  2.831751373270264E+03   1.7362571E-13
  2.833122925191571E+03   1.7412031E-13
  2.834494464874381E+03   1.7564292E-13
  2.835865992287021E+03   1.8087348E-13
  2.837237507397818E+03   1.8133502E-13
  2.838609010175103E+03   1.8336838E-13
  2.839980500587211E+03   1.8619607E-13
  2.841351978602478E+03   1.8902985E-13
  2.842723444189243E+03   1.8781645E-13
  2.844094897315849E+03   1.8873301E-13
  2.845466337950642E+03   1.9029892E-13
  2.846837766061969E+03   1.9407785E-13
  2.848209181618182E+03   1.9772664E-13
  2.849580584587636E+03   1.9811797E-13
  2.850951974938687E+03   2.0065851E-13
  2.852323352639695E+03   1.9057500E-13
  2.853694717659023E+03   1.7776850E-13
  2.855066069965037E+03   1.7861260E-13
  2.856437409526105E+03   1.8227099E-13
  2.857808736310600E+03   2.0418709E-13
  2.859180050286896E+03   2.1246373E-13
  2.860551351423371E+03   2.0896219E-13
  2.861922639688406E+03   2.1219924E-13
  2.863293915050383E+03   2.1696844E-13
  2.864665177477691E+03   2.2247716E-13
  2.866036426938718E+03   2.2504402E-13
  2.867407663401857E+03   2.3116283E-13
  2.868778886835504E+03   2.3340612E-13
  2.870150097208057E+03   2.3379717E-13
  2.871521294487919E+03   2.3721690E-13
  2.872892478643493E+03   2.3811674E-13
  2.874263649643188E+03   2.5602084E-13
  2.875634807455415E+03   2.4490119E-13
  2.877005952048587E+03   2.5217616E-13
  2.878377083391121E+03   2.5319132E-13
  2.879748201451438E+03   2.5980140E-13
  2.881119306197959E+03   2.6625430E-13
  2.882490397599113E+03   2.7052617E-13
  2.883861475623328E+03   2.7507562E-13
  2.885232540239036E+03   2.8424260E-13
  2.886603591414673E+03   2.8875931E-13
  2.887974629118677E+03   2.8908768E-13
  2.889345653319490E+03   2.9729675E-13
  2.890716663985558E+03   3.0434834E-13
  2.892087661085327E+03   3.2047650E-13
  2.893458644587249E+03   3.2366720E-13
  2.894829614459779E+03   3.3667614E-13
  2.896200570671373E+03   3.4405378E-13
  2.897571513190494E+03   3.5623297E-13
  2.898942441985603E+03   3.5890185E-13
  2.900313357025168E+03   3.6977726E-13
  2.901684258277659E+03   3.7605680E-13
  2.903055145711549E+03   3.7825082E-13
  2.904426019295316E+03   3.8127598E-13
  2.905796878997439E+03   3.8798158E-13
  2.907167724786400E+03   3.9416021E-13
  2.908538556630686E+03   3.9742325E-13
  2.909909374498786E+03   3.9798302E-13
  2.911280178359193E+03   4.1121344E-13
  2.912650968180403E+03   4.0720205E-13
  2.914021743930914E+03   4.1376139E-13
  2.915392505579230E+03   4.1897611E-13
  2.916763253093855E+03   4.2580932E-13
  2.918133986443299E+03   4.1963129E-13
  2.919504705596074E+03   4.2938439E-13
  2.920875410520695E+03   4.3413959E-13
  2.922246101185681E+03   4.3817228E-13
  2.923616777559555E+03   4.3705599E-13
  2.924987439610840E+03   4.4646239E-13
  2.926358087308067E+03   4.4944200E-13
  2.927728720619767E+03   4.5408520E-13
  2.929099339514475E+03   4.6298783E-13
  2.930469943960730E+03   4.6171780E-13
  2.931840533927074E+03   4.6505383E-13
  2.933211109382052E+03   4.6822550E-13
  2.934581670294213E+03   4.8018046E-13
  2.935952216632110E+03   4.7412166E-13
  2.937322748364297E+03   4.7751907E-13
  2.938693265459332E+03   4.8391678E-13
  2.940063767885780E+03   4.8147982E-13
  2.941434255612204E+03   4.8794410E-13
  2.942804728607174E+03   4.8852800E-13
  2.944175186839263E+03   4.8967454E-13
  2.945545630277045E+03   4.8813633E-13
  2.946916058889101E+03   4.9663659E-13
  2.948286472644013E+03   4.9709244E-13
  2.949656871510366E+03   4.9744356E-13
  2.951027255456751E+03   5.0366932E-13
  2.952397624451760E+03   5.0395625E-13
  2.953767978463989E+03   5.1064432E-13
  2.955138317462040E+03   5.0855934E-13
  2.956508641414514E+03   5.1000464E-13
  2.957878950290019E+03   5.1634212E-13
  2.959249244057164E+03   7.0565976E-13
  2.960619522684564E+03   5.1427395E-13
  2.961989786140837E+03   5.1452820E-13
  2.963360034394601E+03   5.1685360E-13
  2.964730267414483E+03   5.1279705E-13
  2.966100485169109E+03   5.1126963E-13
  2.967470687627112E+03   5.1004616E-13
  2.968840874757125E+03   5.1220773E-13
  2.970211046527787E+03   5.1204451E-13
  2.971581202907741E+03   5.1718330E-13
  2.972951343865631E+03   5.1684861E-13
  2.974321469370107E+03   5.1270533E-13
  2.975691579389821E+03   5.1421042E-13
  2.977061673893429E+03   5.2165065E-13
  2.978431752849591E+03   5.0918764E-13
  2.979801816226970E+03   5.0621329E-13
  2.981171863994235E+03   5.0563422E-13
  2.982541896120053E+03   5.0138854E-13
  2.983911912573102E+03   4.9567864E-13
  2.985281913322056E+03   4.8763446E-13
  2.986651898335599E+03   4.7796576E-13
  2.988021867582414E+03   4.7384302E-13
  2.989391821031192E+03   4.6189127E-13
  2.990761758650623E+03   4.5406287E-13
  2.992131680409404E+03   4.4982347E-13
  2.993501586276235E+03   4.5128590E-13
  2.994871476219819E+03   4.3689003E-13
  2.996241350208862E+03   4.2822356E-13
  2.997611208212075E+03   4.2205264E-13
  2.998981050198172E+03   4.1473945E-13
  3.000350876135873E+03   4.1170227E-13
  3.001720685993896E+03   4.0981866E-13
  3.003090479740970E+03   4.0289462E-13
  3.004460257345822E+03   4.0305324E-13
  3.005830018777185E+03   3.9766335E-13
  3.007199764003796E+03   3.8988553E-13
  3.008569492994395E+03   3.9589922E-13
  3.009939205717727E+03   3.8600281E-13
  3.011308902142538E+03   3.8528721E-13
  3.012678582237580E+03   3.8205523E-13
  3.014048245971609E+03   3.7984649E-13
  3.015417893313382E+03   3.7262527E-13
  3.016787524231665E+03   3.7997098E-13
  3.018157138695222E+03   3.7655580E-13
  3.019526736672824E+03   3.7265487E-13
  3.020896318133246E+03   3.7318900E-13
  3.022265883045265E+03   3.7246587E-13
  3.023635431377663E+03   3.6425753E-13
  3.025004963099227E+03   3.7787584E-13
  3.026374478178744E+03   3.7802552E-13
  3.027743976585008E+03   3.7610659E-13
  3.029113458286816E+03   3.7965708E-13
  3.030482923252970E+03   3.7385484E-13
  3.031852371452274E+03   3.7876570E-13
  3.033221802853537E+03   3.8531114E-13
  3.034591217425570E+03   3.9051802E-13
  3.035960615137191E+03   3.8947453E-13
  3.037329995957220E+03   3.8273985E-13
  3.038699359854480E+03   3.9189021E-13
  3.040068706797800E+03   3.9293002E-13
  3.041438036756012E+03   3.9275638E-13
  3.042807349697951E+03   3.9326791E-13
  3.044176645592458E+03   3.9753102E-13
  3.045545924408375E+03   3.9492192E-13
  3.046915186114551E+03   3.9184693E-13
  3.048284430679837E+03   3.9133668E-13
  3.049653658073088E+03   3.8993803E-13
  3.051022868263164E+03   3.9070215E-13
  3.052392061218928E+03   3.8542170E-13
  3.053761236909247E+03   3.8311444E-13
  3.055130395302992E+03   3.8324205E-13
  3.056499536369040E+03   3.7656569E-13
  3.057868660076268E+03   3.8008005E-13
  3.059237766393561E+03   3.7993800E-13
  3.060606855289805E+03   3.7892538E-13
  3.061975926733892E+03   3.7913303E-13
  3.063344980694716E+03   3.7459087E-13
  3.064714017141179E+03   3.7370644E-13
  3.066083036042181E+03   3.7357574E-13
  3.067452037366630E+03   5.5123993E-13
