

  2.888790193074236E+03   1.2396072E-13
  2.891534961152413E+03   7.7355873E-14
  2.894279751854539E+03   1.0838488E-13
  2.897024565117020E+03   9.4776143E-14
  2.899769400876256E+03   9.9593802E-14
  2.902514259068646E+03   1.0196655E-13
  2.905259139630579E+03   1.0673905E-13
  2.908004042498441E+03   1.1374609E-13
  2.910748967608613E+03   1.1900400E-13
  2.913493914897470E+03   1.0613677E-13
  2.916238884301382E+03   1.1027336E-13
  2.918983875756715E+03   1.0639462E-13
  2.921728889199828E+03   1.0413625E-13
  2.924473924567076E+03   1.0143251E-13
  2.927218981794808E+03   1.0071374E-13
  2.929964060819370E+03   1.0212669E-13
  2.932709161577101E+03   1.0381738E-13
  2.935454284004336E+03   1.0694168E-13
  2.938199428037403E+03   1.0746687E-13
  2.940944593612627E+03   1.0321649E-13
  2.943689780666329E+03   1.0237298E-13
  2.946434989134821E+03   1.0619247E-13
  2.949180218954413E+03   1.0509178E-13
  2.951925470061410E+03   1.1139868E-13
  2.954670742392112E+03   1.1065714E-13
  2.957416035882812E+03   1.1505276E-13
  2.960161350469801E+03   1.1945867E-13
  2.962906686089363E+03   1.2004402E-13
  2.965652042677777E+03   1.2586591E-13
  2.968397420171319E+03   1.2529387E-13
  2.971142818506259E+03   1.2577390E-13
  2.973888237618862E+03   1.2452410E-13
  2.976633677445387E+03   1.2461980E-13
  2.979379137922092E+03   1.2670679E-13
  2.982124618985225E+03   1.2634757E-13
  2.984870120571034E+03   1.2441937E-13
  2.987615642615760E+03   1.2182293E-13
  2.990361185055638E+03   1.2125309E-13
  2.993106747826900E+03   1.1998699E-13
  2.995852330865773E+03   1.1813234E-13
  2.998597934108480E+03   1.1791821E-13
  3.001343557491237E+03   1.1966002E-13
  3.004089200950257E+03   1.1705132E-13
  3.006834864421748E+03   1.2102461E-13
  3.009580547841914E+03   1.1748035E-13
  3.012326251146954E+03   1.1852834E-13
  3.015071974273061E+03   1.1802117E-13
  3.017817717156425E+03   1.1945506E-13
  3.020563479733230E+03   1.1767303E-13
  3.023309261939658E+03   1.1624553E-13
  3.026055063711883E+03   1.1640346E-13
  3.028800884986077E+03   1.1665740E-13
  3.031546725698406E+03   1.1938924E-13
  3.034292585785033E+03   1.2062530E-13
  3.037038465182115E+03   1.2353122E-13
  3.039784363825804E+03   1.2515554E-13
  3.042530281652249E+03   1.2287332E-13
  3.045276218597595E+03   1.2615520E-13
  3.048022174597981E+03   1.2819151E-13
  3.050768149589543E+03   1.2942712E-13
  3.053514143508410E+03   1.3000401E-13
  3.056260156290709E+03   1.3302858E-13
  3.059006187872562E+03   1.3206091E-13
  3.061752238190087E+03   1.3440678E-13
  3.064498307179396E+03   1.3630332E-13
  3.067244394776599E+03   1.3626750E-13
  3.069990500917799E+03   1.3773241E-13
  3.072736625539098E+03   1.3859795E-13
  3.075482768576590E+03   1.3969162E-13
  3.078228929966368E+03   1.4280329E-13
  3.080975109644517E+03   1.4355212E-13
  3.083721307547123E+03   1.4550251E-13
  3.086467523610262E+03   1.4679904E-13
  3.089213757770010E+03   1.5015239E-13
  3.091960009962437E+03   1.5314751E-13
  3.094706280123608E+03   1.5565926E-13
  3.097452568189586E+03   1.6027950E-13
  3.100198874096428E+03   1.6082979E-13
  3.102945197780188E+03   1.6712631E-13
  3.105691539176915E+03   1.7147628E-13
  3.108437898222654E+03   1.7746930E-13
  3.111184274853445E+03   1.8032638E-13
  3.113930669005328E+03   1.8616863E-13
  3.116677080614333E+03   1.9028826E-13
  3.119423509616490E+03   1.9133260E-13
  3.122169955947824E+03   1.9323696E-13
  3.124916419544355E+03   1.9459107E-13
  3.127662900342100E+03   1.9390525E-13
  3.130409398277071E+03   1.9719534E-13
  3.133155913285278E+03   1.9806548E-13
  3.135902445302725E+03   1.9642519E-13
  3.138648994265411E+03   1.9503623E-13
  3.141395560109335E+03   1.9609255E-13
  3.144142142770489E+03   1.9118412E-13
  3.146888742184862E+03   1.8928358E-13
  3.149635358288439E+03   1.8739905E-13
  3.152381991017200E+03   1.8647876E-13
  3.155128640307123E+03   1.8291732E-13
  3.157875306094181E+03   1.8186888E-13
  3.160621988314344E+03   1.7858470E-13
  3.163368686903576E+03   1.7700468E-13
  3.166115401797842E+03   1.7774424E-13
  3.168862132933096E+03   1.7291062E-13
  3.171608880245294E+03   1.7446389E-13
  3.174355643670387E+03   1.6974624E-13
  3.177102423144321E+03   1.6786743E-13
  3.179849218603038E+03   1.6861329E-13
  3.182596029982478E+03   1.6657369E-13
  3.185342857218577E+03   1.6724434E-13
  3.188089700247266E+03   1.6518514E-13
  3.190836559004472E+03   1.6327677E-13
  3.193583433426121E+03   1.5957301E-13
  3.196330323448132E+03   1.5931362E-13
  3.199077229006424E+03   1.5577616E-13
  3.201824150036909E+03   1.5559061E-13
  3.204571086475497E+03   1.5335927E-13
  3.207318038258094E+03   1.5028954E-13
  3.210065005320603E+03   1.4898780E-13
  3.212811987598922E+03   1.4685153E-13
  3.215558985028948E+03   1.4373457E-13
  3.218305997546573E+03   1.4207037E-13
  3.221053025087683E+03   1.4197220E-13
  3.223800067588165E+03   1.3737896E-13
  3.226547124983899E+03   1.3703029E-13
  3.229294197210764E+03   1.3669285E-13
  3.232041284204634E+03   1.3439137E-13
  3.234788385901380E+03   1.3329679E-13
  3.237535502236869E+03   1.3148827E-13
  3.240282633146967E+03   1.3248837E-13
  3.243029778567532E+03   1.3213223E-13
  3.245776938434422E+03   1.2988863E-13
  3.248524112683492E+03   1.3098299E-13
  3.251271301250592E+03   1.3062496E-13
  3.254018504071569E+03   1.3205779E-13
  3.256765721082267E+03   1.3237897E-13
  3.259512952218526E+03   1.3184305E-13
  3.262260197416184E+03   1.3368447E-13
  3.265007456611075E+03   1.3238275E-13
  3.267754729739029E+03   1.3233509E-13
  3.270502016735874E+03   1.3431097E-13
  3.273249317537434E+03   1.3382698E-13
  3.275996632079529E+03   1.3589241E-13
  3.278743960297979E+03   1.3458245E-13
  3.281491302128596E+03   1.3768850E-13
  3.284238657507193E+03   1.3638159E-13
  3.286986026369578E+03   1.3621492E-13
  3.289733408651555E+03   1.3686681E-13
  3.292480804288926E+03   1.3884996E-13
  3.295228213217491E+03   1.3777885E-13
  3.297975635373044E+03   1.3903028E-13
  3.300723070691379E+03   1.3948028E-13
  3.303470519108285E+03   1.3989396E-13
  3.306217980559548E+03   1.4065104E-13
  3.308965454980952E+03   1.4252189E-13
  3.311712942308276E+03   1.4617249E-13
  3.314460442477299E+03   1.4667945E-13
  3.317207955423793E+03   1.4788182E-13
  3.319955481083533E+03   1.5115112E-13
  3.322703019392283E+03   1.5030360E-13
  3.325450570285811E+03   1.5257134E-13
  3.328198133699879E+03   1.6051682E-13
  3.330945709570246E+03   1.6234895E-13
  3.333693297832669E+03   1.6536105E-13
  3.336440898422901E+03   1.6733003E-13
  3.339188511276694E+03   1.6835838E-13
  3.341936136329794E+03   1.7068566E-13
  3.344683773517948E+03   1.7287989E-13
  3.347431422776897E+03   1.7370609E-13
  3.350179084042381E+03   2.4365487E-13
  3.352926757250136E+03   1.7350123E-13
  3.355674442335896E+03   1.7279845E-13
  3.358422139235392E+03   1.7279266E-13
  3.361169847884352E+03   1.7166978E-13
  3.363917568218502E+03   1.7425693E-13
  3.366665300173564E+03   1.7236576E-13
  3.369413043685259E+03   1.7247976E-13
  3.372160798689303E+03   1.7306148E-13
  3.374908565121411E+03   1.7494170E-13
  3.377656342917297E+03   1.7720812E-13
  3.380404132012667E+03   1.7845298E-13
  3.383151932343229E+03   1.7900522E-13
  3.385899743844688E+03   1.8248124E-13
  3.388647566452744E+03   1.8584650E-13
  3.391395400103097E+03   1.8322069E-13
  3.394143244731441E+03   1.8973854E-13
  3.396891100273472E+03   1.9112918E-13
  3.399638966664880E+03   1.9425836E-13
  3.402386843841354E+03   1.9454399E-13
  3.405134731738578E+03   1.9459368E-13
  3.407882630292238E+03   1.9560358E-13
  3.410630539438015E+03   1.9655977E-13
  3.413378459111586E+03   1.9967883E-13
  3.416126389248627E+03   1.9941834E-13
  3.418874329784813E+03   2.0325451E-13
  3.421622280655813E+03   2.0258873E-13
  3.424370241797298E+03   2.0655427E-13
  3.427118213144933E+03   2.0952722E-13
  3.429866194634382E+03   2.1070507E-13
  3.432614186201308E+03   2.1530870E-13
  3.435362187781368E+03   2.1709281E-13
  3.438110199310220E+03   2.2059053E-13
  3.440858220723518E+03   2.2423795E-13
  3.443606251956915E+03   2.2839272E-13
  3.446354292946060E+03   2.2990727E-13
  3.449102343626601E+03   2.3227763E-13
  3.451850403934184E+03   2.3505956E-13
  3.454598473804450E+03   2.3200661E-13
  3.457346553173043E+03   2.3255483E-13
  3.460094641975599E+03   2.3417024E-13
  3.462842740147755E+03   2.3390326E-13
  3.465590847625146E+03   2.3547782E-13
  3.468338964343403E+03   2.3624749E-13
  3.471087090238157E+03   2.3407391E-13
  3.473835225245034E+03   2.3203282E-13
  3.476583369299661E+03   2.3806792E-13
  3.479331522337661E+03   2.4064797E-13
  3.482079684294655E+03   2.4377250E-13
  3.484827855106263E+03   2.4786084E-13
  3.487576034708102E+03   2.5007272E-13
  3.490324223035786E+03   2.5432285E-13
  3.493072420024930E+03   2.5574418E-13
  3.495820625611144E+03   2.6126185E-13
  3.498568839730036E+03   2.6427788E-13
  3.501317062317215E+03   2.6514872E-13
  3.504065293308285E+03   2.6833302E-13
  3.506813532638848E+03   2.6785182E-13
  3.509561780244508E+03   2.7084853E-13
  3.512310036060861E+03   2.6928077E-13
  3.515058300023506E+03   2.7054005E-13
  3.517806572068038E+03   2.7323209E-13
  3.520554852130050E+03   2.7425024E-13
  3.523303140145134E+03   2.7347013E-13
  3.526051436048881E+03   2.7404614E-13
  3.528799739776876E+03   2.7219795E-13
  3.531548051264707E+03   2.7334835E-13
  3.534296370447958E+03   2.7547471E-13
  3.537044697262211E+03   2.7678277E-13
  3.539793031643046E+03   2.7885547E-13
  3.542541373526043E+03   2.7774031E-13
  3.545289722846779E+03   2.7966092E-13
  3.548038079540828E+03   2.7953415E-13
  3.550786443543765E+03   2.7697514E-13
  3.553534814791161E+03   2.7736911E-13
  3.556283193218586E+03   2.7860784E-13
  3.559031578761610E+03   2.7939746E-13
  3.561779971355798E+03   2.7875383E-13
  3.564528370936717E+03   2.8174099E-13
  3.567276777439929E+03   2.7919970E-13
  3.570025190800996E+03   2.7984857E-13
  3.572773610955479E+03   2.7587500E-13
  3.575522037838937E+03   2.8101986E-13
  3.578270471386926E+03   2.7740137E-13
  3.581018911535002E+03   2.7730273E-13
  3.583767358218719E+03   2.7350529E-13
  3.586515811373630E+03   2.6778872E-13
  3.589264270935285E+03   2.6721144E-13
  3.592012736839234E+03   2.6678803E-13
  3.594761209021025E+03   2.6616586E-13
  3.597509687416205E+03   2.6195398E-13
  3.600258171960318E+03   2.6046019E-13
  3.603006662588909E+03   2.6071791E-13
  3.605755159237518E+03   2.5430485E-13
  3.608503661841688E+03   2.5547891E-13
  3.611252170336957E+03   2.5333663E-13
  3.614000684658863E+03   2.5210248E-13
  3.616749204742943E+03   2.4857912E-13
  3.619497730524733E+03   2.4702072E-13
  3.622246261939766E+03   2.4393020E-13
  3.624994798923575E+03   2.4140420E-13
  3.627743341411690E+03   2.3965731E-13
  3.630491889339643E+03   2.3736639E-13
  3.633240442642962E+03   2.3091866E-13
  3.635989001257173E+03   2.2688366E-13
  3.638737565117804E+03   2.2281269E-13
  3.641486134160381E+03   2.1852004E-13
  3.644234708320424E+03   2.1365818E-13
  3.646983287533459E+03   2.0609446E-13
  3.649731871735006E+03   1.9740191E-13
  3.652480460860585E+03   1.8974167E-13
  3.655229054845717E+03   1.8493475E-13
  3.657977653625917E+03   1.7641817E-13
  3.660726257136704E+03   1.6694793E-13
  3.663474865313593E+03   1.5979615E-13
  3.666223478092098E+03   1.5311327E-13
  3.668972095407732E+03   1.4702803E-13
  3.671720717196010E+03   1.4029439E-13
  3.674469343392441E+03   1.3678586E-13
  3.677217973932537E+03   1.3043509E-13
  3.679966608751806E+03   1.2645428E-13
  3.682715247785757E+03   1.2024614E-13
  3.685463890969897E+03   1.1673282E-13
  3.688212538239733E+03   1.1396156E-13
  3.690961189530770E+03   1.1274495E-13
  3.693709844778512E+03   1.0980743E-13
  3.696458503918464E+03   1.0780204E-13
  3.699207166886127E+03   1.0572456E-13
  3.701955833617003E+03   1.4403039E-13
  3.704704504046594E+03   1.0202423E-13
  3.707453178110399E+03   9.9584037E-14
  3.710201855743918E+03   9.9688439E-14
  3.712950536882648E+03   9.9132548E-14
  3.715699221462087E+03   9.6438489E-14
  3.718447909417732E+03   9.6271515E-14
  3.721196600685079E+03   9.9022644E-14
  3.723945295199622E+03   1.0081902E-13
  3.726693992896857E+03   1.0143676E-13
  3.729442693712276E+03   1.0233839E-13
  3.732191397581373E+03   1.0423605E-13
  3.734940104439640E+03   1.0636389E-13
  3.737688814222567E+03   1.0937962E-13
  3.740437526865647E+03   1.1072617E-13
  3.743186242304368E+03   1.1404083E-13
  3.745934960474221E+03   1.1861437E-13
  3.748683681310693E+03   1.2136844E-13
  3.751432404749275E+03   1.2457708E-13
  3.754181130725451E+03   1.2622222E-13
  3.756929859174711E+03   1.2630904E-13
  3.759678590032539E+03   1.2734459E-13
  3.762427323234423E+03   1.2720601E-13
  3.765176058715847E+03   1.3012193E-13
  3.767924796412296E+03   1.2989243E-13
  3.770673536259254E+03   1.3175562E-13
  3.773422278192204E+03   1.3452763E-13
  3.776171022146631E+03   1.3582150E-13
  3.778919768058016E+03   1.3821775E-13
  3.781668515861842E+03   1.4299141E-13
  3.784417265493591E+03   1.4328266E-13
  3.787166016888744E+03   1.4423140E-13
  3.789914769982782E+03   1.4512805E-13
  3.792663524711186E+03   1.4815646E-13
  3.795412281009436E+03   1.4923074E-13
  3.798161038813012E+03   1.5114361E-13
  3.800909798057393E+03   1.5678856E-13
  3.803658558678058E+03   1.5838783E-13
  3.806407320610487E+03   1.6082524E-13
  3.809156083790157E+03   1.6316287E-13
  3.811904848152547E+03   1.6706757E-13
  3.814653613633135E+03   1.6713473E-13
  3.817402380167398E+03   1.7597680E-13
  3.820151147690814E+03   1.7652961E-13
  3.822899916138861E+03   1.8501425E-13
  3.825648685447015E+03   1.8984654E-13
  3.828397455550752E+03   1.9501347E-13
  3.831146226385551E+03   1.9824074E-13
  3.833894997886885E+03   2.0774359E-13
  3.836643769990233E+03   2.1172156E-13
  3.839392542631070E+03   2.1356814E-13
  3.842141315744873E+03   2.1420963E-13
  3.844890089267116E+03   2.1669851E-13
  3.847638863133277E+03   2.1666135E-13
  3.850387637278830E+03   2.1897592E-13
  3.853136411639252E+03   2.2139627E-13
  3.855885186150017E+03   2.2045212E-13
  3.858633960746602E+03   2.2388071E-13
  3.861382735364482E+03   2.2645330E-13
  3.864131509939132E+03   2.2993199E-13
  3.866880284406028E+03   2.2628862E-13
  3.869629058700646E+03   2.2856806E-13
  3.872377832758460E+03   2.3238245E-13
  3.875126606514948E+03   2.3402157E-13
  3.877875379905585E+03   2.3323219E-13
  3.880624152865845E+03   2.3455502E-13
  3.883372925331207E+03   2.3461802E-13
  3.886121697237144E+03   2.3687543E-13
  3.888870468519134E+03   2.3650220E-13
  3.891619239112652E+03   2.3926854E-13
  3.894368008953176E+03   2.3842915E-13
  3.897116777976182E+03   2.4064770E-13
  3.899865546117147E+03   2.4076452E-13
  3.902614313311547E+03   2.4231824E-13
  3.905363079494861E+03   2.4346996E-13
  3.908111844602565E+03   2.4357496E-13
  3.910860608570137E+03   2.4534495E-13
  3.913609371333056E+03   2.4797644E-13
  3.916358132826800E+03   2.4884484E-13
  3.919106892986847E+03   2.4847003E-13
  3.921855651748676E+03   2.5150688E-13
  3.924604409047767E+03   2.5045054E-13
  3.927353164819598E+03   2.5148864E-13
  3.930101918999651E+03   2.5498877E-13
  3.932850671523405E+03   2.5218559E-13
  3.935599422326341E+03   2.4926415E-13
  3.938348171343941E+03   2.4381812E-13
  3.941096918511684E+03   2.4652434E-13
  3.943845663765055E+03   2.5076656E-13
  3.946594407039535E+03   2.4695556E-13
  3.949343148270607E+03   2.4719701E-13
  3.952091887393754E+03   2.4206396E-13
  3.954840624344461E+03   2.3765506E-13
  3.957589359058210E+03   2.3622678E-13
  3.960338091470489E+03   2.3260126E-13
  3.963086821516782E+03   2.3069795E-13
  3.965835549132574E+03   2.2668925E-13
  3.968584274253352E+03   2.2490161E-13
  3.971332996814605E+03   2.2192338E-13
  3.974081716751819E+03   2.1989900E-13
  3.976830434000482E+03   2.1864307E-13
  3.979579148496085E+03   2.1941258E-13
  3.982327860174115E+03   2.1653407E-13
  3.985076568970065E+03   2.1406919E-13
  3.987825274819424E+03   2.1477571E-13
  3.990573977657684E+03   2.1429108E-13
  3.993322677420338E+03   2.1144242E-13
  3.996071374042878E+03   2.1150365E-13
  3.998820067460800E+03   2.0966685E-13
  4.001568757609597E+03   2.1082065E-13
  4.004317444424764E+03   2.1139107E-13
  4.007066127841797E+03   2.0730531E-13
  4.009814807796195E+03   2.0691689E-13
  4.012563484223454E+03   2.0924771E-13
  4.015312157059073E+03   2.0944237E-13
  4.018060826238551E+03   2.1181985E-13
  4.020809491697389E+03   2.0954794E-13
  4.023558153371087E+03   2.1204646E-13
  4.026306811195149E+03   2.1229951E-13
  4.029055465105076E+03   2.1624956E-13
  4.031804115036373E+03   2.1484172E-13
  4.034552760924545E+03   2.1624731E-13
  4.037301402705096E+03   2.2034750E-13
  4.040050040313535E+03   2.2131841E-13
  4.042798673685367E+03   2.2257000E-13
  4.045547302756103E+03   2.2621595E-13
  4.048295927461253E+03   2.2726909E-13
  4.051044547736326E+03   2.2693509E-13
  4.053793163516834E+03   2.2807323E-13
  4.056541774738290E+03   2.3334267E-13
  4.059290381336209E+03   2.3295355E-13
  4.062038983246104E+03   2.3612254E-13
  4.064787580403492E+03   2.3360393E-13
  4.067536172743892E+03   2.3618108E-13
  4.070284760202819E+03   2.3492642E-13
  4.073033342715794E+03   2.3870619E-13
  4.075781920218339E+03   2.3849911E-13
  4.078530492645973E+03   2.4207909E-13
  4.081279059934222E+03   2.4593332E-13
  4.084027622018607E+03   2.4660918E-13
  4.086776178834656E+03   2.4858097E-13
  4.089524730317894E+03   2.4873810E-13
  4.092273276403850E+03   2.4907287E-13
  4.095021817028052E+03   2.4664735E-13
  4.097770352126032E+03   2.4182560E-13
  4.100518881633321E+03   2.3756889E-13
  4.103267405485451E+03   2.3477902E-13
  4.106015923617958E+03   2.3270416E-13
  4.108764435966377E+03   2.3221735E-13
  4.111512942466245E+03   2.2579861E-13
  4.114261443053101E+03   2.2398923E-13
  4.117009937662483E+03   2.2638361E-13
  4.119758426229935E+03   2.2650850E-13
  4.122506908690999E+03   2.2489234E-13
  4.125255384981216E+03   2.1963200E-13
  4.128003855036136E+03   2.1848548E-13
  4.130752318791303E+03   2.1507644E-13
  4.133500776182265E+03   2.1361545E-13
  4.136249227144576E+03   2.1536572E-13
  4.138997671613783E+03   2.1430304E-13
  4.141746109525442E+03   2.1391169E-13
  4.144494540815105E+03   2.1284824E-13
  4.147242965418331E+03   2.1451410E-13
  4.149991383270675E+03   2.1527460E-13
  4.152739794307698E+03   2.1763990E-13
  4.155488198464960E+03   2.1540235E-13
  4.158236595678023E+03   2.1321165E-13
  4.160984985882453E+03   2.1135902E-13
  4.163733369013813E+03   2.1098981E-13
  4.166481745007673E+03   2.0880368E-13
  4.169230113799600E+03   2.0826441E-13
  4.171978475325166E+03   2.0521752E-13
  4.174726829519944E+03   2.0433645E-13
  4.177475176319506E+03   2.0165847E-13
  4.180223515659430E+03   2.0264396E-13
  4.182971847475292E+03   2.0043984E-13
  4.185720171702673E+03   1.9809993E-13
  4.188468488277153E+03   1.9742147E-13
  4.191216797134315E+03   1.9551572E-13
  4.193965098209746E+03   1.9492943E-13
  4.196713391439030E+03   1.9467847E-13
  4.199461676757755E+03   1.9061422E-13
  4.202209954101514E+03   1.9173988E-13
  4.204958223405898E+03   1.9205452E-13
  4.207706484606500E+03   1.8752427E-13
  4.210454737638918E+03   1.8910254E-13
  4.213202982438748E+03   1.8975435E-13
  4.215951218941592E+03   1.8602597E-13
  4.218699447083050E+03   1.8506240E-13
  4.221447666798726E+03   1.8500043E-13
  4.224195878024225E+03   1.8161177E-13
  4.226944080695156E+03   1.8310664E-13
  4.229692274747128E+03   1.8305919E-13
  4.232440460115753E+03   1.8026674E-13
  4.235188636736646E+03   1.7935034E-13
  4.237936804545420E+03   1.7921091E-13
  4.240684963477695E+03   1.7839128E-13
  4.243433113469091E+03   1.7620193E-13
  4.246181254455229E+03   1.7794693E-13
  4.248929386371733E+03   1.7651374E-13
  4.251677509154231E+03   1.7560626E-13
  4.254425622738350E+03   1.7453510E-13
  4.257173727059720E+03   1.7314187E-13
  4.259921822053976E+03   1.7166230E-13
  4.262669907656751E+03   1.6929981E-13
  4.265417983803683E+03   1.7168485E-13
  4.268166050430410E+03   1.6963327E-13
  4.270914107472576E+03   1.6985473E-13
  4.273662154865823E+03   1.6728506E-13
  4.276410192545798E+03   1.6747229E-13
  4.279158220448148E+03   1.6529004E-13
  4.281906238508526E+03   1.6509434E-13
  4.284654246662583E+03   1.6305682E-13
  4.287402244845975E+03   1.6006402E-13
  4.290150232994360E+03   1.5974316E-13
  4.292898211043397E+03   1.5889884E-13
  4.295646178928750E+03   1.5766793E-13
  4.298394136586082E+03   1.5681246E-13
  4.301142083951060E+03   1.5453894E-13
  4.303890020959356E+03   1.5589602E-13
  4.306637947546638E+03   1.5531756E-13
  4.309385863648585E+03   1.5495053E-13
  4.312133769200870E+03   1.5383884E-13
  4.314881664139175E+03   1.5528820E-13
  4.317629548399180E+03   1.5530161E-13
  4.320377421916571E+03   1.5301009E-13
  4.323125284627034E+03   1.5381308E-13
  4.325873136466257E+03   1.5516961E-13
  4.328620977369934E+03   1.5427511E-13
  4.331368807273758E+03   1.5654160E-13
  4.334116626113428E+03   1.5564622E-13
  4.336864433824641E+03   1.5603652E-13
  4.339612230343102E+03   1.5778629E-13
  4.342360015604514E+03   1.5940558E-13
  4.345107789544585E+03   1.5738210E-13
  4.347855552099026E+03   1.5889006E-13
  4.350603303203548E+03   1.5946638E-13
  4.353351042793868E+03   1.6156796E-13
  4.356098770805704E+03   1.6112658E-13
  4.358846487174776E+03   1.6167166E-13
  4.361594191836809E+03   1.6286206E-13
  4.364341884727530E+03   1.6292523E-13
  4.367089565782665E+03   1.6286712E-13
  4.369837234937949E+03   1.6375978E-13
  4.372584892129114E+03   1.6328331E-13
  4.375332537291901E+03   1.6231122E-13
  4.378080170362047E+03   1.6018575E-13
  4.380827791275298E+03   1.5949854E-13
  4.383575399967398E+03   1.6128193E-13
  4.386322996374096E+03   1.6047863E-13
  4.389070580431145E+03   1.5970465E-13
  4.391818152074298E+03   1.6036888E-13
  4.394565711239314E+03   1.6055332E-13
  4.397313257861952E+03   1.5999729E-13
  4.400060791877977E+03   1.5719777E-13
  4.402808313223155E+03   1.5912373E-13
  4.405555821833254E+03   1.6181724E-13
  4.408303317644048E+03   1.5895564E-13
  4.411050800591310E+03   1.6012370E-13
  4.413798270610821E+03   1.6000401E-13
  4.416545727638361E+03   1.6058953E-13
  4.419293171609715E+03   1.6113630E-13
  4.422040602460669E+03   1.6187996E-13
  4.424788020127015E+03   1.6454824E-13
  4.427535424544546E+03   1.6371580E-13
  4.430282815649059E+03   1.6615607E-13
  4.433030193376352E+03   1.6876379E-13
  4.435777557662232E+03   1.6883761E-13
  4.438524908442500E+03   1.6968822E-13
  4.441272245652969E+03   1.7166386E-13
  4.444019569229451E+03   1.7116397E-13
  4.446766879107759E+03   1.7175637E-13
  4.449514175223716E+03   1.7181929E-13
  4.452261457513140E+03   1.7039378E-13
  4.455008725911857E+03   1.7146942E-13
  4.457755980355698E+03   1.7353847E-13
  4.460503220780493E+03   1.7313520E-13
  4.463250447122076E+03   1.7346808E-13
  4.465997659316288E+03   1.7138510E-13
  4.468744857298970E+03   1.7372358E-13
  4.471492041005965E+03   1.7227706E-13
  4.474239210373123E+03   1.7111022E-13
  4.476986365336294E+03   1.7131054E-13
  4.479733505831336E+03   1.7171376E-13
  4.482480631794105E+03   1.7223096E-13
  4.485227743160463E+03   1.7119169E-13
  4.487974839866277E+03   1.7253222E-13
  4.490721921847414E+03   1.7046175E-13
  4.493468989039747E+03   1.7252882E-13
  4.496216041379152E+03   1.7219112E-13
  4.498963078801506E+03   1.7008455E-13
  4.501710101242693E+03   1.7182604E-13
  4.504457108638599E+03   1.7065708E-13
  4.507204100925113E+03   1.7233341E-13
  4.509951078038130E+03   1.7128929E-13
  4.512698039913545E+03   1.7077226E-13
  4.515444986487257E+03   1.7117355E-13
  4.518191917695171E+03   1.7181346E-13
  4.520938833473197E+03   1.7042077E-13
  4.523685733757241E+03   1.7052748E-13
  4.526432618483221E+03   1.6840339E-13
  4.529179487587055E+03   1.6944778E-13
  4.531926341004663E+03   1.6862072E-13
  4.534673178671974E+03   1.6922469E-13
  4.537420000524913E+03   1.6842028E-13
  4.540166806499416E+03   1.6932777E-13
  4.542913596531419E+03   1.6830631E-13
  4.545660370556861E+03   1.6883962E-13
  4.548407128511689E+03   1.6869800E-13
  4.551153870331847E+03   1.6847744E-13
  4.553900595953290E+03   1.6796352E-13
  4.556647305311973E+03   1.6808385E-13
  4.559393998343852E+03   1.6825587E-13
  4.562140674984895E+03   1.6712018E-13
  4.564887335171064E+03   1.6686809E-13
  4.567633978838334E+03   1.6688446E-13
  4.570380605922676E+03   1.6751424E-13
  4.573127216360071E+03   1.6852555E-13
  4.575873810086500E+03   1.6701092E-13
  4.578620387037950E+03   1.6799798E-13
  4.581366947150411E+03   1.6760769E-13
  4.584113490359877E+03   1.6738679E-13
  4.586860016602346E+03   1.6746495E-13
  4.589606525813820E+03   1.6795678E-13
  4.592353017930304E+03   1.6845405E-13
  4.595099492887811E+03   1.6720813E-13
  4.597845950622352E+03   1.6861611E-13
  4.600592391069946E+03   1.6901969E-13
  4.603338814166615E+03   1.6819204E-13
  4.606085219848384E+03   1.6912223E-13
  4.608831608051286E+03   1.6897837E-13
  4.611577978711353E+03   1.6790680E-13
  4.614324331764625E+03   1.6792087E-13
  4.617070667147143E+03   1.6733896E-13
  4.619816984794953E+03   1.6693983E-13
  4.622563284644108E+03   1.6622696E-13
  4.625309566630660E+03   1.6654867E-13
  4.628055830690671E+03   1.6634465E-13
  4.630802076760202E+03   1.6529116E-13
  4.633548304775322E+03   1.6387803E-13
  4.636294514672102E+03   1.6275086E-13
  4.639040706386619E+03   1.6463556E-13
  4.641786879854951E+03   1.6212953E-13
  4.644533035013183E+03   1.6121354E-13
  4.647279171797404E+03   1.6116085E-13
  4.650025290143708E+03   1.6269158E-13
  4.652771389988191E+03   1.6213638E-13
  4.655517471266955E+03   1.6073426E-13
  4.658263533916106E+03   1.6248297E-13
  4.661009577871753E+03   1.6087283E-13
  4.663755603070013E+03   1.6121758E-13
  4.666501609447002E+03   1.6241213E-13
  4.669247596938846E+03   1.6177072E-13
  4.671993565481672E+03   1.6266010E-13
  4.674739515011612E+03   1.6188411E-13
  4.677485445464802E+03   1.6160035E-13
  4.680231356777384E+03   1.6169257E-13
  4.682977248885503E+03   1.6298214E-13
  4.685723121725311E+03   1.6310336E-13
  4.688468975232960E+03   1.6259602E-13
  4.691214809344609E+03   1.6155995E-13
  4.693960623996422E+03   1.6318860E-13
  4.696706419124570E+03   1.6187031E-13
  4.699452194665221E+03   1.6212032E-13
  4.702197950554556E+03   1.6264889E-13
  4.704943686728754E+03   1.6248352E-13
  4.707689403124004E+03   1.6294999E-13
  4.710435099676495E+03   1.6157109E-13
  4.713180776322424E+03   1.6237246E-13
  4.715926432997991E+03   1.6156317E-13
  4.718672069639399E+03   1.6054023E-13
  4.721417686182860E+03   1.5984319E-13
  4.724163282564587E+03   1.5802232E-13
  4.726908858720801E+03   1.5431162E-13
  4.729654414587722E+03   1.5201492E-13
  4.732399950101582E+03   1.5109637E-13
  4.735145465198614E+03   1.4958362E-13
  4.737890959815054E+03   1.4913477E-13
  4.740636433887145E+03   1.4961238E-13
  4.743381887351135E+03   1.4887744E-13
  4.746127320143277E+03   1.4754838E-13
  4.748872732199827E+03   1.4784581E-13
  4.751618123457048E+03   1.4974404E-13
  4.754363493851206E+03   1.5052740E-13
  4.757108843318572E+03   1.4997514E-13
  4.759854171795424E+03   1.4868591E-13
  4.762599479218043E+03   1.5172978E-13
  4.765344765522715E+03   1.5235353E-13
  4.768090030645732E+03   1.5304362E-13
  4.770835274523391E+03   1.5435300E-13
  4.773580497091990E+03   1.5675021E-13
  4.776325698287837E+03   1.5662657E-13
  4.779070878047243E+03   1.5672718E-13
  4.781816036306524E+03   1.5794080E-13
  4.784561173002002E+03   1.5645452E-13
  4.787306288070002E+03   1.5590692E-13
  4.790051381446856E+03   1.5438699E-13
  4.792796453068899E+03   1.5228228E-13
  4.795541502872472E+03   1.5051064E-13
  4.798286530793923E+03   1.4765668E-13
  4.801031536769603E+03   1.4711293E-13
  4.803776520735868E+03   1.4450446E-13
  4.806521482629079E+03   1.4343652E-13
  4.809266422385605E+03   1.4237229E-13
  4.812011339941817E+03   1.4037325E-13
  4.814756235234090E+03   1.3885472E-13
  4.817501108198809E+03   1.3598085E-13
  4.820245958772361E+03   1.3368409E-13
  4.822990786891138E+03   1.3164207E-13
  4.825735592491537E+03   1.2859891E-13
  4.828480375509964E+03   1.2692039E-13
  4.831225135882825E+03   1.2569827E-13
  4.833969873546535E+03   1.2308041E-13
  4.836714588437513E+03   1.2005247E-13
  4.839459280492183E+03   1.1837220E-13
  4.842203949646973E+03   1.1635621E-13
  4.844948595838320E+03   1.1516264E-13
  4.847693219002664E+03   1.1414825E-13
  4.850437819076451E+03   1.1208725E-13
  4.853182395996130E+03   1.1190583E-13
  4.855926949698159E+03   1.1089371E-13
  4.858671480118999E+03   1.1027858E-13
  4.861415987195119E+03   1.0851781E-13
  4.864160470862989E+03   1.0927207E-13
  4.866904931059089E+03   1.0897224E-13
  4.869649367719901E+03   1.0960097E-13
  4.872393780781917E+03   1.0988298E-13
  4.875138170181627E+03   1.0942300E-13
  4.877882535855535E+03   1.1002132E-13
  4.880626877740145E+03   1.1115544E-13
  4.883371195771967E+03   1.1029585E-13
  4.886115489887518E+03   1.1168857E-13
  4.888859760023322E+03   1.1074483E-13
  4.891604006115905E+03   1.1116330E-13
  4.894348228101800E+03   1.1185960E-13
  4.897092425917548E+03   1.1263539E-13
  4.899836599499691E+03   1.1226882E-13
  4.902580748784781E+03   1.1371766E-13
  4.905324873709373E+03   1.1340999E-13
  4.908068974210028E+03   1.1478148E-13
  4.910813050223314E+03   1.1558877E-13
  4.913557101685803E+03   1.1751319E-13
  4.916301128534075E+03   1.1789234E-13
  4.919045130704713E+03   1.1875441E-13
  4.921789108134308E+03   1.1913594E-13
  4.924533060759453E+03   1.2072221E-13
  4.927276988516754E+03   1.2118935E-13
  4.930020891342815E+03   1.2157240E-13
  4.932764769174250E+03   1.2109394E-13
  4.935508621947677E+03   1.1978507E-13
  4.938252449599721E+03   1.2065708E-13
  4.940996252067013E+03   1.1890926E-13
  4.943740029286191E+03   1.2066971E-13
  4.946483781193894E+03   1.2090989E-13
  4.949227507726772E+03   1.2154157E-13
  4.951971208821479E+03   1.2126265E-13
  4.954714884414674E+03   1.2119288E-13
  4.957458534443024E+03   1.2091558E-13
  4.960202158843201E+03   1.2122420E-13
  4.962945757551881E+03   1.2136272E-13
  4.965689330505747E+03   1.2162672E-13
  4.968432877641491E+03   1.2248515E-13
  4.971176398895809E+03   1.2254440E-13
  4.973919894205401E+03   1.2447901E-13
  4.976663363506975E+03   1.2579177E-13
  4.979406806737244E+03   1.2691673E-13
  4.982150223832929E+03   1.2847510E-13
  4.984893614730756E+03   1.2917425E-13
  4.987636979367455E+03   1.3044810E-13
  4.990380317679766E+03   1.2919891E-13
  4.993123629604434E+03   1.3012181E-13
  4.995866915078204E+03   1.3000302E-13
  4.998610174037839E+03   1.3029179E-13
  5.001353406420097E+03   1.2980891E-13
  5.004096612161748E+03   1.2841872E-13
  5.006839791199567E+03   1.3028681E-13
  5.009582943470336E+03   1.2878922E-13
  5.012326068910839E+03   1.2988696E-13
  5.015069167457874E+03   1.3113738E-13
  5.017812239048236E+03   1.3205599E-13
  5.020555283618735E+03   1.3391538E-13
  5.023298301106181E+03   1.3408354E-13
  5.026041291447393E+03   1.3509292E-13
  5.028784254579195E+03   1.3477658E-13
  5.031527190438419E+03   1.3575318E-13
  5.034270098961902E+03   1.3561450E-13
  5.037012980086489E+03   1.3796989E-13
  5.039755833749028E+03   1.3875706E-13
  5.042498659886378E+03   1.3824923E-13
  5.045241458435398E+03   1.3823403E-13
  5.047984229332961E+03   1.3904870E-13
  5.050726972515941E+03   1.3970224E-13
  5.053469687921219E+03   1.3989103E-13
  5.056212375485687E+03   1.4032165E-13
  5.058955035146236E+03   1.4043039E-13
  5.061697666839769E+03   1.4012295E-13
  5.064440270503194E+03   1.4022418E-13
  5.067182846073426E+03   1.3957189E-13
  5.069925393487384E+03   1.4211891E-13
  5.072667912681997E+03   1.4170062E-13
  5.075410403594199E+03   1.4262243E-13
  5.078152866160929E+03   1.4386261E-13
  5.080895300319135E+03   1.4316380E-13
  5.083637706005772E+03   1.4382834E-13
  5.086380083157797E+03   1.4455212E-13
  5.089122431712180E+03   1.4369658E-13
  5.091864751605892E+03   1.4434820E-13
  5.094607042775914E+03   1.4373798E-13
  5.097349305159233E+03   1.4352559E-13
  5.100091538692843E+03   1.4301589E-13
  5.102833743313742E+03   1.4226792E-13
  5.105575918958938E+03   1.4198954E-13
  5.108318065565445E+03   1.4005037E-13
  5.111060183070284E+03   1.4013156E-13
  5.113802271410477E+03   1.3875314E-13
  5.116544330523064E+03   1.3835791E-13
  5.119286360345081E+03   1.3894672E-13
  5.122028360813577E+03   1.3987189E-13
  5.124770331865606E+03   1.3843798E-13
  5.127512273438228E+03   1.3820953E-13
  5.130254185468511E+03   1.3798430E-13
  5.132996067893529E+03   1.3803382E-13
  5.135737920650365E+03   1.3773951E-13
  5.138479743676105E+03   1.3710228E-13
  5.141221536907844E+03   1.3628782E-13
  5.143963300282686E+03   1.3629680E-13
  5.146705033737738E+03   1.3729309E-13
  5.149446737210116E+03   1.3704652E-13
  5.152188410636943E+03   1.3771962E-13
  5.154930053955349E+03   1.3661469E-13
  5.157671667102469E+03   1.3775102E-13
  5.160413250015447E+03   1.3765372E-13
  5.163154802631435E+03   1.3773020E-13
  5.165896324887590E+03   1.3791767E-13
  5.168637816721075E+03   1.3838354E-13
  5.171379278069062E+03   1.3881917E-13
  5.174120708868732E+03   1.3953817E-13
  5.176862109057266E+03   1.3903134E-13
  5.179603478571861E+03   1.3957436E-13
  5.182344817349715E+03   1.3911852E-13
  5.185086125328036E+03   1.4010231E-13
  5.187827402444037E+03   1.4132318E-13
  5.190568648634938E+03   1.4035309E-13
  5.193309863837970E+03   1.4001680E-13
  5.196051047990366E+03   1.4042248E-13
  5.198792201029370E+03   1.3854148E-13
  5.201533322892231E+03   1.3911520E-13
  5.204274413516207E+03   1.3913946E-13
  5.207015472838561E+03   1.3772470E-13
  5.209756500796564E+03   1.3734443E-13
  5.212497497327498E+03   1.3572817E-13
  5.215238462368644E+03   1.3537348E-13
  5.217979395857300E+03   1.3370420E-13
  5.220720297730762E+03   1.3116545E-13
  5.223461167926342E+03   1.3119883E-13
  5.226202006381352E+03   1.3145699E-13
  5.228942813033115E+03   1.2966597E-13
  5.231683587818960E+03   1.2795988E-13
  5.234424330676226E+03   1.2691565E-13
  5.237165041542258E+03   1.2357697E-13
  5.239905720354405E+03   1.2308507E-13
  5.242646367050028E+03   1.2219551E-13
  5.245386981566494E+03   1.2090718E-13
  5.248127563841174E+03   1.1839524E-13
  5.250868113811453E+03   1.1710217E-13
  5.253608631414719E+03   1.1699085E-13
  5.256349116588368E+03   1.1578900E-13
  5.259089569269804E+03   1.1538111E-13
  5.261829989396437E+03   1.1539057E-13
  5.264570376905687E+03   1.1495226E-13
  5.267310731734981E+03   1.1429877E-13
  5.270051053821752E+03   1.1469863E-13
  5.272791343103442E+03   1.1518273E-13
  5.275531599517500E+03   1.1506918E-13
  5.278271823001382E+03   1.1442079E-13
  5.281012013492552E+03   1.1417386E-13
  5.283752170928483E+03   1.1407842E-13
  5.286492295246653E+03   1.1369051E-13
  5.289232386384549E+03   1.1276112E-13
  5.291972444279666E+03   1.1223627E-13
  5.294712468869508E+03   1.1197528E-13
  5.297452460091582E+03   1.1083283E-13
  5.300192417883409E+03   1.1199651E-13
  5.302932342182510E+03   1.1139184E-13
  5.305672232926423E+03   1.1135760E-13
  5.308412090052684E+03   1.1197148E-13
  5.311151913498846E+03   1.1262231E-13
  5.313891703202462E+03   1.1335860E-13
  5.316631459101098E+03   1.1397307E-13
  5.319371181132323E+03   1.1443797E-13
  5.322110869233720E+03   1.1541983E-13
  5.324850523342875E+03   1.1650099E-13
  5.327590143397384E+03   1.1494107E-13
  5.330329729334848E+03   1.1552569E-13
  5.333069281092879E+03   1.1442301E-13
  5.335808798609099E+03   1.1498841E-13
  5.338548281821129E+03   1.1438104E-13
  5.341287730666607E+03   1.1348213E-13
  5.344027145083175E+03   1.1304639E-13
  5.346766525008484E+03   1.1295757E-13
  5.349505870380191E+03   1.1182654E-13
  5.352245181135962E+03   1.1149373E-13
  5.354984457213473E+03   1.1185473E-13
  5.357723698550404E+03   1.1140835E-13
  5.360462905084448E+03   1.1189459E-13
  5.363202076753300E+03   1.1162174E-13
  5.365941213494670E+03   1.1214247E-13
  5.368680315246268E+03   1.1148116E-13
  5.371419381945819E+03   1.1135005E-13
  5.374158413531052E+03   1.1104994E-13
  5.376897409939707E+03   1.0950328E-13
  5.379636371109529E+03   1.1028231E-13
  5.382375296978274E+03   1.0825692E-13
  5.385114187483702E+03   1.0743306E-13
  5.387853042563586E+03   1.0631020E-13
  5.390591862155706E+03   1.0580831E-13
  5.393330646197846E+03   1.0480961E-13
  5.396069394627803E+03   1.0204333E-13
  5.398808107383382E+03   1.0263562E-13
  5.401546784402391E+03   1.0261636E-13
  5.404285425622652E+03   1.0176288E-13
  5.407024030981993E+03   1.0087298E-13
  5.409762600418250E+03   1.0027761E-13
  5.412501133869268E+03   9.9571576E-14
  5.415239631272900E+03   9.8033845E-14
  5.417978092567006E+03   9.6073255E-14
  5.420716517689455E+03   9.5602976E-14
  5.423454906578126E+03   9.4481165E-14
  5.426193259170904E+03   9.4352653E-14
  5.428931575405684E+03   9.2791050E-14
  5.431669855220369E+03   9.2585146E-14
  5.434408098552869E+03   9.2225977E-14
  5.437146305341104E+03   9.0955021E-14
  5.439884475523001E+03   9.0963939E-14
  5.442622609036496E+03   9.0834926E-14
  5.445360705819536E+03   9.0508371E-14
  5.448098765810072E+03   9.2116622E-14
  5.450836788946064E+03   9.2588860E-14
  5.453574775165484E+03   9.2508547E-14
  5.456312724406310E+03   9.4686032E-14
  5.459050636606529E+03   9.3846643E-14
  5.461788511704135E+03   9.6019174E-14
  5.464526349637134E+03   9.7590657E-14
  5.467264150343535E+03   9.8631952E-14
  5.470001913761362E+03   9.9824202E-14
  5.472739639828643E+03   1.0006215E-13
  5.475477328483416E+03   1.0149582E-13
  5.478214979663728E+03   1.0133958E-13
  5.480952593307633E+03   1.2373198E-13
  5.483690169353196E+03   1.0429864E-13
  5.486427707738489E+03   1.0478607E-13
  5.489165208401592E+03   1.0500726E-13
  5.491902671280596E+03   1.0687957E-13
  5.494640096313598E+03   1.0677704E-13
  5.497377483438707E+03   1.0750875E-13
  5.500114832594036E+03   1.0858614E-13
  5.502852143717709E+03   1.0835753E-13
  5.505589416747861E+03   1.0899780E-13
  5.508326651622633E+03   1.0873230E-13
  5.511063848280176E+03   1.0907286E-13
  5.513801006658648E+03   1.0973766E-13
  5.516538126696218E+03   1.0986652E-13
  5.519275208331062E+03   1.0879297E-13
  5.522012251501365E+03   1.0841354E-13
  5.524749256145323E+03   1.0818300E-13
  5.527486222201138E+03   1.0795699E-13
  5.530223149607022E+03   1.0743962E-13
  5.532960038301196E+03   1.0721153E-13
  5.535696888221889E+03   1.0741688E-13
  5.538433699307339E+03   1.0819893E-13
  5.541170471495796E+03   1.0889295E-13
  5.543907204725515E+03   1.0934031E-13
  5.546643898934759E+03   1.1068627E-13
  5.549380554061805E+03   1.1098810E-13
  5.552117170044934E+03   1.1046428E-13
  5.554853746822440E+03   1.1217438E-13
  5.557590284332623E+03   1.1312177E-13
  5.560326782513792E+03   1.1303460E-13
  5.563063241304268E+03   1.1335737E-13
  5.565799660642376E+03   1.1602993E-13
  5.568536040466454E+03   1.1467059E-13
  5.571272380714850E+03   1.1441911E-13
  5.574008681325918E+03   1.1563163E-13
  5.576744942238020E+03   1.1583426E-13
  5.579481163389532E+03   1.1648713E-13
  5.582217344718833E+03   1.1573082E-13
  5.584953486164317E+03   1.1693671E-13
  5.587689587664384E+03   1.1576658E-13
  5.590425649157442E+03   1.1625282E-13
  5.593161670581911E+03   1.1540663E-13
  5.595897651876218E+03   1.1550316E-13
  5.598633592978801E+03   1.1617383E-13
  5.601369493828106E+03   1.1567426E-13
  5.604105354362588E+03   1.1568486E-13
  5.606841174520710E+03   1.1560338E-13
  5.609576954240947E+03   1.1550343E-13
  5.612312693461782E+03   1.1627490E-13
  5.615048392121708E+03   1.1606411E-13
  5.617784050159225E+03   1.1640190E-13
  5.620519667512845E+03   1.1613933E-13
  5.623255244121086E+03   1.1541472E-13
  5.625990779922479E+03   1.1478639E-13
  5.628726274855562E+03   1.1635194E-13
  5.631461728858883E+03   1.1537388E-13
  5.634197141871000E+03   1.1548436E-13
  5.636932513830479E+03   1.1528715E-13
  5.639667844675895E+03   1.1392336E-13
  5.642403134345835E+03   1.1480656E-13
  5.645138382778891E+03   1.1599552E-13
  5.647873589913671E+03   1.1596670E-13
  5.650608755688784E+03   1.1567234E-13
  5.653343880042857E+03   1.1564867E-13
  5.656078962914520E+03   1.1574696E-13
  5.658814004242416E+03   1.1543980E-13
  5.661549003965195E+03   1.1530391E-13
  5.664283962021519E+03   1.1528114E-13
  5.667018878350057E+03   1.1402317E-13
  5.669753752889490E+03   1.1400336E-13
  5.672488585578506E+03   1.1297721E-13
  5.675223376355805E+03   1.1324824E-13
  5.677958125160095E+03   1.1207433E-13
  5.680692831930093E+03   1.1143071E-13
  5.683427496604528E+03   1.1125407E-13
  5.686162119122135E+03   1.1129963E-13
  5.688896699421662E+03   1.1015348E-13
  5.691631237441865E+03   1.1036091E-13
  5.694365733121510E+03   1.1003373E-13
  5.697100186399372E+03   1.5631085E-13
