

  2.888560129312428E+03   5.5976240E-14
  2.891304967256254E+03   2.5012697E-14
  2.894049827759456E+03   4.4741368E-14
  2.896794710758431E+03   2.6413576E-14
  2.899539616189575E+03   1.7120494E-14
  2.902284543989276E+03   2.0258182E-14
  2.905029494093918E+03   2.3132671E-14
  2.907774466439880E+03   1.6827787E-14
  2.910519460963535E+03   1.8008878E-14
  2.913264477601250E+03   1.7598217E-14
  2.916009516289390E+03   1.2672740E-14
  2.918754576964312E+03   1.0602747E-14
  2.921499659562368E+03   1.4080477E-14
  2.924244764019908E+03   1.2862938E-14
  2.926989890273272E+03   9.3840332E-15
  2.929735038258800E+03   1.3906258E-14
  2.932480207912821E+03   1.6761449E-14
  2.935225399171666E+03   2.1002373E-13
  2.937970611971656E+03   1.2882380E-14
  2.940715846249107E+03   1.4694568E-14
  2.943461101940334E+03   1.2072288E-14
  2.946206378981642E+03   1.3562567E-14
  2.948951677309334E+03   1.2835465E-14
  2.951696996859709E+03   1.3474273E-14
  2.954442337569058E+03   1.3680603E-14
  2.957187699373669E+03   1.3885478E-14
  2.959933082209824E+03   1.4218032E-14
  2.962678486013801E+03   1.4524027E-14
  2.965423910721874E+03   1.5412888E-14
  2.968169356270309E+03   1.3600027E-14
  2.970914822595371E+03   1.3493650E-14
  2.973660309633318E+03   1.3998736E-14
  2.976405817320403E+03   1.3977214E-14
  2.979151345592874E+03   1.5127590E-14
  2.981896894386976E+03   1.4607527E-14
  2.984642463638947E+03   1.3582237E-14
  2.987388053285023E+03   1.3752607E-14
  2.990133663261433E+03   1.4098994E-14
  2.992879293504400E+03   1.3498812E-14
  2.995624943950146E+03   1.2523096E-14
  2.998370614534886E+03   1.3100599E-14
  3.001116305194830E+03   1.2444529E-14
  3.003862015866185E+03   1.2149659E-14
  3.006607746485152E+03   1.1269813E-14
  3.009353496987928E+03   1.1858128E-14
  3.012099267310703E+03   1.2029599E-14
  3.014845057389668E+03   1.1921248E-14
  3.017590867161003E+03   1.2253130E-14
  3.020336696560887E+03   1.2137656E-14
  3.023082545525494E+03   1.2195798E-14
  3.025828413990993E+03   1.2797454E-14
  3.028574301893548E+03   1.2180685E-14
  3.031320209169320E+03   1.2472918E-14
  3.034066135754464E+03   1.2022858E-14
  3.036812081585131E+03   1.2901165E-14
  3.039558046597467E+03   1.1937425E-14
  3.042304030727615E+03   1.2083506E-14
  3.045050033911712E+03   1.2319074E-14
  3.047796056085891E+03   1.2041254E-14
  3.050542097186281E+03   1.2687256E-14
  3.053288157149006E+03   1.2213770E-14
  3.056034235910186E+03   1.2548592E-14
  3.058780333405937E+03   1.2085185E-14
  3.061526449572369E+03   1.1955861E-14
  3.064272584345590E+03   1.2369502E-14
  3.067018737661702E+03   1.2322291E-14
  3.069764909456802E+03   1.2143831E-14
  3.072511099666986E+03   1.2218973E-14
  3.075257308228341E+03   1.2466751E-14
  3.078003535076954E+03   1.2072543E-14
  3.080749780148904E+03   1.1902109E-14
  3.083496043380271E+03   1.2316501E-14
  3.086242324707124E+03   1.2481829E-14
  3.088988624065533E+03   1.2259257E-14
  3.091734941391562E+03   1.1734059E-14
  3.094481276621270E+03   1.2067863E-14
  3.097227629690714E+03   1.2555523E-14
  3.099974000535944E+03   1.1384349E-14
  3.102720389093007E+03   1.1600058E-14
  3.105466795297948E+03   1.2144840E-14
  3.108213219086805E+03   1.2321622E-14
  3.110959660395613E+03   1.2060007E-14
  3.113706119160403E+03   1.2688747E-14
  3.116452595317202E+03   1.3081534E-14
  3.119199088802032E+03   1.2814129E-14
  3.121945599550912E+03   1.3012056E-14
  3.124692127499857E+03   1.2876738E-14
  3.127438672584877E+03   1.2823077E-14
  3.130185234741979E+03   1.2984625E-14
  3.132931813907166E+03   1.3203858E-14
  3.135678410016436E+03   1.3542725E-14
  3.138425023005784E+03   1.3395311E-14
  3.141171652811201E+03   1.3390366E-14
  3.143918299368674E+03   1.3521581E-14
  3.146664962614184E+03   1.3684631E-14
  3.149411642483713E+03   1.3602225E-14
  3.152158338913234E+03   1.4453868E-14
  3.154905051838719E+03   1.4513522E-14
  3.157651781196136E+03   1.4980836E-14
  3.160398526921447E+03   1.5065704E-14
  3.163145288950613E+03   1.5818679E-14
  3.165892067219589E+03   1.5638017E-14
  3.168638861664328E+03   1.5732167E-14
  3.171385672220779E+03   1.6398078E-14
  3.174132498824885E+03   1.6799394E-14
  3.176879341412588E+03   1.6743973E-14
  3.179626199919824E+03   1.7039777E-14
  3.182373074282527E+03   1.7469858E-14
  3.185119964436627E+03   1.7572640E-14
  3.187866870318050E+03   1.8019532E-14
  3.190613791862717E+03   1.7480863E-14
  3.193360729006549E+03   1.7591438E-14
  3.196107681685459E+03   1.7931879E-14
  3.198854649835359E+03   1.7137504E-14
  3.201601633392158E+03   1.7747302E-14
  3.204348632291757E+03   1.7020961E-14
  3.207095646470060E+03   1.6542409E-14
  3.209842675862963E+03   1.6005977E-14
  3.212589720406357E+03   1.6388881E-14
  3.215336780036135E+03   1.5928395E-14
  3.218083854688183E+03   1.5972421E-14
  3.220830944298382E+03   1.5809157E-14
  3.223578048802613E+03   1.5440416E-14
  3.226325168136751E+03   1.5321577E-14
  3.229072302236669E+03   1.4508922E-14
  3.231819451038236E+03   1.5111481E-14
  3.234566614477318E+03   1.4183376E-14
  3.237313792489775E+03   1.4505665E-14
  3.240060985011467E+03   1.4198088E-14
  3.242808191978250E+03   1.4338240E-14
  3.245555413325974E+03   1.3615573E-14
  3.248302648990490E+03   1.3288807E-14
  3.251049898907641E+03   1.3941017E-14
  3.253797163013271E+03   1.3020330E-14
  3.256544441243216E+03   1.3875541E-14
  3.259291733533314E+03   1.2881062E-14
  3.262039039819395E+03   1.3763335E-14
  3.264786360037288E+03   1.3211307E-14
  3.267533694122818E+03   1.3670237E-14
  3.270281042011809E+03   1.3338329E-14
  3.273028403640078E+03   1.3245732E-14
  3.275775778943442E+03   1.3366858E-14
  3.278523167857712E+03   1.2597844E-14
  3.281270570318699E+03   1.2744505E-14
  3.284017986262209E+03   1.2871210E-14
  3.286765415624044E+03   1.2638159E-14
  3.289512858340005E+03   1.3111215E-14
  3.292260314345888E+03   1.2497944E-14
  3.295007783577486E+03   1.2604067E-14
  3.297755265970591E+03   1.2968363E-14
  3.300502761460989E+03   1.2661506E-14
  3.303250269984466E+03   1.3332410E-14
  3.305997791476803E+03   1.3024806E-14
  3.308745325873777E+03   1.2615630E-14
  3.311492873111164E+03   1.2733021E-14
  3.314240433124737E+03   1.3353713E-14
  3.316988005850265E+03   1.3455469E-14
  3.319735591223513E+03   1.3852637E-14
  3.322483189180247E+03   1.3961849E-14
  3.325230799656225E+03   1.3942957E-14
  3.327978422587205E+03   1.4069384E-14
  3.330726057908942E+03   1.4604423E-14
  3.333473705557188E+03   1.4641933E-14
  3.336221365467691E+03   1.4328309E-14
  3.338969037576197E+03   1.4261629E-14
  3.341716721818450E+03   1.4852384E-14
  3.344464418130189E+03   1.4550806E-14
  3.347212126447152E+03   1.4816709E-14
  3.349959846705074E+03   1.4635079E-14
  3.352707578839685E+03   1.4491023E-14
  3.355455322786716E+03   1.4761806E-14
  3.358203078481892E+03   1.4686769E-14
  3.360950845860938E+03   1.4712293E-14
  3.363698624859572E+03   1.4912352E-14
  3.366446415413515E+03   1.4575325E-14
  3.369194217458480E+03   1.4613045E-14
  3.371942030930181E+03   1.5523364E-14
  3.374689855764329E+03   1.5230052E-14
  3.377437691896628E+03   1.5744594E-14
  3.380185539262785E+03   1.5898759E-14
  3.382933397798502E+03   1.5746292E-14
  3.385681267439477E+03   1.5685492E-14
  3.388429148121409E+03   1.6006568E-14
  3.391177039779990E+03   1.6991330E-14
  3.393924942350912E+03   1.7754343E-14
  3.396672855769865E+03   1.8130307E-14
  3.399420779972535E+03   1.8977216E-14
  3.402168714894607E+03   1.9316776E-14
  3.404916660471761E+03   1.9715683E-14
  3.407664616639677E+03   2.0033105E-14
  3.410412583334030E+03   2.0872339E-14
  3.413160560490496E+03   2.0697514E-14
  3.415908548044746E+03   2.0898512E-14
  3.418656545932448E+03   2.1053383E-14
  3.421404554089271E+03   2.1586072E-14
  3.424152572450877E+03   2.1101547E-14
  3.426900600952930E+03   2.5522046E-14
  3.429648639531087E+03   2.2195389E-14
  3.432396688121008E+03   2.2294049E-14
  3.435144746658346E+03   2.2201120E-14
  3.437892815078754E+03   2.1897592E-14
  3.440640893317883E+03   2.1573929E-14
  3.443388981311380E+03   2.1905217E-14
  3.446137078994891E+03   2.1939485E-14
  3.448885186304059E+03   2.2093919E-14
  3.451633303174525E+03   2.2743768E-14
  3.454381429541928E+03   2.2891923E-14
  3.457129565341906E+03   2.2914262E-14
  3.459877710510092E+03   2.3231852E-14
  3.462625864982117E+03   2.2889607E-14
  3.465374028693614E+03   2.3294438E-14
  3.468122201580209E+03   2.2639524E-14
  3.470870383577529E+03   2.2826076E-14
  3.473618574621195E+03   2.2550041E-14
  3.476366774646831E+03   2.2544444E-14
  3.479114983590056E+03   2.2747820E-14
  3.481863201386486E+03   2.2757063E-14
  3.484611427971738E+03   2.2543853E-14
  3.487359663281423E+03   2.2937127E-14
  3.490107907251154E+03   2.3127405E-14
  3.492856159816539E+03   2.3409126E-14
  3.495604420913186E+03   2.4114582E-14
  3.498352690476699E+03   2.4395689E-14
  3.501100968442681E+03   2.4727640E-14
  3.503849254746734E+03   2.4406175E-14
  3.506597549324457E+03   2.5815989E-14
  3.509345852111447E+03   2.6854726E-14
  3.512094163043299E+03   2.7030014E-14
  3.514842482055606E+03   2.7553097E-14
  3.517590809083961E+03   2.8691720E-14
  3.520339144063952E+03   2.9362224E-14
  3.523087486931167E+03   3.0589121E-14
  3.525835837621193E+03   3.1271474E-14
  3.528584196069613E+03   3.2015270E-14
  3.531332562212009E+03   3.1371136E-14
  3.534080935983963E+03   3.2198331E-14
  3.536829317321051E+03   3.2347531E-14
  3.539577706158853E+03   3.2779396E-14
  3.542326102432941E+03   3.2743146E-14
  3.545074506078890E+03   3.3025750E-14
  3.547822917032272E+03   3.3376947E-14
  3.550571335228657E+03   3.2944889E-14
  3.553319760603612E+03   3.3873762E-14
  3.556068193092704E+03   3.3415609E-14
  3.558816632631498E+03   3.4464290E-14
  3.561565079155557E+03   3.4833159E-14
  3.564313532600443E+03   3.5522417E-14
  3.567061992901715E+03   3.5688456E-14
  3.569810459994932E+03   3.5421187E-14
  3.572558933815651E+03   3.5420533E-14
  3.575307414299427E+03   3.5507448E-14
  3.578055901381814E+03   3.6271438E-14
  3.580804394998363E+03   3.6104647E-14
  3.583552895084625E+03   3.6294660E-14
  3.586301401576149E+03   3.6416884E-14
  3.589049914408483E+03   3.7027418E-14
  3.591798433517173E+03   3.7195812E-14
  3.594546958837762E+03   3.7826313E-14
  3.597295490305795E+03   3.6813587E-14
  3.600044027856812E+03   3.7025758E-14
  3.602792571426355E+03   3.7054534E-14
  3.605541120949961E+03   3.7151180E-14
  3.608289676363169E+03   3.1997025E-14
  3.611038237601514E+03   3.5986293E-14
  3.613786804600531E+03   3.5535675E-14
  3.616535377295753E+03   3.5207870E-14
  3.619283955622712E+03   3.4595357E-14
  3.622032539516940E+03   3.4760260E-14
  3.624781128913964E+03   3.4156404E-14
  3.627529723749314E+03   3.4821491E-14
  3.630278323958516E+03   3.4674605E-14
  3.633026929477095E+03   3.4999303E-14
  3.635775540240576E+03   3.5351608E-14
  3.638524156184482E+03   3.5975343E-14
  3.641272777244335E+03   3.6736344E-14
  3.644021403355654E+03   3.7219895E-14
  3.646770034453961E+03   3.8601863E-14
  3.649518670474772E+03   3.9598174E-14
  3.652267311353606E+03   3.9978759E-14
  3.655015957025978E+03   4.1975666E-14
  3.657764607427403E+03   4.3274212E-14
  3.660513262493394E+03   4.6180148E-14
  3.663261922159464E+03   4.7922055E-14
  3.666010586361126E+03   4.9559224E-14
  3.668759255033888E+03   5.1663975E-14
  3.671507928113262E+03   5.2876340E-14
  3.674256605534754E+03   5.4457344E-14
  3.677005287233874E+03   5.5756327E-14
  3.679753973146126E+03   5.8141934E-14
  3.682502663207017E+03   5.9748329E-14
  3.685251357352050E+03   6.1075487E-14
  3.688000055516730E+03   6.2702576E-14
  3.690748757636558E+03   6.3421863E-14
  3.693497463647037E+03   6.4627686E-14
  3.696246173483667E+03   6.5147242E-14
  3.698994887081949E+03   6.5035251E-14
  3.701743604377380E+03   6.4835575E-14
  3.704492325305459E+03   6.4511974E-14
  3.707241049801682E+03   6.4064510E-14
  3.709989777801547E+03   6.2756115E-14
  3.712738509240549E+03   6.2264369E-14
  3.715487244054182E+03   6.0284873E-14
  3.718235982177941E+03   6.0331094E-14
  3.720984723547319E+03   5.8993873E-14
  3.723733468097808E+03   5.8948716E-14
  3.726482215764900E+03   5.7908132E-14
  3.729230966484085E+03   5.6714619E-14
  3.731979720190854E+03   5.5464056E-14
  3.734728476820696E+03   5.5670454E-14
  3.737477236309100E+03   5.4507797E-14
  3.740225998591555E+03   5.4539354E-14
  3.742974763603547E+03   5.4053777E-14
  3.745723531280564E+03   5.4235127E-14
  3.748472301558092E+03   5.3734544E-14
  3.751221074371615E+03   5.3259866E-14
  3.753969849656621E+03   5.3263841E-14
  3.756718627348592E+03   5.1370170E-14
  3.759467407383013E+03   5.0264643E-14
  3.762216189695367E+03   4.8421977E-14
  3.764964974221136E+03   4.7130743E-14
  3.767713760895805E+03   4.4825336E-14
  3.770462549654852E+03   4.2736133E-14
  3.773211340433760E+03   4.0887043E-14
  3.775960133168010E+03   3.9938149E-14
  3.778708927793083E+03   3.8295942E-14
  3.781457724244457E+03   3.6310378E-14
  3.784206522457614E+03   3.5189963E-14
  3.786955322368030E+03   3.4355785E-14
  3.789704123911186E+03   3.2285579E-14
  3.792452927022559E+03   3.2349245E-14
  3.795201731637627E+03   3.1254489E-14
  3.797950537691869E+03   3.0317681E-14
  3.800699345120760E+03   2.9975764E-14
  3.803448153859779E+03   2.9149074E-14
  3.806196963844401E+03   2.8599691E-14
  3.808945775010103E+03   2.8626143E-14
  3.811694587292361E+03   2.8428787E-14
  3.814443400626650E+03   2.7680481E-14
  3.817192214948447E+03   2.7875995E-14
  3.819941030193226E+03   2.8419507E-14
  3.822689846296462E+03   2.8634616E-14
  3.825438663193630E+03   2.9332043E-14
  3.828187480820206E+03   2.9906572E-14
  3.830936299111662E+03   3.0911248E-14
  3.833685118003475E+03   3.1766504E-14
  3.836433937431117E+03   3.3539645E-14
  3.839182757330064E+03   3.4541292E-14
  3.841931577635788E+03   3.6181690E-14
  3.844680398283764E+03   3.7552359E-14
  3.847429219209465E+03   3.8894459E-14
  3.850178040348366E+03   4.1344478E-14
  3.852926861635940E+03   4.2857895E-14
  3.855675683007661E+03   4.4601943E-14
  3.858424504399002E+03   4.6851961E-14
  3.861173325745436E+03   4.8474229E-14
  3.863922146982438E+03   5.0917088E-14
  3.866670968045481E+03   5.2181505E-14
  3.869419788870039E+03   5.4094502E-14
  3.872168609391584E+03   5.5597650E-14
  3.874917429545593E+03   5.7525802E-14
  3.877666249267537E+03   5.9626579E-14
  3.880415068492892E+03   6.1226496E-14
  3.883163887157131E+03   6.3029754E-14
  3.885912705195728E+03   6.3911387E-14
  3.888661522544159E+03   6.5437774E-14
  3.891410339137897E+03   6.6586724E-14
  3.894159154912417E+03   6.7662008E-14
  3.896907969803194E+03   6.9571708E-14
  3.899656783745703E+03   6.9804161E-14
  3.902405596675421E+03   7.0978861E-14
  3.905154408527821E+03   7.2280208E-14
  3.907903219238380E+03   7.3961352E-14
  3.910652028742575E+03   7.4305715E-14
  3.913400836975880E+03   7.4423249E-14
  3.916149643873774E+03   7.6293660E-14
  3.918898449371734E+03   7.7317411E-14
  3.921647253405236E+03   7.8072111E-14
  3.924396055909759E+03   8.0266211E-14
  3.927144856820779E+03   7.9595469E-14
  3.929893656073777E+03   8.1855218E-14
  3.932642453604229E+03   8.2604666E-14
  3.935391249347617E+03   8.1642118E-14
  3.938140043239419E+03   8.0654796E-14
  3.940888835215115E+03   8.3753412E-14
  3.943637625210186E+03   8.6487214E-14
  3.946386413160114E+03   8.7154832E-14
  3.949135199000378E+03   9.0250263E-14
  3.951883982666461E+03   9.1380638E-14
  3.954632764093847E+03   9.2337826E-14
  3.957381543218017E+03   9.3535856E-14
  3.960130319974455E+03   9.3859301E-14
  3.962879094298646E+03   9.5201902E-14
  3.965627866126074E+03   9.5853047E-14
  3.968376635392224E+03   9.6252901E-14
  3.971125402032582E+03   9.7282628E-14
  3.973874165982635E+03   9.6288856E-14
  3.976622927177869E+03   9.6013326E-14
  3.979371685553772E+03   9.7000885E-14
  3.982120441045834E+03   9.7264732E-14
  3.984869193589542E+03   9.5858251E-14
  3.987617943120386E+03   9.5601397E-14
  3.990366689573858E+03   9.4310546E-14
  3.993115432885448E+03   9.2314252E-14
  3.995864172990648E+03   9.0672485E-14
  3.998612909824951E+03   8.9455820E-14
  4.001361643323850E+03   8.7960177E-14
  4.004110373422840E+03   8.5751264E-14
  4.006859100057416E+03   8.5086702E-14
  4.009607823163073E+03   8.2647939E-14
  4.012356542675308E+03   8.1769532E-14
  4.015105258529619E+03   7.9840695E-14
  4.017853970661503E+03   7.8285414E-14
  4.020602679006461E+03   7.6172562E-14
  4.023351383499993E+03   7.3040837E-14
  4.026100084077598E+03   7.3089748E-14
  4.028848780674780E+03   7.2413118E-14
  4.031597473227041E+03   7.0686844E-14
  4.034346161669886E+03   6.8578789E-14
  4.037094845938818E+03   6.9375115E-14
  4.039843525969344E+03   6.8134849E-14
  4.042592201696971E+03   6.7501363E-14
  4.045340873057206E+03   6.6810598E-14
  4.048089539985558E+03   6.6653734E-14
  4.050838202417537E+03   6.6230638E-14
  4.053586860288653E+03   6.6118016E-14
  4.056335513534420E+03   6.6344540E-14
  4.059084162090350E+03   6.7065988E-14
  4.061832805891956E+03   6.6869456E-14
  4.064581444874756E+03   6.6839898E-14
  4.067330078974264E+03   6.7173548E-14
  4.070078708125998E+03   6.6458124E-14
  4.072827332265477E+03   6.6232874E-14
  4.075575951328221E+03   6.5334850E-14
  4.078324565249752E+03   6.4720188E-14
  4.081073173965590E+03   6.3842161E-14
  4.083821777411261E+03   6.3131527E-14
  4.086570375522288E+03   6.2750579E-14
  4.089318968234199E+03   6.1866799E-14
  4.092067555482518E+03   6.1790762E-14
  4.094816137202777E+03   6.1489781E-14
  4.097564713330504E+03   6.0185906E-14
  4.100313283801229E+03   6.0097536E-14
  4.103061848550487E+03   5.9408790E-14
  4.105810407513811E+03   5.9587121E-14
  4.108558960626736E+03   5.9229009E-14
  4.111307507824798E+03   5.9017007E-14
  4.114056049043536E+03   5.8261582E-14
  4.116804584218489E+03   5.8446913E-14
  4.119553113285197E+03   5.8349471E-14
  4.122301636179203E+03   5.7966463E-14
  4.125050152836051E+03   5.7880411E-14
  4.127798663191285E+03   5.6783496E-14
  4.130547167180453E+03   5.7007154E-14
  4.133295664739102E+03   5.5974173E-14
  4.136044155802781E+03   5.6201771E-14
  4.138792640307042E+03   5.6445625E-14
  4.141541118187439E+03   5.6315971E-14
  4.144289589379524E+03   5.6176502E-14
  4.147038053818853E+03   5.6341023E-14
  4.149786511440985E+03   5.5628323E-14
  4.152534962181478E+03   5.5827240E-14
  4.155283405975892E+03   5.4925316E-14
  4.158031842759789E+03   5.5637410E-14
  4.160780272468734E+03   5.5408572E-14
  4.163528695038294E+03   5.5858682E-14
  4.166277110404032E+03   5.6624241E-14
  4.169025518501520E+03   5.6661124E-14
  4.171773919266328E+03   5.8000283E-14
  4.174522312634028E+03   5.8247047E-14
  4.177270698540195E+03   5.9074497E-14
  4.180019076920402E+03   5.9867835E-14
  4.182767447710229E+03   5.9786357E-14
  4.185515810845255E+03   6.1367781E-14
  4.188264166261060E+03   6.1649592E-14
  4.191012513893229E+03   6.1489205E-14
  4.193760853677345E+03   6.2061569E-14
  4.196509185548995E+03   6.2781221E-14
  4.199257509443768E+03   6.2779067E-14
  4.202005825297253E+03   6.2672767E-14
  4.204754133045045E+03   6.3124927E-14
  4.207502432622734E+03   6.3170769E-14
  4.210250723965920E+03   6.3282889E-14
  4.212999007010198E+03   6.2948649E-14
  4.215747281691170E+03   6.3993197E-14
  4.218495547944436E+03   6.3801774E-14
  4.221243805705602E+03   6.3834626E-14
  4.223992054910272E+03   6.4335751E-14
  4.226740295494054E+03   6.4426932E-14
  4.229488527392558E+03   6.4106787E-14
  4.232236750541399E+03   6.4186402E-14
  4.234984964876185E+03   6.4295466E-14
  4.237733170332536E+03   6.3264593E-14
  4.240481366846071E+03   6.3974833E-14
  4.243229554352407E+03   6.3854236E-14
  4.245977732787168E+03   6.2210504E-14
  4.248725902085978E+03   6.3315157E-14
  4.251474062184465E+03   6.3343794E-14
  4.254222213018254E+03   6.2937496E-14
  4.256970354522980E+03   6.3711230E-14
  4.259718486634276E+03   6.3845630E-14
  4.262466609287774E+03   6.3963212E-14
  4.265214722419113E+03   6.3922548E-14
  4.267962825963934E+03   6.4297831E-14
  4.270710919857877E+03   6.3910499E-14
  4.273459004036587E+03   6.4610691E-14
  4.276207078435713E+03   6.4171887E-14
  4.278955142990900E+03   6.4527227E-14
  4.281703197637800E+03   6.5704983E-14
  4.284451242312068E+03   6.6196235E-14
  4.287199276949359E+03   6.7641490E-14
  4.289947301485331E+03   6.8554036E-14
  4.292695315855644E+03   6.7881945E-14
  4.295443319995962E+03   7.0343166E-14
  4.298191313841950E+03   7.1944580E-14
  4.300939297329274E+03   7.2636450E-14
  4.303687270393607E+03   7.3069087E-14
  4.306435232970619E+03   7.3762617E-14
  4.309183184995986E+03   7.4182603E-14
  4.311931126405387E+03   7.5238325E-14
  4.314679057134499E+03   7.6048915E-14
  4.317426977119007E+03   7.5798539E-14
  4.320174886294595E+03   7.5861023E-14
  4.322922784596949E+03   7.6322486E-14
  4.325670671961762E+03   7.6253890E-14
  4.328418548324726E+03   7.5284647E-14
  4.331166413621533E+03   7.4546828E-14
  4.333914267787885E+03   7.4008135E-14
  4.336662110759481E+03   7.3726114E-14
  4.339409942472023E+03   7.3020481E-14
  4.342157762861217E+03   7.1542375E-14
  4.344905571862771E+03   6.9970132E-14
  4.347653369412399E+03   6.7740071E-14
  4.350401155445810E+03   6.7022363E-14
  4.353148929898724E+03   6.5249726E-14
  4.355896692706860E+03   6.4204704E-14
  4.358644443805937E+03   6.3064496E-14
  4.361392183131681E+03   6.1688888E-14
  4.364139910619821E+03   6.0745605E-14
  4.366887626206085E+03   5.9160535E-14
  4.369635329826206E+03   5.8506233E-14
  4.372383021415920E+03   5.7045650E-14
  4.375130700910965E+03   5.5393359E-14
  4.377878368247084E+03   5.3846776E-14
  4.380626023360021E+03   5.3179951E-14
  4.383373666185520E+03   5.2474209E-14
  4.386121296659334E+03   5.0113624E-14
  4.388868914717215E+03   4.9381943E-14
  4.391616520294919E+03   4.8520531E-14
  4.394364113328203E+03   4.6754060E-14
  4.397111693752830E+03   4.6690960E-14
  4.399859261504565E+03   4.5312017E-14
  4.402606816519175E+03   4.4989650E-14
  4.405354358732429E+03   4.3886851E-14
  4.408101888080103E+03   4.2958242E-14
  4.410849404497972E+03   4.2914667E-14
  4.413596907921814E+03   4.1653919E-14
  4.416344398287415E+03   4.1307069E-14
  4.419091875530558E+03   4.0867317E-14
  4.421839339587032E+03   4.0592946E-14
  4.424586790392630E+03   3.9585028E-14
  4.427334227883146E+03   3.9941798E-14
  4.430081651994378E+03   4.0002090E-14
  4.432829062662127E+03   4.0790965E-14
  4.435576459822199E+03   4.0844091E-14
  4.438323843410397E+03   4.0930624E-14
  4.441071213362536E+03   4.0999705E-14
  4.443818569614428E+03   4.1209921E-14
  4.446565912101890E+03   4.2240398E-14
  4.449313240760742E+03   4.2829855E-14
  4.452060555526808E+03   4.2886274E-14
  4.454807856335915E+03   4.3104460E-14
  4.457555143123893E+03   4.2860731E-14
  4.460302415826573E+03   4.3713825E-14
  4.463049674379794E+03   4.4233290E-14
  4.465796918719395E+03   4.4460427E-14
  4.468544148781220E+03   4.5121703E-14
  4.471291364501114E+03   4.6152650E-14
  4.474038565814928E+03   4.6427414E-14
  4.476785752658515E+03   4.6859320E-14
  4.479532924967731E+03   4.7798930E-14
  4.482280082678437E+03   4.8106762E-14
  4.485027225726495E+03   4.9114196E-14
  4.487774354047774E+03   5.0377461E-14
  4.490521467578142E+03   5.1010147E-14
  4.493268566253475E+03   5.1685246E-14
  4.496015650009647E+03   5.3374650E-14
  4.498762718782543E+03   5.3944679E-14
  4.501509772508044E+03   5.5757800E-14
  4.504256811122040E+03   5.6422054E-14
  4.507003834560419E+03   5.7327427E-14
  4.509750842759079E+03   5.8689009E-14
  4.512497835653918E+03   5.9555957E-14
  4.515244813180836E+03   6.0749582E-14
  4.517991775275741E+03   6.2644449E-14
  4.520738721874540E+03   6.4062735E-14
  4.523485652913148E+03   6.6752613E-14
  4.526232568327478E+03   6.8072060E-14
  4.528979468053455E+03   7.0492596E-14
  4.531726352026998E+03   7.2575904E-14
  4.534473220184039E+03   7.5872753E-14
  4.537220072460505E+03   7.7652958E-14
  4.539966908792332E+03   8.1199052E-14
  4.542713729115460E+03   8.5062233E-14
  4.545460533365830E+03   8.8336571E-14
  4.548207321479389E+03   9.2442255E-14
  4.550954093392086E+03   9.5978076E-14
  4.553700849039875E+03   9.9500581E-14
  4.556447588358713E+03   1.0216429E-13
  4.559194311284562E+03   1.0827603E-13
  4.561941017753386E+03   1.1156722E-13
  4.564687707701155E+03   1.1447232E-13
  4.567434381063842E+03   1.1714768E-13
  4.570181037777423E+03   1.2124352E-13
  4.572927677777878E+03   1.2467715E-13
  4.575674301001192E+03   1.2710051E-13
  4.578420907383354E+03   1.2887391E-13
  4.581167496860355E+03   1.3006240E-13
  4.583914069368193E+03   1.3314741E-13
  4.586660624842866E+03   1.3468623E-13
  4.589407163220380E+03   1.3557260E-13
  4.592153684436743E+03   1.3603658E-13
  4.594900188427966E+03   1.3699240E-13
  4.597646675130067E+03   1.3681339E-13
  4.600393144479064E+03   1.3572636E-13
  4.603139596410983E+03   1.3535177E-13
  4.605886030861852E+03   1.3563701E-13
  4.608632447767704E+03   1.3524819E-13
  4.611378847064574E+03   1.3713198E-13
  4.614125228688505E+03   1.3714942E-13
  4.616871592575540E+03   1.3888927E-13
  4.619617938661727E+03   1.3677162E-13
  4.622364266883122E+03   1.3875670E-13
  4.625110577175780E+03   1.4078316E-13
  4.627856869475763E+03   1.4095937E-13
  4.630603143719137E+03   1.4242919E-13
  4.633349399841972E+03   1.4312222E-13
  4.636095637780341E+03   1.4292051E-13
  4.638841857470325E+03   1.4380997E-13
  4.641588058848003E+03   1.4370719E-13
  4.644334241849464E+03   1.4329522E-13
  4.647080406410800E+03   1.4144214E-13
  4.649826552468104E+03   1.4020804E-13
  4.652572679957476E+03   1.3946071E-13
  4.655318788815023E+03   1.3698274E-13
  4.658064878976851E+03   1.3390371E-13
  4.660810950379074E+03   1.2984797E-13
  4.663557002957808E+03   1.2561836E-13
  4.666303036649176E+03   1.2171334E-13
  4.669049051389302E+03   1.1750034E-13
  4.671795047114319E+03   1.1456875E-13
  4.674541023760359E+03   1.0984354E-13
  4.677286981263564E+03   1.0589876E-13
  4.680032919560077E+03   1.0286161E-13
  4.682778838586045E+03   9.9559622E-14
  4.685524738277622E+03   9.6838214E-14
  4.688270618570966E+03   9.3169647E-14
  4.691016479402236E+03   8.9426832E-14
  4.693762320707601E+03   8.6729438E-14
  4.696508142423231E+03   8.3709779E-14
  4.699253944485301E+03   8.0255199E-14
  4.701999726829992E+03   7.7579727E-14
  4.704745489393488E+03   7.5984283E-14
  4.707491232111978E+03   7.3700310E-14
  4.710236954921656E+03   7.0815986E-14
  4.712982657758721E+03   6.9383288E-14
  4.715728340559376E+03   6.8386831E-14
  4.718474003259828E+03   6.6224173E-14
  4.721219645796292E+03   6.4627794E-14
  4.723965268104981E+03   6.3281906E-14
  4.726710870122121E+03   6.2144985E-14
  4.729456451783937E+03   6.1530648E-14
  4.732202013026660E+03   6.0494456E-14
  4.734947553786527E+03   6.0006999E-14
  4.737693073999779E+03   5.8220911E-14
  4.740438573602662E+03   5.7576760E-14
  4.743184052531425E+03   5.6334413E-14
  4.745929510722323E+03   5.6000143E-14
  4.748674948111620E+03   5.5087232E-14
  4.751420364635577E+03   5.4517575E-14
  4.754165760230466E+03   5.3622434E-14
  4.756911134832561E+03   5.4258694E-14
  4.759656488378142E+03   5.4270380E-14
  4.762401820803493E+03   5.4404198E-14
  4.765147132044905E+03   5.5067770E-14
  4.767892422038672E+03   5.5794470E-14
  4.770637690721091E+03   5.5799701E-14
  4.773382938028469E+03   5.6799421E-14
  4.776128163897114E+03   5.7735419E-14
  4.778873368263342E+03   5.8533344E-14
  4.781618551063469E+03   5.9855895E-14
  4.784363712233823E+03   6.0853442E-14
  4.787108851710732E+03   6.2097781E-14
  4.789853969430530E+03   6.3433559E-14
  4.792599065329557E+03   6.5004412E-14
  4.795344139344157E+03   6.7204434E-14
  4.798089191410680E+03   6.8195836E-14
  4.800834221465480E+03   7.1097913E-14
  4.803579229444919E+03   7.3116792E-14
  4.806324215285361E+03   7.5648831E-14
  4.809069178923175E+03   7.7369494E-14
  4.811814120294738E+03   7.9004301E-14
  4.814559039336430E+03   8.1119864E-14
  4.817303935984636E+03   8.1471891E-14
  4.820048810175749E+03   8.2341469E-14
  4.822793661846164E+03   8.1563953E-14
  4.825538490932280E+03   8.2115636E-14
  4.828283297370508E+03   8.1172319E-14
  4.831028081097257E+03   8.0515347E-14
  4.833772842048946E+03   7.9772323E-14
  4.836517580161996E+03   7.8976668E-14
  4.839262295372836E+03   7.8564068E-14
  4.842006987617899E+03   7.7599900E-14
  4.844751656833623E+03   7.6967214E-14
  4.847496302956452E+03   7.6633998E-14
  4.850240925922836E+03   7.5662295E-14
  4.852985525669229E+03   7.5222679E-14
  4.855730102132092E+03   7.4282045E-14
  4.858474655247888E+03   7.4360162E-14
  4.861219184953091E+03   7.3844922E-14
  4.863963691184174E+03   7.3650877E-14
  4.866708173877622E+03   7.4046279E-14
  4.869452632969921E+03   7.4566933E-14
  4.872197068397563E+03   7.5447095E-14
  4.874941480097047E+03   7.6506381E-14
  4.877685868004877E+03   7.7066961E-14
  4.880430232057563E+03   7.9312933E-14
  4.883174572191617E+03   8.1288647E-14
  4.885918888343563E+03   8.2859595E-14
  4.888663180449924E+03   8.4442497E-14
  4.891407448447232E+03   8.7284299E-14
  4.894151692272027E+03   9.0102493E-14
  4.896895911860848E+03   9.4211280E-14
  4.899640107150246E+03   9.6954501E-14
  4.902384278076775E+03   1.0018870E-13
  4.905128424576994E+03   1.0427109E-13
  4.907872546587467E+03   1.0776757E-13
  4.910616644044768E+03   1.1190529E-13
  4.913360716885471E+03   1.1530203E-13
  4.916104765046161E+03   1.1911147E-13
  4.918848788463424E+03   1.2273739E-13
  4.921592787073856E+03   1.2603839E-13
  4.924336760814056E+03   1.2976253E-13
  4.927080709620629E+03   1.3281058E-13
  4.929824633430187E+03   1.3605751E-13
  4.932568532179347E+03   1.4013133E-13
  4.935312405804732E+03   1.4151786E-13
  4.938056254242970E+03   1.4367432E-13
  4.940800077430697E+03   1.4397294E-13
  4.943543875304553E+03   1.4475628E-13
  4.946287647801184E+03   1.4544472E-13
  4.949031394857242E+03   1.4529849E-13
  4.951775116409387E+03   1.4443262E-13
  4.954518812394281E+03   1.4452106E-13
  4.957262482748595E+03   1.4348685E-13
  4.960006127409004E+03   1.4123526E-13
  4.962749746312192E+03   1.3781589E-13
  4.965493339394844E+03   1.3300817E-13
  4.968236906593657E+03   1.3049548E-13
  4.970980447845330E+03   1.2510309E-13
  4.973723963086568E+03   1.2190620E-13
  4.976467452254083E+03   1.1800638E-13
  4.979210915284593E+03   1.1399929E-13
  4.981954352114823E+03   1.1064865E-13
  4.984697762681504E+03   1.0716662E-13
  4.987441146921370E+03   1.0353776E-13
  4.990184504771165E+03   1.0002665E-13
  4.992927836167637E+03   9.8555407E-14
  4.995671141047540E+03   9.5431394E-14
  4.998414419347636E+03   9.3076608E-14
  5.001157671004690E+03   8.8857802E-14
  5.003900895955479E+03   8.7667381E-14
  5.006644094136778E+03   8.5861040E-14
  5.009387265485375E+03   8.3334910E-14
  5.012130409938060E+03   8.1841584E-14
  5.014873527431632E+03   7.9520571E-14
  5.017616617902897E+03   7.8553842E-14
  5.020359681288663E+03   7.6712731E-14
  5.023102717525747E+03   7.4677616E-14
  5.025845726550973E+03   7.3601010E-14
  5.028588708301170E+03   7.2176335E-14
  5.031331662713174E+03   7.0767970E-14
  5.034074589723827E+03   6.9740729E-14
  5.036817489269976E+03   6.8468418E-14
  5.039560361288477E+03   6.7626311E-14
  5.042303205716192E+03   6.7526469E-14
  5.045046022489987E+03   6.7359482E-14
  5.047788811546737E+03   6.6757933E-14
  5.050531572823322E+03   6.5828006E-14
  5.053274306256628E+03   6.5596766E-14
  5.056017011783550E+03   6.4184111E-14
  5.058759689340985E+03   6.4708445E-14
  5.061502338865840E+03   6.4301998E-14
  5.064244960295030E+03   6.3105391E-14
  5.066987553565473E+03   6.2800168E-14
  5.069730118614093E+03   6.2409848E-14
  5.072472655377825E+03   6.2097070E-14
  5.075215163793605E+03   6.1342756E-14
  5.077957643798380E+03   6.0905132E-14
  5.080700095329102E+03   6.0586390E-14
  5.083442518322729E+03   6.0119952E-14
  5.086184912716225E+03   6.0475625E-14
  5.088927278446564E+03   6.0050062E-14
  5.091669615450724E+03   6.0181691E-14
  5.094411923665688E+03   5.9551092E-14
  5.097154203028450E+03   5.9271191E-14
  5.099896453476007E+03   5.9048530E-14
  5.102638674945364E+03   5.8644916E-14
  5.105380867373534E+03   5.8505494E-14
  5.108123030697534E+03   5.8314641E-14
  5.110865164854391E+03   5.8530905E-14
  5.113607269781136E+03   5.7793864E-14
  5.116349345414807E+03   5.7744967E-14
  5.119091391692448E+03   5.7509316E-14
  5.121833408551117E+03   5.8043251E-14
  5.124575395927867E+03   5.7650601E-14
  5.127317353759768E+03   5.7525172E-14
  5.130059281983889E+03   5.7895793E-14
  5.132801180537313E+03   5.7657024E-14
  5.135543049357125E+03   5.7672881E-14
  5.138284888380419E+03   5.7734328E-14
  5.141026697544295E+03   5.6592616E-14
  5.143768476785859E+03   5.7580405E-14
  5.146510226042225E+03   5.7761237E-14
  5.149251945250517E+03   5.7750422E-14
  5.151993634347858E+03   5.8431585E-14
  5.154735293271387E+03   5.8838046E-14
  5.157476921958245E+03   5.9680173E-14
  5.160218520345580E+03   6.0220309E-14
  5.162960088370547E+03   6.0335756E-14
  5.165701625970311E+03   6.1226760E-14
  5.168443133082041E+03   6.2165774E-14
  5.171184609642913E+03   6.1470048E-14
  5.173926055590111E+03   6.2388544E-14
  5.176667470860828E+03   6.3664026E-14
  5.179408855392260E+03   6.4391235E-14
  5.182150209121613E+03   6.5117027E-14
  5.184891531986101E+03   6.5876558E-14
  5.187632823922940E+03   6.7124271E-14
  5.190374084869359E+03   6.7314515E-14
  5.193115314762592E+03   6.8207877E-14
  5.195856513539879E+03   6.9921804E-14
  5.198597681138467E+03   7.1444126E-14
  5.201338817495614E+03   7.3061003E-14
  5.204079922548582E+03   7.3819043E-14
  5.206820996234637E+03   7.5101824E-14
  5.209562038491062E+03   7.6233094E-14
  5.212303049255137E+03   7.7416284E-14
  5.215044028464155E+03   7.8277933E-14
  5.217784976055414E+03   7.9972494E-14
  5.220525891966220E+03   8.1762423E-14
  5.223266776133888E+03   8.4245314E-14
  5.226007628495738E+03   8.5138927E-14
  5.228748448989097E+03   8.7338597E-14
  5.231489237551301E+03   8.9193315E-14
  5.234229994119693E+03   9.0767041E-14
  5.236970718631625E+03   9.2025359E-14
  5.239711411024450E+03   9.4262665E-14
  5.242452071235537E+03   9.6059276E-14
  5.245192699202256E+03   9.6437235E-14
  5.247933294861990E+03   9.7096139E-14
  5.250673858152123E+03   9.8303174E-14
  5.253414389010050E+03   9.8616590E-14
  5.256154887373175E+03   1.0016129E-13
  5.258895353178907E+03   1.0115513E-13
  5.261635786364663E+03   1.0078088E-13
  5.264376186867866E+03   1.0250026E-13
  5.267116554625952E+03   1.0189750E-13
  5.269856889576356E+03   1.0342481E-13
  5.272597191656531E+03   1.0465413E-13
  5.275337460803928E+03   1.0565956E-13
  5.278077696956009E+03   1.0722209E-13
  5.280817900050248E+03   1.0932319E-13
  5.283558070024118E+03   1.1046492E-13
  5.286298206815108E+03   1.1152371E-13
  5.289038310360710E+03   1.1446596E-13
  5.291778380598423E+03   1.1632348E-13
  5.294518417465758E+03   1.1789946E-13
  5.297258420900230E+03   1.2018500E-13
  5.299998390839361E+03   1.2235142E-13
  5.302738327220684E+03   1.2414100E-13
  5.305478229981739E+03   1.2427258E-13
  5.308218099060071E+03   1.2458646E-13
  5.310957934393236E+03   1.2756673E-13
  5.313697735918796E+03   1.2608312E-13
  5.316437503574321E+03   1.2546507E-13
  5.319177237297389E+03   1.2479618E-13
  5.321916937025586E+03   1.2311768E-13
  5.324656602696506E+03   1.2301522E-13
  5.327396234247749E+03   1.2159036E-13
  5.330135831616926E+03   1.1992860E-13
  5.332875394741654E+03   1.1940435E-13
  5.335614923559557E+03   1.1862801E-13
  5.338354418008269E+03   1.1626788E-13
  5.341093878025429E+03   1.1683494E-13
  5.343833303548688E+03   1.1437422E-13
  5.346572694515701E+03   1.1378692E-13
  5.349312050864135E+03   1.1287903E-13
  5.352051372531660E+03   1.1106007E-13
  5.354790659455957E+03   1.0996750E-13
  5.357529911574716E+03   1.0958298E-13
  5.360269128825633E+03   1.0826814E-13
  5.363008311146411E+03   1.0741153E-13
  5.365747458474764E+03   1.0721523E-13
  5.368486570748413E+03   1.0707086E-13
  5.371225647905087E+03   1.0680083E-13
  5.373964689882522E+03   1.0759007E-13
  5.376703696618462E+03   1.0716577E-13
  5.379442668050661E+03   1.0731153E-13
  5.382181604116880E+03   1.0822091E-13
  5.384920504754888E+03   1.0915146E-13
  5.387659369902463E+03   1.0978122E-13
  5.390398199497389E+03   1.1037959E-13
  5.393136993477462E+03   1.1241675E-13
  5.395875751780482E+03   1.1510916E-13
  5.398614474344258E+03   1.1722009E-13
  5.401353161106611E+03   1.1978253E-13
  5.404091812005366E+03   1.2265095E-13
  5.406830426978357E+03   1.2559594E-13
  5.409569005963428E+03   1.2808083E-13
  5.412307548898430E+03   1.3051330E-13
  5.415046055721222E+03   1.3421344E-13
  5.417784526369673E+03   1.3824732E-13
  5.420522960781656E+03   1.4122728E-13
  5.423261358895059E+03   1.4544222E-13
  5.425999720647773E+03   1.4815033E-13
  5.428738045977700E+03   1.5165659E-13
  5.431476334822747E+03   1.5548347E-13
  5.434214587120834E+03   1.5969658E-13
  5.436952802809887E+03   1.6108058E-13
  5.439690981827839E+03   1.6395307E-13
  5.442429124112634E+03   1.6508779E-13
  5.445167229602225E+03   1.6625370E-13
  5.447905298234568E+03   1.6828295E-13
  5.450643329947635E+03   1.7067975E-13
  5.453381324679401E+03   1.7244939E-13
  5.456119282367851E+03   1.7453915E-13
  5.458857202950979E+03   1.7487613E-13
  5.461595086366788E+03   1.7475218E-13
  5.464332932553286E+03   1.7821892E-13
  5.467070741448495E+03   1.7742047E-13
  5.469808512990443E+03   1.7939410E-13
  5.472546247117165E+03   1.7900698E-13
  5.475283943766706E+03   1.8019329E-13
  5.478021602877120E+03   1.8214447E-13
  5.480759224386469E+03   1.9142660E-13
  5.483496808232823E+03   1.8295478E-13
  5.486234354354263E+03   1.8523235E-13
  5.488971862688875E+03   1.8381410E-13
  5.491709333174758E+03   1.8350306E-13
  5.494446765750014E+03   1.8475057E-13
  5.497184160352761E+03   1.8661979E-13
  5.499921516921119E+03   1.8393574E-13
  5.502658835393219E+03   1.7696668E-13
  5.505396115707204E+03   1.8489111E-13
  5.508133357801219E+03   1.8529529E-13
  5.510870561613425E+03   1.8532075E-13
  5.513607727081986E+03   1.8485089E-13
  5.516344854145078E+03   1.8543787E-13
  5.519081942740886E+03   1.8461804E-13
  5.521818992807601E+03   1.8435061E-13
  5.524556004283425E+03   1.8456894E-13
  5.527292977106568E+03   1.8294491E-13
  5.530029911215252E+03   1.8459260E-13
  5.532766806547701E+03   1.8339667E-13
  5.535503663042154E+03   1.8282632E-13
  5.538240480636858E+03   1.8198880E-13
  5.540977259270064E+03   1.8127936E-13
  5.543713998880039E+03   1.8195165E-13
  5.546450699405054E+03   1.8001207E-13
  5.549187360783392E+03   1.8037937E-13
  5.551923982953341E+03   1.8056327E-13
  5.554660565853203E+03   1.7971554E-13
  5.557397109421284E+03   1.7949376E-13
  5.560133613595902E+03   1.7911418E-13
  5.562870078315384E+03   1.7724400E-13
  5.565606503518065E+03   1.7788803E-13
  5.568342889142290E+03   1.7681119E-13
  5.571079235126412E+03   1.7791855E-13
  5.573815541408792E+03   1.7684840E-13
  5.576551807927804E+03   1.7611069E-13
  5.579288034621827E+03   1.7523573E-13
  5.582024221429252E+03   1.7354164E-13
  5.584760368288476E+03   1.7420939E-13
  5.587496475137908E+03   1.7318700E-13
  5.590232541915965E+03   1.7263374E-13
  5.592968568561073E+03   1.7255731E-13
  5.595704555011668E+03   1.7102477E-13
  5.598440501206195E+03   1.6774996E-13
  5.601176407083107E+03   1.6707967E-13
  5.603912272580866E+03   1.6453042E-13
  5.606648097637944E+03   1.6400282E-13
  5.609383882192826E+03   1.6156371E-13
  5.612119626183999E+03   1.5985699E-13
  5.614855329549963E+03   1.5819251E-13
  5.617590992229229E+03   1.5626606E-13
  5.620326614160315E+03   1.5545323E-13
  5.623062195281748E+03   1.5359300E-13
  5.625797735532066E+03   1.4986959E-13
  5.628533234849813E+03   1.4951168E-13
  5.631268693173548E+03   1.4713842E-13
  5.634004110441833E+03   1.4491938E-13
  5.636739486593244E+03   1.4218535E-13
  5.639474821566366E+03   1.3875946E-13
  5.642210115299788E+03   1.3722053E-13
  5.644945367732118E+03   1.3632335E-13
  5.647680578801964E+03   1.3411745E-13
  5.650415748447947E+03   1.3167942E-13
  5.653150876608701E+03   1.2820127E-13
  5.655885963222865E+03   1.2593235E-13
  5.658621008229086E+03   1.2311314E-13
  5.661356011566028E+03   1.1982010E-13
  5.664090973172356E+03   1.1730656E-13
  5.666825892986750E+03   1.1557218E-13
  5.669560770947895E+03   1.1209733E-13
  5.672295606994494E+03   1.0983715E-13
  5.675030401065247E+03   1.0706515E-13
  5.677765153098876E+03   1.0581560E-13
  5.680499863034102E+03   1.0310271E-13
  5.683234530809664E+03   1.0153370E-13
  5.685969156364305E+03   9.9779865E-14
  5.688703739636782E+03   9.7429030E-14
  5.691438280565858E+03   9.6613960E-14
  5.694172779090306E+03   9.6017080E-14
  5.696907235148911E+03   1.4070555E-13
