

  2.889132639961577E+03   2.9396757E-13
  2.891877434557961E+03   1.4785298E-13
  2.894622251775835E+03   2.4622033E-13
  2.897367091551604E+03   2.3136443E-13
  2.900111953821669E+03   2.7651094E-13
  2.902856838522425E+03   3.1780654E-13
  2.905601745590262E+03   3.4459143E-13
  2.908346674961567E+03   3.6964840E-13
  2.911091626572717E+03   3.4579756E-13
  2.913836600360089E+03   3.6815557E-13
  2.916581596260051E+03   3.8035691E-13
  2.919326614208967E+03   3.4775579E-13
  2.922071654143198E+03   3.7000421E-13
  2.924816715999096E+03   3.6188397E-13
  2.927561799713011E+03   3.6536057E-13
  2.930306905221287E+03   3.8656676E-13
  2.933052032460262E+03   4.0428286E-13
  2.935797181366271E+03   4.4738058E-13
  2.938542351875641E+03   4.1840582E-13
  2.941287543924697E+03   4.1822839E-13
  2.944032757449756E+03   4.1875257E-13
  2.946777992387134E+03   4.3367171E-13
  2.949523248673139E+03   4.4167811E-13
  2.952268526244073E+03   4.5706310E-13
  2.955013825036237E+03   4.4624230E-13
  2.957759144985922E+03   4.7247612E-13
  2.960504486029419E+03   4.7098610E-13
  2.963249848103012E+03   4.9005716E-13
  2.965995231142978E+03   4.8473909E-13
  2.968740635085594E+03   5.0487202E-13
  2.971486059867127E+03   4.9967501E-13
  2.974231505423842E+03   4.9175838E-13
  2.976976971691999E+03   5.0225975E-13
  2.979722458607853E+03   5.0532668E-13
  2.982467966107652E+03   5.0318885E-13
  2.985213494127644E+03   4.9362408E-13
  2.987959042604067E+03   4.6981722E-13
  2.990704611473158E+03   4.6151266E-13
  2.993450200671148E+03   4.4092133E-13
  2.996195810134261E+03   4.3912668E-13
  2.998941439798721E+03   4.2612265E-13
  3.001687089600743E+03   4.2051657E-13
  3.004432759476539E+03   4.0420851E-13
  3.007178449362318E+03   3.9786943E-13
  3.009924159194280E+03   3.8366239E-13
  3.012669888908625E+03   3.9224288E-13
  3.015415638441546E+03   3.8158758E-13
  3.018161407729231E+03   3.7924389E-13
  3.020907196707864E+03   3.7743859E-13
  3.023653005313626E+03   3.6813456E-13
  3.026398833482690E+03   3.7334705E-13
  3.029144681151228E+03   3.7438328E-13
  3.031890548255405E+03   3.7630687E-13
  3.034636434731382E+03   3.8058269E-13
  3.037382340515317E+03   3.9539373E-13
  3.040128265543361E+03   3.8738186E-13
  3.042874209751662E+03   3.8937481E-13
  3.045620173076365E+03   3.9303670E-13
  3.048366155453606E+03   3.7844245E-13
  3.051112156819522E+03   3.9568836E-13
  3.053858177110240E+03   3.8135733E-13
  3.056604216261889E+03   3.7734334E-13
  3.059350274210588E+03   3.7940958E-13
  3.062096350892455E+03   3.7750833E-13
  3.064842446243601E+03   3.7384887E-13
  3.067588560200135E+03   3.6935540E-13
  3.070334692698161E+03   3.6996757E-13
  3.073080843673778E+03   3.6756920E-13
  3.075827013063079E+03   3.7052227E-13
  3.078573200802159E+03   3.6982177E-13
  3.081319406827101E+03   3.6335545E-13
  3.084065631073989E+03   3.6213502E-13
  3.086811873478900E+03   3.5518821E-13
  3.089558133977908E+03   3.5625333E-13
  3.092304412507083E+03   3.5985722E-13
  3.095050709002490E+03   3.6160812E-13
  3.097797023400190E+03   3.6750160E-13
  3.100543355636239E+03   3.7208634E-13
  3.103289705646692E+03   3.6915588E-13
  3.106036073367595E+03   3.9055250E-13
  3.108782458734995E+03   3.9868130E-13
  3.111528861684930E+03   4.0477002E-13
  3.114275282153438E+03   4.1724203E-13
  3.117021720076551E+03   4.3123914E-13
  3.119768175390296E+03   4.3230607E-13
  3.122514648030697E+03   4.4613228E-13
  3.125261137933775E+03   4.5611404E-13
  3.128007645035545E+03   4.7070019E-13
  3.130754169272021E+03   4.9182181E-13
  3.133500710579208E+03   5.0798092E-13
  3.136247268893112E+03   5.0497849E-13
  3.138993844149731E+03   5.1780157E-13
  3.141740436285063E+03   5.1797255E-13
  3.144487045235099E+03   5.3253154E-13
  3.147233670935828E+03   5.3482327E-13
  3.149980313323234E+03   5.4863487E-13
  3.152726972333296E+03   5.4818688E-13
  3.155473647901992E+03   5.5454594E-13
  3.158220339965293E+03   5.6525422E-13
  3.160967048459169E+03   5.6624237E-13
  3.163713773319585E+03   5.7379925E-13
  3.166460514482501E+03   5.7752544E-13
  3.169207271883876E+03   5.7690739E-13
  3.171954045459661E+03   5.7861327E-13
  3.174700835145807E+03   5.8244354E-13
  3.177447640878261E+03   5.9018854E-13
  3.180194462592963E+03   5.9331484E-13
  3.182941300225852E+03   5.9415710E-13
  3.185688153712863E+03   6.0262206E-13
  3.188435022989928E+03   5.9484796E-13
  3.191181907992973E+03   6.0704946E-13
  3.193928808657922E+03   5.9637684E-13
  3.196675724920694E+03   6.0525928E-13
  3.199422656717208E+03   5.9793067E-13
  3.202169603983374E+03   5.8788738E-13
  3.204916566655101E+03   5.8437993E-13
  3.207663544668297E+03   5.7667553E-13
  3.210410537958861E+03   5.7324458E-13
  3.213157546462693E+03   5.5847601E-13
  3.215904570115688E+03   5.5220016E-13
  3.218651608853736E+03   5.3758029E-13
  3.221398662612725E+03   5.3742270E-13
  3.224145731328540E+03   5.1890079E-13
  3.226892814937061E+03   5.0897025E-13
  3.229639913374165E+03   4.9404274E-13
  3.232387026575725E+03   4.8992521E-13
  3.235134154477614E+03   4.7887969E-13
  3.237881297015696E+03   4.6012695E-13
  3.240628454125836E+03   4.5458949E-13
  3.243375625743893E+03   4.4492063E-13
  3.246122811805724E+03   4.2974717E-13
  3.248870012247182E+03   4.2205093E-13
  3.251617227004118E+03   4.2796758E-13
  3.254364456012377E+03   4.1536883E-13
  3.257111699207803E+03   4.1289623E-13
  3.259858956526235E+03   4.0847417E-13
  3.262606227903511E+03   4.1151048E-13
  3.265353513275464E+03   3.9761022E-13
  3.268100812577922E+03   3.8989363E-13
  3.270848125746714E+03   3.9048051E-13
  3.273595452717663E+03   3.9124322E-13
  3.276342793426588E+03   3.8104876E-13
  3.279090147809307E+03   3.9166066E-13
  3.281837515801635E+03   3.8691240E-13
  3.284584897339380E+03   3.8138378E-13
  3.287332292358352E+03   3.8557113E-13
  3.290079700794354E+03   3.8815045E-13
  3.292827122583187E+03   3.8708544E-13
  3.295574557660650E+03   3.8402530E-13
  3.298322005962537E+03   3.9314334E-13
  3.301069467424641E+03   3.9106340E-13
  3.303816941982750E+03   3.9785934E-13
  3.306564429572649E+03   3.9318540E-13
  3.309311930130122E+03   3.9714897E-13
  3.312059443590949E+03   4.0005892E-13
  3.314806969890905E+03   4.1032984E-13
  3.317554508965764E+03   4.1732310E-13
  3.320302060751298E+03   4.1822080E-13
  3.323049625183273E+03   4.2884229E-13
  3.325797202197454E+03   4.3154757E-13
  3.328544791729603E+03   4.5309709E-13
  3.331292393715479E+03   4.6533524E-13
  3.334040008090838E+03   4.7598823E-13
  3.336787634791433E+03   4.9472893E-13
  3.339535273753013E+03   5.1106818E-13
  3.342282924911326E+03   5.2311405E-13
  3.345030588202117E+03   5.2889724E-13
  3.347778263561127E+03   5.3940630E-13
  3.350525950924094E+03   5.9562549E-13
  3.353273650226755E+03   5.4653330E-13
  3.356021361404842E+03   5.4348751E-13
  3.358769084394087E+03   5.4073683E-13
  3.361516819130215E+03   5.3060822E-13
  3.364264565548954E+03   5.3223143E-13
  3.367012323586023E+03   5.2135076E-13
  3.369760093177144E+03   5.2452823E-13
  3.372507874258031E+03   5.1097624E-13
  3.375255666764400E+03   5.0954943E-13
  3.378003470631962E+03   5.0823110E-13
  3.380751285796424E+03   5.0222332E-13
  3.383499112193494E+03   5.1169453E-13
  3.386246949758874E+03   5.0530240E-13
  3.388994798428266E+03   5.1468259E-13
  3.391742658137366E+03   5.0380566E-13
  3.394490528821872E+03   5.3108695E-13
  3.397238410417475E+03   5.3754695E-13
  3.399986302859867E+03   5.3740611E-13
  3.402734206084735E+03   5.4819349E-13
  3.405482120027763E+03   5.5589967E-13
  3.408230044624637E+03   5.5256884E-13
  3.410977979811034E+03   5.5387211E-13
  3.413725925522635E+03   5.6083301E-13
  3.416473881695113E+03   5.6313298E-13
  3.419221848264141E+03   5.6582213E-13
  3.421969825165391E+03   5.6078091E-13
  3.424717812334531E+03   5.6377803E-13
  3.427465809707225E+03   5.7744347E-13
  3.430213817219137E+03   5.6598888E-13
  3.432961834805928E+03   5.7169119E-13
  3.435709862403257E+03   5.7744586E-13
  3.438457899946780E+03   5.8242853E-13
  3.441205947372151E+03   5.9459637E-13
  3.443954004615020E+03   5.9710852E-13
  3.446702071611039E+03   6.0898530E-13
  3.449450148295853E+03   6.0984773E-13
  3.452198234605107E+03   6.1905282E-13
  3.454946330474444E+03   6.3634840E-13
  3.457694435839503E+03   6.2968310E-13
  3.460442550635923E+03   6.3694948E-13
  3.463190674799339E+03   6.3862300E-13
  3.465938808265386E+03   6.4809237E-13
  3.468686950969694E+03   6.3267420E-13
  3.471435102847893E+03   6.4483103E-13
  3.474183263835609E+03   6.3907240E-13
  3.476931433868468E+03   6.3500436E-13
  3.479679612882093E+03   6.4053022E-13
  3.482427800812104E+03   6.3945149E-13
  3.485175997594119E+03   6.3951996E-13
  3.487924203163756E+03   6.4054355E-13
  3.490672417456628E+03   6.4796714E-13
  3.493420640408349E+03   6.4602734E-13
  3.496168871954529E+03   6.5469109E-13
  3.498917112030776E+03   6.6205190E-13
  3.501665360572696E+03   6.7697692E-13
  3.504413617515893E+03   6.8482150E-13
  3.507161882795971E+03   6.9075334E-13
  3.509910156348530E+03   7.0584109E-13
  3.512658438109168E+03   7.2951757E-13
  3.515406728013482E+03   7.3200343E-13
  3.518155025997066E+03   7.4619911E-13
  3.520903331995515E+03   7.4612316E-13
  3.523651645944417E+03   7.5521100E-13
  3.526399967779362E+03   7.5264171E-13
  3.529148297435939E+03   7.6228065E-13
  3.531896634849731E+03   7.6949715E-13
  3.534644979956322E+03   7.5569097E-13
  3.537393332691296E+03   7.6314844E-13
  3.540141692990230E+03   7.6396821E-13
  3.542890060788704E+03   7.7007882E-13
  3.545638436022294E+03   7.8012531E-13
  3.548386818626575E+03   7.8341565E-13
  3.551135208537119E+03   7.8850517E-13
  3.553883605689498E+03   8.0380933E-13
  3.556632010019282E+03   8.0463744E-13
  3.559380421462037E+03   8.0882452E-13
  3.562128839953331E+03   8.1131884E-13
  3.564877265428729E+03   8.1541431E-13
  3.567625697823792E+03   8.2610573E-13
  3.570374137074083E+03   8.3579964E-13
  3.573122583115160E+03   8.4303240E-13
  3.575871035882582E+03   8.3929483E-13
  3.578619495311907E+03   8.4284343E-13
  3.581367961338687E+03   8.5030610E-13
  3.584116433898477E+03   8.6618630E-13
  3.586864912926829E+03   8.5517563E-13
  3.589613398359294E+03   8.6504805E-13
  3.592361890131419E+03   8.6980510E-13
  3.595110388178752E+03   8.6434213E-13
  3.597858892436840E+03   8.5335314E-13
  3.600607402841226E+03   8.3577860E-13
  3.603355919327454E+03   8.3689089E-13
  3.606104441831065E+03   8.1928491E-13
  3.608852970287600E+03   8.1809033E-13
  3.611601504632597E+03   7.9147713E-13
  3.614350044801593E+03   7.9717510E-13
  3.617098590730124E+03   8.0225296E-13
  3.619847142353725E+03   8.0121836E-13
  3.622595699607931E+03   8.0321150E-13
  3.625344262428271E+03   7.8529777E-13
  3.628092830750278E+03   8.1094327E-13
  3.630841404509480E+03   8.1165467E-13
  3.633589983641406E+03   8.2094298E-13
  3.636338568081583E+03   8.2309593E-13
  3.639087157765535E+03   8.2974117E-13
  3.641835752628789E+03   8.2906278E-13
  3.644584352606866E+03   8.3301600E-13
  3.647332957635288E+03   8.1497846E-13
  3.650081567649578E+03   8.1687304E-13
  3.652830182585253E+03   8.1395627E-13
  3.655578802377833E+03   8.2126238E-13
  3.658327426962835E+03   8.1073673E-13
  3.661076056275775E+03   8.0174333E-13
  3.663824690252168E+03   7.9568632E-13
  3.666573328827529E+03   8.0391434E-13
  3.669321971937369E+03   7.9591206E-13
  3.672070619517202E+03   7.9831595E-13
  3.674819271502537E+03   7.9664357E-13
  3.677567927828885E+03   7.8029467E-13
  3.680316588431754E+03   7.6552577E-13
  3.683065253246653E+03   7.3623063E-13
  3.685813922209087E+03   7.1472472E-13
  3.688562595254563E+03   6.9084891E-13
  3.691311272318585E+03   6.6266155E-13
  3.694059953336658E+03   6.4769105E-13
  3.696808638244283E+03   6.2356674E-13
  3.699557326976965E+03   6.0012233E-13
  3.702306019470203E+03   5.9947826E-13
  3.705054715659497E+03   5.4819360E-13
  3.707803415480348E+03   5.2326372E-13
  3.710552118868253E+03   5.0761039E-13
  3.713300825758711E+03   4.9803087E-13
  3.716049536087218E+03   4.7364044E-13
  3.718798249789271E+03   4.6511482E-13
  3.721546966800363E+03   4.4628461E-13
  3.724295687055992E+03   4.3715769E-13
  3.727044410491649E+03   4.2309369E-13
  3.729793137042829E+03   4.1234645E-13
  3.732541866645022E+03   3.9859376E-13
  3.735290599233721E+03   3.9885895E-13
  3.738039334744416E+03   3.9474443E-13
  3.740788073112600E+03   3.9110346E-13
  3.743536814273758E+03   3.9342539E-13
  3.746285558163383E+03   4.0029430E-13
  3.749034304716960E+03   4.0300264E-13
  3.751783053869978E+03   4.1648643E-13
  3.754531805557925E+03   4.2082256E-13
  3.757280559716285E+03   4.1866968E-13
  3.760029316280546E+03   4.2483408E-13
  3.762778075186192E+03   4.1852069E-13
  3.765526836368707E+03   4.2260672E-13
  3.768275599763578E+03   4.2322905E-13
  3.771024365306285E+03   4.2017827E-13
  3.773773132932314E+03   4.1728849E-13
  3.776521902577146E+03   4.1601022E-13
  3.779270674176264E+03   4.1843373E-13
  3.782019447665149E+03   4.1647287E-13
  3.784768222979282E+03   4.0571146E-13
  3.787517000054145E+03   4.0538232E-13
  3.790265778825218E+03   4.0101955E-13
  3.793014559227981E+03   3.9941704E-13
  3.795763341197913E+03   3.9463650E-13
  3.798512124670494E+03   3.9416151E-13
  3.801260909581204E+03   3.8941848E-13
  3.804009695865519E+03   3.9350877E-13
  3.806758483458917E+03   3.9197600E-13
  3.809507272296880E+03   3.9356455E-13
  3.812256062314882E+03   3.9684594E-13
  3.815004853448402E+03   3.9479059E-13
  3.817753645632916E+03   4.0051220E-13
  3.820502438803901E+03   4.0579145E-13
  3.823251232896835E+03   4.1359621E-13
  3.826000027847193E+03   4.2284264E-13
  3.828748823590453E+03   4.2970220E-13
  3.831497620062089E+03   4.3706336E-13
  3.834246417197577E+03   4.4780764E-13
  3.836995214932394E+03   4.6332702E-13
  3.839744013202014E+03   4.7739080E-13
  3.842492811941914E+03   4.9724770E-13
  3.845241611087569E+03   5.0364595E-13
  3.847990410574454E+03   5.1813328E-13
  3.850739210338043E+03   5.3755812E-13
  3.853488010313813E+03   5.6698683E-13
  3.856236810437238E+03   5.8673362E-13
  3.858985610643793E+03   6.1109998E-13
  3.861734410868954E+03   6.2804715E-13
  3.864483211048194E+03   6.5650122E-13
  3.867232011116990E+03   6.8362541E-13
  3.869980811010816E+03   7.0424585E-13
  3.872729610665147E+03   7.2588089E-13
  3.875478410015458E+03   7.6076569E-13
  3.878227208997225E+03   7.8270880E-13
  3.880976007545923E+03   7.9545501E-13
  3.883724805597027E+03   8.2149690E-13
  3.886473603086012E+03   8.3724851E-13
  3.889222399948355E+03   8.5469289E-13
  3.891971196119531E+03   8.7174284E-13
  3.894719991535016E+03   8.6807823E-13
  3.897468786130286E+03   8.8937885E-13
  3.900217579840818E+03   8.9836228E-13
  3.902966372602087E+03   9.0709168E-13
  3.905715164349570E+03   9.1125545E-13
  3.908463955018746E+03   9.2130654E-13
  3.911212744545091E+03   9.3693727E-13
  3.913961532864081E+03   9.4403684E-13
  3.916710319911196E+03   9.3763680E-13
  3.919459105621913E+03   9.4742573E-13
  3.922207889931711E+03   9.7124218E-13
  3.924956672776068E+03   9.6587538E-13
  3.927705454090463E+03   9.7114092E-13
  3.930454233810376E+03   9.9561245E-13
  3.933203011871286E+03   9.9566850E-13
  3.935951788208674E+03   9.9113003E-13
  3.938700562758022E+03   9.8981327E-13
  3.941449335454807E+03   1.0103247E-12
  3.944198106234514E+03   1.0458129E-12
  3.946946875032623E+03   1.0630369E-12
  3.949695641784618E+03   1.0679090E-12
  3.952444406425980E+03   1.0657493E-12
  3.955193168892193E+03   1.0623894E-12
  3.957941929118742E+03   1.0451976E-12
  3.960690687041110E+03   1.0439583E-12
  3.963439442594782E+03   1.0264086E-12
  3.966188195715244E+03   1.0125909E-12
  3.968936946337982E+03   9.8735592E-13
  3.971685694398482E+03   9.5921567E-13
  3.974434439832232E+03   9.4320656E-13
  3.977183182574719E+03   9.3300996E-13
  3.979931922561433E+03   9.2969057E-13
  3.982680659727861E+03   9.1461951E-13
  3.985429394009494E+03   8.9854464E-13
  3.988178125341823E+03   8.8937619E-13
  3.990926853660339E+03   8.6763474E-13
  3.993675578900532E+03   8.4503650E-13
  3.996424300997897E+03   8.3805911E-13
  3.999173019887926E+03   8.1521460E-13
  4.001921735506113E+03   8.2212926E-13
  4.004670447787953E+03   8.0696143E-13
  4.007419156668942E+03   7.9881213E-13
  4.010167862084576E+03   7.9034208E-13
  4.012916563970353E+03   7.9813077E-13
  4.015665262261770E+03   7.8397499E-13
  4.018413956894327E+03   7.9509972E-13
  4.021162647803523E+03   7.9347238E-13
  4.023911334924859E+03   8.0096303E-13
  4.026660018193835E+03   8.1112488E-13
  4.029408697545956E+03   8.2260376E-13
  4.032157372916724E+03   8.2039014E-13
  4.034906044241643E+03   8.4448583E-13
  4.037654711456219E+03   8.5338540E-13
  4.040403374495958E+03   8.7001158E-13
  4.043152033296366E+03   8.8442020E-13
  4.045900687792953E+03   8.9499556E-13
  4.048649337921228E+03   9.0135912E-13
  4.051397983616700E+03   9.1346180E-13
  4.054146624814880E+03   9.1373762E-13
  4.056895261451282E+03   9.2172342E-13
  4.059643893461418E+03   9.1672297E-13
  4.062392520780804E+03   9.2891092E-13
  4.065141143344953E+03   9.4221993E-13
  4.067889761089385E+03   9.4884820E-13
  4.070638373949615E+03   9.5516314E-13
  4.073386981861163E+03   9.7094164E-13
  4.076135584759549E+03   9.7121627E-13
  4.078884182580294E+03   9.8315117E-13
  4.081632775258921E+03   9.8849303E-13
  4.084381362730954E+03   1.0052435E-12
  4.087129944931917E+03   1.0072514E-12
  4.089878521797337E+03   1.0079173E-12
  4.092627093262741E+03   1.0038403E-12
  4.095375659263658E+03   1.0031851E-12
  4.098124219735617E+03   9.9152598E-13
  4.100872774614149E+03   9.9490847E-13
  4.103621323834790E+03   9.9223884E-13
  4.106369867333069E+03   9.8983007E-13
  4.109118405044524E+03   9.8900716E-13
  4.111866936904692E+03   9.8077818E-13
  4.114615462849109E+03   9.8164185E-13
  4.117363982813316E+03   9.7423447E-13
  4.120112496732852E+03   9.7952907E-13
  4.122861004543262E+03   9.7039542E-13
  4.125609506180087E+03   9.6704925E-13
  4.128358001578874E+03   9.4857802E-13
  4.131106490675167E+03   9.3213826E-13
  4.133854973404516E+03   9.1280792E-13
  4.136603449702471E+03   9.0108162E-13
  4.139351919504580E+03   8.9267688E-13
  4.142100382746399E+03   8.8054482E-13
  4.144848839363481E+03   8.8406143E-13
  4.147597289291380E+03   8.7562921E-13
  4.150345732465654E+03   8.7285057E-13
  4.153094168821864E+03   8.8620767E-13
  4.155842598295566E+03   8.8349754E-13
  4.158591020822325E+03   8.7396968E-13
  4.161339436337705E+03   8.6297489E-13
  4.164087844777269E+03   8.5463581E-13
  4.166836246076586E+03   8.5267492E-13
  4.169584640171223E+03   8.4614298E-13
  4.172333026996753E+03   8.3986323E-13
  4.175081406488744E+03   8.4443769E-13
  4.177829778582773E+03   8.3506151E-13
  4.180578143214412E+03   8.3844975E-13
  4.183326500319242E+03   8.3811056E-13
  4.186074849832840E+03   8.3450488E-13
  4.188823191690787E+03   8.3294640E-13
  4.191571525828666E+03   8.2830281E-13
  4.194319852182060E+03   8.2297916E-13
  4.197068170686557E+03   8.1537240E-13
  4.199816481277743E+03   8.0303440E-13
  4.202564783891209E+03   7.9479994E-13
  4.205313078462546E+03   7.8589034E-13
  4.208061364927350E+03   7.7440392E-13
  4.210809643221213E+03   7.6542120E-13
  4.213557913279736E+03   7.4863623E-13
  4.216306175038515E+03   7.3740244E-13
  4.219054428433154E+03   7.2800126E-13
  4.221802673399253E+03   7.2330829E-13
  4.224550909872421E+03   7.1015866E-13
  4.227299137788263E+03   6.9718710E-13
  4.230047357082389E+03   6.9977200E-13
  4.232795567690409E+03   6.8760828E-13
  4.235543769547939E+03   6.7862236E-13
  4.238291962590592E+03   6.7076439E-13
  4.241040146753986E+03   6.6325325E-13
  4.243788321973740E+03   6.5299361E-13
  4.246536488185478E+03   6.4814213E-13
  4.249284645324819E+03   6.4090101E-13
  4.252032793327395E+03   6.3251222E-13
  4.254780932128829E+03   6.3140508E-13
  4.257529061664753E+03   6.2313826E-13
  4.260277181870799E+03   6.1886065E-13
  4.263025292682602E+03   6.1179902E-13
  4.265773394035798E+03   5.9940708E-13
  4.268521485866027E+03   5.9249589E-13
  4.271269568108927E+03   5.9089241E-13
  4.274017640700146E+03   5.8463363E-13
  4.276765703575327E+03   5.7349671E-13
  4.279513756670118E+03   5.6607301E-13
  4.282261799920170E+03   5.6044102E-13
  4.285009833261134E+03   5.5317101E-13
  4.287757856628667E+03   5.3698799E-13
  4.290505869958425E+03   5.3731011E-13
  4.293253873186068E+03   5.2015564E-13
  4.296001866247257E+03   5.1699123E-13
  4.298749849077656E+03   5.1141323E-13
  4.301497821612934E+03   5.0761554E-13
  4.304245783788758E+03   5.0764969E-13
  4.306993735540799E+03   4.9956594E-13
  4.309741676804733E+03   4.9441348E-13
  4.312489607516236E+03   4.9573767E-13
  4.315237527610987E+03   4.9457048E-13
  4.317985437024666E+03   4.9674094E-13
  4.320733335692957E+03   4.9735021E-13
  4.323481223551547E+03   4.9953515E-13
  4.326229100536126E+03   5.0056980E-13
  4.328976966582385E+03   4.9963153E-13
  4.331724821626017E+03   5.0539607E-13
  4.334472665602718E+03   5.0974936E-13
  4.337220498448190E+03   5.2197472E-13
  4.339968320098132E+03   5.2310717E-13
  4.342716130488249E+03   5.3348986E-13
  4.345463929554251E+03   5.3911086E-13
  4.348211717231844E+03   5.3654146E-13
  4.350959493456742E+03   5.4539928E-13
  4.353707258164661E+03   5.5763440E-13
  4.356455011291317E+03   5.5886280E-13
  4.359202752772431E+03   5.6564920E-13
  4.361950482543727E+03   5.7125729E-13
  4.364698200540930E+03   5.8212511E-13
  4.367445906699769E+03   5.9335376E-13
  4.370193600955976E+03   5.9318755E-13
  4.372941283245285E+03   5.9233971E-13
  4.375688953503432E+03   5.9760676E-13
  4.378436611666159E+03   6.0222367E-13
  4.381184257669208E+03   6.0263329E-13
  4.383931891448323E+03   6.0916728E-13
  4.386679512939254E+03   6.0488452E-13
  4.389427122077752E+03   6.0956893E-13
  4.392174718799572E+03   6.1360650E-13
  4.394922303040469E+03   6.2312720E-13
  4.397669874736206E+03   6.2045990E-13
  4.400417433822542E+03   6.2024919E-13
  4.403164980235248E+03   6.1972232E-13
  4.405912513910089E+03   6.1581973E-13
  4.408660034782837E+03   6.1049522E-13
  4.411407542789269E+03   6.0753052E-13
  4.414155037865161E+03   5.9306699E-13
  4.416902519946295E+03   5.9531351E-13
  4.419649988968455E+03   5.8136520E-13
  4.422397444867427E+03   5.8052369E-13
  4.425144887579003E+03   5.6849458E-13
  4.427892317038974E+03   5.5925495E-13
  4.430639733183138E+03   5.5848441E-13
  4.433387135947292E+03   5.4699463E-13
  4.436134525267241E+03   5.4598318E-13
  4.438881901078790E+03   5.4663831E-13
  4.441629263317748E+03   5.4424277E-13
  4.444376611919925E+03   5.4428342E-13
  4.447123946821140E+03   5.4042491E-13
  4.449871267957207E+03   5.5257101E-13
  4.452618575263951E+03   5.5234739E-13
  4.455365868677196E+03   5.5406878E-13
  4.458113148132769E+03   5.6851225E-13
  4.460860413566502E+03   5.8410416E-13
  4.463607664914231E+03   5.8771114E-13
  4.466354902111791E+03   5.9722062E-13
  4.469102125095026E+03   6.0809642E-13
  4.471849333799780E+03   6.2367255E-13
  4.474596528161900E+03   6.2808585E-13
  4.477343708117238E+03   6.3751500E-13
  4.480090873601648E+03   6.4660468E-13
  4.482838024550989E+03   6.6228154E-13
  4.485585160901122E+03   6.6234138E-13
  4.488332282587910E+03   6.7723149E-13
  4.491079389547225E+03   6.7957218E-13
  4.493826481714937E+03   6.8281855E-13
  4.496573559026920E+03   6.8833649E-13
  4.499320621419053E+03   6.9051573E-13
  4.502067668827220E+03   6.9048641E-13
  4.504814701187304E+03   6.8814930E-13
  4.507561718435197E+03   6.9417557E-13
  4.510308720506790E+03   6.9973481E-13
  4.513055707337978E+03   7.0443602E-13
  4.515802678864664E+03   7.0944325E-13
  4.518549635022749E+03   7.0811504E-13
  4.521296575748141E+03   7.1199920E-13
  4.524043500976750E+03   7.1790826E-13
  4.526790410644490E+03   7.1399364E-13
  4.529537304687280E+03   7.1201454E-13
  4.532284183041042E+03   7.1486274E-13
  4.535031045641698E+03   7.0628643E-13
  4.537777892425180E+03   7.0516948E-13
  4.540524723327419E+03   7.0826353E-13
  4.543271538284351E+03   7.0058054E-13
  4.546018337231918E+03   7.0180618E-13
  4.548765120106063E+03   6.8947544E-13
  4.551511886842730E+03   6.9249923E-13
  4.554258637377875E+03   6.9022549E-13
  4.557005371647451E+03   6.8475813E-13
  4.559752089587419E+03   6.8497421E-13
  4.562498791133737E+03   6.8257758E-13
  4.565245476222375E+03   6.7735710E-13
  4.567992144789303E+03   6.7744383E-13
  4.570738796770494E+03   6.8413249E-13
  4.573485432101927E+03   6.8355196E-13
  4.576232050719585E+03   6.8043000E-13
  4.578978652559452E+03   6.8013439E-13
  4.581725237557518E+03   6.8583209E-13
  4.584471805649778E+03   6.7411127E-13
  4.587218356772229E+03   6.7188572E-13
  4.589964890860871E+03   6.7235887E-13
  4.592711407851712E+03   6.7450234E-13
  4.595457907680761E+03   6.7613612E-13
  4.598204390284031E+03   6.7750813E-13
  4.600950855597539E+03   6.7993945E-13
  4.603697303557309E+03   6.8640720E-13
  4.606443734099366E+03   6.8720989E-13
  4.609190147159738E+03   6.8632681E-13
  4.611936542674461E+03   6.8464874E-13
  4.614682920579571E+03   6.7823774E-13
  4.617429280811111E+03   6.8188451E-13
  4.620175623305128E+03   6.7756960E-13
  4.622921947997673E+03   6.7120100E-13
  4.625668254824797E+03   6.6823825E-13
  4.628414543722562E+03   6.6991215E-13
  4.631160814627030E+03   6.5715646E-13
  4.633907067474268E+03   6.5718546E-13
  4.636653302200347E+03   6.4050333E-13
  4.639399518741342E+03   6.3213698E-13
  4.642145717033334E+03   6.2526308E-13
  4.644891897012406E+03   6.1867243E-13
  4.647638058614648E+03   6.0003315E-13
  4.650384201776150E+03   5.8888094E-13
  4.653130326433011E+03   5.8035450E-13
  4.655876432521331E+03   5.6940265E-13
  4.658622519977217E+03   5.6673785E-13
  4.661368588736776E+03   5.5780234E-13
  4.664114638736126E+03   5.4627261E-13
  4.666860669911383E+03   5.4265457E-13
  4.669606682198671E+03   5.3377360E-13
  4.672352675534117E+03   5.2160652E-13
  4.675098649853853E+03   5.2183648E-13
  4.677844605094016E+03   5.2030114E-13
  4.680590541190745E+03   5.1725177E-13
  4.683336458080187E+03   5.1857905E-13
  4.686082355698491E+03   5.1925196E-13
  4.688828233981812E+03   5.0998902E-13
  4.691574092866306E+03   5.1541974E-13
  4.694319932288139E+03   5.1923776E-13
  4.697065752183478E+03   5.2050269E-13
  4.699811552488495E+03   5.2273442E-13
  4.702557333139368E+03   5.2593048E-13
  4.705303094072276E+03   5.2961910E-13
  4.708048835223407E+03   5.2411726E-13
  4.710794556528951E+03   5.2038706E-13
  4.713540257925104E+03   5.2396640E-13
  4.716285939348065E+03   5.1689469E-13
  4.719031600734039E+03   5.1808953E-13
  4.721777242019236E+03   5.1254660E-13
  4.724522863139869E+03   5.1084175E-13
  4.727268464032156E+03   4.9214902E-13
  4.730014044632321E+03   4.9531494E-13
  4.732759604876594E+03   4.9345489E-13
  4.735505144701206E+03   4.8815769E-13
  4.738250664042394E+03   4.8111146E-13
  4.740996162836402E+03   4.8016929E-13
  4.743741641019476E+03   4.7255000E-13
  4.746487098527867E+03   4.6823054E-13
  4.749232535297835E+03   4.6565952E-13
  4.751977951265640E+03   4.6473388E-13
  4.754723346367547E+03   4.5764732E-13
  4.757468720539829E+03   4.5247817E-13
  4.760214073718761E+03   4.4295644E-13
  4.762959405840626E+03   4.3918685E-13
  4.765704716841708E+03   4.3891865E-13
  4.768450006658299E+03   4.3904547E-13
  4.771195275226694E+03   4.4061158E-13
  4.773940522483195E+03   4.4119122E-13
  4.776685748364108E+03   4.3888133E-13
  4.779430952805742E+03   4.4038517E-13
  4.782176135744415E+03   4.4220899E-13
  4.784921297116445E+03   4.4624222E-13
  4.787666436858160E+03   4.4939549E-13
  4.790411554905889E+03   4.5327679E-13
  4.793156651195969E+03   4.5666791E-13
  4.795901725664742E+03   4.5484943E-13
  4.798646778248552E+03   4.5758389E-13
  4.801391808883753E+03   4.5682376E-13
  4.804136817506697E+03   4.5708364E-13
  4.806881804053747E+03   4.5442385E-13
  4.809626768461272E+03   4.5337359E-13
  4.812371710665640E+03   4.5076055E-13
  4.815116630603230E+03   4.4769925E-13
  4.817861528210424E+03   4.3933699E-13
  4.820606403423607E+03   4.3573915E-13
  4.823351256179175E+03   4.2925678E-13
  4.826096086413522E+03   4.2213845E-13
  4.828840894063053E+03   4.1592782E-13
  4.831585679064176E+03   4.0864070E-13
  4.834330441353303E+03   4.0843468E-13
  4.837075180866855E+03   4.0379142E-13
  4.839819897541253E+03   3.9149988E-13
  4.842564591312929E+03   3.8764735E-13
  4.845309262118317E+03   3.8205710E-13
  4.848053909893856E+03   3.7158907E-13
  4.850798534575991E+03   3.6390723E-13
  4.853543136101174E+03   3.5969640E-13
  4.856287714405861E+03   3.5231600E-13
  4.859032269426512E+03   3.4737548E-13
  4.861776801099596E+03   3.3931508E-13
  4.864521309361584E+03   3.3768778E-13
  4.867265794148952E+03   3.3094670E-13
  4.870010255398188E+03   3.2790383E-13
  4.872754693045777E+03   3.2497873E-13
  4.875499107028213E+03   3.2625096E-13
  4.878243497281997E+03   3.2549338E-13
  4.880987863743635E+03   3.2893528E-13
  4.883732206349637E+03   3.2704297E-13
  4.886476525036517E+03   3.3271668E-13
  4.889220819740801E+03   3.3021700E-13
  4.891965090399013E+03   3.3745148E-13
  4.894709336947687E+03   3.3681218E-13
  4.897453559323362E+03   3.4734647E-13
  4.900197757462583E+03   3.5057669E-13
  4.902941931301898E+03   3.5525229E-13
  4.905686080777863E+03   3.6077424E-13
  4.908430205827040E+03   3.6604606E-13
  4.911174306385995E+03   3.6735101E-13
  4.913918382391302E+03   3.7041401E-13
  4.916662433779537E+03   3.7048516E-13
  4.919406460487286E+03   3.7379464E-13
  4.922150462451137E+03   3.7409618E-13
  4.924894439607687E+03   3.7717984E-13
  4.927638391893535E+03   3.8099970E-13
  4.930382319245291E+03   3.7890581E-13
  4.933126221599567E+03   3.8118421E-13
  4.935870098892979E+03   3.8250867E-13
  4.938613951062153E+03   3.8913062E-13
  4.941357778043720E+03   3.8776309E-13
  4.944101579774315E+03   3.8858475E-13
  4.946845356190582E+03   3.8525102E-13
  4.949589107229164E+03   3.8649108E-13
  4.952332832826721E+03   3.8581727E-13
  4.955076532919908E+03   3.8046950E-13
  4.957820207445392E+03   3.8062939E-13
  4.960563856339845E+03   3.7882065E-13
  4.963307479539943E+03   3.7448208E-13
  4.966051076982371E+03   3.7166792E-13
  4.968794648603817E+03   3.6482682E-13
  4.971538194340978E+03   3.6257268E-13
  4.974281714130554E+03   3.6135434E-13
  4.977025207909252E+03   3.6073003E-13
  4.979768675613788E+03   3.6610789E-13
  4.982512117180879E+03   3.6876744E-13
  4.985255532547249E+03   3.6572289E-13
  4.987998921649634E+03   3.6527858E-13
  4.990742284424769E+03   3.6442591E-13
  4.993485620809397E+03   3.6335502E-13
  4.996228930740271E+03   3.6228941E-13
  4.998972214154144E+03   3.6644811E-13
  5.001715470987780E+03   3.6362894E-13
  5.004458701177947E+03   3.6557820E-13
  5.007201904661419E+03   3.6949190E-13
  5.009945081374976E+03   3.6961975E-13
  5.012688231255408E+03   3.7189593E-13
  5.015431354239506E+03   3.7465544E-13
  5.018174450264069E+03   3.8161141E-13
  5.020917519265904E+03   3.8186061E-13
  5.023660561181821E+03   3.8435612E-13
  5.026403575948641E+03   3.8719351E-13
  5.029146563503186E+03   3.8128927E-13
  5.031889523782288E+03   3.8219685E-13
  5.034632456722785E+03   3.6563019E-13
  5.037375362261519E+03   3.8339354E-13
  5.040118240335340E+03   3.9188585E-13
  5.042861090881103E+03   3.9328664E-13
  5.045603913835674E+03   3.9327062E-13
  5.048346709135919E+03   3.9967305E-13
  5.051089476718714E+03   4.0007315E-13
  5.053832216520941E+03   4.0508986E-13
  5.056574928479489E+03   4.1106777E-13
  5.059317612531250E+03   4.1551208E-13
  5.062060268613130E+03   4.1392727E-13
  5.064802896662032E+03   4.1925578E-13
  5.067545496614872E+03   4.2242013E-13
  5.070288068408570E+03   4.3115340E-13
  5.073030611980054E+03   4.2787697E-13
  5.075773127266257E+03   4.3007316E-13
  5.078515614204120E+03   4.3848337E-13
  5.081258072730589E+03   4.4238942E-13
  5.084000502782616E+03   4.4618091E-13
  5.086742904297163E+03   4.4511571E-13
  5.089485277211196E+03   4.5010594E-13
  5.092227621461689E+03   4.5660372E-13
  5.094969936985621E+03   4.6087076E-13
  5.097712223719977E+03   4.5594718E-13
  5.100454481601754E+03   4.6046289E-13
  5.103196710567947E+03   4.6626955E-13
  5.105938910555566E+03   4.7233029E-13
  5.108681081501622E+03   4.7402696E-13
  5.111423223343137E+03   4.7670895E-13
  5.114165336017136E+03   4.7902741E-13
  5.116907419460653E+03   4.8110924E-13
  5.119649473610727E+03   4.8848669E-13
  5.122391498404408E+03   4.8931340E-13
  5.125133493778747E+03   4.8996251E-13
  5.127875459670804E+03   4.9206190E-13
  5.130617396017648E+03   4.9019643E-13
  5.133359302756354E+03   4.8766763E-13
  5.136101179824002E+03   4.8596706E-13
  5.138843027157678E+03   4.8630306E-13
  5.141584844694479E+03   4.7691853E-13
  5.144326632371506E+03   4.7596481E-13
  5.147068390125867E+03   4.7447999E-13
  5.149810117894679E+03   4.6750570E-13
  5.152551815615063E+03   4.7127189E-13
  5.155293483224149E+03   4.6772113E-13
  5.158035120659072E+03   4.6067826E-13
  5.160776727856977E+03   4.6470222E-13
  5.163518304755014E+03   4.6292890E-13
  5.166259851290340E+03   4.5782692E-13
  5.169001367400118E+03   4.6067837E-13
  5.171742853021521E+03   4.5731078E-13
  5.174484308091727E+03   4.5304120E-13
  5.177225732547921E+03   4.5846161E-13
  5.179967126327295E+03   4.5594122E-13
  5.182708489367050E+03   4.5960002E-13
  5.185449821604392E+03   4.5934789E-13
  5.188191122976534E+03   4.6311658E-13
  5.190932393420697E+03   4.6812272E-13
  5.193673632874110E+03   4.6993041E-13
  5.196414841274008E+03   4.7227641E-13
  5.199156018557633E+03   4.7236667E-13
  5.201897164662234E+03   4.7695805E-13
  5.204638279525069E+03   4.7458023E-13
  5.207379363083402E+03   4.7639637E-13
  5.210120415274502E+03   4.7560420E-13
  5.212861436035650E+03   4.7259240E-13
  5.215602425304131E+03   4.7298819E-13
  5.218343383017236E+03   4.7380876E-13
  5.221084309112268E+03   4.7112471E-13
  5.223825203526533E+03   4.6268062E-13
  5.226566066197347E+03   4.6170815E-13
  5.229306897062030E+03   4.5289087E-13
  5.232047696057914E+03   4.4557766E-13
  5.234788463122333E+03   4.3726774E-13
  5.237529198192634E+03   4.2943535E-13
  5.240269901206167E+03   4.2408470E-13
  5.243010572100291E+03   4.1799650E-13
  5.245751210812374E+03   4.0791299E-13
  5.248491817279788E+03   3.9538777E-13
  5.251232391439914E+03   3.8916616E-13
  5.253972933230143E+03   3.7677129E-13
  5.256713442587868E+03   3.6706058E-13
  5.259453919450497E+03   3.6034988E-13
  5.262194363755436E+03   3.5507014E-13
  5.264934775440107E+03   3.4387423E-13
  5.267675154441935E+03   3.3564265E-13
  5.270415500698354E+03   3.3549286E-13
  5.273155814146805E+03   3.2521666E-13
  5.275896094724737E+03   3.2049843E-13
  5.278636342369607E+03   3.1717570E-13
  5.281376557018877E+03   3.1449249E-13
  5.284116738610020E+03   3.1275815E-13
  5.286856887080515E+03   3.0430636E-13
  5.289597002367848E+03   3.0394041E-13
  5.292337084409515E+03   3.0284783E-13
  5.295077133143017E+03   3.0398440E-13
  5.297817148505864E+03   2.9963841E-13
  5.300557130435573E+03   3.0369755E-13
  5.303297078869669E+03   3.0474185E-13
  5.306036993745687E+03   3.0212719E-13
  5.308776875001165E+03   3.0438144E-13
  5.311516722573651E+03   3.0667211E-13
  5.314256536400704E+03   3.0329377E-13
  5.316996316419886E+03   3.0284442E-13
  5.319736062568769E+03   3.0542978E-13
  5.322475774784931E+03   3.0936438E-13
  5.325215453005962E+03   3.0512111E-13
  5.327955097169454E+03   3.0429720E-13
  5.330694707213012E+03   3.1106335E-13
  5.333434283074246E+03   3.1173981E-13
  5.336173824690775E+03   3.1552229E-13
  5.338913332000226E+03   3.1582695E-13
  5.341652804940230E+03   3.2236803E-13
  5.344392243448434E+03   3.2531755E-13
  5.347131647462485E+03   3.2689720E-13
  5.349871016920043E+03   3.2976296E-13
  5.352610351758773E+03   3.3335612E-13
  5.355349651916347E+03   3.3460734E-13
  5.358088917330451E+03   3.3908596E-13
  5.360828147938774E+03   3.4273322E-13
  5.363567343679012E+03   3.4328109E-13
  5.366306504488873E+03   3.4910928E-13
  5.369045630306069E+03   3.5222790E-13
  5.371784721068324E+03   3.4976945E-13
  5.374523776713367E+03   3.5367171E-13
  5.377262797178938E+03   3.5319431E-13
  5.380001782402780E+03   3.5372527E-13
  5.382740732322650E+03   3.5381146E-13
  5.385479646876310E+03   3.5075445E-13
  5.388218526001530E+03   3.5164916E-13
  5.390957369636089E+03   3.4965520E-13
  5.393696177717775E+03   3.4728766E-13
  5.396434950184381E+03   3.4589811E-13
  5.399173686973712E+03   3.4409904E-13
  5.401912388023578E+03   3.4611509E-13
  5.404651053271800E+03   3.4183797E-13
  5.407389682656206E+03   3.3993278E-13
  5.410128276114630E+03   3.3816090E-13
  5.412866833584919E+03   3.3344280E-13
  5.415605355004924E+03   3.3578419E-13
  5.418343840312506E+03   3.3376370E-13
  5.421082289445534E+03   3.3075590E-13
  5.423820702341886E+03   3.2414609E-13
  5.426559078939449E+03   3.2124666E-13
  5.429297419176115E+03   3.1595841E-13
  5.432035722989787E+03   3.1497138E-13
  5.434773990318376E+03   3.0897905E-13
  5.437512221099802E+03   3.0154695E-13
  5.440250415271990E+03   2.9672700E-13
  5.442988572772880E+03   2.9341140E-13
  5.445726693540412E+03   2.8670038E-13
  5.448464777512542E+03   2.8699103E-13
  5.451202824627231E+03   2.8091982E-13
  5.453940834822447E+03   2.7451096E-13
  5.456678808036168E+03   2.7362550E-13
  5.459416744206383E+03   2.6636974E-13
  5.462154643271086E+03   2.6802139E-13
  5.464892505168279E+03   2.6473932E-13
  5.467630329835976E+03   2.6476949E-13
  5.470368117212199E+03   2.6434464E-13
  5.473105867234973E+03   2.6440297E-13
  5.475843579842339E+03   2.6163755E-13
  5.478581254972343E+03   2.6481459E-13
  5.481318892563039E+03   2.7832909E-13
  5.484056492552490E+03   2.6796268E-13
  5.486794054878771E+03   2.7308933E-13
  5.489531579479960E+03   2.7860383E-13
  5.492269066294148E+03   2.7941603E-13
  5.495006515259432E+03   2.8380214E-13
  5.497743926313918E+03   2.9125454E-13
  5.500481299395724E+03   2.9582939E-13
  5.503218634442972E+03   3.0098827E-13
  5.505955931393795E+03   3.0712927E-13
  5.508693190186335E+03   3.0894921E-13
  5.511430410758743E+03   3.1341710E-13
  5.514167593049178E+03   3.2275525E-13
  5.516904736995806E+03   3.2813991E-13
  5.519641842536805E+03   3.3386957E-13
  5.522378909610360E+03   3.4037085E-13
  5.525115938154665E+03   3.4323423E-13
  5.527852928107922E+03   3.4875851E-13
  5.530589879408344E+03   3.5514381E-13
  5.533326791994153E+03   3.5866327E-13
  5.536063665803576E+03   3.6195298E-13
  5.538800500774852E+03   3.7012694E-13
  5.541537296846228E+03   3.7088897E-13
  5.544274053955962E+03   3.7772536E-13
  5.547010772042318E+03   3.8320291E-13
  5.549747451043567E+03   3.8496851E-13
  5.552484090897997E+03   3.7937939E-13
  5.555220691543896E+03   3.8546816E-13
  5.557957252919566E+03   3.9173116E-13
  5.560693774963317E+03   3.8794507E-13
  5.563430257613468E+03   3.8473584E-13
  5.566166700808346E+03   3.8497257E-13
  5.568903104486288E+03   3.8341414E-13
  5.571639468585640E+03   3.7949732E-13
  5.574375793044757E+03   3.7858432E-13
  5.577112077802002E+03   3.7763803E-13
  5.579848322795749E+03   3.7704882E-13
  5.582584527964380E+03   3.7405406E-13
  5.585320693246285E+03   3.7408474E-13
  5.588056818579867E+03   3.6987386E-13
  5.590792903903531E+03   3.7729027E-13
  5.593528949155700E+03   3.7371563E-13
  5.596264954274798E+03   3.7677888E-13
  5.599000919199263E+03   3.7879359E-13
  5.601736843867542E+03   3.8232739E-13
  5.604472728218089E+03   3.7982136E-13
  5.607208572189370E+03   3.8246207E-13
  5.609944375719857E+03   3.7972601E-13
  5.612680138748034E+03   3.8684537E-13
  5.615415861212391E+03   3.8173764E-13
  5.618151543051431E+03   3.8237789E-13
  5.620887184203663E+03   3.8150131E-13
  5.623622784607610E+03   3.8184511E-13
  5.626358344201798E+03   3.7949030E-13
  5.629093862924767E+03   3.7880745E-13
  5.631829340715064E+03   3.7825792E-13
  5.634564777511247E+03   3.8077283E-13
  5.637300173251881E+03   3.8409659E-13
  5.640035527875544E+03   3.7449614E-13
  5.642770841320819E+03   3.8143626E-13
  5.645506113526302E+03   3.8288741E-13
  5.648241344430596E+03   3.7741303E-13
  5.650976533972314E+03   3.7266034E-13
  5.653711682090080E+03   3.7807713E-13
  5.656446788722526E+03   3.7955340E-13
  5.659181853808294E+03   3.7789262E-13
  5.661916877286034E+03   3.7905421E-13
  5.664651859094407E+03   3.8099824E-13
  5.667386799172084E+03   3.8086561E-13
  5.670121697457743E+03   3.7637647E-13
  5.672856553890074E+03   3.7553318E-13
  5.675591368407776E+03   3.7543867E-13
  5.678326140949557E+03   3.7365955E-13
  5.681060871454135E+03   3.7408916E-13
  5.683795559860236E+03   3.7473085E-13
  5.686530206106600E+03   3.7410033E-13
  5.689264810131968E+03   3.7256721E-13
  5.691999371875102E+03   3.7500713E-13
  5.694733891274764E+03   3.7718757E-13
  5.697468368269730E+03   5.4996730E-13
