

  1.119790679190189E+03   0.0000000E+00
  1.120374339651356E+03   0.0000000E+00
  1.120957998560123E+03   0.0000000E+00
  1.121541655916502E+03   0.0000000E+00
  1.122125311720506E+03   0.0000000E+00
  1.122708965972146E+03   0.0000000E+00
  1.123292618671436E+03   0.0000000E+00
  1.123876269818388E+03   0.0000000E+00
  1.124459919413013E+03   0.0000000E+00
  1.125043567455325E+03   0.0000000E+00
  1.125627213945336E+03   0.0000000E+00
  1.126210858883058E+03   0.0000000E+00
  1.126794502268504E+03   0.0000000E+00
  1.127378144101686E+03   0.0000000E+00
  1.127961784382616E+03   0.0000000E+00
  1.128545423111307E+03   0.0000000E+00
  1.129129060287771E+03   0.0000000E+00
  1.129712695912021E+03   0.0000000E+00
  1.130296329984069E+03   0.0000000E+00
  1.130879962503926E+03   0.0000000E+00
  1.131463593471607E+03   0.0000000E+00
  1.132047222887123E+03   0.0000000E+00
  1.132630850750486E+03   0.0000000E+00
  1.133214477061709E+03   0.0000000E+00
  1.133798101820805E+03   0.0000000E+00
  1.134381725027785E+03   0.0000000E+00
  1.134965346682661E+03   0.0000000E+00
  1.135548966785448E+03   0.0000000E+00
  1.136132585336156E+03   0.0000000E+00
  1.136716202334798E+03   0.0000000E+00
  1.137299817781387E+03   0.0000000E+00
  1.137883431675934E+03  -5.4927495E-15
  1.138467044018454E+03  -5.5921454E-15
  1.139050654808956E+03  -3.4538042E-15
  1.139634264047455E+03  -1.0030488E-17
  1.140217871733962E+03  -1.9598695E-15
  1.140801477868490E+03  -1.6211658E-15
  1.141385082451051E+03  -5.4753634E-16
  1.141968685481658E+03  -4.1946739E-16
  1.142552286960323E+03  -3.7733796E-16
  1.143135886887058E+03   1.7260730E-16
  1.143719485261876E+03  -2.7999598E-16
  1.144303082084789E+03  -2.4622157E-16
  1.144886677355809E+03  -2.2463443E-16
  1.145470271074950E+03  -1.8482305E-16
  1.146053863242222E+03  -4.1816706E-16
  1.146637453857640E+03  -3.7484988E-16
  1.147221042921214E+03  -3.3778057E-16
  1.147804630432958E+03  -3.0578895E-16
  1.148388216392883E+03  -2.7809974E-16
  1.148971800801002E+03  -2.5484424E-16
  1.149555383657329E+03  -2.3477315E-16
  1.150138964961874E+03  -2.1825633E-16
  1.150722544714650E+03  -2.0200865E-16
  1.151306122915670E+03  -1.9049746E-16
  1.151889699564946E+03  -1.7805926E-16
  1.152473274662490E+03   1.1786408E-16
  1.153056848208316E+03  -1.5986498E-16
  1.153640420202434E+03  -6.6610645E-17
  1.154223990644858E+03  -6.1658506E-17
  1.154807559535600E+03  -9.1273961E-17
  1.155391126874672E+03  -6.1024912E-17
  1.155974692662087E+03  -2.9342942E-17
  1.156558256897857E+03   9.9834389E-18
  1.157141819581994E+03  -1.2208067E-16
  1.157725380714512E+03  -1.1832934E-16
  1.158308940295421E+03  -1.1566091E-16
  1.158892498324735E+03  -4.9916489E-17
  1.159476054802466E+03   4.1502004E-17
  1.160059609728627E+03   8.7160675E-18
  1.160643163103229E+03  -1.0525853E-16
  1.161226714926285E+03  -1.0304039E-16
  1.161810265197807E+03   6.1752560E-17
  1.162393813917809E+03  -9.9557758E-17
  1.162977361086301E+03   1.0787237E-16
  1.163560906703297E+03  -9.6196989E-17
  1.164144450768810E+03  -2.6000378E-17
  1.164727993282850E+03  -4.7206460E-17
  1.165311534245431E+03   1.5289895E-18
  1.165895073656565E+03   3.7620468E-18
  1.166478611516265E+03  -4.3054923E-17
  1.167062147824543E+03  -8.7022319E-17
  1.167645682581410E+03   4.2977965E-17
  1.168229215786881E+03   6.8748092E-17
  1.168812747440966E+03  -4.1659502E-17
  1.169396277543678E+03  -8.2150926E-17
  1.169979806095031E+03   1.8421368E-18
  1.170563333095035E+03   5.5148602E-19
  1.171146858543704E+03  -9.4310139E-19
  1.171730382441049E+03   3.7936081E-17
  1.172313904787084E+03  -3.9397074E-17
  1.172897425581820E+03   3.0967228E-19
  1.173480944825271E+03  -3.7857522E-17
  1.174064462517447E+03  -5.3794583E-17
  1.174647978658362E+03  -3.7386751E-17
  1.175231493248029E+03   3.2240565E-17
  1.175815006286459E+03  -3.5579305E-17
  1.176398517773664E+03   6.8117721E-17
  1.176982027709658E+03   4.2862101E-19
  1.177565536094452E+03   1.6917111E-17
  1.178149042928059E+03  -6.8435901E-17
  1.178732548210491E+03   6.4337162E-17
  1.179316051941762E+03  -6.6784068E-17
  1.179899554121881E+03  -3.4760204E-17
  1.180483054750864E+03  -6.5223959E-17
  1.181066553828721E+03   5.6555192E-17
  1.181650051355465E+03  -5.1087683E-19
  1.182233547331109E+03   1.7629358E-16
  1.182817041755665E+03   2.7233373E-17
  1.183400534629145E+03  -3.3716795E-17
  1.183984025951562E+03  -3.3538614E-17
  1.184567515722927E+03   4.3689652E-17
  1.185151003943254E+03  -3.0287969E-17
  1.185734490612555E+03  -3.1795244E-17
  1.186317975730841E+03  -1.6486959E-17
  1.186901459298126E+03   7.2993157E-17
  1.187484941314422E+03   8.0832784E-17
  1.188068421779741E+03   4.7594953E-17
  1.188651900694096E+03   4.9306340E-17
  1.189235378057498E+03   1.4877557E-16
  1.189818853869961E+03   1.3579607E-17
  1.190402328131497E+03   9.7783485E-18
  1.190985800842117E+03   2.7467030E-17
  1.191569272001835E+03   1.0733715E-16
  1.192152741610663E+03  -3.6365895E-18
  1.192736209668613E+03   7.7747672E-17
  1.193319676175697E+03  -2.9524326E-17
  1.193903141131929E+03  -4.6550449E-18
  1.194486604537319E+03   1.1345275E-17
  1.195070066391881E+03   6.6232550E-17
  1.195653526695627E+03  -2.6777668E-17
  1.196236985448569E+03   7.4173855E-17
  1.196820442650720E+03   6.6539381E-17
  1.197403898302092E+03   3.7673779E-17
  1.197987352402698E+03   1.9933738E-17
  1.198570804952549E+03   1.8820675E-17
  1.199154255951659E+03   7.6105857E-17
  1.199737705400039E+03   1.7200316E-17
  1.200321153297701E+03   1.2142008E-16
  1.200904599644659E+03   3.5934393E-17
  1.201488044440925E+03   4.3125359E-17
  1.202071487686511E+03   2.5735586E-17
  1.202654929381429E+03   1.0462827E-16
  1.203238369525691E+03   5.9892178E-17
  1.203821808119311E+03   4.4550532E-17
  1.204405245162301E+03   1.8334888E-16
  1.204988680654671E+03   1.0932711E-16
  1.205572114596437E+03   5.6317500E-17
  1.206155546987608E+03   1.2724994E-16
  1.206738977828199E+03   1.3877813E-16
  1.207322407118221E+03   1.4577090E-16
  1.207905834857686E+03   1.7595074E-16
  1.208489261046608E+03   1.5325137E-16
  1.209072685684997E+03   1.0328771E-16
  1.209656108772868E+03   4.2803761E-17
  1.210239530310231E+03  -1.7494180E-17
  1.210822950297100E+03   2.1575721E-17
  1.211406368733487E+03  -1.7673921E-16
  1.211989785619404E+03  -5.7148498E-16
  1.212573200954863E+03  -2.7892810E-15
  1.213156614739877E+03  -3.1337388E-15
  1.213740026974459E+03   1.4443975E-16
  1.214323437658620E+03   7.9023403E-17
  1.214906846792373E+03   1.5663128E-16
  1.215490254375730E+03  -1.3822807E-15
  1.216073660408704E+03  -5.7471117E-16
  1.216657064891307E+03  -9.9468555E-17
  1.217240467823551E+03   2.7073786E-15
  1.217823869205449E+03   2.5491791E-15
  1.218407269037014E+03  -7.1347814E-16
  1.218990667318257E+03  -1.2251772E-16
  1.219574064049190E+03  -3.8539844E-17
  1.220157459229827E+03  -4.8151014E-17
  1.220740852860179E+03  -4.2888322E-18
  1.221324244940259E+03   4.0294568E-17
  1.221907635470080E+03   6.2730466E-17
  1.222491024449653E+03  -4.2436033E-17
  1.223074411878991E+03   8.5669323E-17
  1.223657797758106E+03   2.5421821E-17
  1.224241182087011E+03   2.3852097E-17
  1.224824564865718E+03   8.4036309E-17
  1.225407946094240E+03   9.5701587E-17
  1.225991325772588E+03   9.5795707E-17
  1.226574703900776E+03   8.4518231E-17
  1.227158080478815E+03   6.3410309E-17
  1.227741455506718E+03   9.4452836E-17
  1.228324828984496E+03   2.6793328E-17
  1.228908200912164E+03   2.1790675E-17
  1.229491571289733E+03   7.6742965E-17
  1.230074940117214E+03   2.0695396E-17
  1.230658307394621E+03   1.0147664E-17
  1.231241673121967E+03   2.7132990E-17
  1.231825037299262E+03   1.2571163E-16
  1.232408399926521E+03   5.8035587E-17
  1.232991761003754E+03   6.2536595E-17
  1.233575120530975E+03   6.6036575E-18
  1.234158478508196E+03  -1.4791028E-17
  1.234741834935428E+03   6.9167566E-17
  1.235325189812685E+03   1.0720055E-16
  1.235908543139979E+03   5.5280242E-17
  1.236491894917322E+03   2.0667511E-17
  1.237075245144727E+03   3.1730539E-17
  1.237658593822206E+03   3.1927789E-17
  1.238241940949771E+03   2.3032786E-17
  1.238825286527434E+03   5.3432133E-18
  1.239408630555209E+03   4.8107230E-17
  1.239991973033106E+03   4.1392770E-17
  1.240575313961139E+03   3.3932643E-17
  1.241158653339321E+03   7.5631982E-17
  1.241741991167663E+03   4.3945310E-17
  1.242325327446177E+03   3.3793855E-17
  1.242908662174877E+03   2.3037744E-17
  1.243491995353774E+03   4.2159877E-17
  1.244075326982880E+03   3.1911973E-17
  1.244658657062209E+03   6.7491999E-18
  1.245241985591772E+03   3.0473579E-17
  1.245825312571582E+03  -4.4866243E-18
  1.246408638001652E+03   4.3115105E-17
  1.246991961881992E+03   3.1357289E-17
  1.247575284212617E+03   3.1486594E-17
  1.248158604993538E+03   1.7021918E-17
  1.248741924224768E+03   5.3040710E-17
  1.249325241906318E+03   1.9064900E-17
  1.249908558038202E+03  -5.3221148E-18
  1.250491872620431E+03  -4.9328362E-18
  1.251075185653019E+03   7.8297218E-17
  1.251658497135977E+03   4.2587735E-17
  1.252241807069317E+03   6.4311281E-17
  1.252825115453052E+03   7.6109467E-18
  1.253408422287195E+03   2.9779187E-17
  1.253991727571758E+03  -4.4137659E-18
  1.254575031306753E+03   8.4638874E-17
  1.255158333492192E+03   6.4064900E-17
  1.255741634128088E+03   5.3998506E-17
  1.256324933214453E+03   6.7373345E-17
  1.256908230751299E+03   2.7186538E-17
  1.257491526738640E+03   1.8063426E-17
  1.258074821176486E+03   2.8015115E-17
  1.258658114064851E+03   3.9215882E-17
  1.259241405403747E+03  -3.3123254E-18
  1.259824695193186E+03   3.0581400E-17
  1.260407983433181E+03   7.8782038E-18
  1.260991270123744E+03  -1.5148016E-17
  1.261574555264887E+03   6.2630902E-18
  1.262157838856623E+03   2.9878425E-17
  1.262741120898963E+03   1.6577965E-17
  1.263324401391921E+03   7.3135075E-18
  1.263907680335509E+03   3.7918628E-17
  1.264490957729738E+03   2.8318902E-17
  1.265074233574622E+03   2.6701989E-17
  1.265657507870173E+03   5.2768058E-17
  1.266240780616402E+03   1.6954789E-17
  1.266824051813323E+03   2.9625848E-17
  1.267407321460948E+03  -4.5436940E-18
  1.267990589559289E+03   6.6156291E-17
  1.268573856108359E+03   1.5733779E-17
  1.269157121108168E+03   1.8540937E-17
  1.269740384558732E+03   1.6494938E-17
  1.270323646460060E+03   3.9631858E-17
  1.270906906812167E+03   4.8325403E-17
  1.271490165615063E+03   1.8885026E-17
  1.272073422868762E+03   6.8230390E-18
  1.272656678573277E+03   4.7565132E-17
  1.273239932728618E+03   6.9267734E-17
  1.273823185334798E+03   4.8219627E-17
  1.274406436391831E+03   3.5649509E-17
  1.274989685899728E+03   7.7416098E-18
  1.275572933858501E+03   1.1125828E-17
  1.276156180268163E+03   7.7140455E-17
  1.276739425128727E+03   1.7442640E-17
  1.277322668440204E+03   1.4694052E-16
  1.277905910202607E+03  -3.0611849E-18
  1.278489150415948E+03   3.5846742E-17
  1.279072389080240E+03   6.6537387E-18
  1.279655626195495E+03   2.7837278E-17
  1.280238861761725E+03   2.6888085E-17
  1.280822095778943E+03   4.2664557E-17
  1.281405328247161E+03   4.7543579E-17
  1.281988559166391E+03   9.6162294E-17
  1.282571788536646E+03   3.7909208E-17
  1.283155016357938E+03   7.6217977E-17
  1.283738242630279E+03   3.3240339E-17
  1.284321467353682E+03   4.9985575E-17
  1.284904690528159E+03   7.8554127E-17
  1.285487912153722E+03   1.7977330E-17
  1.286071132230384E+03  -5.5988656E-19
  1.286654350758158E+03   5.6449882E-17
  1.287237567737054E+03   5.6248043E-17
  1.287820783167086E+03   3.6997350E-17
  1.288403997048267E+03   5.2879635E-17
  1.288987209380608E+03   3.3313035E-17
  1.289570420164121E+03   6.4751950E-17
  1.290153629398820E+03   7.3453671E-17
  1.290736837084716E+03   4.3276376E-17
  1.291320043221822E+03   6.4984732E-18
  1.291903247810150E+03   6.9582923E-17
  1.292486450849712E+03   3.7029263E-17
  1.293069652340521E+03   4.2152744E-17
  1.293652852282590E+03   7.7654306E-17
  1.294236050675930E+03   4.7023378E-17
  1.294819247520553E+03   3.3639450E-17
  1.295402442816473E+03   7.9933440E-18
  1.295985636563701E+03   6.8836627E-17
  1.296568828762250E+03   5.8925157E-17
  1.297152019412133E+03   1.0010008E-16
  1.297735208513360E+03   1.2130140E-16
  1.298318396065946E+03   8.7722537E-17
  1.298901582069902E+03   5.7860377E-17
  1.299484766525240E+03   2.8356724E-17
  1.300067949431973E+03   7.3750226E-17
  1.300651130790113E+03   1.7784243E-16
  1.301234310599673E+03   2.3263127E-16
  1.301817488860665E+03   9.2619254E-17
  1.302400665573101E+03   6.4039952E-17
  1.302983840736993E+03   1.4876823E-16
  1.303567014352355E+03   1.3462862E-16
  1.304150186419197E+03   1.1811055E-16
  1.304733356937533E+03  -8.1267630E-17
  1.305316525907375E+03  -1.3654726E-16
  1.305899693328735E+03   5.1137801E-17
  1.306482859201626E+03   1.1067625E-16
  1.307066023526060E+03   6.2964426E-17
  1.307649186302048E+03   9.8090366E-17
  1.308232347529604E+03   5.7988034E-17
  1.308815507208741E+03   5.6622895E-17
  1.309398665339469E+03   1.8717033E-16
  1.309981821921802E+03   1.4864150E-16
  1.310564976955752E+03   1.1902021E-16
  1.311148130441331E+03   7.1774157E-17
  1.311731282378551E+03   1.1589237E-16
  1.312314432767426E+03   1.2468066E-16
  1.312897581607966E+03   8.2901106E-17
  1.313480728900186E+03   1.1967607E-16
  1.314063874644095E+03   1.1750381E-16
  1.314647018839709E+03   2.7997503E-17
  1.315230161487038E+03   1.8432743E-16
  1.315813302586094E+03   1.1788881E-16
  1.316396442136891E+03   1.7794361E-16
  1.316979580139441E+03   1.2476700E-16
  1.317562716593755E+03   1.1238419E-16
  1.318145851499847E+03   1.2298255E-16
  1.318728984857728E+03   1.5147128E-16
  1.319312116667411E+03   1.7490071E-16
  1.319895246928908E+03   1.5845772E-16
  1.320478375642232E+03   1.8351208E-16
  1.321061502807394E+03   2.3155178E-16
  1.321644628424408E+03   1.5234601E-16
  1.322227752493285E+03   9.7045928E-17
  1.322810875014038E+03   1.9566413E-16
  1.323393995986680E+03   1.4564009E-16
  1.323977115411221E+03   2.2444520E-16
  1.324560233287676E+03   2.3017763E-16
  1.325143349616056E+03   2.0800806E-16
  1.325726464396373E+03   2.2129180E-16
  1.326309577628640E+03   1.4229791E-16
  1.326892689312870E+03   2.4451652E-16
  1.327475799449073E+03   2.1195634E-16
  1.328058908037264E+03   2.0240331E-16
  1.328642015077454E+03   2.9630422E-16
  1.329225120569655E+03   1.3090292E-16
  1.329808224513880E+03   2.2969241E-16
  1.330391326910141E+03   1.0973368E-16
  1.330974427758451E+03   2.3684807E-16
  1.331557527058821E+03   2.1571223E-16
  1.332140624811265E+03   2.2675395E-16
  1.332723721015794E+03   2.7935467E-16
  1.333306815672420E+03   1.8923556E-16
  1.333889908781158E+03   1.8853243E-16
  1.334473000342017E+03   2.3418214E-16
  1.335056090355011E+03   1.2292638E-16
  1.335639178820152E+03   1.1091912E-16
  1.336222265737452E+03   1.8283051E-16
  1.336805351106924E+03   2.9903998E-16
  1.337388434928581E+03   2.5647636E-16
  1.337971517202434E+03   2.7675949E-16
  1.338554597928495E+03   3.2638183E-16
  1.339137677106777E+03   2.6658030E-16
  1.339720754737293E+03   3.8378631E-16
  1.340303830820055E+03   3.2059339E-16
  1.340886905355074E+03   3.1141320E-16
  1.341469978342364E+03   3.0492879E-16
  1.342053049781937E+03   3.5442453E-16
  1.342636119673804E+03   3.9278334E-16
  1.343219188017979E+03   4.7587237E-16
  1.343802254814473E+03   4.4501883E-16
  1.344385320063300E+03   4.4370341E-16
  1.344968383764470E+03   4.7645593E-16
  1.345551445917997E+03   3.6059691E-16
  1.346134506523894E+03   3.3885871E-16
  1.346717565582171E+03   5.0325367E-16
  1.347300623092842E+03   5.1055890E-16
  1.347883679055919E+03   3.6045866E-16
  1.348466733471414E+03   3.9075186E-16
  1.349049786339340E+03   4.4428736E-16
  1.349632837659709E+03   5.4356344E-16
  1.350215887432533E+03   4.7105191E-16
  1.350798935657824E+03   6.1711867E-16
  1.351381982335595E+03   5.2971582E-16
  1.351965027465858E+03   5.9772267E-16
  1.352548071048626E+03   4.7088785E-16
  1.353131113083911E+03   5.2175038E-16
  1.353714153571725E+03   5.7039961E-16
  1.354297192512080E+03   5.4206890E-16
  1.354880229904988E+03   5.8264771E-16
  1.355463265750464E+03   5.4337031E-16
  1.356046300048517E+03   5.4002638E-16
  1.356629332799161E+03   6.5559424E-16
  1.357212364002409E+03   4.6039719E-16
  1.357795393658271E+03   6.1704868E-16
  1.358378421766761E+03   7.7131821E-16
  1.358961448327892E+03   5.5265988E-16
  1.359544473341674E+03   6.6826299E-16
  1.360127496808122E+03   5.4800501E-16
  1.360710518727246E+03   6.7759195E-16
  1.361293539099059E+03   7.4570340E-16
  1.361876557923575E+03   4.0497860E-16
  1.362459575200804E+03   5.5707409E-16
  1.363042590930759E+03   7.9837440E-16
  1.363625605113453E+03   5.3445571E-16
  1.364208617748898E+03   8.3548778E-16
  1.364791628837106E+03   6.8039515E-16
  1.365374638378089E+03   7.1446440E-16
  1.365957646371861E+03   6.9749272E-16
  1.366540652818433E+03   5.9822692E-16
  1.367123657717817E+03   5.1520541E-16
  1.367706661070025E+03   7.3563885E-16
  1.368289662875071E+03   7.0423881E-16
  1.368872663132967E+03   6.3342135E-16
  1.369455661843724E+03   8.4373630E-16
  1.370038659007355E+03   5.3000043E-16
  1.370621654623873E+03   6.0407420E-16
  1.371204648693289E+03   6.9502526E-16
  1.371787641215617E+03   7.5888143E-16
  1.372370632190867E+03   4.8244133E-16
  1.372953621619053E+03   6.5581177E-16
  1.373536609500188E+03   6.5405438E-16
  1.374119595834282E+03   6.6457824E-16
  1.374702580621349E+03   6.4070975E-16
  1.375285563861401E+03   5.5288233E-16
  1.375868545554451E+03   5.2545551E-16
  1.376451525700510E+03   8.1721691E-16
  1.377034504299590E+03   8.2366786E-16
  1.377617481351705E+03   5.4881594E-16
  1.378200456856866E+03   4.6348235E-16
  1.378783430815087E+03   5.7061253E-16
  1.379366403226378E+03   5.2861563E-16
  1.379949374090753E+03   6.5098992E-16
  1.380532343408223E+03   6.3719388E-16
  1.381115311178801E+03   4.8637077E-16
  1.381698277402501E+03   5.8860791E-16
  1.382281242079332E+03   5.8529887E-16
  1.382864205209309E+03   5.6395930E-16
  1.383447166792443E+03   5.1282625E-16
  1.384030126828746E+03   5.9138591E-16
  1.384613085318231E+03   5.9207952E-16
  1.385196042260911E+03   5.5395754E-16
  1.385778997656798E+03   5.4585196E-16
  1.386361951505903E+03   3.0992025E-16
  1.386944903808239E+03   7.1378159E-16
  1.387527854563819E+03   5.1725348E-16
  1.388110803772655E+03   4.0778861E-16
  1.388693751434758E+03   3.6131389E-16
  1.389276697550143E+03   3.1660403E-16
  1.389859642118820E+03   5.1141478E-16
  1.390442585140802E+03   3.7322215E-16
  1.391025526616101E+03   3.8914899E-16
  1.391608466544731E+03   4.1954233E-16
  1.392191404926702E+03   4.0358971E-16
  1.392774341762027E+03   4.7049234E-16
  1.393357277050719E+03   4.3535323E-16
  1.393940210792790E+03   3.1684625E-16
  1.394523142988252E+03   3.5730806E-16
  1.395106073637118E+03   2.9483221E-16
  1.395689002739400E+03   2.9866016E-16
  1.396271930295110E+03   4.3578032E-16
  1.396854856304260E+03   3.9430728E-16
  1.397437780766863E+03   3.0610646E-16
  1.398020703682931E+03   3.1754463E-16
  1.398603625052477E+03   4.9054309E-16
  1.399186544875512E+03   3.4888316E-16
  1.399769463152049E+03   3.4185170E-16
  1.400352379882101E+03   4.0576417E-16
  1.400935295065679E+03   3.5932742E-16
  1.401518208702796E+03   2.6991221E-16
  1.402101120793465E+03   2.8780149E-16
  1.402684031337697E+03   2.0125851E-16
  1.403266940335505E+03   1.9774179E-16
  1.403849847786901E+03   2.8305443E-16
  1.404432753691897E+03   1.9378366E-16
  1.405015658050507E+03   4.5257870E-16
  1.405598560862741E+03   2.1207532E-16
  1.406181462128613E+03   2.8430912E-16
  1.406764361848135E+03   1.9734434E-16
  1.407347260021318E+03   2.4379260E-16
  1.407930156648176E+03   2.4080948E-16
  1.408513051728721E+03   2.6453419E-16
  1.409095945262964E+03   2.4585579E-16
  1.409678837250919E+03   2.4460628E-16
  1.410261727692598E+03   2.3157778E-16
  1.410844616588012E+03   3.3002161E-16
  1.411427503937174E+03   3.6086102E-16
  1.412010389740097E+03   2.9844528E-16
  1.412593273996792E+03   3.0477415E-16
  1.413176156707273E+03   2.8175550E-16
  1.413759037871551E+03   2.5552263E-16
  1.414341917489639E+03   1.7407149E-16
  1.414924795561549E+03   1.8676997E-16
  1.415507672087293E+03   2.1005957E-16
  1.416090547066883E+03   1.9971197E-16
  1.416673420500333E+03   2.2912622E-16
  1.417256292387654E+03   2.1378667E-16
  1.417839162728858E+03   2.9773544E-16
  1.418422031523958E+03   2.2217245E-16
  1.419004898772966E+03   2.3395802E-16
  1.419587764475895E+03   1.3654149E-16
  1.420170628632756E+03   2.3492697E-16
  1.420753491243563E+03   1.8735240E-16
  1.421336352308326E+03   2.6583608E-16
  1.421919211827060E+03   1.8651599E-16
  1.422502069799775E+03   1.9689052E-16
  1.423084926226484E+03   1.7298289E-16
  1.423667781107200E+03   3.2499092E-16
  1.424250634441935E+03   3.0695198E-16
  1.424833486230701E+03   2.5271119E-16
  1.425416336473511E+03   2.0932495E-16
  1.425999185170376E+03   3.2398584E-16
  1.426582032321309E+03   2.1890857E-16
  1.427164877926323E+03   1.6446102E-16
  1.427747721985429E+03   1.1769981E-16
  1.428330564498641E+03   2.2143437E-16
  1.428913405465969E+03   2.9792457E-16
  1.429496244887427E+03   1.9594778E-16
  1.430079082763027E+03   2.2571220E-16
  1.430661919092781E+03   9.1432072E-17
  1.431244753876702E+03   2.3068058E-16
  1.431827587114801E+03   3.1744598E-16
  1.432410418807091E+03   1.8461869E-16
  1.432993248953585E+03   2.2481223E-16
  1.433576077554294E+03   1.6630010E-16
  1.434158904609232E+03   2.4352846E-16
  1.434741730118409E+03   2.5871301E-16
  1.435324554081839E+03   1.3732763E-16
  1.435907376499534E+03   1.1071152E-16
  1.436490197371506E+03   2.2551511E-16
  1.437073016697768E+03   2.0153417E-16
  1.437655834478331E+03   1.9879101E-16
  1.438238650713208E+03   1.6590555E-16
  1.438821465402412E+03   3.4254515E-16
  1.439404278545954E+03   1.6178726E-16
  1.439987090143848E+03   2.0900756E-16
  1.440569900196104E+03   1.7852377E-16
  1.441152708702736E+03   2.5287525E-16
  1.441735515663756E+03   1.2217607E-16
  1.442318321079176E+03   1.9250374E-16
  1.442901124949008E+03   2.9697669E-16
  1.443483927273265E+03   2.9131771E-16
  1.444066728051959E+03   2.5486348E-16
  1.444649527285103E+03   3.8254141E-16
  1.445232324972708E+03   2.5518048E-16
  1.445815121114787E+03   1.5536403E-16
  1.446397915711352E+03   3.3942463E-16
  1.446980708762415E+03   2.9603640E-16
  1.447563500267989E+03   3.4311600E-16
  1.448146290228087E+03   2.5450680E-16
  1.448729078642720E+03   3.0699047E-16
  1.449311865511900E+03   2.9112949E-16
  1.449894650835641E+03   2.5910195E-16
  1.450477434613953E+03   2.2910010E-16
  1.451060216846851E+03   2.7143131E-16
  1.451642997534345E+03   3.3478302E-16
  1.452225776676448E+03   2.7520265E-16
  1.452808554273173E+03   2.4960314E-16
  1.453391330324531E+03   4.1631227E-16
  1.453974104830535E+03   2.3226610E-16
  1.454556877791199E+03   2.6462911E-16
  1.455139649206532E+03   2.4785261E-16
  1.455722419076548E+03   4.0104562E-16
  1.456305187401259E+03   2.5217140E-16
  1.456887954180678E+03   2.4914084E-16
  1.457470719414817E+03   2.5603900E-16
  1.458053483103688E+03   3.7979949E-16
  1.458636245247303E+03   2.4878986E-16
  1.459219005845675E+03   3.4621725E-16
  1.459801764898816E+03   4.3823589E-16
  1.460384522406738E+03   2.8466318E-16
  1.460967278369454E+03   3.8675731E-16
  1.461550032786975E+03   3.5757851E-16
  1.462132785659315E+03   2.8806230E-16
  1.462715536986485E+03   3.5621870E-16
  1.463298286768497E+03   4.3482966E-16
  1.463881035005365E+03   3.3750240E-16
  1.464463781697100E+03   5.7309445E-16
  1.465046526843714E+03   5.7013639E-16
  1.465629270445221E+03   2.9684622E-16
  1.466212012501631E+03   4.3997033E-16
  1.466794753012958E+03   5.2249365E-16
  1.467377491979214E+03   5.1626600E-16
  1.467960229400411E+03   4.3696434E-16
  1.468542965276561E+03   4.9715302E-16
  1.469125699607676E+03   5.6940292E-16
  1.469708432393769E+03   5.8818974E-16
  1.470291163634853E+03   4.0381848E-16
  1.470873893330940E+03   5.9971934E-16
  1.471456621482040E+03   4.3209631E-16
  1.472039348088168E+03   5.7422142E-16
  1.472622073149336E+03   6.6102986E-16
  1.473204796665555E+03   7.1889444E-16
  1.473787518636837E+03   6.2717363E-16
  1.474370239063197E+03   7.1471661E-16
  1.474952957944644E+03   8.1214530E-16
  1.475535675281192E+03   6.0566911E-16
  1.476118391072854E+03   5.2142147E-16
  1.476701105319640E+03   7.1408954E-16
  1.477283818021565E+03   6.8150190E-16
  1.477866529178639E+03   6.5813809E-16
  1.478449238790875E+03   6.7657450E-16
  1.479031946858286E+03   6.6181988E-16
  1.479614653380884E+03   6.8718264E-16
  1.480197358358681E+03   8.2740624E-16
  1.480780061791689E+03   7.8034223E-16
  1.481362763679921E+03   9.5572242E-16
  1.481945464023389E+03   6.7394431E-16
  1.482528162822105E+03   8.4497206E-16
  1.483110860076081E+03   7.9736585E-16
  1.483693555785330E+03   8.9693621E-16
  1.484276249949864E+03   8.2396517E-16
  1.484858942569696E+03   8.0174840E-16
  1.485441633644838E+03   8.3346464E-16
  1.486024323175301E+03   9.7989917E-16
  1.486607011161098E+03   8.9699116E-16
  1.487189697602242E+03   8.7607914E-16
  1.487772382498744E+03   1.2671446E-15
  1.488355065850619E+03   1.0200016E-15
  1.488937747657875E+03   9.7725547E-16
  1.489520427920528E+03   1.0122096E-15
  1.490103106638589E+03   9.4388852E-16
  1.490685783812070E+03   9.6917626E-16
  1.491268459440983E+03   1.1192366E-15
  1.491851133525341E+03   1.0998595E-15
  1.492433806065156E+03   1.1390193E-15
  1.493016477060440E+03   1.1121479E-15
  1.493599146511207E+03   9.7271093E-16
  1.494181814417466E+03   1.4289027E-15
  1.494764480779232E+03   9.8061343E-16
  1.495347145596517E+03   1.3420110E-15
  1.495929808869332E+03   1.1507892E-15
  1.496512470597690E+03   1.1380177E-15
  1.497095130781604E+03   1.0334029E-15
  1.497677789421085E+03   1.2327304E-15
  1.498260446516146E+03   9.8284917E-16
  1.498843102066799E+03   1.3875667E-15
  1.499425756073057E+03   1.1108661E-15
  1.500008408534932E+03   1.4816236E-15
  1.500591059452435E+03   9.8631460E-16
  1.501173708825579E+03   1.2254317E-15
  1.501756356654377E+03   1.5393716E-15
  1.502339002938841E+03   1.1866639E-15
  1.502921647678983E+03   1.1801720E-15
  1.503504290874816E+03   1.3684397E-15
  1.504086932526351E+03   1.1991546E-15
  1.504669572633601E+03   1.3328116E-15
  1.505252211196578E+03   1.3718558E-15
  1.505834848215295E+03   1.3237873E-15
  1.506417483689763E+03   1.3728592E-15
  1.507000117619996E+03   1.3983296E-15
  1.507582750006005E+03   1.3462109E-15
  1.508165380847802E+03   1.4666254E-15
  1.508748010145401E+03   1.0303081E-15
  1.509330637898812E+03   1.2585033E-15
  1.509913264108049E+03   1.4590441E-15
  1.510495888773124E+03   1.5233985E-15
  1.511078511894049E+03   1.6847585E-15
  1.511661133470836E+03   1.6169158E-15
  1.512243753503498E+03   1.4200787E-15
  1.512826371992046E+03   1.3337245E-15
  1.513408988936494E+03   1.3374387E-15
  1.513991604336853E+03   1.4819695E-15
  1.514574218193135E+03   1.3059402E-15
  1.515156830505354E+03   1.4058285E-15
  1.515739441273521E+03   2.0530958E-15
  1.516322050497648E+03   1.3136136E-15
  1.516904658177748E+03   1.9753452E-15
  1.517487264313834E+03   1.5847266E-15
  1.518069868905916E+03   1.6467244E-15
  1.518652471954008E+03   1.7511535E-15
  1.519235073458122E+03   1.8372380E-15
  1.519817673418270E+03   1.3034606E-15
  1.520400271834465E+03   2.1987739E-15
  1.520982868706718E+03   1.6861635E-15
  1.521565464035042E+03   1.5248093E-15
  1.522148057819450E+03   1.5860798E-15
  1.522730650059952E+03   1.6751132E-15
  1.523313240756563E+03   1.4819647E-15
  1.523895829909294E+03   1.7512570E-15
  1.524478417518157E+03   1.7404314E-15
  1.525061003583165E+03   1.5817206E-15
  1.525643588104330E+03   1.4914354E-15
  1.526226171081664E+03   1.2833419E-15
  1.526808752515179E+03   1.5075173E-15
  1.527391332404888E+03   1.0109137E-15
  1.527973910750803E+03   1.0706290E-15
  1.528556487552937E+03   1.2480016E-15
  1.529139062811301E+03   1.6627236E-15
  1.529721636525907E+03   1.8833545E-15
  1.530304208696769E+03   1.8591579E-15
  1.530886779323898E+03   1.7286338E-15
  1.531469348407307E+03   1.8042585E-15
  1.532051915947007E+03   2.4804712E-15
  1.532634481943012E+03   1.8029393E-15
  1.533217046395333E+03   1.6044459E-15
  1.533799609303983E+03   1.8780825E-15
  1.534382170668974E+03   1.8123320E-15
  1.534964730490318E+03   1.5043591E-15
  1.535547288768028E+03   1.5903976E-15
  1.536129845502115E+03   1.5616005E-15
  1.536712400692593E+03   1.9954919E-15
  1.537294954339472E+03   1.7583452E-15
  1.537877506442767E+03   1.1594622E-15
  1.538460057002488E+03   1.4800483E-15
  1.539042606018649E+03   1.9075707E-15
  1.539625153491261E+03   1.8684770E-15
  1.540207699420336E+03   1.8811964E-15
  1.540790243805888E+03   2.0798430E-15
  1.541372786647928E+03   1.6532743E-15
  1.541955327946468E+03   2.0666164E-15
  1.542537867701521E+03   1.7762367E-15
  1.543120405913099E+03   1.7640773E-15
  1.543702942581214E+03   1.8602394E-15
  1.544285477705879E+03   1.8887041E-15
  1.544868011287106E+03   2.4602584E-15
  1.545450543324906E+03   1.5689762E-15
  1.546033073819294E+03   1.6778277E-15
  1.546615602770279E+03   1.4692659E-15
  1.547198130177876E+03   1.7984824E-15
  1.547780656042096E+03   1.6711102E-15
  1.548363180362951E+03   1.0854409E-15
  1.548945703140454E+03   1.4842981E-15
  1.549528224374617E+03   1.4882471E-15
  1.550110744065452E+03   1.2595159E-15
  1.550693262212972E+03   1.2932564E-15
  1.551275778817189E+03   1.4816121E-15
  1.551858293878114E+03   1.5727551E-15
  1.552440807395761E+03   1.2270689E-15
  1.553023319370142E+03   1.6118186E-15
  1.553605829801268E+03   2.0262839E-15
  1.554188338689152E+03   1.5734304E-15
  1.554770846033807E+03   1.8530226E-15
  1.555353351835244E+03   1.5517363E-15
  1.555935856093476E+03   1.6019070E-15
  1.556518358808516E+03   1.9005289E-15
  1.557100859980374E+03   1.2441753E-15
  1.557683359609065E+03   1.8290764E-15
  1.558265857694600E+03   1.7379476E-15
  1.558848354236990E+03   1.2233620E-15
  1.559430849236249E+03   1.3696593E-15
  1.560013342692389E+03   1.4842951E-15
  1.560595834605422E+03   1.8413770E-15
  1.561178324975361E+03   1.3338930E-15
  1.561760813802216E+03   1.4418406E-15
  1.562343301086002E+03   1.6187505E-15
  1.562925786826729E+03   1.5415949E-15
  1.563508271024411E+03   1.8709852E-15
  1.564090753679060E+03   1.5571932E-15
  1.564673234790688E+03   1.6455082E-15
  1.565255714359306E+03   1.9259903E-15
  1.565838192384928E+03   1.1773764E-15
  1.566420668867565E+03   1.2746204E-15
  1.567003143807231E+03   1.3780528E-15
  1.567585617203936E+03   9.3559935E-16
  1.568168089057694E+03   1.1481866E-15
  1.568750559368517E+03   1.8130725E-15
  1.569333028136417E+03   1.1348543E-15
  1.569915495361406E+03   1.1099774E-15
  1.570497961043496E+03   1.8878332E-15
  1.571080425182700E+03   1.3976428E-15
  1.571662887779030E+03   1.4619313E-15
  1.572245348832499E+03   1.5096904E-15
  1.572827808343117E+03   9.1528189E-16
  1.573410266310899E+03   1.0604148E-15
  1.573992722735856E+03   1.2750977E-15
  1.574575177618000E+03   1.4325122E-15
  1.575157630957343E+03   1.0383414E-15
  1.575740082753899E+03   1.0477363E-15
  1.576322533007678E+03   1.1659493E-15
  1.576904981718694E+03   1.2778968E-15
  1.577487428886958E+03   1.4162437E-15
  1.578069874512483E+03   1.6580279E-15
  1.578652318595281E+03   1.4427473E-15
  1.579234761135365E+03   1.3753371E-15
  1.579817202132746E+03   1.5257392E-15
  1.580399641587438E+03   1.4632340E-15
  1.580982079499451E+03   1.5462999E-15
  1.581564515868799E+03   1.5964461E-15
  1.582146950695493E+03   1.5961867E-15
  1.582729383979546E+03   1.0936878E-15
  1.583311815720971E+03   9.9048465E-16
  1.583894245919779E+03   1.6245383E-15
  1.584476674575982E+03   1.0984043E-15
  1.585059101689594E+03   1.4076766E-15
  1.585641527260625E+03   1.0743573E-15
  1.586223951289090E+03   1.2955299E-15
  1.586806373774999E+03   1.1403311E-15
  1.587388794718364E+03   1.0792789E-15
  1.587971214119200E+03   1.4589518E-15
  1.588553631977516E+03   1.3029162E-15
  1.589136048293326E+03   1.2838195E-15
  1.589718463066643E+03   1.1944000E-15
  1.590300876297477E+03   1.1455941E-15
  1.590883287985843E+03   1.0392760E-15
  1.591465698131750E+03   1.0490552E-15
  1.592048106735213E+03   1.5323558E-15
  1.592630513796243E+03   1.9639200E-15
  1.593212919314853E+03   1.4096064E-15
  1.593795323291055E+03   1.3437582E-15
  1.594377725724860E+03   1.2866160E-15
  1.594960126616282E+03   1.3915397E-15
  1.595542525965332E+03   1.1808692E-15
  1.596124923772023E+03   1.8010792E-15
  1.596707320036367E+03   1.5867417E-15
  1.597289714758377E+03   1.0367288E-15
  1.597872107938064E+03   1.4094838E-15
  1.598454499575441E+03   1.7787923E-15
  1.599036889670519E+03   1.2698380E-15
  1.599619278223313E+03   1.4085464E-15
  1.600201665233833E+03   1.3479921E-15
  1.600784050702091E+03   1.4754714E-15
  1.601366434628101E+03   2.3896858E-15
  1.601948817011874E+03   1.7637818E-15
  1.602531197853423E+03   1.6243092E-15
  1.603113577152759E+03   1.7240392E-15
  1.603695954909896E+03   2.4175400E-15
  1.604278331124844E+03   2.0032132E-15
  1.604860705797618E+03   1.8692247E-15
  1.605443078928228E+03   1.7387992E-15
  1.606025450516687E+03   1.8501897E-15
  1.606607820563008E+03   1.7612113E-15
  1.607190189067202E+03   2.2930711E-15
  1.607772556029283E+03   1.4949683E-15
  1.608354921449261E+03   2.2232823E-15
  1.608937285327149E+03   1.1881817E-15
  1.609519647662961E+03   1.5288096E-15
  1.610102008456706E+03   1.6535192E-15
  1.610684367708400E+03   2.3748987E-15
  1.611266725418052E+03   1.7772136E-15
  1.611849081585676E+03   1.5270660E-15
  1.612431436211284E+03   2.1858674E-15
  1.613013789294888E+03   1.9461545E-15
  1.613596140836501E+03   2.5024606E-15
  1.614178490836134E+03   2.5158388E-15
  1.614760839293799E+03   1.5441128E-15
  1.615343186209510E+03   2.1817917E-15
  1.615925531583278E+03   2.0254944E-15
  1.616507875415116E+03   2.3133044E-15
  1.617090217705035E+03   1.8861586E-15
  1.617672558453049E+03   1.9583834E-15
  1.618254897659169E+03   2.4008156E-15
  1.618837235323408E+03   2.1989630E-15
  1.619419571445777E+03   2.6989432E-15
  1.620001906026289E+03   2.2695962E-15
  1.620584239064957E+03   2.3394908E-15
  1.621166570561793E+03   2.6060246E-15
  1.621748900516808E+03   2.0164746E-15
  1.622331228930015E+03   2.3588625E-15
  1.622913555801426E+03   4.0118089E-15
  1.623495881131054E+03   2.5898411E-15
  1.624078204918911E+03   2.4030342E-15
  1.624660527165009E+03   2.9244043E-15
  1.625242847869360E+03   2.7654522E-15
  1.625825167031977E+03   2.5760265E-15
  1.626407484652872E+03   2.8212626E-15
  1.626989800732056E+03   2.2437539E-15
  1.627572115269543E+03   2.0246440E-15
  1.628154428265344E+03   2.2428509E-15
  1.628736739719472E+03   2.9622318E-15
  1.629319049631939E+03   2.2517717E-15
  1.629901358002757E+03   2.6446749E-15
  1.630483664831939E+03   2.4441523E-15
  1.631065970119497E+03   2.4632910E-15
  1.631648273865442E+03   2.7412771E-15
  1.632230576069788E+03   2.7228579E-15
  1.632812876732546E+03   3.3920732E-15
  1.633395175853729E+03   2.1388200E-15
  1.633977473433349E+03   2.5724651E-15
  1.634559769471418E+03   3.0002165E-15
  1.635142063967948E+03   3.0237590E-15
  1.635724356922953E+03   3.4104949E-15
  1.636306648336443E+03   3.0562531E-15
  1.636888938208431E+03   2.7095898E-15
  1.637471226538930E+03   2.7990773E-15
  1.638053513327951E+03   2.6966105E-15
  1.638635798575507E+03   3.6301232E-15
  1.639218082281611E+03   2.6311742E-15
  1.639800364446274E+03   2.5964152E-15
  1.640382645069508E+03   2.7872195E-15
  1.640964924151326E+03   2.2916523E-15
  1.641547201691741E+03   2.3425569E-15
  1.642129477690763E+03   2.2426356E-15
  1.642711752148407E+03   3.4116232E-15
  1.643294025064683E+03   2.4799321E-15
  1.643876296439604E+03   2.8870802E-15
  1.644458566273182E+03   2.5535102E-15
  1.645040834565430E+03   2.5715689E-15
  1.645623101316360E+03   2.5387888E-15
  1.646205366525984E+03   2.4318572E-15
  1.646787630194314E+03   2.9624655E-15
  1.647369892321363E+03   3.1155956E-15
  1.647952152907142E+03   2.4964259E-15
  1.648534411951664E+03   2.6770694E-15
  1.649116669454942E+03   2.0017709E-15
  1.649698925416987E+03   2.7496921E-15
  1.650281179837812E+03   3.0331636E-15
  1.650863432717428E+03   2.4850494E-15
  1.651445684055849E+03   3.1050629E-15
  1.652027933853087E+03   2.6396653E-15
  1.652610182109152E+03   2.6091687E-15
  1.653192428824059E+03   2.5590072E-15
  1.653774673997819E+03   2.6778945E-15
  1.654356917630445E+03   2.2634044E-15
  1.654939159721948E+03   3.1168974E-15
  1.655521400272341E+03   2.7782060E-15
  1.656103639281635E+03   2.1218432E-15
  1.656685876749845E+03   2.9040794E-15
  1.657268112676980E+03   2.7742680E-15
  1.657850347063055E+03   2.4497950E-15
  1.658432579908080E+03   2.6288502E-15
  1.659014811212069E+03   2.8599062E-15
  1.659597040975034E+03   2.4431372E-15
  1.660179269196986E+03   1.5651077E-15
  1.660761495877937E+03   2.7160736E-15
  1.661343721017902E+03   3.2148322E-15
  1.661925944616891E+03   3.3664016E-15
  1.662508166674916E+03   2.6094322E-15
  1.663090387191990E+03   2.5664755E-15
  1.663672606168126E+03   3.2605705E-15
  1.664254823603335E+03   3.2461915E-15
  1.664837039497629E+03   2.5152635E-15
  1.665419253851022E+03   2.7668585E-15
  1.666001466663524E+03   3.1540809E-15
  1.666583677935149E+03   3.9385804E-15
  1.667165887665908E+03   2.3120789E-15
  1.667748095855814E+03   2.4163525E-15
  1.668330302504879E+03   2.8463691E-15
  1.668912507613116E+03   2.7244243E-15
  1.669494711180535E+03   2.2447396E-15
  1.670076913207151E+03   2.3473007E-15
  1.670659113692975E+03   2.0655623E-15
  1.671241312638018E+03   1.5910090E-15
  1.671823510042295E+03   2.0731159E-15
  1.672405705905815E+03   1.4160357E-15
  1.672987900228593E+03   1.7410948E-15
  1.673570093010640E+03   2.6306724E-15
  1.674152284251968E+03   2.9196120E-15
  1.674734473952590E+03   2.9778775E-15
  1.675316662112518E+03   3.4739405E-15
  1.675898848731763E+03   3.6044174E-15
  1.676481033810339E+03   3.2783779E-15
  1.677063217348258E+03   2.7499861E-15
  1.677645399345531E+03   2.3510858E-15
  1.678227579802171E+03   2.3085123E-15
  1.678809758718191E+03   2.3428836E-15
  1.679391936093602E+03   2.7713654E-15
  1.679974111928416E+03   2.7492561E-15
  1.680556286222646E+03   3.6872030E-15
  1.681138458976305E+03   2.4352968E-15
  1.681720630189404E+03   2.9952944E-15
  1.682302799861955E+03   2.5389317E-15
  1.682884967993972E+03   2.4841234E-15
  1.683467134585465E+03   2.8010719E-15
  1.684049299636448E+03   3.1977230E-15
  1.684631463146932E+03   2.6479095E-15
  1.685213625116930E+03   3.0039255E-15
  1.685795785546454E+03   3.1803313E-15
  1.686377944435516E+03   3.1327893E-15
  1.686960101784128E+03   2.5845618E-15
  1.687542257592303E+03   2.7091684E-15
  1.688124411860053E+03   2.6954039E-15
  1.688706564587390E+03   2.0895731E-15
  1.689288715774327E+03   2.4919802E-15
  1.689870865420875E+03   2.8410470E-15
  1.690453013527047E+03   2.4817303E-15
  1.691035160092855E+03   2.2570650E-15
  1.691617305118311E+03   3.1599830E-15
  1.692199448603427E+03   1.9345125E-15
  1.692781590548216E+03   2.7887194E-15
  1.693363730952691E+03   2.6917093E-15
  1.693945869816862E+03   2.2299252E-15
  1.694528007140743E+03   2.1573497E-15
  1.695110142924345E+03   2.0626512E-15
  1.695692277167681E+03   2.0833483E-15
  1.696274409870763E+03   2.1711792E-15
  1.696856541033604E+03   2.5743072E-15
  1.697438670656215E+03   2.1595645E-15
  1.698020798738609E+03   2.4139812E-15
  1.698602925280797E+03   2.2296215E-15
  1.699185050282793E+03   1.9785093E-15
  1.699767173744608E+03   2.6826569E-15
  1.700349295666256E+03   1.7569825E-15
  1.700931416047747E+03   2.1020757E-15
  1.701513534889093E+03   2.3070664E-15
  1.702095652190309E+03   2.1655537E-15
  1.702677767951404E+03   2.4097770E-15
  1.703259882172393E+03   1.7299015E-15
  1.703841994853286E+03   2.5653627E-15
  1.704424105994097E+03   2.2941659E-15
  1.705006215594837E+03   2.2402215E-15
  1.705588323655519E+03   1.6828793E-15
  1.706170430176155E+03   2.9112823E-15
  1.706752535156756E+03   1.7353144E-15
  1.707334638597336E+03   1.5671785E-15
  1.707916740497907E+03   2.6326106E-15
  1.708498840858480E+03   1.5938481E-15
  1.709080939679069E+03   2.1805360E-15
  1.709663036959684E+03   2.2140853E-15
  1.710245132700340E+03   2.0350517E-15
  1.710827226901046E+03   2.1212024E-15
  1.711409319561817E+03   1.6889777E-15
  1.711991410682664E+03   1.9460252E-15
  1.712573500263599E+03   1.3531884E-15
  1.713155588304634E+03   2.4305172E-15
  1.713737674805782E+03   1.7373871E-15
  1.714319759767056E+03   1.0851276E-15
  1.714901843188466E+03   2.5031217E-15
  1.715483925070026E+03   4.0305555E-15
  1.716066005411748E+03  -1.5771016E-17
