

  1.590996046528671E+03  -8.7897160E-15
  1.592539520423734E+03  -3.4513020E-15
  1.594083003165714E+03  -3.2168837E-15
  1.595626494754763E+03  -3.3577970E-15
  1.597169995191033E+03   2.3889544E-15
  1.598713504474677E+03  -2.6246313E-15
  1.600257022605846E+03  -1.1373713E-15
  1.601800549584693E+03   3.1989889E-15
  1.603344085411370E+03   3.5841776E-15
  1.604887630086028E+03  -2.3468210E-16
  1.606431183608821E+03   1.8890766E-15
  1.607974745979900E+03   2.6414748E-15
  1.609518317199417E+03   2.7211306E-15
  1.611061897267525E+03  -6.8324602E-18
  1.612605486184376E+03  -1.7648512E-15
  1.614149083950122E+03   2.9088683E-15
  1.615692690564915E+03   8.1974642E-16
  1.617236306028907E+03   2.9475971E-16
  1.618779930342251E+03   7.3703577E-16
  1.620323563505098E+03   5.5938395E-16
  1.621867205517602E+03   1.0307108E-15
  1.623410856379913E+03   1.5775586E-18
  1.624954516092185E+03  -1.4017087E-18
  1.626498184654570E+03   1.7035959E-16
  1.628041862067219E+03   8.1726530E-16
  1.629585548330286E+03   6.8328830E-16
  1.631129243443921E+03   5.4034355E-16
  1.632672947408278E+03   3.7527374E-16
  1.634216660223509E+03  -5.5812674E-16
  1.635760381889766E+03   1.5004581E-16
  1.637304112407201E+03  -1.9257575E-16
  1.638847851775966E+03   9.7761280E-17
  1.640391599996214E+03  -4.1824443E-16
  1.641935357068097E+03   2.6664870E-16
  1.643479122991768E+03   1.4879473E-16
  1.645022897767378E+03  -4.8257853E-18
  1.646566681395079E+03   1.2086227E-16
  1.648110473875025E+03   5.6242135E-16
  1.649654275207367E+03  -5.1335379E-16
  1.651198085392257E+03   3.8269436E-16
  1.652741904429849E+03  -2.0854399E-16
  1.654285732320293E+03  -3.5432426E-16
  1.655829569063744E+03   8.1738752E-17
  1.657373414660352E+03   6.8742018E-17
  1.658917269110270E+03  -2.4229256E-16
  1.660461132413651E+03   4.1929327E-16
  1.662005004570646E+03   8.0270348E-16
  1.663548885581408E+03  -9.2698161E-17
  1.665092775446090E+03   2.5288158E-16
  1.666636674164843E+03   4.0731308E-16
  1.668180581737821E+03  -3.9821189E-16
  1.669724498165175E+03   1.5819164E-16
  1.671268423447058E+03   2.3676672E-17
  1.672812357583621E+03   1.4558033E-16
  1.674356300575019E+03  -2.0364831E-16
  1.675900252421402E+03   3.7946592E-16
  1.677444213122923E+03  -3.1343986E-16
  1.678988182679734E+03   3.7741194E-17
  1.680532161091989E+03  -1.8990557E-16
  1.682076148359838E+03  -8.4915996E-18
  1.683620144483436E+03   8.6674949E-17
  1.685164149462933E+03  -1.3264568E-16
  1.686708163298483E+03   2.4441403E-16
  1.688252185990237E+03   2.9679457E-16
  1.689796217538349E+03   7.2103028E-16
  1.691340257942970E+03  -1.2681645E-16
  1.692884307204254E+03   1.7324226E-16
  1.694428365322351E+03  -2.1346968E-16
  1.695972432297416E+03   2.5267858E-16
  1.697516508129600E+03   1.3616513E-16
  1.699060592819055E+03   9.6140708E-17
  1.700604686365934E+03   2.1582037E-16
  1.702148788770390E+03  -1.4053539E-16
  1.703692900032575E+03   2.6369160E-16
  1.705237020152641E+03  -1.7023693E-16
  1.706781149130741E+03   2.9949200E-16
  1.708325286967028E+03   1.5703712E-16
  1.709869433661652E+03  -1.3718070E-16
  1.711413589214769E+03  -1.1033897E-16
  1.712957753626529E+03  -4.0787487E-16
  1.714501926897084E+03   1.3719676E-16
  1.716046109026589E+03   3.9681871E-16
  1.717590300015194E+03   3.3524092E-16
  1.719134499863053E+03   1.7248467E-16
  1.720678708570318E+03   9.4061280E-18
  1.722222926137142E+03  -1.9101965E-16
  1.723767152563676E+03   2.8645418E-16
  1.725311387850074E+03   3.8613212E-16
  1.726855631996488E+03   6.3896413E-17
  1.728399885003070E+03   3.9089517E-16
  1.729944146869974E+03  -3.5171823E-18
  1.731488417597350E+03   8.3017229E-17
  1.733032697185353E+03   1.5651935E-17
  1.734576985634135E+03   1.8354014E-17
  1.736121282943847E+03  -1.4414058E-16
  1.737665589114643E+03  -6.7498778E-17
  1.739209904146675E+03   1.6415058E-17
  1.740754228040096E+03   4.2593041E-16
  1.742298560795058E+03   2.2003454E-16
  1.743842902411714E+03   1.5757218E-16
  1.745387252890216E+03   4.0622377E-17
  1.746931612230717E+03   1.7542107E-16
  1.748475980433369E+03   2.7236085E-16
  1.750020357498326E+03   3.3379668E-16
  1.751564743425739E+03  -2.6009429E-17
  1.753109138215761E+03   2.7375390E-16
  1.754653541868544E+03   5.6484240E-17
  1.756197954384242E+03   9.0025395E-17
  1.757742375763007E+03   4.3773935E-16
  1.759286806004992E+03   3.3978867E-16
  1.760831245110348E+03   1.9205229E-16
  1.762375693079229E+03  -5.8992926E-17
  1.763920149911788E+03   2.2812193E-16
  1.765464615608176E+03   5.4960823E-16
  1.767009090168547E+03   1.2052596E-16
  1.768553573593053E+03   1.2553949E-16
  1.770098065881847E+03   1.2802033E-16
  1.771642567035081E+03   2.3739557E-17
  1.773187077052908E+03  -4.7493663E-17
  1.774731595935481E+03   2.2042974E-16
  1.776276123682952E+03   1.4271839E-16
  1.777820660295474E+03   2.0261405E-16
  1.779365205773199E+03  -1.5810441E-17
  1.780909760116280E+03   2.6360076E-16
  1.782454323324871E+03   7.3574413E-17
  1.783998895399123E+03  -8.1297726E-17
  1.785543476339190E+03   1.7933723E-16
  1.787088066145223E+03   1.8291949E-16
  1.788632664817375E+03   1.8777717E-16
  1.790177272355801E+03   1.4042190E-18
  1.791721888760650E+03   1.7056230E-16
  1.793266514032078E+03   2.9758221E-16
  1.794811148170236E+03   2.8904986E-16
  1.796355791175276E+03   2.1996604E-16
  1.797900443047353E+03   3.3581137E-16
  1.799445103786618E+03   4.2255448E-16
  1.800989773393224E+03   1.0538972E-16
  1.802534451867323E+03   1.0000344E-16
  1.804079139209070E+03   2.0440230E-17
  1.805623835418615E+03   2.3222893E-16
  1.807168540496113E+03   6.0841583E-17
  1.808713254441715E+03   2.8196004E-16
  1.810257977255575E+03   1.2331834E-16
  1.811802708937845E+03   3.9600254E-16
  1.813347449488678E+03   3.5519926E-17
  1.814892198908226E+03   1.0769048E-16
  1.816436957196644E+03   1.1440243E-16
  1.817981724354082E+03   1.6014836E-16
  1.819526500380694E+03   2.5783527E-16
  1.821071285276633E+03   3.4340651E-16
  1.822616079042051E+03   3.2644086E-16
  1.824160881677102E+03   1.4575799E-16
  1.825705693181938E+03   1.5435501E-16
  1.827250513556712E+03   3.0109507E-16
  1.828795342801576E+03   5.6543266E-16
  1.830340180916684E+03   1.8208538E-16
  1.831885027902188E+03   2.1182096E-16
  1.833429883758241E+03   8.5584374E-17
  1.834974748484996E+03   2.8150624E-16
  1.836519622082605E+03   2.8391263E-16
  1.838064504551222E+03   2.9243034E-16
  1.839609395890999E+03   3.7828311E-16
  1.841154296102090E+03   2.8429944E-16
  1.842699205184646E+03   3.1762608E-16
  1.844244123138821E+03   2.7497273E-16
  1.845789049964768E+03   2.4507630E-16
  1.847333985662638E+03   2.1286560E-16
  1.848878930232587E+03   3.0150024E-16
  1.850423883674766E+03   3.2713529E-16
  1.851968845989327E+03   3.6819839E-16
  1.853513817176425E+03   2.0611840E-16
  1.855058797236211E+03   5.4593582E-16
  1.856603786168838E+03   3.4176427E-16
  1.858148783974460E+03   4.1777113E-16
  1.859693790653230E+03   2.2841450E-16
  1.861238806205300E+03   1.5977405E-16
  1.862783830630823E+03   3.4520555E-16
  1.864328863929951E+03   2.4935665E-16
  1.865873906102839E+03   3.3016293E-16
  1.867418957149639E+03   8.2290971E-17
  1.868964017070503E+03   3.7171019E-16
  1.870509085865585E+03   3.7822925E-16
  1.872054163535037E+03   4.1610533E-16
  1.873599250079013E+03   3.6903973E-16
  1.875144345497665E+03   2.9582565E-16
  1.876689449791146E+03   4.4545071E-16
  1.878234562959610E+03   5.7000489E-16
  1.879779685003208E+03   4.8157682E-16
  1.881324815922095E+03   3.5181421E-16
  1.882869955716423E+03   5.2126413E-16
  1.884415104386344E+03   2.2030487E-16
  1.885960261932013E+03   4.3776783E-16
  1.887505428353582E+03   2.7133967E-16
  1.889050603651203E+03   2.7861857E-16
  1.890595787825030E+03   5.2748479E-16
  1.892140980875216E+03   3.9008903E-16
  1.893686182801914E+03   2.8543740E-16
  1.895231393605276E+03   4.2875273E-16
  1.896776613285456E+03   4.6622139E-16
  1.898321841842607E+03   5.1654663E-16
  1.899867079276881E+03   3.2606322E-16
  1.901412325588432E+03   4.1004831E-16
  1.902957580777413E+03   4.8415170E-16
  1.904502844843977E+03   3.0287521E-16
  1.906048117788275E+03   3.7611746E-16
  1.907593399610463E+03   4.2590770E-16
  1.909138690310693E+03   4.4683593E-16
  1.910683989889117E+03   4.9105242E-16
  1.912229298345889E+03   3.5323325E-16
  1.913774615681162E+03   7.8004561E-16
  1.915319941895089E+03   3.9349657E-16
  1.916865276987822E+03   4.0311256E-16
  1.918410620959515E+03   4.5754676E-16
  1.919955973810322E+03   4.3639323E-16
  1.921501335540394E+03   3.2287678E-16
  1.923046706149885E+03   3.2200106E-16
  1.924592085638949E+03   5.1818628E-16
  1.926137474007738E+03   3.3735342E-16
  1.927682871256405E+03   4.8527439E-16
  1.929228277385103E+03   3.7294493E-16
  1.930773692393986E+03   3.8607542E-16
  1.932319116283206E+03   4.3511651E-16
  1.933864549052917E+03   3.9802028E-16
  1.935409990703271E+03   4.2329640E-16
  1.936955441234422E+03   2.9869870E-16
  1.938500900646524E+03   3.2767716E-16
  1.940046368939728E+03   4.0514483E-16
  1.941591846114188E+03   3.7395091E-16
  1.943137332170057E+03   3.3140495E-16
  1.944682827107489E+03   2.9659253E-16
  1.946228330926636E+03   3.3469641E-16
  1.947773843627652E+03   3.8338702E-16
  1.949319365210690E+03   3.7463214E-16
  1.950864895675902E+03   3.8187467E-16
  1.952410435023442E+03   4.0385885E-16
  1.953955983253464E+03   3.3970876E-16
  1.955501540366119E+03   4.4697950E-16
  1.957047106361562E+03   5.3684964E-16
  1.958592681239946E+03   2.1841128E-16
  1.960138265001423E+03   2.6452328E-16
  1.961683857646148E+03   3.9999466E-16
  1.963229459174272E+03   2.6181442E-16
  1.964775069585950E+03   3.5776644E-16
  1.966320688881334E+03   4.6236389E-16
  1.967866317060578E+03   4.3592140E-16
  1.969411954123834E+03   3.4947907E-16
  1.970957600071257E+03   2.6277622E-16
  1.972503254902999E+03   3.8697100E-16
  1.974048918619213E+03   4.2744406E-16
  1.975594591220053E+03   4.7418434E-16
  1.977140272705672E+03   4.0666796E-16
  1.978685963076222E+03   4.0247014E-16
  1.980231662331858E+03   3.5138632E-16
  1.981777370472732E+03   3.6500664E-16
  1.983323087498999E+03   2.9548530E-16
  1.984868813410810E+03   1.9263677E-16
  1.986414548208319E+03   3.1363857E-16
  1.987960291891680E+03   3.6073595E-16
  1.989506044461045E+03   3.5401933E-16
  1.991051805916568E+03   5.7043106E-16
  1.992597576258403E+03   5.6349285E-16
  1.994143355486702E+03   4.1117801E-16
  1.995689143601619E+03   4.9338822E-16
  1.997234940603306E+03   4.5682017E-16
  1.998780746491918E+03   3.8750503E-16
  2.000326561267607E+03   4.2809212E-16
  2.001872384930527E+03   4.6433917E-16
  2.003418217480831E+03   5.2062817E-16
  2.004964058918673E+03   4.6846528E-16
  2.006509909244205E+03   4.7379323E-16
  2.008055768457581E+03   4.8743999E-16
  2.009601636558955E+03   4.2596869E-16
  2.011147513548479E+03   4.1482954E-16
  2.012693399426307E+03   3.1397876E-16
  2.014239294192592E+03   4.9276470E-16
  2.015785197847488E+03   4.2596895E-16
  2.017331110391147E+03   4.6857196E-16
  2.018877031823724E+03   4.9462918E-16
  2.020422962145371E+03   3.9878160E-16
  2.021968901356242E+03   4.5469539E-16
  2.023514849456490E+03   3.5528445E-16
  2.025060806446269E+03   4.3032061E-16
  2.026606772325732E+03   3.2577263E-16
  2.028152747095032E+03   3.9325760E-16
  2.029698730754323E+03   3.7919383E-16
  2.031244723303757E+03   4.2936346E-16
  2.032790724743489E+03   4.8473096E-16
  2.034336735073672E+03   4.6085157E-16
  2.035882754294459E+03   4.7048159E-16
  2.037428782406003E+03   3.7704144E-16
  2.038974819408458E+03   4.2531560E-16
  2.040520865301977E+03   3.4866240E-16
  2.042066920086714E+03   3.4394342E-16
  2.043612983762822E+03   3.1018632E-16
  2.045159056330455E+03   4.2557685E-16
  2.046705137789765E+03   2.5437037E-16
  2.048251228140907E+03   2.9670500E-16
  2.049797327384034E+03   2.9835383E-16
  2.051343435519298E+03   2.6239035E-16
  2.052889552546854E+03   3.0167915E-16
  2.054435678466855E+03   3.5168024E-16
  2.055981813279455E+03   3.7393217E-16
  2.057527956984806E+03   3.7718081E-16
  2.059074109583063E+03   2.2876491E-16
  2.060620271074379E+03   2.3773719E-16
  2.062166441458906E+03   3.0736877E-16
  2.063712620736800E+03   4.2430456E-16
  2.065258808908212E+03   3.2394314E-16
  2.066805005973297E+03   2.5548083E-16
  2.068351211932208E+03   3.8692664E-16
  2.069897426785099E+03   3.1020316E-16
  2.071443650532122E+03   2.6555219E-16
  2.072989883173432E+03   1.6878546E-16
  2.074536124709182E+03   3.8302099E-16
  2.076082375139526E+03   2.5401515E-16
  2.077628634464616E+03   2.7478858E-16
  2.079174902684608E+03   3.7324372E-16
  2.080721179799653E+03   2.5758542E-16
  2.082267465809906E+03   2.8279775E-16
  2.083813760715519E+03   2.0593032E-16
  2.085360064516647E+03   2.9245406E-16
  2.086906377213444E+03   3.0342441E-16
  2.088452698806062E+03   2.9960569E-16
  2.089999029294654E+03   3.0288294E-16
  2.091545368679376E+03   2.5932173E-16
  2.093091716960379E+03   2.8884898E-16
  2.094638074137819E+03   2.5300056E-16
  2.096184440211848E+03   2.2160988E-16
  2.097730815182620E+03   2.5793726E-16
  2.099277199050288E+03   3.1726559E-16
  2.100823591815006E+03   3.0054741E-16
  2.102369993476927E+03   2.3900329E-16
  2.103916404036206E+03   2.9207917E-16
  2.105462823492996E+03   2.5095058E-16
  2.107009251847449E+03   3.2972639E-16
  2.108555689099721E+03   2.8224951E-16
  2.110102135249964E+03   2.7871773E-16
  2.111648590298332E+03   3.1953826E-16
  2.113195054244979E+03   2.4027752E-16
  2.114741527090057E+03   1.6896603E-16
  2.116288008833722E+03   2.3338577E-16
  2.117834499476126E+03   2.8749696E-16
  2.119380999017424E+03   2.2454841E-16
  2.120927507457768E+03   2.3398390E-16
  2.122474024797312E+03   1.7922005E-16
  2.124020551036211E+03   2.4671682E-16
  2.125567086174616E+03   3.3351838E-16
  2.127113630212684E+03   2.7219647E-16
  2.128660183150566E+03   2.7351207E-16
  2.130206744988416E+03   1.8827596E-16
  2.131753315726389E+03   2.4890704E-16
  2.133299895364637E+03   2.2792116E-16
  2.134846483903316E+03   2.1999976E-16
  2.136393081342577E+03   2.4895593E-16
  2.137939687682575E+03   2.1365006E-16
  2.139486302923463E+03   3.1644659E-16
  2.141032927065397E+03   2.8690213E-16
  2.142579560108527E+03   2.5299037E-16
  2.144126202053009E+03   3.0944610E-16
  2.145672852898996E+03   2.1438477E-16
  2.147219512646643E+03   2.8713647E-16
  2.148766181296101E+03   3.0115775E-16
  2.150312858847527E+03   1.9202079E-16
  2.151859545301073E+03   3.4042537E-16
  2.153406240656891E+03   1.9092608E-16
  2.154952944915139E+03   2.9023269E-16
  2.156499658075966E+03   2.2253181E-16
  2.158046380139529E+03   2.3276000E-16
  2.159593111105980E+03   2.6492779E-16
  2.161139850975474E+03   2.6572231E-16
  2.162686599748164E+03   1.8993394E-16
  2.164233357424204E+03   3.0402273E-16
  2.165780124003748E+03   2.2321475E-16
  2.167326899486949E+03   2.5302457E-16
  2.168873683873961E+03   2.2294463E-16
  2.170420477164938E+03   2.5410184E-16
  2.171967279360033E+03   2.4583683E-16
  2.173514090459401E+03   3.4749566E-16
  2.175060910463196E+03   2.5819743E-16
  2.176607739371570E+03   2.0407127E-16
  2.178154577184679E+03   1.9422604E-16
  2.179701423902674E+03   1.5719296E-16
  2.181248279525711E+03   2.1146899E-16
  2.182795144053944E+03   1.1861755E-16
  2.184342017487525E+03   1.8602728E-16
  2.185888899826609E+03   1.6134178E-16
  2.187435791071350E+03   2.7398594E-16
  2.188982691221901E+03   2.4902962E-16
  2.190529600278416E+03   1.0581222E-16
  2.192076518241050E+03   9.6176204E-17
  2.193623445109955E+03   2.5171522E-16
  2.195170380885286E+03   1.9443443E-16
  2.196717325567196E+03   2.1622794E-16
  2.198264279155841E+03   1.8408343E-16
  2.199811241651371E+03   1.8616101E-16
  2.201358213053943E+03   1.5291248E-16
  2.202905193363711E+03   1.6112543E-16
  2.204452182580827E+03   2.3361579E-16
  2.205999180705446E+03   2.2074838E-16
  2.207546187737721E+03   1.1361278E-16
  2.209093203677807E+03   2.1581093E-16
  2.210640228525857E+03   2.1041164E-16
  2.212187262282025E+03   1.7818339E-16
  2.213734304946465E+03   2.3089406E-16
  2.215281356519331E+03   2.0818270E-16
  2.216828417000777E+03   2.1769970E-16
  2.218375486390958E+03   1.1858842E-16
  2.219922564690025E+03   2.3333177E-16
  2.221469651898134E+03   1.4924261E-16
  2.223016748015438E+03   1.9172032E-16
  2.224563853042092E+03   2.0538371E-16
  2.226110966978250E+03   2.5068753E-16
  2.227658089824064E+03   1.8066616E-16
  2.229205221579689E+03   2.1953477E-16
  2.230752362245280E+03   1.5697538E-16
  2.232299511820991E+03   2.3483292E-16
  2.233846670306973E+03   2.1417772E-16
  2.235393837703383E+03   1.8302929E-16
  2.236941014010373E+03   2.1359327E-16
  2.238488199228099E+03   2.6564592E-16
  2.240035393356713E+03   2.7819704E-16
  2.241582596396370E+03   2.2078495E-16
  2.243129808347224E+03   2.1144783E-16
  2.244677029209429E+03   2.0796624E-16
  2.246224258983138E+03   2.4669554E-16
  2.247771497668506E+03   1.8358448E-16
  2.249318745265687E+03   2.2463679E-16
  2.250866001774834E+03   2.7933635E-16
  2.252413267196102E+03   2.2781211E-16
  2.253960541529645E+03   2.3947993E-16
  2.255507824775616E+03   2.9161351E-16
  2.257055116934171E+03   2.3629027E-16
  2.258602418005461E+03   3.0798248E-16
  2.260149727989643E+03   2.5738459E-16
  2.261697046886869E+03   3.0520357E-16
  2.263244374697294E+03   3.3335538E-16
  2.264791711421072E+03   3.1896346E-16
  2.266339057058357E+03   3.0265207E-16
  2.267886411609303E+03   2.4112288E-16
  2.269433775074063E+03   3.5881875E-16
  2.270981147452792E+03   3.3715982E-16
  2.272528528745645E+03   3.5043418E-16
  2.274075918952775E+03   4.1470278E-16
  2.275623318074336E+03   3.5612216E-16
  2.277170726110482E+03   3.3129920E-16
  2.278718143061367E+03   3.7220962E-16
  2.280265568927146E+03   3.3984889E-16
  2.281813003707972E+03   3.8298068E-16
  2.283360447404000E+03   3.6242547E-16
  2.284907900015384E+03   3.3330622E-16
  2.286455361542276E+03   4.0505478E-16
  2.288002831984834E+03   3.5987926E-16
  2.289550311343209E+03   4.7430759E-16
  2.291097799617556E+03   4.4457408E-16
  2.292645296808029E+03   4.5062672E-16
  2.294192802914783E+03   3.8036404E-16
  2.295740317937970E+03   3.8403338E-16
  2.297287841877746E+03   4.3578718E-16
  2.298835374734266E+03   4.8047197E-16
  2.300382916507682E+03   4.3778662E-16
  2.301930467198148E+03   5.0482010E-16
  2.303478026805820E+03   4.8966085E-16
  2.305025595330852E+03   4.6945144E-16
  2.306573172773396E+03   4.8021315E-16
  2.308120759133608E+03   4.2527409E-16
  2.309668354411642E+03   4.4058898E-16
  2.311215958607651E+03   4.7845381E-16
  2.312763571721791E+03   4.8271539E-16
  2.314311193754214E+03   4.4660289E-16
  2.315858824705077E+03   4.4813983E-16
  2.317406464574532E+03   5.2788173E-16
  2.318954113362733E+03   5.3639182E-16
  2.320501771069836E+03   4.7104466E-16
  2.322049437695993E+03   4.8835849E-16
  2.323597113241361E+03   5.6496515E-16
  2.325144797706091E+03   5.7724687E-16
  2.326692491090339E+03   5.8571137E-16
  2.328240193394260E+03   4.8205593E-16
  2.329787904618006E+03   5.8702523E-16
  2.331335624761733E+03   5.5745493E-16
  2.332883353825595E+03   5.0067149E-16
  2.334431091809745E+03   5.3414448E-16
  2.335978838714339E+03   6.0075902E-16
  2.337526594539530E+03   5.2508748E-16
  2.339074359285473E+03   5.8495487E-16
  2.340622132952321E+03   4.3911652E-16
  2.342169915540229E+03   5.2044817E-16
  2.343717707049353E+03   4.7275042E-16
  2.345265507479844E+03   4.8307205E-16
  2.346813316831859E+03   4.9807184E-16
  2.348361135105551E+03   4.8390653E-16
  2.349908962301074E+03   5.7082964E-16
  2.351456798418583E+03   5.0196978E-16
  2.353004643458231E+03   6.7208443E-16
  2.354552497420175E+03   6.1875683E-16
  2.356100360304567E+03   6.3424583E-16
  2.357648232111562E+03   5.2545424E-16
  2.359196112841314E+03   6.4442071E-16
  2.360744002493977E+03   6.0180870E-16
  2.362291901069706E+03   6.5972135E-16
  2.363839808568656E+03   5.4930616E-16
  2.365387724990981E+03   5.6921853E-16
  2.366935650336833E+03   5.5434648E-16
  2.368483584606369E+03   6.3749134E-16
  2.370031527799742E+03   5.5432218E-16
  2.371579479917108E+03   6.1254315E-16
  2.373127440958619E+03   5.7911177E-16
  2.374675410924431E+03   6.2264158E-16
  2.376223389814698E+03   5.2989322E-16
  2.377771377629574E+03   4.8907910E-16
  2.379319374369213E+03   4.3003987E-16
  2.380867380033771E+03   5.2557558E-16
  2.382415394623401E+03   4.1957870E-16
  2.383963418138257E+03   3.7164566E-16
  2.385511450578495E+03   3.0389515E-16
  2.387059491944268E+03   4.6842960E-16
  2.388607542235731E+03   4.8859433E-16
  2.390155601453037E+03   4.4523636E-16
  2.391703669596343E+03   5.0333387E-16
  2.393251746665802E+03   5.6159026E-16
  2.394799832661568E+03   4.8434720E-16
  2.396347927583796E+03   5.5367431E-16
  2.397896031432640E+03   4.7660665E-16
  2.399444144208255E+03   5.4246912E-16
  2.400992265910796E+03   4.5876660E-16
  2.402540396540415E+03   5.3697130E-16
  2.404088536097269E+03   5.1277649E-16
  2.405636684581511E+03   4.4610578E-16
  2.407184841993296E+03   4.7050494E-16
  2.408733008332777E+03   4.0480080E-16
  2.410281183600111E+03   4.7404284E-16
  2.411829367795452E+03   3.5603090E-16
  2.413377560918952E+03   4.1025972E-16
  2.414925762970768E+03   3.9397331E-16
  2.416473973951053E+03   3.4638062E-16
  2.418022193859963E+03   4.0050171E-16
  2.419570422697651E+03   3.9607173E-16
  2.421118660464272E+03   3.4410269E-16
  2.422666907159980E+03   3.6754462E-16
  2.424215162784931E+03   3.7370392E-16
  2.425763427339278E+03   4.2638717E-16
  2.427311700823177E+03   3.7628176E-16
  2.428859983236780E+03   3.7141024E-16
  2.430408274580243E+03   4.2441205E-16
  2.431956574853722E+03   3.2957025E-16
  2.433504884057369E+03   3.2241563E-16
  2.435053202191339E+03   3.9990794E-16
  2.436601529255788E+03   3.9291092E-16
  2.438149865250869E+03   4.2944409E-16
  2.439698210176738E+03   4.6168145E-16
  2.441246564033549E+03   4.1482054E-16
  2.442794926821455E+03   4.3629068E-16
  2.444343298540612E+03   4.4773685E-16
  2.445891679191175E+03   4.5989786E-16
  2.447440068773297E+03   4.5558779E-16
  2.448988467287134E+03   4.8189790E-16
  2.450536874732840E+03   4.2037147E-16
  2.452085291110569E+03   4.5695395E-16
  2.453633716420477E+03   4.2508944E-16
  2.455182150662718E+03   4.5029664E-16
  2.456730593837446E+03   4.0002550E-16
  2.458279045944816E+03   4.0016205E-16
  2.459827506984982E+03   4.4776544E-16
  2.461375976958100E+03   4.9417660E-16
  2.462924455864322E+03   4.1166857E-16
  2.464472943703806E+03   3.9972194E-16
  2.466021440476704E+03   4.3267811E-16
  2.467569946183172E+03   4.0817657E-16
  2.469118460823365E+03   4.4550185E-16
  2.470666984397435E+03   4.6096502E-16
  2.472215516905540E+03   4.1679402E-16
  2.473764058347832E+03   4.6723941E-16
  2.475312608724467E+03   4.2905578E-16
  2.476861168035600E+03   3.8172421E-16
  2.478409736281385E+03   4.9710098E-16
  2.479958313461975E+03   4.4797106E-16
  2.481506899577528E+03   3.8413516E-16
  2.483055494628196E+03   3.7790089E-16
  2.484604098614135E+03   4.6540479E-16
  2.486152711535499E+03   4.1126250E-16
  2.487701333392443E+03   3.9862713E-16
  2.489249964185123E+03   4.8364777E-16
  2.490798603913690E+03   4.3122731E-16
  2.492347252578303E+03   4.9348685E-16
  2.493895910179114E+03   4.2983357E-16
  2.495444576716278E+03   4.3371795E-16
  2.496993252189950E+03   4.3492498E-16
  2.498541936600286E+03   4.6503453E-16
  2.500090629947438E+03   5.3722149E-16
  2.501639332231563E+03   4.5891001E-16
  2.503188043452815E+03   4.8609050E-16
  2.504736763611349E+03   4.7158559E-16
  2.506285492707319E+03   4.3600425E-16
  2.507834230740880E+03   4.0159420E-16
  2.509382977712186E+03   4.5403073E-16
  2.510931733621394E+03   4.1529861E-16
  2.512480498468657E+03   4.2225275E-16
  2.514029272254130E+03   4.5900890E-16
  2.515578054977968E+03   3.9274729E-16
  2.517126846640325E+03   4.3732224E-16
  2.518675647241358E+03   5.0957333E-16
  2.520224456781218E+03   4.4263549E-16
  2.521773275260063E+03   4.5182469E-16
  2.523322102678047E+03   4.3639947E-16
  2.524870939035323E+03   4.5920578E-16
  2.526419784332049E+03   4.7630521E-16
  2.527968638568378E+03   4.7754262E-16
  2.529517501744464E+03   4.4935495E-16
  2.531066373860463E+03   4.9656407E-16
  2.532615254916529E+03   4.2490452E-16
  2.534164144912817E+03   4.4166746E-16
  2.535713043849483E+03   4.7247842E-16
  2.537261951726680E+03   4.6848259E-16
  2.538810868544565E+03   5.6196629E-16
  2.540359794303290E+03   6.2112227E-16
  2.541908729003012E+03   5.8696106E-16
  2.543457672643885E+03   5.5551226E-16
  2.545006625226064E+03   4.7571768E-16
  2.546555586749705E+03   6.0404916E-16
  2.548104557214960E+03   5.7149504E-16
  2.549653536621987E+03   5.7447251E-16
  2.551202524970939E+03   5.7640354E-16
  2.552751522261971E+03   6.1196595E-16
  2.554300528495238E+03   5.9507066E-16
  2.555849543670895E+03   6.0226870E-16
  2.557398567789098E+03   6.5796281E-16
  2.558947600850000E+03   5.3785269E-16
  2.560496642853756E+03   5.9929302E-16
  2.562045693800522E+03   6.9120133E-16
  2.563594753690453E+03   6.0584471E-16
  2.565143822523703E+03   6.3775032E-16
  2.566692900300427E+03   6.6427564E-16
  2.568241987020780E+03   6.3813578E-16
  2.569791082684918E+03   6.6854945E-16
  2.571340187292994E+03   6.1029629E-16
  2.572889300845165E+03   5.9347739E-16
  2.574438423341584E+03   6.5383082E-16
  2.575987554782407E+03   5.7266791E-16
  2.577536695167788E+03   7.2378579E-16
  2.579085844497883E+03   6.2202823E-16
  2.580635002772847E+03   5.1385735E-16
  2.582184169992835E+03   5.8800805E-16
  2.583733346158000E+03   5.5130421E-16
  2.585282531268499E+03   5.6617779E-16
  2.586831725324486E+03   5.6070463E-16
  2.588380928326117E+03   4.6803277E-16
  2.589930140273546E+03   4.9212805E-16
  2.591479361166928E+03   5.9729058E-16
  2.593028591006419E+03   5.7342611E-16
  2.594577829792172E+03   6.1998762E-16
  2.596127077524345E+03   5.8261165E-16
  2.597676334203090E+03   5.7747308E-16
  2.599225599828563E+03   5.5341146E-16
  2.600774874400920E+03   5.3303820E-16
  2.602324157920315E+03   5.1205715E-16
  2.603873450386903E+03   4.4363793E-16
  2.605422751800839E+03   6.3451286E-16
  2.606972062162279E+03   7.0904207E-16
  2.608521381471377E+03   6.9406118E-16
  2.610070709728288E+03   7.2744783E-16
  2.611620046933167E+03   7.9865191E-16
  2.613169393086170E+03   7.8509594E-16
  2.614718748187451E+03   8.3700122E-16
  2.616268112237166E+03   7.5581285E-16
  2.617817485235469E+03   7.1628118E-16
  2.619366867182516E+03   8.1483400E-16
  2.620916258078461E+03   8.2583944E-16
  2.622465657923460E+03   8.2532820E-16
  2.624015066717668E+03   8.8493571E-16
  2.625564484461240E+03   8.8342222E-16
  2.627113911154330E+03   8.2465090E-16
  2.628663346797095E+03   9.4511852E-16
  2.630212791389688E+03   9.4006723E-16
  2.631762244932265E+03   1.0480388E-15
  2.633311707424983E+03   9.6390052E-16
  2.634861178867994E+03   9.9891908E-16
  2.636410659261454E+03   9.9326990E-16
  2.637960148605519E+03   1.0407363E-15
  2.639509646900344E+03   1.0769606E-15
  2.641059154146084E+03   9.6935763E-16
  2.642608670342894E+03   1.1322929E-15
  2.644158195490928E+03   1.0298327E-15
  2.645707729590342E+03   1.1506992E-15
  2.647257272641292E+03   1.1335347E-15
  2.648806824643933E+03   1.1809162E-15
  2.650356385598419E+03   1.1963956E-15
  2.651905955504906E+03   1.2631035E-15
  2.653455534363548E+03   1.2631712E-15
  2.655005122174502E+03   1.2576039E-15
  2.656554718937921E+03   1.2254824E-15
  2.658104324653963E+03   1.2084544E-15
  2.659653939322780E+03   1.2431282E-15
  2.661203562944529E+03   1.3446574E-15
  2.662753195519365E+03   1.3389872E-15
  2.664302837047444E+03   1.4736877E-15
  2.665852487528919E+03   1.3596556E-15
  2.667402146963947E+03   1.4724079E-15
  2.668951815352682E+03   1.4433418E-15
  2.670501492695281E+03   1.5796818E-15
  2.672051178991897E+03   1.6316338E-15
  2.673600874242687E+03   1.4820609E-15
  2.675150578447805E+03   1.7090948E-15
  2.676700291607407E+03   1.6272117E-15
  2.678250013721647E+03   1.8449644E-15
  2.679799744790682E+03   1.8826881E-15
  2.681349484814667E+03   1.9820768E-15
  2.682899233793756E+03   1.9487856E-15
  2.684448991728104E+03   1.8285413E-15
  2.685998758617868E+03   2.0525307E-15
  2.687548534463202E+03   2.1311478E-15
  2.689098319264262E+03   2.0943165E-15
  2.690648113021202E+03   2.2678651E-15
  2.692197915734179E+03   2.1591838E-15
  2.693747727403347E+03   2.3727561E-15
  2.695297548028862E+03   2.3901580E-15
  2.696847377610879E+03   2.3922449E-15
  2.698397216149553E+03   2.4235423E-15
  2.699947063645039E+03   2.5177116E-15
  2.701496920097493E+03   2.4884176E-15
  2.703046785507071E+03   2.5537620E-15
  2.704596659873926E+03   2.5213941E-15
  2.706146543198216E+03   2.7327007E-15
  2.707696435480094E+03   2.7034261E-15
  2.709246336719717E+03   2.5898130E-15
  2.710796246917240E+03   2.7936354E-15
  2.712346166072817E+03   2.7472131E-15
  2.713896094186605E+03   2.6236282E-15
  2.715446031258758E+03   2.8141101E-15
  2.716995977289433E+03   2.7590192E-15
  2.718545932278783E+03   2.8667667E-15
  2.720095896226966E+03   2.8155792E-15
  2.721645869134135E+03   2.9653025E-15
  2.723195851000447E+03   2.8455238E-15
  2.724745841826056E+03   2.9293915E-15
  2.726295841611118E+03   2.7601888E-15
  2.727845850355789E+03   2.7941705E-15
  2.729395868060224E+03   2.8697978E-15
  2.730945894724578E+03   2.8256384E-15
  2.732495930349006E+03   2.9485422E-15
  2.734045974933665E+03   2.8472223E-15
  2.735596028478708E+03   2.9771497E-15
  2.737146090984293E+03   2.7426188E-15
  2.738696162450573E+03   2.8801617E-15
  2.740246242877706E+03   3.1732510E-15
  2.741796332265845E+03   2.9480412E-15
  2.743346430615146E+03   3.0515554E-15
  2.744896537925766E+03   3.0898538E-15
  2.746446654197858E+03   3.0252648E-15
  2.747996779431579E+03   3.0678445E-15
  2.749546913627084E+03   3.0710158E-15
  2.751097056784529E+03   3.3297835E-15
  2.752647208904069E+03   3.3197191E-15
  2.754197369985859E+03   3.2742548E-15
  2.755747540030055E+03   3.4541256E-15
  2.757297719036811E+03   3.4565132E-15
  2.758847907006285E+03   3.4998074E-15
  2.760398103938631E+03   3.6562241E-15
  2.761948309834005E+03   3.7718669E-15
  2.763498524692562E+03   3.7323880E-15
  2.765048748514458E+03   3.8798145E-15
  2.766598981299847E+03   3.7133763E-15
  2.768149223048886E+03   3.7643999E-15
  2.769699473761730E+03   4.0319713E-15
  2.771249733438535E+03   3.8273662E-15
  2.772800002079456E+03   4.0002025E-15
  2.774350279684648E+03   3.8870533E-15
  2.775900566254268E+03   4.0847330E-15
  2.777450861788469E+03   4.0380864E-15
  2.779001166287409E+03   4.1322735E-15
  2.780551479751243E+03   3.8489389E-15
  2.782101802180126E+03   4.0857172E-15
  2.783652133574214E+03   4.1678447E-15
  2.785202473933661E+03   4.4040097E-15
  2.786752823258625E+03   4.3318205E-15
  2.788303181549260E+03   4.4334111E-15
  2.789853548805721E+03   4.3224904E-15
  2.791403925028164E+03   4.6533233E-15
  2.792954310216746E+03   4.6428777E-15
  2.794504704371622E+03   4.3540140E-15
  2.796055107492946E+03   3.7248604E-15
  2.797605519580875E+03   2.6933428E-15
  2.799155940635565E+03   2.2633773E-15
  2.800706370657169E+03   3.2270507E-15
  2.802256809645846E+03   4.2663656E-15
  2.803807257601749E+03   3.8310136E-15
  2.805357714525035E+03   3.2039919E-15
  2.806908180415859E+03   3.3391712E-15
  2.808458655274377E+03   4.5483442E-15
  2.810009139100744E+03   5.6715166E-15
  2.811559631895116E+03   6.2449918E-15
  2.813110133657648E+03   6.3981320E-15
  2.814660644388498E+03   6.4448124E-15
  2.816211164087818E+03   7.0680829E-15
  2.817761692755766E+03   6.6422778E-15
  2.819312230392497E+03   7.0057261E-15
  2.820862776998167E+03   7.6145086E-15
  2.822413332572932E+03   8.0187957E-15
  2.823963897116946E+03   7.8669820E-15
  2.825514470630365E+03   8.1764861E-15
  2.827065053113347E+03   8.4640047E-15
  2.828615644566045E+03   8.5399353E-15
  2.830166244988616E+03   9.1585929E-15
  2.831716854381215E+03   9.1009743E-15
  2.833267472743998E+03   9.4423176E-15
  2.834818100077121E+03   9.5914928E-15
  2.836368736380739E+03   9.9281536E-15
  2.837919381655008E+03   1.0184052E-14
  2.839470035900084E+03   9.9907113E-15
  2.841020699116122E+03   1.0260028E-14
  2.842571371303278E+03   1.0925731E-14
  2.844122052461709E+03   1.0902446E-14
  2.845672742591568E+03   1.0782924E-14
  2.847223441693013E+03   1.0906749E-14
  2.848774149766199E+03   1.1183694E-14
  2.850324866811282E+03   1.1325681E-14
  2.851875592828417E+03   1.1453144E-14
  2.853426327817760E+03   1.0585993E-14
  2.854977071779467E+03   1.0355528E-14
  2.856527824713693E+03   1.0875126E-14
  2.858078586620596E+03   1.1578323E-14
  2.859629357500328E+03   1.1994964E-14
  2.861180137353048E+03   1.2437834E-14
  2.862730926178911E+03   1.2743112E-14
  2.864281723978072E+03   1.2775450E-14
  2.865832530750687E+03   1.2744383E-14
  2.867383346496913E+03   1.2941264E-14
  2.868934171216903E+03   1.2701445E-14
  2.870485004910815E+03   1.3019980E-14
  2.872035847578805E+03   1.2584049E-14
  2.873586699221027E+03   1.2889909E-14
  2.875137559837638E+03   1.3210456E-14
  2.876688429428795E+03   1.2969794E-14
  2.878239307994651E+03   1.3237026E-14
  2.879790195535364E+03   1.3173053E-14
  2.881341092051089E+03   1.2995992E-14
  2.882891997541982E+03   1.2950360E-14
  2.884442912008198E+03   1.2980227E-14
  2.885993835449895E+03   1.2898741E-14
  2.887544767867225E+03   1.3268076E-14
  2.889095709260348E+03   1.2954477E-14
  2.890646659629418E+03   1.2768789E-14
  2.892197618974591E+03   1.3061434E-14
  2.893748587296021E+03   1.2829613E-14
  2.895299564593868E+03   1.2527802E-14
  2.896850550868284E+03   1.2989042E-14
  2.898401546119427E+03   1.3001435E-14
  2.899952550347452E+03   1.2578286E-14
  2.901503563552515E+03   1.2749189E-14
  2.903054585734772E+03   1.3209501E-14
  2.904605616894378E+03   1.3019430E-14
  2.906156657031491E+03   1.2660492E-14
  2.907707706146265E+03   1.2912529E-14
  2.909258764238857E+03   1.3127186E-14
  2.910809831309421E+03   1.2442687E-14
  2.912360907358116E+03   1.2305643E-14
  2.913911992385095E+03   1.2860371E-14
  2.915463086390515E+03   1.2836263E-14
  2.917014189374533E+03   1.3065616E-14
  2.918565301337303E+03   1.2680350E-14
  2.920116422278983E+03   1.2986648E-14
  2.921667552199727E+03   1.3253104E-14
  2.923218691099692E+03   1.3320114E-14
  2.924769838979033E+03   1.2876973E-14
  2.926320995837908E+03   1.2645167E-14
  2.927872161676470E+03   1.2779844E-14
  2.929423336494877E+03   1.2970324E-14
  2.930974520293285E+03   1.3069783E-14
  2.932525713071849E+03   1.2520298E-14
  2.934076914830725E+03   1.3146885E-14
  2.935628125570071E+03   1.2583117E-14
  2.937179345290040E+03   1.2928954E-14
  2.938730573990790E+03   1.2644948E-14
  2.940281811672475E+03   1.2652122E-14
  2.941833058335254E+03   1.2494529E-14
  2.943384313979280E+03   1.2766900E-14
  2.944935578604711E+03   1.2710316E-14
  2.946486852211702E+03   1.2459813E-14
  2.948038134800409E+03   1.2139222E-14
  2.949589426370989E+03   1.1945429E-14
  2.951140726923597E+03   1.2296227E-14
  2.952692036458390E+03   1.2184651E-14
  2.954243354975523E+03   1.2128552E-14
  2.955794682475152E+03   1.2257947E-14
  2.957346018957433E+03   1.2004707E-14
  2.958897364422524E+03   1.2051087E-14
  2.960448718870578E+03   1.2145189E-14
  2.962000082301754E+03   1.2483472E-14
  2.963551454716206E+03   1.2412031E-14
  2.965102836114090E+03   1.2533015E-14
  2.966654226495563E+03   1.2926059E-14
  2.968205625860781E+03   1.2670162E-14
  2.969757034209900E+03   1.2627006E-14
  2.971308451543076E+03   1.2663278E-14
  2.972859877860465E+03   1.2960146E-14
  2.974411313162223E+03   1.2551245E-14
  2.975962757448507E+03   1.2831273E-14
  2.977514210719471E+03   1.2824590E-14
  2.979065672975273E+03   1.2849076E-14
  2.980617144216068E+03   1.3244526E-14
  2.982168624442013E+03   1.2724712E-14
  2.983720113653264E+03   1.2579259E-14
  2.985271611849977E+03   1.2689767E-14
  2.986823119032307E+03   1.3100271E-14
  2.988374635200412E+03   1.3112032E-14
  2.989926160354447E+03   1.3121354E-14
  2.991477694494568E+03   1.2777220E-14
  2.993029237620931E+03   1.3396860E-14
  2.994580789733694E+03   1.3235490E-14
  2.996132350833011E+03   1.2987088E-14
  2.997683920919038E+03   1.2990217E-14
  2.999235499991933E+03   1.3317672E-14
  3.000787088051852E+03   1.3520901E-14
  3.002338685098950E+03   1.3379016E-14
  3.003890291133383E+03   1.3668060E-14
  3.005441906155308E+03   1.3341194E-14
  3.006993530164880E+03   1.2937884E-14
  3.008545163162257E+03   1.3170208E-14
  3.010096805147594E+03   1.3376800E-14
  3.011648456121048E+03   1.3140236E-14
  3.013200116082774E+03   1.3878546E-14
  3.014751785032930E+03   1.3207789E-14
  3.016303462971670E+03   1.3857272E-14
  3.017855149899151E+03   1.3626106E-14
  3.019406845815531E+03   1.3438453E-14
  3.020958550720964E+03   1.3656549E-14
  3.022510264615607E+03   1.3538893E-14
  3.024061987499615E+03   1.4347110E-14
  3.025613719373147E+03   1.3755326E-14
  3.027165460236357E+03   1.3976566E-14
  3.028717210089402E+03   1.3842309E-14
  3.030268968932438E+03   1.3650381E-14
  3.031820736765621E+03   1.4575635E-14
  3.033372513589109E+03   1.4652499E-14
  3.034924299403056E+03   1.4103370E-14
  3.036476094207619E+03   1.4828023E-14
  3.038027898002954E+03   1.5199468E-14
  3.039579710789219E+03   1.5064369E-14
  3.041131532566568E+03   1.5865279E-14
  3.042683363335159E+03   1.5713776E-14
  3.044235203095147E+03   1.5776648E-14
  3.045787051846689E+03   1.5949051E-14
  3.047338909589942E+03   1.6174572E-14
  3.048890776325060E+03   1.6522628E-14
  3.050442652052202E+03   1.5835217E-14
  3.051994536771522E+03   1.6450386E-14
  3.053546430483178E+03   1.6724527E-14
  3.055098333187326E+03   1.6790311E-14
  3.056650244884122E+03   1.6835664E-14
  3.058202165573721E+03   1.7261627E-14
  3.059754095256282E+03   1.6861395E-14
  3.061306033931960E+03   1.7642410E-14
  3.062857981600911E+03   1.7512391E-14
  3.064409938263291E+03   1.7684471E-14
  3.065961903919258E+03   1.8558063E-14
  3.067513878568967E+03   1.7996309E-14
  3.069065862212576E+03   1.8514414E-14
  3.070617854850239E+03   1.8804948E-14
  3.072169856482113E+03   1.9192642E-14
  3.073721867108356E+03   1.9248463E-14
  3.075273886729123E+03   1.8534292E-14
  3.076825915344570E+03   1.9778827E-14
  3.078377952954855E+03   1.9961639E-14
  3.079929999560133E+03   2.0830414E-14
  3.081482055160560E+03   2.0062251E-14
  3.083034119756294E+03   2.0169813E-14
  3.084586193347491E+03   2.1598227E-14
  3.086138275934306E+03   2.1593319E-14
  3.087690367516898E+03   2.1737781E-14
  3.089242468095420E+03   2.1899596E-14
  3.090794577670032E+03   2.1214347E-14
  3.092346696240887E+03   2.3133998E-14
  3.093898823808145E+03   2.2741727E-14
  3.095450960371960E+03   2.3049872E-14
  3.097003105932488E+03   2.3036486E-14
  3.098555260489888E+03   2.3533403E-14
  3.100107424044314E+03   2.3775397E-14
  3.101659596595923E+03   2.4023638E-14
  3.103211778144872E+03   2.3693084E-14
  3.104763968691318E+03   2.4228441E-14
  3.106316168235417E+03   2.4987721E-14
  3.107868376777324E+03   2.3823432E-14
  3.109420594317197E+03   2.5164066E-14
  3.110972820855193E+03   2.4567189E-14
  3.112525056391467E+03   2.4771316E-14
  3.114077300926177E+03   2.4024672E-14
  3.115629554459478E+03   2.4353519E-14
  3.117181816991527E+03   2.4625143E-14
  3.118734088522481E+03   2.4510276E-14
  3.120286369052496E+03   2.3942841E-14
  3.121838658581729E+03   2.3909489E-14
  3.123390957110336E+03   2.4184327E-14
  3.124943264638474E+03   2.3902031E-14
  3.126495581166299E+03   2.5375828E-14
  3.128047906693968E+03   2.3217615E-14
  3.129600241221637E+03   2.2874962E-14
  3.131152584749464E+03   2.3968285E-14
  3.132704937277603E+03   2.3323416E-14
  3.134257298806213E+03   2.3691400E-14
  3.135809669335449E+03   2.3987001E-14
  3.137362048865468E+03   2.3144552E-14
  3.138914437396427E+03   2.3492521E-14
  3.140466834928482E+03   2.3245350E-14
  3.142019241461790E+03   2.3155817E-14
  3.143571656996507E+03   2.1673135E-14
  3.145124081532791E+03   2.3685709E-14
  3.146676515070797E+03   2.2100904E-14
  3.148228957610681E+03   2.3322171E-14
  3.149781409152602E+03   2.2828161E-14
  3.151333869696715E+03   2.2541253E-14
  3.152886339243177E+03   2.3234752E-14
  3.154438817792145E+03   2.1507066E-14
  3.155991305343774E+03   2.2316184E-14
  3.157543801898223E+03   2.2383711E-14
  3.159096307455647E+03   2.1806458E-14
  3.160648822016202E+03   2.2144265E-14
  3.162201345580047E+03   2.2518967E-14
  3.163753878147337E+03   2.2597718E-14
  3.165306419718228E+03   2.1957427E-14
  3.166858970292879E+03   2.1790300E-14
  3.168411529871445E+03   1.7159653E-14
  3.169964098454082E+03   1.6040400E-14
  3.171516676040948E+03   2.5084523E-14
  3.173069262632199E+03   4.4352448E-14
  3.174621858227993E+03   6.5822020E-16
