

  2.888477373841311E+03  -3.0559468E-14
  2.891222253851254E+03   8.4592655E-15
  2.893967156499962E+03   8.5253468E-15
  2.896712081723838E+03   1.4345220E-15
  2.899457029459285E+03  -3.5714407E-15
  2.902201999642695E+03   8.4060075E-15
  2.904946992210458E+03   4.2959762E-15
  2.907692007098959E+03   5.0575400E-16
  2.910437044244577E+03   1.0799624E-14
  2.913182103583685E+03   1.0863453E-14
  2.915927185052652E+03   4.2950436E-15
  2.918672288587842E+03   5.5347551E-15
  2.921417414125613E+03   1.0881235E-14
  2.924162561602318E+03   7.2555724E-15
  2.926907730954304E+03   6.1439145E-15
  2.929652922117917E+03   6.9733194E-15
  2.932398135029493E+03   8.9105689E-15
  2.935143369625365E+03   8.4339689E-15
  2.937888625841861E+03   1.0043476E-14
  2.940633903615304E+03   7.7841828E-15
  2.943379202882012E+03   6.6019065E-15
  2.946124523578298E+03   7.0747728E-15
  2.948869865640469E+03   7.2899188E-15
  2.951615229004827E+03   6.2629625E-15
  2.954360613607672E+03   6.4604884E-15
  2.957106019385296E+03   6.8915117E-15
  2.959851446273988E+03   7.4523128E-15
  2.962596894210028E+03   7.4609872E-15
  2.965342363129698E+03   7.0005774E-15
  2.968087852969268E+03   7.9763339E-15
  2.970833363665009E+03   8.1827592E-15
  2.973578895153183E+03   6.8863410E-15
  2.976324447370049E+03   7.5484349E-15
  2.979070020251861E+03   8.8481705E-15
  2.981815613734868E+03   7.8594984E-15
  2.984561227755315E+03   7.4578752E-15
  2.987306862249440E+03   8.0666988E-15
  2.990052517153478E+03   7.9201070E-15
  2.992798192403660E+03   7.0390708E-15
  2.995543887936211E+03   6.9943606E-15
  2.998289603687351E+03   6.9673601E-15
  3.001035339593295E+03   6.3175419E-15
  3.003781095590256E+03   6.2649716E-15
  3.006526871614438E+03   7.8206366E-15
  3.009272667602044E+03   5.9789155E-15
  3.012018483489272E+03   5.6361458E-15
  3.014764319212313E+03   6.4405620E-15
  3.017510174707355E+03   6.5574288E-15
  3.020256049910581E+03   6.1844590E-15
  3.023001944758170E+03   6.0266771E-15
  3.025747859186297E+03   6.7878201E-15
  3.028493793131129E+03   6.6674533E-15
  3.031239746528833E+03   6.2783556E-15
  3.033985719315568E+03   6.5035905E-15
  3.036731711427491E+03   6.7515776E-15
  3.039477722800752E+03   5.6709343E-15
  3.042223753371499E+03   6.0016863E-15
  3.044969803075874E+03   6.8340808E-15
  3.047715871850014E+03   6.6423621E-15
  3.050461959630054E+03   6.8119406E-15
  3.053208066352121E+03   6.5213977E-15
  3.055954191952341E+03   6.7645716E-15
  3.058700336366835E+03   5.9800458E-15
  3.061446499531717E+03   5.8774108E-15
  3.064192681383099E+03   6.5440749E-15
  3.066938881857087E+03   6.3375018E-15
  3.069685100889787E+03   6.2186529E-15
  3.072431338417294E+03   6.0972167E-15
  3.075177594375703E+03   6.5404763E-15
  3.077923868701104E+03   6.3821404E-15
  3.080670161329582E+03   6.3357891E-15
  3.083416472197219E+03   6.3914349E-15
  3.086162801240092E+03   6.2194351E-15
  3.088909148394273E+03   6.2137075E-15
  3.091655513595831E+03   6.3769168E-15
  3.094401896780829E+03   6.3783711E-15
  3.097148297885329E+03   5.8167167E-15
  3.099894716845386E+03   6.0782945E-15
  3.102641153597051E+03   6.0716092E-15
  3.105387608076372E+03   6.2044041E-15
  3.108134080219392E+03   5.7794053E-15
  3.110880569962151E+03   6.2606941E-15
  3.113627077240685E+03   6.5693245E-15
  3.116373601991023E+03   6.6229468E-15
  3.119120144149193E+03   6.3757237E-15
  3.121866703651218E+03   6.3174915E-15
  3.124613280433118E+03   6.5922520E-15
  3.127359874430905E+03   6.4620076E-15
  3.130106485580593E+03   6.7447641E-15
  3.132853113818186E+03   6.9339688E-15
  3.135599759079689E+03   6.8199125E-15
  3.138346421301100E+03   6.7938260E-15
  3.141093100418414E+03   7.5520695E-15
  3.143839796367622E+03   7.2871625E-15
  3.146586509084710E+03   7.1504243E-15
  3.149333238505661E+03   7.1763579E-15
  3.152079984566457E+03   7.2849551E-15
  3.154826747203071E+03   7.3814923E-15
  3.157573526351474E+03   7.2913053E-15
  3.160320321947636E+03   8.4522504E-15
  3.163067133927518E+03   8.6686631E-15
  3.165813962227081E+03   7.6597427E-15
  3.168560806782281E+03   8.6026707E-15
  3.171307667529071E+03   8.4815899E-15
  3.174054544403399E+03   8.3866308E-15
  3.176801437341209E+03   8.4637328E-15
  3.179548346278443E+03   9.2665167E-15
  3.182295271151038E+03   8.8764750E-15
  3.185042211894927E+03   8.8807966E-15
  3.187789168446041E+03   9.5997073E-15
  3.190536140740304E+03   9.5907694E-15
  3.193283128713641E+03   9.5840778E-15
  3.196030132301969E+03   9.9403391E-15
  3.198777151441203E+03   9.5255081E-15
  3.201524186067256E+03   9.5383669E-15
  3.204271236116035E+03   9.5263780E-15
  3.207018301523443E+03   1.0968988E-14
  3.209765382225383E+03   9.2598116E-15
  3.212512478157751E+03   8.7848675E-15
  3.215259589256440E+03   8.7914524E-15
  3.218006715457340E+03   8.5836193E-15
  3.220753856696339E+03   8.4885957E-15
  3.223501012909318E+03   8.3571286E-15
  3.226248184032157E+03   8.8615960E-15
  3.228995370000733E+03   8.1443666E-15
  3.231742570750917E+03   7.8431372E-15
  3.234489786218580E+03   7.6657236E-15
  3.237237016339585E+03   7.6972332E-15
  3.239984261049796E+03   7.9229395E-15
  3.242731520285071E+03   7.1641860E-15
  3.245478793981265E+03   7.4121329E-15
  3.248226082074231E+03   6.7820607E-15
  3.250973384499817E+03   6.8619757E-15
  3.253720701193868E+03   7.0393965E-15
  3.256468032092227E+03   6.8655798E-15
  3.259215377130730E+03   6.9085777E-15
  3.261962736245216E+03   6.9660803E-15
  3.264710109371513E+03   6.5398592E-15
  3.267457496445453E+03   6.6885969E-15
  3.270204897402859E+03   6.6273391E-15
  3.272952312179556E+03   6.7204060E-15
  3.275699740711359E+03   6.9055894E-15
  3.278447182934088E+03   6.2669787E-15
  3.281194638783552E+03   6.4096364E-15
  3.283942108195562E+03   6.5782353E-15
  3.286689591105925E+03   6.6910343E-15
  3.289437087450442E+03   6.6723957E-15
  3.292184597164914E+03   6.2790607E-15
  3.294932120185137E+03   6.1842185E-15
  3.297679656446906E+03   6.4520905E-15
  3.300427205886011E+03   6.1050802E-15
  3.303174768438238E+03   6.2239663E-15
  3.305922344039373E+03   6.5602122E-15
  3.308669932625197E+03   6.0175804E-15
  3.311417534131488E+03   6.3835147E-15
  3.314165148494021E+03   6.6555144E-15
  3.316912775648568E+03   6.1538625E-15
  3.319660415530900E+03   6.7717824E-15
  3.322408068076782E+03   6.9203477E-15
  3.325155733221976E+03   6.9404037E-15
  3.327903410902245E+03   6.7856885E-15
  3.330651101053345E+03   6.7772042E-15
  3.333398803611030E+03   7.0788801E-15
  3.336146518511052E+03   6.7508500E-15
  3.338894245689161E+03   7.0042281E-15
  3.341641985081101E+03   7.1321978E-15
  3.344389736622616E+03   7.0523235E-15
  3.347137500249446E+03   7.1182785E-15
  3.349885275897328E+03   3.7336375E-14
  3.352633063501996E+03   7.2449379E-15
  3.355380862999183E+03   7.1301133E-15
  3.358128674324617E+03   7.3617683E-15
  3.360876497414024E+03   6.8342646E-15
  3.363624332203127E+03   7.4758679E-15
  3.366372178627648E+03   6.9603052E-15
  3.369120036623305E+03   7.4312199E-15
  3.371867906125811E+03   7.4847270E-15
  3.374615787070881E+03   7.3315580E-15
  3.377363679394222E+03   7.4893442E-15
  3.380111583031545E+03   7.8352233E-15
  3.382859497918551E+03   7.7748680E-15
  3.385607423990943E+03   7.7286708E-15
  3.388355361184421E+03   7.8880790E-15
  3.391103309434681E+03  -6.5967265E-15
  3.393851268677417E+03   8.4601812E-15
  3.396599238848321E+03   9.3304389E-15
  3.399347219883081E+03   9.3784792E-15
  3.402095211717384E+03   9.3991562E-15
  3.404843214286914E+03   9.8197597E-15
  3.407591227527352E+03   1.0147404E-14
  3.410339251374376E+03   1.0825359E-14
  3.413087285763664E+03   1.0704876E-14
  3.415835330630889E+03   1.0765768E-14
  3.418583385911723E+03   1.1263455E-14
  3.421331451541834E+03   1.1149369E-14
  3.424079527456889E+03   1.1256921E-14
  3.426827613592553E+03   1.1937756E-14
  3.429575709884486E+03   1.1564384E-14
  3.432323816268348E+03   1.1581404E-14
  3.435071932679797E+03   1.1965099E-14
  3.437820059054486E+03   1.1902810E-14
  3.440568195328070E+03   1.1708544E-14
  3.443316341436196E+03   1.1844841E-14
  3.446064497314513E+03   1.2494357E-14
  3.448812662898666E+03   1.2252817E-14
  3.451560838124299E+03   1.1577278E-14
  3.454309022927053E+03   1.1606824E-14
  3.457057217242565E+03   1.1624994E-14
  3.459805421006472E+03   1.1799389E-14
  3.462553634154409E+03   1.1962758E-14
  3.465301856622008E+03   1.2422807E-14
  3.468050088344898E+03   1.2171575E-14
  3.470798329258707E+03   1.2068728E-14
  3.473546579299061E+03   1.2219123E-14
  3.476294838401582E+03   1.2395467E-14
  3.479043106501892E+03   1.2265619E-14
  3.481791383535609E+03   1.2032262E-14
  3.484539669438353E+03   1.1868433E-14
  3.487287964145736E+03   1.2020869E-14
  3.490036267593372E+03   1.1517237E-14
  3.492784579716871E+03   1.1952960E-14
  3.495532900451843E+03   1.1763821E-14
  3.498281229733895E+03   1.2239861E-14
  3.501029567498629E+03   1.2314049E-14
  3.503777913681651E+03   1.2472162E-14
  3.506526268218560E+03   1.2744818E-14
  3.509274631044956E+03   1.3221774E-14
  3.512023002096435E+03   1.3552910E-14
  3.514771381308591E+03   1.3546495E-14
  3.517519768617020E+03   1.4266500E-14
  3.520268163957310E+03   1.4636535E-14
  3.523016567265052E+03   1.5399477E-14
  3.525764978475834E+03   1.5269050E-14
  3.528513397525239E+03   1.5798586E-14
  3.531261824348854E+03   1.6330324E-14
  3.534010258882257E+03   1.7111826E-14
  3.536758701061032E+03   1.7262833E-14
  3.539507150820755E+03   1.6741135E-14
  3.542255608097003E+03   1.7163540E-14
  3.545004072825352E+03   1.7384648E-14
  3.547752544941372E+03   1.7734495E-14
  3.550501024380636E+03   1.7309367E-14
  3.553249511078714E+03   1.7599137E-14
  3.555998004971174E+03   1.7221701E-14
  3.558746505993582E+03   1.7701525E-14
  3.561495014081501E+03   1.7463681E-14
  3.564243529170495E+03   1.8128933E-14
  3.566992051196125E+03   1.8031075E-14
  3.569740580093951E+03   1.8233412E-14
  3.572489115799531E+03   1.8632111E-14
  3.575237658248420E+03   1.8774370E-14
  3.577986207376174E+03   1.9356671E-14
  3.580734763118346E+03   1.9442774E-14
  3.583483325410487E+03   1.9376926E-14
  3.586231894188148E+03   1.9371879E-14
  3.588980469386877E+03   1.9698134E-14
  3.591729050942222E+03   1.9164722E-14
  3.594477638789728E+03   1.9875857E-14
  3.597226232864938E+03   1.9958941E-14
  3.599974833103397E+03   2.0402284E-14
  3.602723439440643E+03   2.0235902E-14
  3.605472051812219E+03   2.0472649E-14
  3.608220670153662E+03   2.1155385E-14
  3.610969294400509E+03   2.0339533E-14
  3.613717924488295E+03   2.0030962E-14
  3.616466560352555E+03   2.0105096E-14
  3.619215201928822E+03   1.9386433E-14
  3.621963849152627E+03   1.9715654E-14
  3.624712501959501E+03   1.8791628E-14
  3.627461160284971E+03   1.9151113E-14
  3.630209824064566E+03   1.8745505E-14
  3.632958493233813E+03   1.8367383E-14
  3.635707167728235E+03   1.8662792E-14
  3.638455847483358E+03   1.8768626E-14
  3.641204532434702E+03   1.8714102E-14
  3.643953222517791E+03   1.8936668E-14
  3.646701917668144E+03   1.9387629E-14
  3.649450617821279E+03   1.9484314E-14
  3.652199322912716E+03   2.0052650E-14
  3.654948032877969E+03   2.0846197E-14
  3.657696747652555E+03   2.1033649E-14
  3.660445467171988E+03   2.2141894E-14
  3.663194191371782E+03   2.2748071E-14
  3.665942920187448E+03   2.4265054E-14
  3.668691653554497E+03   2.4838597E-14
  3.671440391408441E+03   2.6066699E-14
  3.674189133684785E+03   2.6932041E-14
  3.676937880319041E+03   2.7960527E-14
  3.679686631246714E+03   2.8839778E-14
  3.682435386403309E+03   3.0075504E-14
  3.685184145724333E+03   3.1230206E-14
  3.687932909145288E+03   3.1687672E-14
  3.690681676601677E+03   3.1769539E-14
  3.693430448029003E+03   3.3417510E-14
  3.696179223362768E+03   3.3673002E-14
  3.698928002538469E+03   3.4192555E-14
  3.701676785491608E+03   5.3640411E-14
  3.704425572157682E+03   3.4876944E-14
  3.707174362472188E+03   3.4946804E-14
  3.709923156370625E+03   3.4983921E-14
  3.712671953788486E+03   3.5023122E-14
  3.715420754661268E+03   3.4190360E-14
  3.718169558924464E+03   3.5057366E-14
  3.720918366513567E+03   3.4547536E-14
  3.723667177364071E+03   3.5032585E-14
  3.726415991411467E+03   3.4239040E-14
  3.729164808591245E+03   3.3756079E-14
  3.731913628838897E+03   3.3111772E-14
  3.734662452089912E+03   3.3010131E-14
  3.737411278279778E+03   3.2607970E-14
  3.740160107343984E+03   3.1928175E-14
  3.742908939218019E+03   3.1199432E-14
  3.745657773837367E+03   3.1821422E-14
  3.748406611137515E+03   3.0620580E-14
  3.751155451053950E+03   3.0275719E-14
  3.753904293522156E+03   3.0652747E-14
  3.756653138477618E+03   3.0262376E-14
  3.759401985855818E+03   2.9662826E-14
  3.762150835592241E+03   2.8479298E-14
  3.764899687622370E+03   2.7157021E-14
  3.767648541881685E+03   2.5894639E-14
  3.770397398305670E+03   2.4937846E-14
  3.773146256829804E+03   2.3839175E-14
  3.775895117389568E+03   2.2988501E-14
  3.778643979920444E+03   2.1621485E-14
  3.781392844357910E+03   2.0891771E-14
  3.784141710637446E+03   1.9754043E-14
  3.786890578694529E+03   1.8937409E-14
  3.789639448464640E+03   1.8011495E-14
  3.792388319883255E+03   1.7623140E-14
  3.795137192885853E+03   1.6784846E-14
  3.797886067407909E+03   1.6197975E-14
  3.800634943384902E+03   1.5247555E-14
  3.803383820752308E+03   1.4733462E-14
  3.806132699445603E+03   1.4330437E-14
  3.808881579400263E+03   1.4132315E-14
  3.811630460551763E+03   1.3699224E-14
  3.814379342835579E+03   1.3107811E-14
  3.817128226187185E+03   1.3223958E-14
  3.819877110542057E+03   1.3185995E-14
  3.822625995835670E+03   1.3070941E-14
  3.825374882003496E+03   1.3064791E-14
  3.828123768981011E+03   1.3328731E-14
  3.830872656703688E+03   1.3446433E-14
  3.833621545107002E+03   1.3901522E-14
  3.836370434126425E+03   1.4657741E-14
  3.839119323697431E+03   1.4980283E-14
  3.841868213755494E+03   1.5555838E-14
  3.844617104236086E+03   1.6422558E-14
  3.847365995074681E+03   1.7436216E-14
  3.850114886206753E+03   1.8356346E-14
  3.852863777567773E+03   1.9478214E-14
  3.855612669093214E+03   2.0273828E-14
  3.858361560718550E+03   2.1186222E-14
  3.861110452379254E+03   2.2287697E-14
  3.863859344010797E+03   2.3462106E-14
  3.866608235548654E+03   2.4461964E-14
  3.869357126928296E+03   2.5603970E-14
  3.872106018085197E+03   2.6330861E-14
  3.874854908954830E+03   2.7857230E-14
  3.877603799472667E+03   3.0149582E-14
  3.880352689574182E+03   2.9435066E-14
  3.883101579194848E+03   3.0873436E-14
  3.885850468270139E+03   3.2260476E-14
  3.888599356735527E+03   3.3606439E-14
  3.891348244526486E+03   3.3959712E-14
  3.894097131578490E+03   3.4360295E-14
  3.896846017827014E+03   3.5468705E-14
  3.899594903207530E+03   3.5382477E-14
  3.902343787655514E+03   3.6719610E-14
  3.905092671106439E+03   3.7240779E-14
  3.907841553495781E+03   3.7544580E-14
  3.910590434759014E+03   3.8634863E-14
  3.913339314831615E+03   3.9142917E-14
  3.916088193649058E+03   3.9790386E-14
  3.918837071146819E+03   4.0099624E-14
  3.921585947260374E+03   4.1367005E-14
  3.924334821925200E+03   4.1624585E-14
  3.927083695076774E+03   4.1513430E-14
  3.929832566650573E+03   4.2814985E-14
  3.932581436582073E+03   4.2904428E-14
  3.935330304806755E+03   4.2820948E-14
  3.938079171260094E+03   4.2512973E-14
  3.940828035877571E+03   4.4446526E-14
  3.943576898594665E+03   4.5821636E-14
  3.946325759346855E+03   4.7150252E-14
  3.949074618069621E+03   4.8217137E-14
  3.951823474698444E+03   4.9120169E-14
  3.954572329168805E+03   4.9656331E-14
  3.957321181416185E+03   5.0569829E-14
  3.960070031376066E+03   5.1100884E-14
  3.962818878983931E+03   5.1929364E-14
  3.965567724175264E+03   5.2540603E-14
  3.968316566885548E+03   5.1660760E-14
  3.971065407050266E+03   5.2348127E-14
  3.973814244604906E+03   5.2458594E-14
  3.976563079484950E+03   5.2723400E-14
  3.979311911625887E+03   5.3448023E-14
  3.982060740963203E+03   5.3390127E-14
  3.984809567432384E+03   5.3199033E-14
  3.987558390968919E+03   5.4058483E-14
  3.990307211508298E+03   5.3090131E-14
  3.993056028986009E+03   5.2037367E-14
  3.995804843337543E+03   5.1752951E-14
  3.998553654498391E+03   5.1045116E-14
  4.001302462404044E+03   5.0492301E-14
  4.004051266989995E+03   4.9319744E-14
  4.006800068191738E+03   4.8602554E-14
  4.009548865944765E+03   4.7643604E-14
  4.012297660184573E+03   4.6763930E-14
  4.015046450846657E+03   4.5478741E-14
  4.017795237866513E+03   4.4776113E-14
  4.020544021179639E+03   4.4025730E-14
  4.023292800721532E+03   4.3147282E-14
  4.026041576427693E+03   4.1980305E-14
  4.028790348233621E+03   4.1157639E-14
  4.031539116074817E+03   3.9627837E-14
  4.034287879886783E+03   3.8775176E-14
  4.037036639605023E+03   3.8120044E-14
  4.039785395165038E+03   3.7532602E-14
  4.042534146502335E+03   3.6720931E-14
  4.045282893552419E+03   3.5904863E-14
  4.048031636250798E+03   3.5313237E-14
  4.050780374532977E+03   3.5616282E-14
  4.053529108334468E+03   3.4637786E-14
  4.056277837590779E+03   3.4466076E-14
  4.059026562237421E+03   3.4080364E-14
  4.061775282209906E+03   3.4147611E-14
  4.064523997443749E+03   3.4278725E-14
  4.067272707874462E+03   3.4593700E-14
  4.070021413437560E+03   3.4435328E-14
  4.072770114068562E+03   3.4757577E-14
  4.075518809702983E+03   3.4064463E-14
  4.078267500276344E+03   3.4974966E-14
  4.081016185724164E+03   3.4094997E-14
  4.083764865981963E+03   3.3982952E-14
  4.086513540985266E+03   3.3817296E-14
  4.089262210669596E+03   3.3264160E-14
  4.092010874970476E+03   3.1870099E-14
  4.094759533823434E+03   3.1603531E-14
  4.097508187163997E+03   3.1432285E-14
  4.100256834927693E+03   3.1363777E-14
  4.103005477050054E+03   3.0544875E-14
  4.105754113466610E+03   3.0542162E-14
  4.108502744112893E+03   3.0603185E-14
  4.111251368924439E+03   2.9830318E-14
  4.113999987836782E+03   2.9624737E-14
  4.116748600785458E+03   2.9843580E-14
  4.119497207706007E+03   2.9522419E-14
  4.122245808533969E+03   2.9770237E-14
  4.124994403204884E+03   2.9618408E-14
  4.127742991654294E+03   2.9320540E-14
  4.130491573817745E+03   2.9148674E-14
  4.133240149630780E+03   2.8756941E-14
  4.135988719028947E+03   2.9459067E-14
  4.138737281947795E+03   2.9208285E-14
  4.141485838322873E+03   2.8673722E-14
  4.144234388089733E+03   2.9270569E-14
  4.146982931183928E+03   2.9075660E-14
  4.149731467541013E+03   2.8748393E-14
  4.152479997096544E+03   2.8823488E-14
  4.155228519786078E+03   2.8715183E-14
  4.157977035545176E+03   2.8417308E-14
  4.160725544309396E+03   2.8528510E-14
  4.163474046014304E+03   2.8742233E-14
  4.166222540595463E+03   2.8418741E-14
  4.168971027988439E+03   2.8443800E-14
  4.171719508128801E+03   2.8548371E-14
  4.174467980952115E+03   2.9326107E-14
  4.177216446393954E+03   2.8951227E-14
  4.179964904389893E+03   2.9552620E-14
  4.182713354875503E+03   3.0165703E-14
  4.185461797786363E+03   3.0154044E-14
  4.188210233058049E+03   3.0572716E-14
  4.190958660626143E+03   3.1166692E-14
  4.193707080426225E+03   3.1682217E-14
  4.196455492393879E+03   3.2303536E-14
  4.199203896464691E+03   3.2140238E-14
  4.201952292574247E+03   3.2618297E-14
  4.204700680658137E+03   3.2523338E-14
  4.207449060651952E+03   3.3016114E-14
  4.210197432491285E+03   3.2900823E-14
  4.212945796111730E+03   3.2908700E-14
  4.215694151448884E+03   3.2779331E-14
  4.218442498438347E+03   3.2925238E-14
  4.221190837015717E+03   3.2729248E-14
  4.223939167116599E+03   3.2787290E-14
  4.226687488676595E+03   3.2808110E-14
  4.229435801631314E+03   3.3212856E-14
  4.232184105916364E+03   3.3174571E-14
  4.234932401467356E+03   3.2786226E-14
  4.237680688219902E+03   3.3623556E-14
  4.240428966109615E+03   3.2807775E-14
  4.243177235072114E+03   3.3491008E-14
  4.245925495043018E+03   3.3399590E-14
  4.248673745957946E+03   3.3513421E-14
  4.251421987752524E+03   3.3006041E-14
  4.254170220362375E+03   3.2991761E-14
  4.256918443723128E+03   3.3324611E-14
  4.259666657770411E+03   3.3451300E-14
  4.262414862439857E+03   3.3383002E-14
  4.265163057667100E+03   3.3485178E-14
  4.267911243387774E+03   3.3231708E-14
  4.270659419537521E+03   3.3362693E-14
  4.273407586051979E+03   3.3480810E-14
  4.276155742866791E+03   3.3687385E-14
  4.278903889917603E+03   3.3220656E-14
  4.281652027140063E+03   3.3711166E-14
  4.284400154469819E+03   3.4104904E-14
  4.287148271842526E+03   3.3866220E-14
  4.289896379193836E+03   3.4732284E-14
  4.292644476459406E+03   3.4805058E-14
  4.295392563574896E+03   3.4804963E-14
  4.298140640475966E+03   3.5661991E-14
  4.300888707098282E+03   3.6374698E-14
  4.303636763377508E+03   3.6840858E-14
  4.306384809249314E+03   3.7220894E-14
  4.309132844649373E+03   3.7851348E-14
  4.311880869513355E+03   3.8374733E-14
  4.314628883776940E+03   3.8575063E-14
  4.317376887375803E+03   3.8984512E-14
  4.320124880245627E+03   3.9417122E-14
  4.322872862322094E+03   3.9499525E-14
  4.325620833540892E+03   3.9866246E-14
  4.328368793837710E+03   4.0045055E-14
  4.331116743148237E+03   4.0109361E-14
  4.333864681408169E+03   3.9861445E-14
  4.336612608553201E+03   4.0544669E-14
  4.339360524519033E+03   3.9976415E-14
  4.342108429241364E+03   3.9228928E-14
  4.344856322655902E+03   3.8229185E-14
  4.347604204698351E+03   3.7910569E-14
  4.350352075304423E+03   3.6985938E-14
  4.353099934409828E+03   3.6777595E-14
  4.355847781950283E+03   3.5373959E-14
  4.358595617861503E+03   3.5020330E-14
  4.361343442079212E+03   3.4025598E-14
  4.364091254539129E+03   3.3187988E-14
  4.366839055176983E+03   3.2454050E-14
  4.369586843928500E+03   3.1277986E-14
  4.372334620729414E+03   3.0589822E-14
  4.375082385515459E+03   2.9978329E-14
  4.377830138222370E+03   2.9009283E-14
  4.380577878785887E+03   2.8065864E-14
  4.383325607141755E+03   2.8126640E-14
  4.386073323225719E+03   2.6562135E-14
  4.388821026973525E+03   2.6347165E-14
  4.391568718320927E+03   2.5177622E-14
  4.394316397203676E+03   2.5046075E-14
  4.397064063557534E+03   2.4437365E-14
  4.399811717318257E+03   2.3895406E-14
  4.402559358421609E+03   2.3479736E-14
  4.405306986803357E+03   2.2634314E-14
  4.408054602399270E+03   2.2081239E-14
  4.410802205145118E+03   2.1680633E-14
  4.413549794976679E+03   2.1333838E-14
  4.416297371829726E+03   2.1109210E-14
  4.419044935640046E+03   2.0543380E-14
  4.421792486343419E+03   2.0305130E-14
  4.424540023875634E+03   1.9906994E-14
  4.427287548172480E+03   1.9835184E-14
  4.430035059169752E+03   1.9912433E-14
  4.432782556803244E+03   1.9948986E-14
  4.435530041008758E+03   1.9584616E-14
  4.438277511722094E+03   1.9882470E-14
  4.441024968879061E+03   1.9735322E-14
  4.443772412415467E+03   1.9945662E-14
  4.446519842267122E+03   1.9858731E-14
  4.449267258369846E+03   2.0569897E-14
  4.452014660659452E+03   2.0515526E-14
  4.454762049071765E+03   2.0749451E-14
  4.457509423542611E+03   2.1484245E-14
  4.460256784007816E+03   2.1991313E-14
  4.463004130403214E+03   2.1680405E-14
  4.465751462664638E+03   2.2176656E-14
  4.468498780727928E+03   2.2554851E-14
  4.471246084528923E+03   2.3039466E-14
  4.473993374003470E+03   2.2820863E-14
  4.476740649087418E+03   2.3064846E-14
  4.479487909716616E+03   2.3695882E-14
  4.482235155826920E+03   2.3578817E-14
  4.484982387354190E+03   2.4217365E-14
  4.487729604234287E+03   2.4887708E-14
  4.490476806403075E+03   2.5239322E-14
  4.493223993796423E+03   2.5767603E-14
  4.495971166350205E+03   2.5993149E-14
  4.498718324000294E+03   2.6795901E-14
  4.501465466682571E+03   2.7601416E-14
  4.504212594332918E+03   2.7801639E-14
  4.506959706887221E+03   2.8816644E-14
  4.509706804281370E+03   2.9358646E-14
  4.512453886451258E+03   3.0197927E-14
  4.515200953332781E+03   3.0747398E-14
  4.517948004861841E+03   3.1701136E-14
  4.520695040974339E+03   3.1809777E-14
  4.523442061606187E+03   3.2960322E-14
  4.526189066693292E+03   3.3721849E-14
  4.528936056171570E+03   3.4185382E-14
  4.531683029976940E+03   3.5306593E-14
  4.534429988045325E+03   3.6000167E-14
  4.537176930312648E+03   3.7084820E-14
  4.539923856714840E+03   3.8512908E-14
  4.542670767187834E+03   3.9754055E-14
  4.545417661667568E+03   4.1874758E-14
  4.548164540089982E+03   4.2950998E-14
  4.550911402391019E+03   4.4661178E-14
  4.553658248506628E+03   4.6665718E-14
  4.556405078372762E+03   4.8131949E-14
  4.559151891925375E+03   4.9855312E-14
  4.561898689100428E+03   5.1824434E-14
  4.564645469833883E+03   5.2986498E-14
  4.567392234061707E+03   5.4884838E-14
  4.570138981719873E+03   5.6623356E-14
  4.572885712744356E+03   5.8235406E-14
  4.575632427071133E+03   6.0021310E-14
  4.578379124636187E+03   6.1511316E-14
  4.581125805375505E+03   6.3051147E-14
  4.583872469225078E+03   6.3356702E-14
  4.586619116120900E+03   6.3852095E-14
  4.589365745998968E+03   6.5241920E-14
  4.592112358795288E+03   6.6087157E-14
  4.594858954445864E+03   6.6473147E-14
  4.597605532886707E+03   6.6810151E-14
  4.600352094053831E+03   6.7375210E-14
  4.603098637883254E+03   6.7469732E-14
  4.605845164311001E+03   6.8289436E-14
  4.608591673273096E+03   6.8312028E-14
  4.611338164705570E+03   6.8148530E-14
  4.614084638544459E+03   6.8471406E-14
  4.616831094725802E+03   6.8857063E-14
  4.619577533185641E+03   6.9060880E-14
  4.622323953860024E+03   6.9519646E-14
  4.625070356685001E+03   6.9410508E-14
  4.627816741596628E+03   6.9822905E-14
  4.630563108530965E+03   6.9886662E-14
  4.633309457424077E+03   7.1019234E-14
  4.636055788212028E+03   7.0601172E-14
  4.638802100830896E+03   7.0612495E-14
  4.641548395216753E+03   7.0828292E-14
  4.644294671305682E+03   6.9801885E-14
  4.647040929033767E+03   6.9760847E-14
  4.649787168337099E+03   7.0749030E-14
  4.652533389151768E+03   7.0939551E-14
  4.655279591413875E+03   6.9678096E-14
  4.658025775059523E+03   6.9895255E-14
  4.660771940024816E+03   6.9038532E-14
  4.663518086245867E+03   6.6881783E-14
  4.666264213658790E+03   6.6513011E-14
  4.669010322199706E+03   6.4204874E-14
  4.671756411804738E+03   6.1507589E-14
  4.674502482410015E+03   5.9592515E-14
  4.677248533951671E+03   5.7677712E-14
  4.679994566365841E+03   5.5930222E-14
  4.682740579588669E+03   5.4005391E-14
  4.685486573556300E+03   5.1419230E-14
  4.688232548204886E+03   4.8981635E-14
  4.690978503470583E+03   4.7090858E-14
  4.693724439289550E+03   4.5591548E-14
  4.696470355597950E+03   4.3673266E-14
  4.699216252331954E+03   4.1809482E-14
  4.701962129427736E+03   4.0447399E-14
  4.704707986821472E+03   3.9056113E-14
  4.707453824449345E+03   3.7365225E-14
  4.710199642247545E+03   3.6078376E-14
  4.712945440152261E+03   3.5337571E-14
  4.715691218099691E+03   3.3978100E-14
  4.718436976026035E+03   3.3168055E-14
  4.721182713867501E+03   3.2238714E-14
  4.723928431560297E+03   3.1860385E-14
  4.726674129040642E+03   3.0455297E-14
  4.729419806244752E+03   3.0030916E-14
  4.732165463108855E+03   2.9647200E-14
  4.734911099569178E+03   2.9175101E-14
  4.737656715561955E+03   2.9011814E-14
  4.740402311023428E+03   2.8633430E-14
  4.743147885889839E+03   2.7418594E-14
  4.745893440097437E+03   2.7777641E-14
  4.748638973582473E+03   2.7159452E-14
  4.751384486281209E+03   2.6869332E-14
  4.754129978129906E+03   2.6572728E-14
  4.756875449064832E+03   2.6130794E-14
  4.759620899022260E+03   2.5964341E-14
  4.762366327938468E+03   2.5678390E-14
  4.765111735749739E+03   2.5574625E-14
  4.767857122392359E+03   2.5528536E-14
  4.770602487802621E+03   2.5748614E-14
  4.773347831916823E+03   2.5815831E-14
  4.776093154671268E+03   2.6250107E-14
  4.778838456002261E+03   2.6729361E-14
  4.781583735846118E+03   2.7021727E-14
  4.784328994139151E+03   2.7197896E-14
  4.787074230817688E+03   2.7848100E-14
  4.789819445818052E+03   2.8517102E-14
  4.792564639076578E+03   2.9514446E-14
  4.795309810529602E+03   2.9869804E-14
  4.798054960113468E+03   3.1042162E-14
  4.800800087764523E+03   3.2103003E-14
  4.803545193419119E+03   3.2578757E-14
  4.806290277013614E+03   3.3741957E-14
  4.809035338484373E+03   3.4934813E-14
  4.811780377767762E+03   3.6067266E-14
  4.814525394800155E+03   3.7642202E-14
  4.817270389517930E+03   3.7919517E-14
  4.820015361857472E+03   3.9148037E-14
  4.822760311755169E+03   3.9892755E-14
  4.825505239147416E+03   3.9907923E-14
  4.828250143970609E+03   4.0416563E-14
  4.830995026161158E+03   3.9957078E-14
  4.833739885655470E+03   4.0251843E-14
  4.836484722389960E+03   3.9864992E-14
  4.839229536301048E+03   3.8624614E-14
  4.841974327325161E+03   3.8293160E-14
  4.844719095398730E+03   3.8077397E-14
  4.847463840458191E+03   3.7164756E-14
  4.850208562439986E+03   3.7062753E-14
  4.852953261280562E+03   3.6785530E-14
  4.855697936916372E+03   3.6175026E-14
  4.858442589283873E+03   3.5722784E-14
  4.861187218319529E+03   3.4911771E-14
  4.863931823959810E+03   3.4811099E-14
  4.866676406141188E+03   3.4206870E-14
  4.869420964800143E+03   3.4488969E-14
  4.872165499873162E+03   3.4025117E-14
  4.874910011296734E+03   3.4443653E-14
  4.877654499007355E+03   3.4643959E-14
  4.880398962941528E+03   3.5109180E-14
  4.883143403035760E+03   3.5354850E-14
  4.885887819226561E+03   3.5992907E-14
  4.888632211450453E+03   3.6730425E-14
  4.891376579643957E+03   3.7446181E-14
  4.894120923743604E+03   3.8882007E-14
  4.896865243685930E+03   4.0039830E-14
  4.899609539407473E+03   4.0966552E-14
  4.902353810844781E+03   4.1811908E-14
  4.905098057934405E+03   4.3256794E-14
  4.907842280612904E+03   4.5435850E-14
  4.910586478816838E+03   4.6741270E-14
  4.913330652482780E+03   4.8450315E-14
  4.916074801547303E+03   5.0244643E-14
  4.918818925946987E+03   5.1706449E-14
  4.921563025618419E+03   5.2658934E-14
  4.924307100498188E+03   5.4911313E-14
  4.927051150522895E+03   5.6175164E-14
  4.929795175629143E+03   5.7395081E-14
  4.932539175753538E+03   5.9335051E-14
  4.935283150832699E+03   6.0609063E-14
  4.938027100803243E+03   6.2277874E-14
  4.940771025601800E+03   6.3461524E-14
  4.943514925165000E+03   6.5553276E-14
  4.946258799429484E+03   6.5437151E-14
  4.949002648331892E+03   6.6577183E-14
  4.951746471808878E+03   6.7367437E-14
  4.954490269797096E+03   6.7648320E-14
  4.957234042233207E+03   6.7187500E-14
  4.959977789053881E+03   6.7035421E-14
  4.962721510195791E+03   6.5795202E-14
  4.965465205595616E+03   6.5015166E-14
  4.968208875190043E+03   6.3287605E-14
  4.970952518915762E+03   6.1741241E-14
  4.973696136709473E+03   6.0379436E-14
  4.976439728507877E+03   5.8268216E-14
  4.979183294247685E+03   5.6607473E-14
  4.981926833865614E+03   5.5103823E-14
  4.984670347298383E+03   5.2425498E-14
  4.987413834482722E+03   5.1431088E-14
  4.990157295355365E+03   4.9265903E-14
  4.992900729853051E+03   4.7596123E-14
  4.995644137912527E+03   4.5606907E-14
  4.998387519470545E+03   4.4935359E-14
  5.001130874463865E+03   4.3486838E-14
  5.003874202829248E+03   4.1903228E-14
  5.006617504503469E+03   4.0116297E-14
  5.009360779423303E+03   3.9206451E-14
  5.012104027525534E+03   3.7929827E-14
  5.014847248746951E+03   3.6894499E-14
  5.017590443024348E+03   3.6492453E-14
  5.020333610294530E+03   3.5786502E-14
  5.023076750494302E+03   3.4974129E-14
  5.025819863560482E+03   3.4242039E-14
  5.028562949429887E+03   3.3455711E-14
  5.031306008039348E+03   3.3001749E-14
  5.034049039325696E+03   3.1088162E-14
  5.036792043225770E+03   3.2344421E-14
  5.039535019676418E+03   3.2264484E-14
  5.042277968614491E+03   3.1451719E-14
  5.045020889976849E+03   3.1481657E-14
  5.047763783700356E+03   3.1285043E-14
  5.050506649721884E+03   3.0943103E-14
  5.053249487978312E+03   3.0914510E-14
  5.055992298406522E+03   3.0872254E-14
  5.058735080943407E+03   3.1405488E-14
  5.061477835525865E+03   3.0830519E-14
  5.064220562090797E+03   3.0463225E-14
  5.066963260575115E+03   3.0491272E-14
  5.069705930915737E+03   3.0346412E-14
  5.072448573049584E+03   3.0017604E-14
  5.075191186913587E+03   2.9978902E-14
  5.077933772444681E+03   2.9962391E-14
  5.080676329579812E+03   2.9825663E-14
  5.083418858255927E+03   2.9725070E-14
  5.086161358409983E+03   2.9715745E-14
  5.088903829978944E+03   2.9859107E-14
  5.091646272899776E+03   2.9265886E-14
  5.094388687109456E+03   2.9799097E-14
  5.097131072544969E+03   2.8954517E-14
  5.099873429143304E+03   2.9135440E-14
  5.102615756841454E+03   2.9452664E-14
  5.105358055576424E+03   2.9421490E-14
  5.108100325285222E+03   2.8917285E-14
  5.110842565904866E+03   2.9213309E-14
  5.113584777372377E+03   2.8816193E-14
  5.116326959624786E+03   2.8739865E-14
  5.119069112599127E+03   2.8751304E-14
  5.121811236232445E+03   2.9242488E-14
  5.124553330461789E+03   2.9026349E-14
  5.127295395224217E+03   2.9030255E-14
  5.130037430456790E+03   2.8968605E-14
  5.132779436096581E+03   2.8964522E-14
  5.135521412080665E+03   2.8598746E-14
  5.138263358346127E+03   2.8924911E-14
  5.141005274830058E+03   2.8730822E-14
  5.143747161469555E+03   2.8405023E-14
  5.146489018201723E+03   2.8505098E-14
  5.149230844963675E+03   2.8301568E-14
  5.151972641692526E+03   2.8712865E-14
  5.154714408325404E+03   2.8683537E-14
  5.157456144799442E+03   2.8476448E-14
  5.160197851051778E+03   2.9072075E-14
  5.162939527019559E+03   2.9323630E-14
  5.165681172639936E+03   2.9657375E-14
  5.168422787850074E+03   2.9945647E-14
  5.171164372587136E+03   2.9622656E-14
  5.173905926788299E+03   3.0300584E-14
  5.176647450390743E+03   3.0662471E-14
  5.179388943331657E+03   3.0493132E-14
  5.182130405548237E+03   3.1051188E-14
  5.184871836977685E+03   3.1722942E-14
  5.187613237557212E+03   3.1832196E-14
  5.190354607224033E+03   3.2597440E-14
  5.193095945915375E+03   3.2737322E-14
  5.195837253568467E+03   3.3694273E-14
  5.198578530120547E+03   3.3552185E-14
  5.201319775508862E+03   3.4275297E-14
  5.204060989670665E+03   3.4821362E-14
  5.206802172543214E+03   3.5271512E-14
  5.209543324063779E+03   3.5683980E-14
  5.212284444169632E+03   3.6086016E-14
  5.215025532798055E+03   3.6578034E-14
  5.217766589886339E+03   3.7629340E-14
  5.220507615371777E+03   3.7258333E-14
  5.223248609191675E+03   3.8277937E-14
  5.225989571283345E+03   3.9338321E-14
  5.228730501584102E+03   3.9866842E-14
  5.231471400031272E+03   4.0602579E-14
  5.234212266562190E+03   4.1490330E-14
  5.236953101114194E+03   4.1808262E-14
  5.239693903624633E+03   4.2746426E-14
  5.242434674030862E+03   4.4281073E-14
  5.245175412270242E+03   4.4526215E-14
  5.247916118280144E+03   4.4941491E-14
  5.250656791997944E+03   4.5780220E-14
  5.253397433361028E+03   4.6120419E-14
  5.256138042306788E+03   4.6678085E-14
  5.258878618772622E+03   4.7914509E-14
  5.261619162695939E+03   4.8076482E-14
  5.264359674014153E+03   4.7589415E-14
  5.267100152664685E+03   4.8182981E-14
  5.269840598584966E+03   4.8918524E-14
  5.272581011712433E+03   4.8863552E-14
  5.275321391984530E+03   4.8783802E-14
  5.278061739338710E+03   4.9645370E-14
  5.280802053712433E+03   5.0612882E-14
  5.283542335043166E+03   5.0836441E-14
  5.286282583268384E+03   5.1825491E-14
  5.289022798325570E+03   5.2400345E-14
  5.291762980152213E+03   5.3696722E-14
  5.294503128685814E+03   5.4458499E-14
  5.297243243863876E+03   5.4597406E-14
  5.299983325623914E+03   5.6046195E-14
  5.302723373903447E+03   5.6423460E-14
  5.305463388640007E+03   5.6549759E-14
  5.308203369771128E+03   5.7268792E-14
  5.310943317234354E+03   5.7959463E-14
  5.313683230967238E+03   5.8322989E-14
  5.316423110907340E+03   5.8024806E-14
  5.319162956992227E+03   5.8726393E-14
  5.321902769159474E+03   5.8921048E-14
  5.324642547346663E+03   5.8271245E-14
  5.327382291491389E+03   5.7270554E-14
  5.330122001531247E+03   5.7637346E-14
  5.332861677403845E+03   5.6971361E-14
  5.335601319046797E+03   5.7364920E-14
  5.338340926397725E+03   5.5867613E-14
  5.341080499394259E+03   5.5887664E-14
  5.343820037974039E+03   5.5513252E-14
  5.346559542074710E+03   5.5763191E-14
  5.349299011633926E+03   5.4709756E-14
  5.352038446589349E+03   5.4132785E-14
  5.354777846878649E+03   5.3629054E-14
  5.357517212439502E+03   5.2949019E-14
  5.360256543209597E+03   5.2401720E-14
  5.362995839126625E+03   5.2084215E-14
  5.365735100128290E+03   5.2036229E-14
  5.368474326152300E+03   5.2587454E-14
  5.371213517136374E+03   5.1751822E-14
  5.373952673018239E+03   5.1854798E-14
  5.376691793735627E+03   5.1058604E-14
  5.379430879226280E+03   5.0831355E-14
  5.382169929427949E+03   5.0542287E-14
  5.384908944278393E+03   5.0988087E-14
  5.387647923715378E+03   5.1125730E-14
  5.390386867676679E+03   5.1683355E-14
  5.393125776100077E+03   5.2459427E-14
  5.395864648923365E+03   5.3164470E-14
  5.398603486084339E+03   5.3525503E-14
  5.401342287520811E+03   5.4832552E-14
  5.404081053170592E+03   5.5065690E-14
  5.406819782971507E+03   5.5637603E-14
  5.409558476861389E+03   5.6980096E-14
  5.412297134778076E+03   5.7721690E-14
  5.415035756659419E+03   5.8276497E-14
  5.417774342443273E+03   5.9669886E-14
  5.420512892067503E+03   6.0587887E-14
  5.423251405469984E+03   6.1626207E-14
  5.425989882588595E+03   6.2981535E-14
  5.428728323361227E+03   6.3549081E-14
  5.431466727725778E+03   6.5309974E-14
  5.434205095620154E+03   6.6053737E-14
  5.436943426982271E+03   6.7119230E-14
  5.439681721750053E+03   6.8142242E-14
  5.442419979861430E+03   6.9790087E-14
  5.445158201254344E+03   7.1288407E-14
  5.447896385866740E+03   7.2797440E-14
  5.450634533636579E+03   7.4949859E-14
  5.453372644501825E+03   7.4820243E-14
  5.456110718400450E+03   7.7131931E-14
  5.458848755270439E+03   7.7664160E-14
  5.461586755049782E+03   7.9446337E-14
  5.464324717676478E+03   8.0700861E-14
  5.467062643088534E+03   8.3111713E-14
  5.469800531223968E+03   8.2989069E-14
  5.472538382020805E+03   8.3691016E-14
  5.475276195417077E+03   8.5873386E-14
  5.478013971350827E+03   8.7155076E-14
  5.480751709760106E+03   9.6969538E-14
  5.483489410582972E+03   8.9038430E-14
  5.486227073757494E+03   9.0855864E-14
  5.488964699221748E+03   9.1099627E-14
  5.491702286913818E+03   9.1560392E-14
  5.494439836771799E+03   9.2640407E-14
  5.497177348733794E+03   9.3962544E-14
  5.499914822737914E+03   9.4135352E-14
  5.502652258722277E+03   9.4035172E-14
  5.505389656625013E+03   9.4490923E-14
  5.508127016384258E+03   9.4311393E-14
  5.510864337938160E+03   9.5605388E-14
  5.513601621224872E+03   9.5152517E-14
  5.516338866182557E+03   9.5602122E-14
  5.519076072749390E+03   9.5832345E-14
  5.521813240863547E+03   9.5788672E-14
  5.524550370463224E+03   9.5457564E-14
  5.527287461486615E+03   9.6108248E-14
  5.530024513871928E+03   9.5136843E-14
  5.532761527557381E+03   9.4899857E-14
  5.535498502481199E+03   9.4285616E-14
  5.538235438581614E+03   9.4555352E-14
  5.540972335796871E+03   9.2791721E-14
  5.543709194065219E+03   9.2954676E-14
  5.546446013324921E+03   9.3205351E-14
  5.549182793514247E+03   9.1851352E-14
  5.551919534571474E+03   8.9860695E-14
  5.554656236434890E+03   9.0847204E-14
  5.557392899042791E+03   9.1699631E-14
  5.560129522333483E+03   9.0423261E-14
  5.562866106245280E+03   8.9247227E-14
  5.565602650716506E+03   8.8864761E-14
  5.568339155685492E+03   8.8719424E-14
  5.571075621090580E+03   8.7394447E-14
  5.573812046870121E+03   8.7415379E-14
  5.576548432962474E+03   8.6820213E-14
  5.579284779306008E+03   8.5983731E-14
  5.582021085839099E+03   8.4783980E-14
  5.584757352500137E+03   8.4438865E-14
  5.587493579227515E+03   8.3039261E-14
  5.590229765959638E+03   8.3181271E-14
  5.592965912634921E+03   8.1588084E-14
  5.595702019191786E+03   8.0621653E-14
  5.598438085568669E+03   7.9937982E-14
  5.601174111704006E+03   7.9391321E-14
  5.603910097536253E+03   7.8325760E-14
  5.606646043003866E+03   7.7588218E-14
  5.609381948045317E+03   7.6048414E-14
  5.612117812599082E+03   7.6195249E-14
  5.614853636603650E+03   7.4526004E-14
  5.617589419997518E+03   7.3945807E-14
  5.620325162719190E+03   7.2829174E-14
  5.623060864707185E+03   7.1907690E-14
  5.625796525900024E+03   7.0166082E-14
  5.628532146236244E+03   6.8142052E-14
  5.631267725654385E+03   6.6633297E-14
  5.634003264093002E+03   6.6845665E-14
  5.636738761490657E+03   6.5149417E-14
  5.639474217785922E+03   6.2876394E-14
  5.642209632917375E+03   6.2770007E-14
  5.644945006823606E+03   6.1456564E-14
  5.647680339443219E+03   6.0106820E-14
  5.650415630714818E+03   5.8234620E-14
  5.653150880577024E+03   5.6650563E-14
  5.655886088968463E+03   5.4783336E-14
  5.658621255827773E+03   5.3383269E-14
  5.661356381093601E+03   5.1638157E-14
  5.664091464704603E+03   5.0559583E-14
  5.666826506599445E+03   4.9606857E-14
  5.669561506716801E+03   4.7992721E-14
  5.672296464995356E+03   4.6387905E-14
  5.675031381373803E+03   4.5125091E-14
  5.677766255790848E+03   4.4011391E-14
  5.680501088185203E+03   4.3382358E-14
  5.683235878495590E+03   4.2318010E-14
  5.685970626660743E+03   4.1483740E-14
  5.688705332619404E+03   4.0499237E-14
  5.691439996310321E+03   3.9785205E-14
  5.694174617672261E+03   3.8995818E-14
  5.696909196643990E+03   5.7176662E-14
