

  5.257870895966564E+03   2.2163665E-13
  5.262739598298466E+03   1.7407810E-13
  5.267608360832207E+03   1.7500235E-13
  5.272477183456949E+03   1.8523001E-13
  5.277346066061848E+03   1.9750533E-13
  5.282215008536042E+03   2.0368875E-13
  5.287084010768654E+03   2.1417236E-13
  5.291953072648798E+03   2.1856741E-13
  5.296822194065570E+03   2.2418352E-13
  5.301691374908055E+03   2.2366213E-13
  5.306560615065320E+03   2.2558340E-13
  5.311429914426425E+03   2.2386867E-13
  5.316299272880412E+03   2.2250446E-13
  5.321168690316309E+03   2.1793907E-13
  5.326038166623132E+03   2.1417683E-13
  5.330907701689885E+03   2.1095639E-13
  5.335777295405554E+03   2.0825729E-13
  5.340646947659116E+03   2.0095717E-13
  5.345516658339530E+03   2.0070856E-13
  5.350386427335749E+03   1.9740101E-13
  5.355256254536703E+03   1.9412376E-13
  5.360126139831316E+03   1.9081260E-13
  5.364996083108495E+03   1.8817653E-13
  5.369866084257136E+03   1.9029869E-13
  5.374736143166118E+03   1.9005389E-13
  5.379606259724312E+03   1.9119247E-13
  5.384476433820569E+03   1.9583289E-13
  5.389346665343734E+03   1.9765695E-13
  5.394216954182632E+03   2.0179388E-13
  5.399087300226081E+03   2.0858006E-13
  5.403957703362881E+03   2.1270292E-13
  5.408828163481823E+03   2.1840591E-13
  5.413698680471680E+03   2.2197805E-13
  5.418569254221215E+03   2.2672595E-13
  5.423439884619178E+03   2.2816970E-13
  5.428310571554306E+03   2.3214468E-13
  5.433181314915321E+03   2.3431989E-13
  5.438052114590934E+03   2.3554653E-13
  5.442922970469842E+03   2.3516939E-13
  5.447793882440730E+03   2.3645135E-13
  5.452664850392269E+03   2.3516069E-13
  5.457535874213117E+03   2.3744846E-13
  5.462406953791920E+03   2.3622746E-13
  5.467278089017313E+03   2.3285684E-13
  5.472149279777913E+03   2.3335370E-13
  5.477020525962327E+03   2.3237673E-13
  5.481891827459152E+03   2.2842950E-13
  5.486763184156969E+03   2.2743504E-13
  5.491634595944344E+03   2.2406092E-13
  5.496506062709836E+03   2.2149970E-13
  5.501377584341989E+03   2.1845108E-13
  5.506249160729331E+03   2.1579727E-13
  5.511120791760383E+03   2.1433121E-13
  5.515992477323650E+03   2.1050873E-13
  5.520864217307623E+03   2.0777722E-13
  5.525736011600785E+03   2.0048565E-13
  5.530607860091602E+03   2.0136463E-13
  5.535479762668530E+03   1.9814411E-13
  5.540351719220013E+03   1.9394657E-13
  5.545223729634481E+03   1.9453151E-13
  5.550095793800352E+03   1.9021925E-13
  5.554967911606031E+03   1.8665700E-13
  5.559840082939911E+03   1.8268064E-13
  5.564712307690374E+03   1.7870636E-13
  5.569584585745787E+03   1.7585633E-13
  5.574456916994509E+03   1.7460374E-13
  5.579329301324882E+03   1.7031625E-13
  5.584201738625237E+03   1.6840250E-13
  5.589074228783895E+03   1.6411839E-13
  5.593946771689162E+03   1.5999444E-13
  5.598819367229335E+03   1.5850008E-13
  5.603692015292694E+03   1.5451273E-13
  5.608564715767514E+03   1.5097750E-13
  5.613437468542048E+03   1.4745736E-13
  5.618310273504548E+03   1.4432699E-13
  5.623183130543246E+03   1.4204099E-13
  5.628056039546364E+03   1.3798999E-13
  5.632929000402112E+03   1.3275077E-13
  5.637802012998692E+03   1.3138533E-13
  5.642675077224287E+03   1.2728069E-13
  5.647548192967073E+03   1.2423264E-13
  5.652421360115213E+03   1.2050552E-13
  5.657294578556856E+03   1.1739795E-13
  5.662167848180144E+03   1.1374258E-13
  5.667041168873202E+03   1.1076991E-13
  5.671914540524145E+03   1.0816036E-13
  5.676787963021077E+03   1.0493219E-13
  5.681661436252090E+03   1.0251864E-13
  5.686534960105265E+03   9.9621307E-14
  5.691408534468669E+03   9.7714270E-14
  5.696282159230360E+03   9.5874548E-14
  5.701155834278380E+03   9.4743420E-14
  5.706029559500766E+03   9.2237097E-14
  5.710903334785537E+03   9.1649832E-14
  5.715777160020705E+03   9.2612882E-14
  5.720651035094267E+03   9.2335285E-14
  5.725524959894212E+03   9.2354469E-14
  5.730398934308514E+03   9.4776082E-14
  5.735272958225137E+03   9.6271515E-14
  5.740147031532035E+03   9.8968637E-14
  5.745021154117148E+03   1.0262968E-13
  5.749895325868407E+03   1.0534254E-13
  5.754769546673729E+03   1.0758163E-13
  5.759643816421022E+03   1.1157358E-13
  5.764518134998181E+03   1.1762004E-13
  5.769392502293092E+03   1.2324253E-13
  5.774266918193626E+03   1.2820341E-13
  5.779141382587646E+03   1.3172623E-13
  5.784015895363003E+03   1.3577124E-13
  5.788890456407536E+03   1.3885891E-13
  5.793765065609073E+03   1.4340823E-13
  5.798639722855432E+03   1.4775118E-13
  5.803514428034417E+03   1.4974724E-13
  5.808389181033826E+03   1.5286531E-13
  5.813263981741440E+03   1.5690434E-13
  5.818138830045034E+03   1.6202573E-13
  5.823013725832368E+03   1.6620224E-13
  5.827888668991194E+03   1.7304161E-13
  5.832763659409251E+03   1.7780856E-13
  5.837638696974268E+03   1.8481474E-13
  5.842513781573963E+03   1.8946730E-13
  5.847388913096042E+03   1.9429829E-13
  5.852264091428204E+03   1.9792456E-13
  5.857139316458131E+03   2.0048583E-13
  5.862014588073499E+03   2.0201275E-13
  5.866889906161971E+03   2.0302359E-13
  5.871765270611201E+03   2.0383250E-13
  5.876640681308831E+03   2.0230165E-13
  5.881516138142491E+03   2.0179230E-13
  5.886391640999803E+03   1.9891714E-13
  5.891267189768377E+03   1.9537529E-13
  5.896142784335811E+03   1.9209901E-13
  5.901018424589695E+03   1.8946444E-13
  5.905894110417607E+03   1.8671921E-13
  5.910769841707116E+03   1.8451127E-13
  5.915645618345777E+03   1.8004103E-13
  5.920521440221137E+03   1.7378711E-13
  5.925397307220732E+03   1.6911006E-13
  5.930273219232088E+03   1.6196709E-13
  5.935149176142721E+03   1.5663919E-13
  5.940025177840134E+03   1.5154326E-13
  5.944901224211823E+03   1.4583334E-13
  5.949777315145271E+03   1.4019794E-13
  5.954653450527952E+03   1.3514209E-13
  5.959529630247329E+03   1.2894063E-13
  5.964405854190855E+03   1.2475765E-13
  5.969282122245973E+03   1.2177317E-13
  5.974158434300117E+03   1.1928368E-13
  5.979034790240706E+03   1.1845752E-13
  5.983911189955155E+03   1.1889337E-13
  5.988787633330865E+03   1.1821239E-13
  5.993664120255228E+03   1.1865770E-13
  5.998540650615625E+03   1.1910638E-13
  6.003417224299429E+03   1.1906059E-13
  6.008293841194001E+03   1.2094206E-13
  6.013170501186692E+03   1.2059119E-13
  6.018047204164845E+03   1.1957190E-13
  6.022923950015791E+03   1.1804366E-13
  6.027800738626850E+03   1.1573094E-13
  6.032677569885336E+03   1.1474212E-13
  6.037554443678549E+03   1.1378181E-13
  6.042431359893782E+03   1.1152087E-13
  6.047308318418318E+03   1.0899998E-13
  6.052185319139428E+03   1.0748355E-13
  6.057062361944373E+03   1.0725446E-13
  6.061939446720408E+03   1.0666895E-13
  6.066816573354775E+03   1.0786427E-13
  6.071693741734708E+03   1.0851157E-13
  6.076570951747430E+03   1.0988911E-13
  6.081448203280152E+03   1.1177534E-13
  6.086325496220084E+03   1.1383281E-13
  6.091202830454416E+03   1.1572347E-13
  6.096080205870334E+03   1.1381788E-13
  6.100957622355015E+03   1.1265649E-13
  6.105835079795623E+03   1.1172268E-13
  6.110712578079314E+03   1.0781356E-13
  6.115590117093236E+03   1.0316516E-13
  6.120467696724527E+03   9.9428481E-14
  6.125345316860313E+03   9.4786876E-14
  6.130222977387714E+03   9.1486443E-14
  6.135100678193839E+03   8.8333698E-14
  6.139978419165785E+03   8.4525228E-14
  6.144856200190648E+03   8.1875594E-14
  6.149734021155505E+03   7.9815874E-14
  6.154611881947428E+03   7.7818360E-14
  6.159489782453481E+03   7.5343357E-14
  6.164367722560716E+03   7.5564846E-14
  6.169245702156179E+03   7.4726270E-14
  6.174123721126903E+03   7.6444934E-14
  6.179001779359914E+03   7.5124355E-14
  6.183879876742229E+03   7.6693236E-14
  6.188758013160856E+03   7.8151868E-14
  6.193636188502793E+03   8.0051613E-14
  6.198514402655029E+03   8.1267099E-14
  6.203392655504545E+03   8.3789021E-14
  6.208270946938314E+03   8.5579066E-14
  6.213149276843294E+03   8.8280721E-14
  6.218027645106443E+03   8.9801511E-14
  6.222906051614703E+03   9.1499623E-14
  6.227784496255009E+03   9.3503886E-14
  6.232662978914290E+03   9.4007843E-14
  6.237541499479464E+03   9.4489046E-14
  6.242420057837438E+03   9.4446227E-14
  6.247298653875112E+03   9.5369181E-14
  6.252177287479381E+03   9.6030490E-14
  6.257055958537123E+03   9.6954325E-14
  6.261934666935215E+03   9.8047906E-14
  6.266813412560524E+03   9.8459205E-14
  6.271692195299904E+03   1.0197319E-13
  6.276571015040203E+03   1.0387663E-13
  6.281449871668261E+03   1.0685689E-13
  6.286328765070909E+03   1.0969600E-13
  6.291207695134970E+03   1.1240346E-13
  6.296086661747257E+03   1.1510484E-13
  6.300965664794575E+03   1.1814688E-13
  6.305844704163721E+03   1.2003098E-13
  6.310723779741484E+03   1.2278106E-13
  6.315602891414642E+03   1.2460919E-13
  6.320482039069969E+03   1.2598260E-13
  6.325361222594225E+03   1.2934812E-13
  6.330240441874168E+03   1.3089723E-13
  6.335119696796543E+03   1.3403601E-13
  6.339998987248088E+03   1.3856310E-13
  6.344878313115532E+03   1.4157752E-13
  6.349757674285598E+03   1.4470823E-13
  6.354637070645000E+03   1.4776346E-13
  6.359516502080441E+03   1.5249576E-13
  6.364395968478619E+03   1.5453666E-13
  6.369275469726223E+03   1.5692715E-13
  6.374155005709933E+03   1.5984624E-13
  6.379034576316423E+03   1.6088261E-13
  6.383914181432356E+03   1.6233607E-13
  6.388793820944389E+03   1.6416186E-13
  6.393673494739171E+03   1.6394466E-13
  6.398553202703343E+03   1.6462877E-13
  6.403432944723536E+03   1.6556102E-13
  6.408312720686376E+03   1.6553601E-13
  6.413192530478479E+03   1.6850688E-13
  6.418072373986453E+03   1.6799005E-13
  6.422952251096902E+03   1.6914171E-13
  6.427832161696416E+03   1.7026184E-13
  6.432712105671581E+03   1.7096295E-13
  6.437592082908975E+03   1.7219940E-13
  6.442472093295167E+03   1.7239878E-13
  6.447352136716720E+03   1.7274496E-13
  6.452232213060190E+03   1.7307855E-13
  6.457112322212120E+03   1.7392740E-13
  6.461992464059051E+03   1.7457445E-13
  6.466872638487514E+03   1.7499466E-13
  6.471752845384034E+03   1.7484885E-13
  6.476633084635125E+03   1.7459588E-13
  6.481513356127298E+03   1.7433520E-13
  6.486393659747052E+03   1.7587432E-13
  6.491273995380882E+03   1.7530005E-13
  6.496154362915275E+03   1.7683350E-13
  6.501034762236708E+03   1.7407107E-13
  6.505915193231654E+03   1.7518311E-13
  6.510795655786575E+03   1.7440465E-13
  6.515676149787929E+03   1.7358574E-13
  6.520556675122166E+03   1.7188121E-13
  6.525437231675725E+03   1.7103274E-13
  6.530317819335043E+03   1.7160298E-13
  6.535198437986548E+03   1.6898219E-13
  6.540079087516659E+03   1.7012815E-13
  6.544959767811790E+03   1.6683806E-13
  6.549840478758344E+03   1.6555647E-13
  6.554721220242723E+03   1.6225287E-13
  6.559601992151317E+03   1.6234472E-13
  6.564482794370510E+03   1.5903679E-13
  6.569363626786680E+03   1.5659055E-13
  6.574244489286199E+03   1.5406452E-13
  6.579125381755427E+03   1.5009257E-13
  6.584006304080722E+03   1.4866857E-13
  6.588887256148434E+03   1.4512622E-13
  6.593768237844904E+03   1.4061971E-13
  6.598649249056468E+03   1.3950680E-13
  6.603530289669455E+03   1.3539412E-13
  6.608411359570186E+03   1.3211078E-13
  6.613292458644975E+03   1.2793014E-13
  6.618173586780133E+03   1.2436806E-13
  6.623054743861958E+03   1.2201614E-13
  6.627935929776748E+03   1.1958999E-13
  6.632817144410787E+03   1.1685760E-13
  6.637698387650359E+03   1.1364240E-13
  6.642579659381738E+03   1.1163103E-13
  6.647460959491190E+03   1.0847794E-13
  6.652342287864977E+03   1.0720511E-13
  6.657223644389354E+03   1.0489296E-13
  6.662105028950569E+03   1.0286420E-13
  6.666986441434864E+03   9.9771428E-14
  6.671867881728472E+03   9.8429606E-14
  6.676749349717622E+03   9.6906837E-14
  6.681630845288537E+03   9.3646675E-14
  6.686512368327431E+03   9.2598035E-14
  6.691393918720515E+03   9.1600447E-14
  6.696275496353989E+03   8.9476014E-14
  6.701157101114052E+03   8.8665423E-14
  6.706038732886892E+03   8.6449335E-14
  6.710920391558695E+03   8.4365613E-14
  6.715802077015635E+03   8.3848069E-14
  6.720683789143886E+03   8.1816322E-14
  6.725565527829612E+03   7.9851097E-14
  6.730447292958971E+03   7.8768914E-14
  6.735329084418117E+03   7.7991223E-14
  6.740210902093194E+03   7.7652864E-14
  6.745092745870343E+03   7.5888921E-14
  6.749974615635701E+03   7.4915646E-14
  6.754856511275392E+03   7.4160804E-14
  6.759738432675541E+03   7.2957685E-14
  6.764620379722262E+03   7.1295265E-14
  6.769502352301666E+03   7.0933893E-14
  6.774384350299857E+03   6.9819178E-14
  6.779266373602933E+03   6.9045315E-14
  6.784148422096985E+03   6.8598156E-14
  6.789030495668102E+03   6.8263910E-14
  6.793912594202363E+03   6.7134327E-14
  6.798794717585841E+03   6.7519165E-14
  6.803676865704606E+03   6.6009000E-14
  6.808559038444722E+03   6.4870560E-14
  6.813441235692247E+03   6.5037331E-14
  6.818323457333227E+03   6.4960271E-14
  6.823205703253715E+03   6.4543701E-14
  6.828087973339748E+03   6.4388551E-14
  6.832970267477359E+03   6.4400552E-14
  6.837852585552578E+03   6.3588288E-14
  6.842734927451429E+03   6.3541098E-14
  6.847617293059930E+03   6.2943886E-14
  6.852499682264091E+03   6.2577615E-14
  6.857382094949921E+03   6.2963774E-14
  6.862264531003420E+03   6.2987376E-14
  6.867146990310584E+03   6.3297525E-14
  6.872029472757402E+03   6.4210064E-14
  6.876911978229861E+03   6.4351309E-14
  6.881794506613939E+03   6.4235414E-14
  6.886677057795610E+03   6.3985160E-14
  6.891559631660844E+03   6.3062497E-14
  6.896442228095603E+03   6.3815001E-14
  6.901324846985846E+03   6.3209359E-14
  6.906207488217527E+03   6.4038794E-14
  6.911090151676591E+03   6.4144369E-14
  6.915972837248982E+03   6.4350313E-14
  6.920855544820637E+03   6.4421870E-14
  6.925738274277490E+03   6.3660496E-14
  6.930621025505466E+03   6.3801415E-14
  6.935503798390487E+03   6.3308442E-14
  6.940386592818470E+03   6.2869740E-14
  6.945269408675328E+03   6.3823899E-14
  6.950152245846966E+03   6.3577731E-14
  6.955035104219288E+03   5.9503204E-14
  6.959917983678190E+03   6.2469290E-14
  6.964800884109563E+03   6.2136839E-14
  6.969683805399295E+03   6.1653658E-14
  6.974566747433269E+03   6.0851599E-14
  6.979449710097359E+03   6.0759916E-14
  6.984332693277443E+03   5.9716988E-14
  6.989215696859384E+03   5.9621856E-14
  6.994098720729046E+03   5.9165211E-14
  6.998981764772288E+03   5.9666126E-14
  7.003864828874964E+03   5.8647253E-14
  7.008747912922921E+03   5.8547154E-14
  7.013631016802005E+03   5.8621219E-14
  7.018514140398053E+03   5.8964884E-14
  7.023397283596903E+03   5.8261698E-14
  7.028280446284382E+03   5.9386110E-14
  7.033163628346318E+03   6.0215349E-14
  7.038046829668531E+03   6.0195996E-14
  7.042930050136839E+03   6.0147200E-14
  7.047813289637052E+03   6.0616226E-14
  7.052696548054979E+03   5.9778524E-14
  7.057579825276423E+03   5.9401668E-14
  7.062463121187184E+03   5.9109659E-14
  7.067346435673056E+03   5.8907943E-14
  7.072229768619827E+03   5.9434635E-14
  7.077113119913285E+03   5.9633572E-14
  7.081996489439211E+03   6.0109314E-14
  7.086879877083384E+03   5.9373066E-14
  7.091763282731574E+03   5.9777385E-14
  7.096646706269551E+03   5.9823410E-14
  7.101530147583080E+03   6.0513714E-14
  7.106413606557921E+03   6.1918678E-14
  7.111297083079832E+03   6.3333561E-14
  7.116180577034564E+03   6.4978594E-14
  7.121064088307863E+03   6.5434576E-14
  7.125947616785476E+03   6.6435159E-14
  7.130831162353143E+03   6.6144552E-14
  7.135714724896598E+03   6.6505354E-14
  7.140598304301575E+03   6.7705173E-14
  7.145481900453801E+03   6.7565453E-14
  7.150365513239001E+03   6.9324348E-14
  7.155249142542895E+03   6.9549679E-14
  7.160132788251200E+03   7.0390715E-14
  7.165016450249626E+03   7.0233241E-14
  7.169900128423886E+03   7.0598644E-14
  7.174783822659680E+03   7.0224798E-14
  7.179667532842715E+03   6.9627850E-14
  7.184551258858683E+03   6.9321190E-14
  7.189435000593282E+03   6.8398568E-14
  7.194318757932199E+03   6.8102133E-14
  7.199202530761125E+03   6.8628859E-14
  7.204086318965738E+03   6.8940859E-14
  7.208970122431717E+03   6.8890186E-14
  7.213853941044741E+03   6.9025833E-14
  7.218737774690481E+03   6.8556123E-14
  7.223621623254606E+03   6.7248805E-14
  7.228505486622779E+03   6.6391005E-14
  7.233389364680664E+03   6.7138976E-14
  7.238273257313917E+03   6.6968986E-14
  7.243157164408195E+03   6.8356535E-14
  7.248041085849149E+03   6.8917209E-14
  7.252925021522425E+03   6.9529377E-14
  7.257808971313670E+03   7.0169937E-14
  7.262692935108524E+03   7.0450481E-14
  7.267576912792625E+03   7.0249321E-14
  7.272460904251609E+03   6.9710134E-14
  7.277344909371107E+03   6.9356454E-14
  7.282228928036748E+03   7.0458037E-14
  7.287112960134155E+03   7.0215447E-14
  7.291997005548954E+03   7.1493579E-14
  7.296881064166760E+03   7.2420639E-14
  7.301765135873191E+03   7.2457794E-14
  7.306649220553860E+03   7.2941402E-14
  7.311533318094375E+03   7.2985217E-14
  7.316417428380345E+03   7.3163684E-14
  7.321301551297372E+03   7.3512370E-14
  7.326185686731058E+03   7.3335997E-14
  7.331069834567001E+03   7.2530449E-14
  7.335953994690795E+03   7.3441422E-14
  7.340838166988032E+03   7.4129532E-14
  7.345722351344302E+03   7.5198318E-14
  7.350606547645191E+03   7.5447020E-14
  7.355490755776284E+03   7.4708692E-14
  7.360374975623159E+03   7.4988803E-14
  7.365259207071396E+03   7.3784593E-14
  7.370143450006571E+03   7.3858562E-14
  7.375027704314256E+03   7.3158778E-14
  7.379911969880020E+03   7.4531364E-14
  7.384796246589431E+03   7.3842964E-14
  7.389680534328054E+03   7.3725504E-14
  7.394564832981451E+03   7.4817187E-14
  7.399449142435183E+03   7.4558835E-14
  7.404333462574805E+03   7.3047532E-14
  7.409217793285873E+03   7.1568355E-14
  7.414102134453938E+03   7.1257453E-14
  7.418986485964550E+03   7.0984302E-14
  7.423870847703258E+03   7.0364626E-14
  7.428755219555604E+03   6.9111892E-14
  7.433639601407132E+03   6.9486632E-14
  7.438523993143383E+03   6.8413157E-14
  7.443408394649893E+03   6.8763598E-14
  7.448292805812198E+03   6.8725916E-14
  7.453177226515832E+03   6.7507787E-14
  7.458061656646326E+03   6.6197326E-14
  7.462946096089208E+03   6.5034234E-14
  7.467830544730005E+03   6.2757667E-14
  7.472715002454242E+03   6.2230277E-14
  7.477599469147440E+03   6.1065045E-14
  7.482483944695119E+03   6.0900985E-14
  7.487368428982801E+03   6.1480714E-14
  7.492252921895998E+03   6.1880392E-14
  7.497137423320225E+03   6.1719137E-14
  7.502021933140995E+03   6.0569273E-14
  7.506906451243819E+03   6.0183161E-14
  7.511790977514202E+03   5.9236050E-14
  7.516675511837653E+03   5.9341495E-14
  7.521560054099675E+03   5.9764971E-14
  7.526444604185772E+03   6.0482272E-14
  7.531329161981443E+03   6.1071651E-14
  7.536213727372188E+03   6.2341957E-14
  7.541098300243504E+03   6.3224030E-14
  7.545982880480887E+03   6.2468768E-14
  7.550867467969828E+03   6.1671236E-14
  7.555752062595821E+03   6.1809668E-14
  7.560636664244356E+03   6.2203484E-14
  7.565521272800922E+03   6.2742698E-14
  7.570405888151005E+03   6.2551072E-14
  7.575290510180091E+03   6.4345400E-14
  7.580175138773664E+03   6.6646057E-14
  7.585059773817205E+03   6.6692521E-14
  7.589944415196198E+03   6.5758264E-14
  7.594829062796118E+03   6.5388030E-14
  7.599713716502445E+03   6.4651457E-14
  7.604598376200656E+03   6.3736681E-14
  7.609483041776226E+03   6.4666520E-14
  7.614367713114626E+03   6.5469406E-14
  7.619252390101331E+03   6.6669252E-14
  7.624137072621812E+03   6.8296314E-14
  7.629021760561536E+03   6.8609723E-14
  7.633906453805975E+03   7.0223104E-14
  7.638791152240592E+03   6.9638319E-14
  7.643675855750857E+03   6.9225665E-14
  7.648560564222232E+03   6.8558196E-14
  7.653445277540181E+03   6.5916368E-14
  7.658329995590168E+03   6.4824448E-14
  7.663214718257653E+03   6.3994288E-14
  7.668099445428095E+03   6.4167103E-14
  7.672984176986956E+03   6.3755987E-14
  7.677868912819692E+03   6.5363567E-14
  7.682753652811761E+03   6.6045964E-14
  7.687638396848619E+03   6.6245396E-14
  7.692523144815721E+03   6.7077271E-14
  7.697407896598522E+03   6.4741371E-14
  7.702292652082474E+03   6.3096806E-14
  7.707177411153030E+03   6.1218087E-14
  7.712062173695644E+03   5.9113000E-14
  7.716946939595763E+03   5.9508110E-14
  7.721831708738840E+03   5.9847255E-14
  7.726716481010324E+03   5.9875926E-14
  7.731601256295662E+03   6.2567857E-14
  7.736486034480303E+03   6.2241899E-14
  7.741370815449694E+03   6.2967372E-14
  7.746255599089282E+03   6.2036524E-14
  7.751140385284512E+03   5.9858321E-14
  7.756025173920831E+03   5.9131750E-14
  7.760909964883682E+03   5.7624797E-14
  7.765794758058509E+03   5.6837205E-14
  7.770679553330758E+03   5.6313305E-14
  7.775564350585871E+03   5.6333447E-14
  7.780449149709289E+03   5.7304381E-14
  7.785333950586456E+03   5.7749202E-14
  7.790218753102814E+03   6.0080149E-14
  7.795103557143804E+03   6.0571272E-14
  7.799988362594868E+03   5.9716670E-14
  7.804873169341445E+03   5.7995458E-14
  7.809757977268977E+03   5.5980706E-14
  7.814642786262904E+03   5.4264241E-14
  7.819527596208666E+03   5.4120926E-14
  7.824412406991702E+03   5.4172653E-14
  7.829297218497452E+03   5.4448094E-14
  7.834182030611357E+03   5.4820650E-14
  7.839066843218853E+03   5.6770096E-14
  7.843951656205382E+03   5.7860672E-14
  7.848836469456382E+03   5.7553578E-14
  7.853721282857292E+03   5.8329758E-14
  7.858606096293551E+03   5.7099067E-14
  7.863490909650597E+03   5.6082821E-14
  7.868375722813870E+03   5.3812664E-14
  7.873260535668810E+03   5.2473325E-14
  7.878145348100853E+03   5.1427768E-14
  7.883030159995442E+03   5.1888232E-14
  7.887914971238013E+03   5.2651256E-14
  7.892799781714007E+03   5.4528031E-14
  7.897684591308864E+03   5.3749895E-14
  7.902569399908023E+03   5.5670292E-14
  7.907454207396924E+03   5.4368328E-14
  7.912339013661009E+03   5.3657518E-14
  7.917223818585715E+03   5.2372288E-14
  7.922108622056487E+03   5.1468368E-14
  7.926993423958764E+03   5.1228231E-14
  7.931878224177988E+03   4.9580742E-14
  7.936763022599602E+03   4.8212993E-14
  7.941647819109046E+03   4.7773268E-14
  7.946532613591766E+03   4.6457172E-14
  7.951417405933204E+03   4.6285912E-14
  7.956302196018804E+03   4.4680544E-14
  7.961186983734011E+03   4.4282117E-14
  7.966071768964267E+03   4.3779277E-14
  7.970956551595021E+03   4.4858130E-14
  7.975841331511718E+03   4.5689432E-14
  7.980726108599804E+03   4.7234050E-14
  7.985610882744729E+03   4.5908962E-14
  7.990495653831937E+03   4.4987302E-14
  7.995380421746881E+03   4.3555610E-14
  8.000265186375008E+03   4.1772721E-14
  8.005149947601770E+03   4.1406430E-14
  8.010034705312616E+03   4.0869096E-14
  8.014919459393001E+03   4.0778060E-14
  8.019804209728376E+03   4.0338145E-14
  8.024688956204195E+03   4.0838965E-14
  8.029573698705913E+03   4.2042223E-14
  8.034458437118984E+03   4.2092791E-14
  8.039343171328866E+03   4.2401348E-14
  8.044227901221017E+03   4.2492451E-14
  8.049112626680895E+03   4.2210945E-14
  8.053997347593959E+03   4.0223918E-14
  8.058882063845670E+03   3.9040186E-14
  8.063766775321490E+03   3.8344141E-14
  8.068651481906882E+03   3.8807153E-14
  8.073536183487310E+03   3.9207170E-14
  8.078420879948238E+03   4.0271595E-14
  8.083305571175133E+03   4.0301296E-14
  8.088190257053462E+03   4.1505285E-14
  8.093074937468696E+03   4.1404753E-14
  8.097959612306303E+03   4.0285561E-14
  8.102844281451757E+03   3.8603642E-14
  8.107728944790527E+03   3.9181772E-14
  8.112613602208089E+03   3.8117970E-14
  8.117498253589920E+03   3.8018501E-14
  8.122382898821494E+03   3.7722175E-14
  8.127267537788292E+03   3.6731018E-14
  8.132152170375793E+03   3.6451057E-14
  8.137036796469478E+03   3.5548452E-14
  8.141921415954829E+03   3.5545924E-14
  8.146806028717333E+03   3.4924015E-14
  8.151690634642473E+03   3.3837323E-14
  8.156575233615739E+03   3.2722689E-14
  8.161459825522620E+03   3.0124280E-14
  8.166344410248605E+03   2.8203434E-14
  8.171228987679188E+03   2.6545481E-14
  8.176113557699863E+03   2.4908157E-14
  8.180998120196126E+03   2.3878076E-14
  8.185882675053475E+03   2.2242370E-14
  8.190767222157409E+03   2.2951467E-14
  8.195651761393430E+03   2.1295345E-14
  8.200536292647041E+03   2.8275654E-14
  8.205420815803747E+03   1.8293421E-14
  8.210305330749057E+03   1.7926929E-14
  8.215189837368476E+03   1.7322224E-14
  8.220074335547517E+03   1.6923959E-14
  8.224958825171692E+03   1.6467652E-14
  8.229843306126519E+03   1.6192073E-14
  8.234727778297511E+03   1.6415832E-14
  8.239612241570190E+03   1.6080866E-14
  8.244496695830076E+03   1.6424956E-14
  8.249381140962689E+03   1.5999116E-14
  8.254265576853559E+03   1.5568372E-14
  8.259150003388209E+03   1.5959553E-14
  8.264034420452173E+03   1.6114351E-14
  8.268918827930984E+03   1.6252831E-14
  8.273803225710168E+03   1.7424621E-14
  8.278687613675269E+03   1.8188098E-14
  8.283571991711822E+03   1.9063305E-14
  8.288456359705373E+03   1.9179147E-14
  8.293340717541458E+03   1.9347412E-14
  8.298225065105626E+03   2.0161156E-14
  8.303109402283428E+03   1.9169533E-14
  8.307993728960409E+03   1.8967245E-14
  8.312878045022129E+03   1.9107579E-14
  8.317762350354138E+03   1.9616963E-14
  8.322646644841996E+03   2.0232126E-14
  8.327530928371263E+03   2.0722871E-14
  8.332415200827503E+03   2.0932344E-14
  8.337299462096282E+03   2.1324400E-14
  8.342183712063168E+03   2.1979531E-14
  8.347067950613731E+03   2.2329845E-14
  8.351952177633544E+03   2.3137252E-14
  8.356836393008189E+03   2.2846874E-14
  8.361720596623236E+03   2.2697717E-14
  8.366604788364277E+03   2.2681914E-14
  8.371488968116888E+03   2.2469690E-14
  8.376373135766662E+03   2.3351589E-14
  8.381257291199187E+03   2.2748100E-14
  8.386141434300058E+03   2.3711591E-14
  8.391025564954869E+03   2.4462696E-14
  8.395909683049218E+03   2.4667480E-14
  8.400793788468711E+03   2.6360448E-14
  8.405677881098951E+03   2.6743392E-14
  8.410561960825544E+03   2.9107081E-14
  8.415446027534103E+03   3.0218771E-14
  8.420330081110242E+03   3.1627946E-14
  8.425214121439578E+03   3.3338732E-14
  8.430098148407729E+03   3.4374748E-14
  8.434982161900321E+03   3.6039900E-14
  8.439866161802980E+03   3.7224781E-14
  8.444750148001336E+03   3.8213864E-14
  8.449634120381019E+03   3.8995940E-14
  8.454518078827667E+03   3.9751287E-14
  8.459402023226921E+03   4.0937102E-14
  8.464285953464421E+03   4.2284593E-14
  8.469169869425814E+03   4.4458811E-14
  8.474053770996750E+03   4.6227379E-14
  8.478937658062881E+03   4.9816247E-14
  8.483821530509862E+03   5.2705043E-14
  8.488705388223356E+03   5.7011402E-14
  8.493589231089021E+03   5.8133619E-14
  8.498473058992528E+03   6.1810813E-14
  8.503356871819542E+03   6.4697739E-14
  8.508240669455741E+03   6.5240206E-14
  8.513124451786802E+03   6.6659142E-14
  8.518008218698402E+03   6.7876836E-14
  8.522891970076227E+03   6.7420604E-14
  8.527775705805965E+03   6.6874864E-14
  8.532659425773309E+03   6.4257864E-14
  8.537543129863952E+03   6.4356418E-14
  8.542426817963595E+03   6.3828710E-14
  8.547310489957938E+03   6.5221639E-14
  8.552194145732688E+03   6.5788344E-14
  8.557077785173558E+03   6.7511243E-14
  8.561961408166258E+03   6.9593867E-14
  8.566845014596509E+03   7.3101803E-14
  8.571728604350032E+03   7.5297956E-14
  8.576612177312554E+03   7.7577024E-14
  8.581495733369802E+03   8.0564387E-14
  8.586379272407510E+03   8.0663212E-14
  8.591262794311417E+03   8.4500224E-14
  8.596146298967265E+03   8.4364698E-14
  8.601029786260799E+03   8.2769668E-14
  8.605913256077767E+03   8.0267851E-14
  8.610796708303924E+03   7.8433238E-14
  8.615680142825029E+03   7.6250143E-14
  8.620563559526843E+03   7.7534990E-14
  8.625446958295131E+03   7.8157004E-14
  8.630330339015667E+03   8.0417599E-14
  8.635213701574221E+03   8.2369543E-14
  8.640097045856575E+03   8.4931946E-14
  8.644980371748514E+03   8.8078863E-14
  8.649863679135819E+03   9.3207912E-14
  8.654746967904288E+03   9.4045038E-14
  8.659630237939715E+03   9.6153859E-14
  8.664513489127899E+03   9.5700086E-14
  8.669396721354649E+03   9.2377630E-14
  8.674279934505770E+03   8.8266024E-14
  8.679163128467080E+03   8.5351492E-14
  8.684046303124394E+03   8.6710126E-14
  8.688929458363535E+03   8.9226207E-14
  8.693812594070332E+03   8.9144417E-14
  8.698695710130618E+03   9.3114867E-14
  8.703578806430225E+03   9.8727369E-14
  8.708461882855001E+03   1.0191487E-13
  8.713344939290786E+03   9.9596282E-14
  8.718227975623433E+03   9.6836723E-14
  8.723110991738798E+03   9.3085343E-14
  8.727993987522739E+03   8.8308070E-14
  8.732876962861123E+03   8.9299648E-14
  8.737759917639816E+03   8.7791841E-14
  8.742642851744697E+03   8.8402552E-14
  8.747525765061642E+03   8.8104661E-14
  8.752408657476535E+03   8.8758346E-14
  8.757291528875267E+03   8.9362057E-14
  8.762174379143729E+03   9.0637194E-14
  8.767057208167824E+03   9.2041588E-14
  8.771940015833452E+03   9.5193547E-14
  8.776822802026521E+03   9.6592602E-14
  8.781705566632951E+03   9.7644989E-14
  8.786588309538653E+03   9.5379244E-14
  8.791471030629556E+03   9.1475587E-14
  8.796353729791586E+03   8.9393702E-14
  8.801236406910681E+03   8.5235082E-14
  8.806119061872778E+03   8.4943452E-14
  8.811001694563820E+03   8.4024150E-14
  8.815884304869758E+03   8.2031048E-14
  8.820766892676547E+03   8.3354005E-14
  8.825649457870148E+03   8.3329604E-14
  8.830532000336527E+03   8.1515164E-14
  8.835414519961652E+03   7.9734003E-14
  8.840297016631501E+03   7.8518003E-14
  8.845179490232056E+03   7.8701816E-14
  8.850061940649302E+03   7.9189395E-14
  8.854944367769232E+03   8.1269457E-14
  8.859826771477847E+03   8.4111483E-14
  8.864709151661145E+03   8.0357765E-14
  8.869591508205136E+03   7.7862209E-14
  8.874473840995839E+03   7.5556382E-14
  8.879356149919267E+03   7.5948105E-14
  8.884238434861451E+03   7.5764732E-14
  8.889120695708418E+03   7.6622302E-14
  8.894002932346208E+03   7.6628455E-14
  8.898885144660861E+03   7.5013644E-14
  8.903767332538424E+03   7.2138001E-14
  8.908649495864955E+03   6.9688308E-14
  8.913531634526509E+03   6.8140473E-14
  8.918413748409155E+03   6.7186077E-14
  8.923295837398960E+03   6.5294870E-14
  8.928177901382005E+03   6.3800324E-14
  8.933059940244368E+03   6.4102735E-14
  8.937941953872141E+03   6.6780674E-14
  8.942823942151417E+03   6.5770035E-14
  8.947705904968299E+03   6.7764059E-14
  8.952587842208890E+03   6.5997060E-14
  8.957469753759302E+03   6.5017470E-14
  8.962351639505658E+03   6.4048410E-14
  8.967233499334077E+03   6.5561109E-14
  8.972115333130692E+03   6.7599924E-14
  8.976997140781637E+03   6.6824266E-14
  8.981878922173059E+03   6.5124243E-14
  8.986760677191103E+03   6.0507914E-14
  8.991642405721926E+03   5.8113657E-14
  8.996524107651687E+03   5.9135415E-14
  9.001405782866554E+03   5.9654199E-14
  9.006287431252702E+03   6.2268516E-14
  9.011169052696308E+03   6.2374862E-14
  9.016050647083563E+03   6.3392054E-14
  9.020932214300654E+03   6.3479529E-14
  9.025813754233783E+03   6.3577175E-14
  9.030695266769151E+03   6.3978079E-14
  9.035576751792976E+03   6.5699670E-14
  9.040458209191471E+03   6.6335650E-14
  9.045339638850863E+03   6.6798475E-14
  9.050221040657379E+03   6.6604586E-14
  9.055102414497262E+03   6.5135445E-14
  9.059983760256751E+03   6.3936351E-14
  9.064865077822100E+03   6.1150459E-14
  9.069746367079564E+03   5.7274586E-14
  9.074627627915406E+03   5.5571324E-14
  9.079508860215899E+03   5.3466570E-14
  9.084390063867319E+03   5.1031861E-14
  9.089271238755950E+03   5.3160598E-14
  9.094152384768078E+03   5.4623833E-14
  9.099033501790005E+03   5.5699596E-14
  9.103914589708034E+03   5.6146538E-14
  9.108795648408475E+03   5.8092908E-14
  9.113676677777647E+03   5.9495398E-14
  9.118557677701870E+03   6.0210368E-14
  9.123438648067480E+03   6.0762091E-14
  9.128319588760811E+03   6.0793228E-14
  9.133200499668214E+03   5.9528046E-14
  9.138081380676034E+03   5.7818842E-14
  9.142962231670635E+03   5.5746308E-14
  9.147843052538381E+03   5.3439336E-14
  9.152723843165646E+03   5.0683046E-14
  9.157604603438809E+03   4.7959697E-14
  9.162485333244256E+03   4.5965185E-14
  9.167366032468384E+03   4.4057450E-14
  9.172246700997594E+03   4.3483219E-14
  9.177127338718290E+03   4.5388196E-14
  9.182007945516894E+03   4.6685149E-14
  9.186888521279827E+03   4.7923877E-14
  9.191769065893517E+03   5.0252276E-14
  9.196649579244404E+03   5.2942934E-14
  9.201530061218931E+03   5.3406505E-14
  9.206410511703552E+03   5.4048854E-14
  9.211290930584724E+03   5.5008166E-14
  9.216171317748915E+03   5.4641231E-14
  9.221051673082600E+03   5.2019068E-14
  9.225931996472260E+03   4.8251710E-14
  9.230812287804383E+03   4.3840342E-14
  9.235692546965467E+03   4.0238558E-14
  9.240572773842016E+03   3.9039810E-14
  9.245452968320540E+03   3.9810488E-14
  9.250333130287561E+03   4.0959932E-14
  9.255213259629601E+03   4.1755899E-14
  9.260093356233199E+03   4.3019452E-14
  9.264973419984895E+03   4.3649837E-14
  9.269853450771239E+03   4.5846532E-14
  9.274733448478790E+03   4.8523553E-14
  9.279613412994107E+03   4.8896674E-14
  9.284493344203769E+03   4.9536679E-14
  9.289373241994355E+03   4.9113813E-14
  9.294253106252452E+03   4.5877927E-14
  9.299132936864658E+03   4.2343604E-14
  9.304012733717575E+03   3.9223179E-14
  9.308892496697814E+03   3.7364524E-14
  9.313772225691999E+03   3.6821789E-14
  9.318651920586752E+03   3.5874183E-14
  9.323531581268715E+03   3.6871734E-14
  9.328411207624526E+03   3.7796816E-14
  9.333290799540839E+03   3.8156429E-14
  9.338170356904313E+03   3.9045834E-14
  9.343049879601616E+03   3.9814055E-14
  9.347929367519426E+03   4.0438891E-14
  9.352808820544422E+03   4.0823190E-14
  9.357688238563300E+03   4.4908115E-14
  9.362567621462758E+03   4.7334586E-14
  9.367446969129505E+03   4.8910017E-14
  9.372326281450258E+03   5.0457394E-14
  9.377205558311740E+03   4.8407706E-14
  9.382084799600683E+03   4.7003573E-14
  9.386964005203836E+03   4.5914725E-14
  9.391843175007940E+03   4.4022637E-14
  9.396722308899754E+03   3.9898108E-14
  9.401601406766047E+03   3.6854292E-14
  9.406480468493595E+03   3.5089417E-14
  9.411359493969177E+03   3.4537003E-14
  9.416238483079589E+03   3.1607709E-14
  9.421117435711627E+03   3.2988840E-14
  9.425996351752101E+03   3.4186321E-14
  9.430875231087830E+03   3.5478161E-14
  9.435754073605634E+03   3.5630061E-14
  9.440632879192353E+03   3.8277954E-14
  9.445511647734827E+03   3.9220976E-14
  9.450390379119908E+03   4.1464255E-14
  9.455269073234456E+03   4.4392184E-14
  9.460147729965342E+03   4.3538666E-14
  9.465026349199437E+03   4.2826538E-14
  9.469904930823634E+03   3.9889502E-14
  9.474783474724823E+03   3.5072487E-14
  9.479661980789911E+03   3.0800751E-14
  9.484540448905807E+03   2.9505945E-14
  9.489418878959437E+03   2.9044099E-14
  9.494297270837729E+03   3.0169847E-14
  9.499175624427620E+03   3.0192425E-14
  9.504053939616060E+03   3.0421107E-14
  9.508932216290004E+03   3.0549829E-14
  9.513810454336421E+03   3.0859402E-14
  9.518688653642283E+03   3.0438210E-14
  9.523566814094576E+03   3.2327270E-14
  9.528444935580290E+03   3.5090586E-14
  9.533323017986429E+03   3.6940743E-14
  9.538201061200005E+03   3.7360343E-14
  9.543079065108035E+03   3.8539027E-14
  9.547957029597550E+03   3.7763961E-14
  9.552834954555590E+03   3.5479757E-14
  9.557712839869202E+03   3.2504625E-14
  9.562590685425441E+03   2.9529811E-14
  9.567468491111373E+03   2.7265677E-14
  9.572346256814075E+03   2.6050432E-14
  9.577223982420632E+03   2.6489399E-14
  9.582101667818137E+03   2.6843567E-14
  9.586979312893691E+03   2.7216278E-14
  9.591856917534413E+03   2.8412096E-14
  9.596734481627418E+03   3.0182765E-14
  9.601612005059842E+03   3.1719636E-14
  9.606489487718825E+03   3.3671074E-14
  9.611366929491520E+03   3.5043725E-14
  9.616244330265081E+03   3.6984162E-14
  9.621121689926682E+03   3.4114797E-14
  9.625999008363500E+03   3.0160885E-14
  9.630876285462724E+03   2.7489043E-14
  9.635753521111554E+03   2.5759321E-14
  9.640630715197194E+03   2.5854595E-14
  9.645507867606868E+03   2.6105860E-14
  9.650384978227798E+03   2.7927164E-14
  9.655262046947220E+03   2.6598832E-14
  9.660139073652384E+03   2.9893527E-14
  9.665016058230545E+03   3.2696702E-14
  9.669893000568971E+03   3.5130505E-14
  9.674769900554935E+03   3.6368525E-14
  9.679646758075725E+03   3.7266604E-14
  9.684523573018636E+03   3.6471992E-14
  9.689400345270973E+03   3.4764011E-14
  9.694277074720052E+03   3.2208370E-14
  9.699153761253199E+03   2.9332277E-14
  9.704030404757750E+03   2.7821575E-14
  9.708907005121046E+03   2.7435014E-14
  9.713783562230448E+03   2.6863069E-14
  9.718660075973321E+03   2.7676073E-14
  9.723536546237036E+03   2.7529889E-14
  9.728412972908982E+03   2.8849732E-14
  9.733289355876554E+03   2.9791494E-14
  9.738165695027157E+03   2.8280578E-14
  9.743041990248210E+03   3.0489798E-14
  9.747918241427134E+03   3.0777264E-14
  9.752794448451374E+03   3.2635590E-14
  9.757670611208368E+03   3.3352447E-14
  9.762546729585576E+03   3.4471534E-14
  9.767422803470468E+03   3.7531874E-14
  9.772298832750517E+03   3.8357674E-14
  9.777174817313215E+03   4.0027728E-14
  9.782050757046058E+03   4.0022276E-14
  9.786926651836555E+03   3.8009035E-14
  9.791802501572227E+03   3.5373841E-14
  9.796678306140600E+03   3.1334419E-14
  9.801554065429216E+03   3.0354547E-14
  9.806429779325626E+03   2.8228777E-14
  9.811305447717394E+03   2.7826859E-14
  9.816181070492086E+03   2.7512298E-14
  9.821056647537287E+03   2.7007239E-14
  9.825932178740588E+03   2.7092200E-14
  9.830807663989595E+03   2.9279754E-14
  9.835683103171923E+03   2.9627485E-14
  9.840558496175194E+03   3.2916124E-14
  9.845433842887047E+03   3.4702594E-14
  9.850309143195122E+03   3.5696272E-14
  9.855184396987081E+03   3.7280959E-14
  9.860059604150592E+03   3.7968848E-14
  9.864934764573331E+03   3.5350425E-14
  9.869809878142987E+03   3.1447958E-14
  9.874684944747263E+03   2.9210588E-14
  9.879559964273871E+03   2.8372888E-14
  9.884434936610529E+03   2.6544457E-14
  9.889309861644973E+03   2.5294157E-14
  9.894184739264945E+03   2.4782504E-14
  9.899059569358204E+03   2.5344139E-14
  9.903934351812512E+03   2.5415969E-14
  9.908809086515645E+03   2.5109787E-14
  9.913683773355395E+03   2.5048733E-14
  9.918558412219558E+03   2.5375953E-14
  9.923433002995947E+03   2.5495780E-14
  9.928307545572381E+03   2.5399240E-14
  9.933182039836694E+03   2.5295646E-14
  9.938056485676729E+03   2.5147126E-14
  9.942930882980339E+03   2.7671626E-14
  9.947805231635397E+03   2.7829757E-14
  9.952679531529771E+03   2.8818592E-14
  9.957553782551358E+03   2.8365246E-14
  9.962427984588056E+03   2.9110252E-14
  9.967302137527771E+03   3.0426301E-14
  9.972176241258432E+03   2.9955225E-14
  9.977050295667970E+03   3.2595912E-14
  9.981924300644334E+03   3.2059109E-14
  9.986798256075475E+03   3.3123271E-14
  9.991672161849368E+03   3.2903717E-14
  9.996546017853991E+03   3.1500027E-14
  1.000141982397733E+04   2.9612106E-14
  1.000629358010740E+04   2.8459555E-14
  1.001116728613220E+04   2.5448488E-14
  1.001604094193977E+04   2.5080412E-14
  1.002091454741814E+04   2.3450461E-14
  1.002578810245536E+04   2.4128355E-14
  1.003066160693949E+04   2.3930295E-14
  1.003553506075861E+04   2.4559509E-14
  1.004040846380080E+04   2.3303606E-14
  1.004528181595416E+04   2.4375814E-14
  1.005015511710679E+04   2.4322180E-14
  1.005502836714682E+04   2.5185261E-14
  1.005990156596237E+04   2.4369404E-14
  1.006477471344159E+04   2.6687083E-14
  1.006964780947263E+04   2.7105192E-14
  1.007452085394367E+04   2.9563537E-14
  1.007939384674288E+04   2.8182877E-14
  1.008426678775845E+04   2.9526352E-14
  1.008913967687858E+04   2.8662578E-14
  1.009401251399150E+04   3.0432166E-14
  1.009888529898542E+04   3.0699296E-14
  1.010375803174859E+04   3.0001395E-14
  1.010863071216926E+04   2.8762718E-14
  1.011350334013569E+04   2.9984810E-14
  1.011837591553615E+04   2.6705727E-14
  1.012324843825894E+04   2.3735354E-14
  1.012812090819236E+04   2.5097051E-14
  1.013299332522471E+04   2.4190451E-14
  1.013786568924431E+04   2.1727013E-14
  1.014273800013952E+04   2.1223168E-14
  1.014761025779867E+04   2.1367011E-14
  1.015248246211013E+04   2.2999980E-14
  1.015735461296226E+04   2.0705803E-14
  1.016222671024346E+04   2.1586043E-14
  1.016709875384213E+04   2.0058777E-14
  1.017197074364666E+04   1.9874410E-14
  1.017684267954549E+04   2.0959117E-14
  1.018171456142706E+04   2.0734216E-14
  1.018658638917980E+04   2.1096592E-14
  1.019145816269218E+04   2.1723810E-14
  1.019632988185267E+04   2.2455877E-14
  1.020120154654977E+04   2.5342186E-14
  1.020607315667195E+04   2.6556463E-14
  1.021094471210774E+04   2.6777163E-14
  1.021581621274566E+04   2.7708833E-14
  1.022068765847425E+04   2.5689544E-14
  1.022555904918204E+04   3.1650897E-14
  1.023043038475761E+04   2.8260538E-14
  1.023530166508953E+04   2.4310293E-14
  1.024017289006638E+04   2.1304757E-14
  1.024504405957676E+04   2.2145133E-14
  1.024991517350929E+04   2.7341253E-14
