

  1.583851081976284E+03   1.1797218E-14
  1.585394727726812E+03   1.3046796E-14
  1.586938382453059E+03  -4.0687160E-15
  1.588482046155181E+03  -1.8252286E-14
  1.590025718833336E+03   5.8922771E-15
  1.591569400487679E+03  -6.8286256E-16
  1.593113091118367E+03  -1.2709108E-14
  1.594656790725558E+03  -1.3613934E-15
  1.596200499309406E+03   8.9815943E-15
  1.597744216870070E+03   7.9632947E-15
  1.599287943407705E+03   4.9269670E-15
  1.600831678922468E+03   3.8765941E-15
  1.602375423414517E+03   1.2277774E-15
  1.603919176884007E+03   5.6104892E-15
  1.605462939331095E+03  -5.9084280E-16
  1.607006710755937E+03   1.2067288E-15
  1.608550491158691E+03   2.9497989E-17
  1.610094280539513E+03   6.6559563E-16
  1.611638078898560E+03  -4.7484049E-15
  1.613181886235988E+03  -5.7965968E-18
  1.614725702551954E+03  -2.5570896E-15
  1.616269527846614E+03  -1.1615082E-15
  1.617813362120126E+03   8.8475079E-16
  1.619357205372645E+03  -8.5359105E-16
  1.620901057604329E+03   2.4943960E-15
  1.622444918815335E+03   4.0857365E-16
  1.623988789005818E+03   3.4092945E-15
  1.625532668175936E+03   2.5036581E-15
  1.627076556325846E+03  -9.6845703E-16
  1.628620453455703E+03  -4.5824186E-16
  1.630164359565664E+03   8.0953247E-16
  1.631708274655888E+03  -8.0036858E-16
  1.633252198726529E+03   2.6822721E-15
  1.634796131777745E+03   1.5212902E-15
  1.636340073809693E+03  -4.8802714E-16
  1.637884024822529E+03   1.7545618E-16
  1.639427984816410E+03  -1.3351644E-16
  1.640971953791493E+03   8.1160479E-16
  1.642515931747934E+03   1.7010219E-16
  1.644059918685890E+03   1.3098115E-15
  1.645603914605518E+03   3.7221958E-16
  1.647147919506974E+03   1.5034760E-15
  1.648691933390417E+03  -3.1157165E-16
  1.650235956256001E+03  -4.0323006E-16
  1.651779988103884E+03   2.5981854E-16
  1.653324028934223E+03  -2.4603549E-16
  1.654868078747174E+03   2.6715340E-16
  1.656412137542894E+03  -2.1269491E-16
  1.657956205321541E+03   1.8574700E-15
  1.659500282083270E+03   6.5422453E-16
  1.661044367828239E+03   1.1395449E-15
  1.662588462556604E+03   9.4916447E-16
  1.664132566268523E+03  -5.2913396E-16
  1.665676678964151E+03   8.9693887E-17
  1.667220800643646E+03   2.2119680E-16
  1.668764931307164E+03   7.1178444E-16
  1.670309070954863E+03  -2.1787277E-16
  1.671853219586900E+03  -1.5222547E-16
  1.673397377203430E+03   1.4410573E-16
  1.674941543804611E+03   5.3864011E-16
  1.676485719390600E+03   5.2115068E-16
  1.678029903961553E+03   2.7394451E-16
  1.679574097517627E+03   6.4501526E-18
  1.681118300058980E+03   1.1424436E-15
  1.682662511585768E+03   4.3509507E-16
  1.684206732098148E+03   1.3078467E-15
  1.685750961596277E+03   7.3333227E-16
  1.687295200080311E+03   2.3779124E-16
  1.688839447550408E+03   5.0553335E-16
  1.690383704006724E+03   5.6413654E-16
  1.691927969449416E+03   2.4792136E-16
  1.693472243878642E+03   1.2501527E-16
  1.695016527294558E+03  -1.3712106E-16
  1.696560819697320E+03   1.4048857E-15
  1.698105121087087E+03   7.8125380E-16
  1.699649431464014E+03   5.0796979E-17
  1.701193750828258E+03   3.3083752E-16
  1.702738079179978E+03   8.1286131E-16
  1.704282416519329E+03   8.7884968E-16
  1.705826762846468E+03   5.3616159E-16
  1.707371118161552E+03   5.3635693E-16
  1.708915482464739E+03   3.5374976E-16
  1.710459855756184E+03   3.9719702E-16
  1.712004238036046E+03   7.1246158E-17
  1.713548629304481E+03   9.4492666E-16
  1.715093029561646E+03   8.2464121E-16
  1.716637438807698E+03   6.4755679E-16
  1.718181857042794E+03   9.4360656E-16
  1.719726284267091E+03   2.3581082E-16
  1.721270720480745E+03   5.4181167E-16
  1.722815165683915E+03   6.1117345E-16
  1.724359619876756E+03   5.6797748E-17
  1.725904083059425E+03   5.5843553E-16
  1.727448555232081E+03   2.0313403E-16
  1.728993036394879E+03   6.7684089E-16
  1.730537526547977E+03   5.3212187E-16
  1.732082025691532E+03   5.9057906E-16
  1.733626533825700E+03   5.0588757E-16
  1.735171050950639E+03   6.2342154E-16
  1.736715577066506E+03   4.8521017E-16
  1.738260112173458E+03   3.2858708E-16
  1.739804656271651E+03   7.6581498E-16
  1.741349209361243E+03   2.7068825E-16
  1.742893771442391E+03   1.1945608E-15
  1.744438342515252E+03   2.4149404E-16
  1.745982922579983E+03   4.8754062E-16
  1.747527511636740E+03   3.1570562E-16
  1.749072109685682E+03   3.1380863E-16
  1.750616716726965E+03   7.3379751E-16
  1.752161332760746E+03   7.0515779E-16
  1.753705957787182E+03   5.8467720E-16
  1.755250591806430E+03   4.9818137E-16
  1.756795234818647E+03   6.0801544E-16
  1.758339886823991E+03   2.9274846E-16
  1.759884547822618E+03   6.8081051E-16
  1.761429217814686E+03   6.4669319E-16
  1.762973896800351E+03   2.5908737E-16
  1.764518584779772E+03   4.2200529E-16
  1.766063281753103E+03   1.1337705E-17
  1.767607987720504E+03   7.8791688E-16
  1.769152702682131E+03   4.9572540E-16
  1.770697426638141E+03   3.1358391E-16
  1.772242159588691E+03   3.2446762E-16
  1.773786901533939E+03   1.6729731E-16
  1.775331652474041E+03   7.0454184E-16
  1.776876412409154E+03   9.6299507E-17
  1.778421181339437E+03   2.1687346E-16
  1.779965959265045E+03   5.0248107E-16
  1.781510746186136E+03  -2.2449705E-18
  1.783055542102868E+03   3.8631963E-16
  1.784600347015397E+03   3.5760132E-16
  1.786145160923880E+03   2.8952772E-16
  1.787689983828475E+03   4.5155787E-16
  1.789234815729339E+03   4.1826863E-16
  1.790779656626629E+03   6.8675976E-16
  1.792324506520502E+03   4.8053180E-16
  1.793869365411115E+03   4.1961358E-16
  1.795414233298626E+03   7.8271588E-16
  1.796959110183191E+03   6.9891738E-16
  1.798503996064969E+03   6.2969636E-16
  1.800048890944116E+03   2.7057245E-16
  1.801593794820789E+03   2.3593894E-16
  1.803138707695145E+03   4.7256783E-16
  1.804683629567342E+03   8.3635223E-16
  1.806228560437537E+03   7.3474158E-16
  1.807773500305888E+03   4.0608880E-16
  1.809318449172551E+03   6.7060265E-16
  1.810863407037683E+03   8.4513692E-16
  1.812408373901442E+03   1.1081796E-15
  1.813953349763986E+03   1.0613315E-15
  1.815498334625470E+03   1.0329588E-15
  1.817043328486054E+03   1.0367205E-15
  1.818588331345893E+03   9.5556095E-16
  1.820133343205145E+03   1.0467574E-15
  1.821678364063968E+03   1.3338354E-15
  1.823223393922518E+03   1.4158640E-15
  1.824768432780953E+03   9.7154044E-16
  1.826313480639431E+03   1.2156683E-15
  1.827858537498108E+03   1.3608648E-15
  1.829403603357141E+03   1.1913338E-15
  1.830948678216689E+03   2.2181686E-15
  1.832493762076908E+03   1.7040563E-15
  1.834038854937956E+03   1.6567241E-15
  1.835583956799989E+03   1.8907976E-15
  1.837129067663166E+03   1.7364833E-15
  1.838674187527644E+03   1.6464510E-15
  1.840219316393579E+03   2.2268037E-15
  1.841764454261129E+03   1.9160474E-15
  1.843309601130452E+03   2.0126926E-15
  1.844854757001705E+03   2.1988888E-15
  1.846399921875045E+03   1.7041586E-15
  1.847945095750630E+03   1.7115114E-15
  1.849490278628617E+03   1.8049984E-15
  1.851035470509163E+03   2.1908647E-15
  1.852580671392425E+03   2.0317642E-15
  1.854125881278561E+03   1.8159090E-15
  1.855671100167729E+03   2.0842864E-15
  1.857216328060085E+03   1.8726696E-15
  1.858761564955787E+03   1.8870554E-15
  1.860306810854993E+03   1.6518450E-15
  1.861852065757860E+03   2.0038021E-15
  1.863397329664545E+03   1.7699818E-15
  1.864942602575205E+03   1.3967462E-15
  1.866487884489999E+03   1.7091617E-15
  1.868033175409082E+03   1.6618887E-15
  1.869578475332614E+03   2.0423800E-15
  1.871123784260751E+03   2.0305057E-15
  1.872669102193650E+03   2.0622595E-15
  1.874214429131469E+03   1.5531266E-15
  1.875759765074366E+03   1.4987752E-15
  1.877305110022498E+03   2.0394540E-15
  1.878850463976022E+03   1.4886155E-15
  1.880395826935096E+03   1.6737730E-15
  1.881941198899877E+03   1.5896914E-15
  1.883486579870522E+03   1.7207540E-15
  1.885031969847190E+03   1.7101541E-15
  1.886577368830037E+03   1.7681620E-15
  1.888122776819221E+03   1.7720471E-15
  1.889668193814900E+03   2.1590012E-15
  1.891213619817231E+03   1.9607307E-15
  1.892759054826371E+03   1.7710401E-15
  1.894304498842478E+03   2.1641707E-15
  1.895849951865709E+03   1.6242393E-15
  1.897395413896222E+03   1.5861804E-15
  1.898940884934175E+03   1.4719942E-15
  1.900486364979724E+03   2.0753309E-15
  1.902031854033028E+03   1.8856179E-15
  1.903577352094243E+03   1.6678012E-15
  1.905122859163528E+03   2.2584537E-15
  1.906668375241040E+03   1.7139396E-15
  1.908213900326936E+03   1.9321074E-15
  1.909759434421374E+03   1.7197856E-15
  1.911304977524512E+03   1.4336778E-15
  1.912850529636507E+03   1.9352086E-15
  1.914396090757515E+03   1.6328358E-15
  1.915941660887697E+03   1.6499057E-15
  1.917487240027207E+03   1.5686169E-15
  1.919032828176205E+03   1.5683691E-15
  1.920578425334848E+03   1.6170519E-15
  1.922124031503293E+03   1.3665739E-15
  1.923669646681697E+03   1.7614135E-15
  1.925215270870219E+03   1.3066726E-15
  1.926760904069017E+03   1.3946555E-15
  1.928306546278246E+03   1.4944110E-15
  1.929852197498066E+03   1.6387631E-15
  1.931397857728634E+03   1.4728836E-15
  1.932943526970107E+03   1.3998261E-15
  1.934489205222642E+03   1.5192762E-15
  1.936034892486399E+03   1.4996615E-15
  1.937580588761533E+03   1.2765479E-15
  1.939126294048203E+03   1.2313565E-15
  1.940672008346567E+03   1.3811410E-15
  1.942217731656782E+03   1.2573823E-15
  1.943763463979005E+03   1.1239421E-15
  1.945309205313394E+03   1.2542673E-15
  1.946854955660108E+03   1.2723530E-15
  1.948400715019302E+03   1.4302576E-15
  1.949946483391136E+03   1.4972214E-15
  1.951492260775767E+03   1.0820746E-15
  1.953038047173352E+03   1.2774749E-15
  1.954583842584050E+03   9.6039772E-16
  1.956129647008017E+03   8.9233957E-16
  1.957675460445411E+03   1.0946865E-15
  1.959221282896391E+03   5.8078847E-16
  1.960767114361113E+03   1.2419196E-15
  1.962312954839736E+03   9.4286414E-16
  1.963858804332418E+03   1.0347534E-15
  1.965404662839314E+03   9.9078683E-16
  1.966950530360585E+03   8.1680239E-16
  1.968496406896386E+03   1.1824858E-15
  1.970042292446877E+03   1.2974247E-15
  1.971588187012214E+03   1.0033318E-15
  1.973134090592556E+03   1.1956752E-15
  1.974680003188060E+03   1.0532008E-15
  1.976225924798883E+03   9.0249021E-16
  1.977771855425184E+03   8.9363924E-16
  1.979317795067120E+03   9.6536589E-16
  1.980863743724850E+03   8.6385216E-16
  1.982409701398530E+03   9.7152614E-16
  1.983955668088318E+03   8.3754295E-16
  1.985501643794373E+03   1.0689491E-15
  1.987047628516851E+03   9.7905235E-16
  1.988593622255912E+03   1.0948802E-15
  1.990139625011712E+03   8.3304213E-16
  1.991685636784409E+03   1.1457490E-15
  1.993231657574161E+03   1.0057747E-15
  1.994777687381126E+03   1.2231940E-15
  1.996323726205462E+03   1.2743563E-15
  1.997869774047325E+03   1.2944633E-15
  1.999415830906875E+03   1.2419188E-15
  2.000961896784270E+03   9.8605911E-16
  2.002507971679666E+03   1.1747389E-15
  2.004054055593221E+03   1.0383767E-15
  2.005600148525094E+03   1.1762491E-15
  2.007146250475442E+03   1.1831901E-15
  2.008692361444423E+03   7.3832236E-16
  2.010238481432194E+03   1.1259298E-15
  2.011784610438915E+03   1.0341833E-15
  2.013330748464742E+03   1.2198169E-15
  2.014876895509834E+03   1.0585465E-15
  2.016423051574347E+03   1.0560267E-15
  2.017969216658440E+03   1.2845633E-15
  2.019515390762272E+03   1.1607475E-15
  2.021061573885999E+03   1.1897699E-15
  2.022607766029779E+03   1.0528687E-15
  2.024153967193771E+03   1.3910328E-15
  2.025700177378133E+03   9.3946595E-16
  2.027246396583022E+03   1.3191760E-15
  2.028792624808595E+03   1.0429185E-15
  2.030338862055012E+03   1.2878874E-15
  2.031885108322429E+03   1.0939015E-15
  2.033431363611006E+03   1.2100070E-15
  2.034977627920898E+03   1.6386279E-15
  2.036523901252266E+03   1.0908905E-15
  2.038070183605266E+03   1.3366075E-15
  2.039616474980056E+03   8.1419904E-16
  2.041162775376794E+03   1.3353427E-15
  2.042709084795639E+03   1.0244104E-15
  2.044255403236747E+03   1.0378901E-15
  2.045801730700278E+03   1.2275881E-15
  2.047348067186388E+03   1.0435701E-15
  2.048894412695237E+03   1.0268041E-15
  2.050440767226981E+03   1.0674822E-15
  2.051987130781779E+03   1.1264518E-15
  2.053533503359789E+03   1.1691294E-15
  2.055079884961169E+03   1.1527542E-15
  2.056626275586077E+03   1.1495215E-15
  2.058172675234669E+03   1.1405148E-15
  2.059719083907106E+03   1.1263061E-15
  2.061265501603544E+03   1.2635871E-15
  2.062811928324141E+03   1.2849566E-15
  2.064358364069056E+03   1.0675204E-15
  2.065904808838447E+03   1.2684224E-15
  2.067451262632471E+03   1.2076924E-15
  2.068997725451287E+03   1.3564007E-15
  2.070544197295052E+03   1.2292248E-15
  2.072090678163925E+03   1.2081759E-15
  2.073637168058063E+03   1.0072263E-15
  2.075183666977624E+03   1.0641132E-15
  2.076730174922768E+03   1.1606492E-15
  2.078276691893651E+03   1.0731713E-15
  2.079823217890431E+03   1.1796230E-15
  2.081369752913267E+03   1.0298941E-15
  2.082916296962317E+03   8.9558022E-16
  2.084462850037739E+03   1.0266612E-15
  2.086009412139691E+03   9.3714370E-16
  2.087555983268329E+03   1.0134953E-15
  2.089102563423815E+03   1.0617615E-15
  2.090649152606304E+03   1.1558893E-15
  2.092195750815955E+03   1.1751466E-15
  2.093742358052926E+03   8.4143507E-16
  2.095288974317376E+03   1.1668592E-15
  2.096835599609461E+03   1.1553126E-15
  2.098382233929342E+03   1.2298567E-15
  2.099928877277174E+03   9.5384211E-16
  2.101475529653117E+03   9.1055163E-16
  2.103022191057329E+03   9.2015201E-16
  2.104568861489967E+03   7.5655035E-16
  2.106115540951191E+03   8.4454569E-16
  2.107662229441156E+03   9.5170430E-16
  2.109208926960024E+03   9.1426238E-16
  2.110755633507950E+03   8.7971121E-16
  2.112302349085094E+03   9.3440990E-16
  2.113849073691613E+03   1.0720660E-15
  2.115395807327666E+03   9.7452072E-16
  2.116942549993410E+03   1.0090947E-15
  2.118489301689005E+03   7.9433273E-16
  2.120036062414607E+03   9.8854558E-16
  2.121582832170376E+03   1.1329132E-15
  2.123129610956469E+03   7.2217685E-16
  2.124676398773044E+03   9.6398406E-16
  2.126223195620261E+03   8.3316194E-16
  2.127770001498276E+03   9.7832115E-16
  2.129316816407248E+03   8.5091675E-16
  2.130863640347335E+03   7.7767286E-16
  2.132410473318695E+03   8.1096088E-16
  2.133957315321488E+03   8.5603183E-16
  2.135504166355870E+03   9.5510800E-16
  2.137051026421999E+03   9.5681202E-16
  2.138597895520035E+03   8.8603098E-16
  2.140144773650136E+03   8.6364305E-16
  2.141691660812459E+03   8.7058952E-16
  2.143238557007163E+03   9.1453089E-16
  2.144785462234406E+03   1.1090171E-15
  2.146332376494346E+03   9.8478560E-16
  2.147879299787142E+03   9.4291401E-16
  2.149426232112952E+03   1.0091240E-15
  2.150973173471933E+03   9.3451282E-16
  2.152520123864246E+03   1.2012050E-15
  2.154067083290046E+03   9.2133065E-16
  2.155614051749493E+03   8.7554709E-16
  2.157161029242744E+03   8.8602018E-16
  2.158708015769960E+03   1.0663411E-15
  2.160255011331297E+03   1.0678462E-15
  2.161802015926914E+03   1.1846828E-15
  2.163349029556969E+03   9.6964478E-16
  2.164896052221620E+03   1.0434265E-15
  2.166443083921025E+03   1.0439450E-15
  2.167990124655344E+03   1.0126638E-15
  2.169537174424735E+03   1.0704793E-15
  2.171084233229354E+03   1.2938472E-15
  2.172631301069362E+03   1.0476657E-15
  2.174178377944916E+03   1.0197861E-15
  2.175725463856174E+03   9.8556317E-16
  2.177272558803295E+03   9.3057094E-16
  2.178819662786437E+03   1.0216171E-15
  2.180366775805759E+03   9.5362453E-16
  2.181913897861418E+03   9.2897576E-16
  2.183461028953574E+03   1.2198846E-15
  2.185008169082384E+03   1.0697408E-15
  2.186555318248007E+03   9.1645492E-16
  2.188102476450601E+03   8.8128643E-16
  2.189649643690325E+03   1.0162949E-15
  2.191196819967337E+03   8.3988971E-16
  2.192744005281795E+03   1.0384103E-15
  2.194291199633857E+03   9.7777301E-16
  2.195838403023683E+03   9.1448726E-16
  2.197385615451430E+03   1.0625636E-15
  2.198932836917257E+03   9.7226147E-16
  2.200480067421322E+03   9.6014827E-16
  2.202027306963784E+03   9.4864905E-16
  2.203574555544800E+03   8.0386815E-16
  2.205121813164531E+03   9.8367101E-16
  2.206669079823133E+03   8.2461479E-16
  2.208216355520764E+03   1.0116762E-15
  2.209763640257585E+03   8.5350423E-16
  2.211310934033753E+03   9.0564043E-16
  2.212858236849426E+03   9.5413677E-16
  2.214405548704763E+03   7.7897660E-16
  2.215952869599923E+03   1.1016041E-15
  2.217500199535063E+03   8.3963168E-16
  2.219047538510342E+03   8.2900226E-16
  2.220594886525920E+03   1.0114507E-15
  2.222142243581953E+03   9.7462618E-16
  2.223689609678601E+03   8.3217991E-16
  2.225236984816022E+03   8.7895587E-16
  2.226784368994375E+03   9.0940951E-16
  2.228331762213817E+03   1.0723256E-15
  2.229879164474509E+03   8.3878322E-16
  2.231426575776607E+03   9.3773482E-16
  2.232973996120270E+03   9.4817027E-16
  2.234521425505657E+03   7.8841371E-16
  2.236068863932927E+03   8.6442433E-16
  2.237616311402238E+03   9.6374466E-16
  2.239163767913749E+03   1.0762712E-15
  2.240711233467617E+03   1.0515355E-15
  2.242258708064002E+03   1.1305306E-15
  2.243806191703062E+03   1.1083485E-15
  2.245353684384955E+03   1.0675291E-15
  2.246901186109840E+03   9.8506025E-16
  2.248448696877876E+03   1.1431468E-15
  2.249996216689221E+03   1.0278696E-15
  2.251543745544034E+03   1.1126627E-15
  2.253091283442473E+03   9.2829146E-16
  2.254638830384697E+03   1.0492823E-15
  2.256186386370864E+03   1.1249066E-15
  2.257733951401133E+03   1.1293753E-15
  2.259281525475662E+03   1.1588310E-15
  2.260829108594611E+03   1.1344468E-15
  2.262376700758137E+03   1.0385916E-15
  2.263924301966399E+03   9.0003868E-16
  2.265471912219556E+03   1.1126825E-15
  2.267019531517767E+03   9.5303859E-16
  2.268567159861188E+03   1.0591365E-15
  2.270114797249982E+03   1.0751980E-15
  2.271662443684304E+03   1.1298039E-15
  2.273210099164313E+03   9.4519454E-16
  2.274757763690170E+03   1.0381440E-15
  2.276305437262030E+03   1.1131242E-15
  2.277853119880055E+03   1.0463783E-15
  2.279400811544403E+03   1.0151915E-15
  2.280948512255230E+03   1.0574658E-15
  2.282496222012698E+03   1.1132410E-15
  2.284043940816963E+03   1.1045254E-15
  2.285591668668185E+03   8.8342662E-16
  2.287139405566523E+03   1.1413079E-15
  2.288687151512135E+03   9.7301502E-16
  2.290234906505180E+03   1.0128344E-15
  2.291782670545816E+03   1.0059180E-15
  2.293330443634202E+03   1.0293881E-15
  2.294878225770497E+03   9.8528312E-16
  2.296426016954859E+03   9.5723331E-16
  2.297973817187447E+03   1.0938076E-15
  2.299521626468420E+03   9.6416680E-16
  2.301069444797938E+03   1.0724261E-15
  2.302617272176156E+03   1.0628206E-15
  2.304165108603237E+03   1.0702880E-15
  2.305712954079336E+03   1.1540521E-15
  2.307260808604613E+03   1.1456112E-15
  2.308808672179228E+03   1.2113774E-15
  2.310356544803339E+03   9.1377067E-16
  2.311904426477104E+03   9.5446552E-16
  2.313452317200682E+03   8.8941509E-16
  2.315000216974232E+03   1.0079712E-15
  2.316548125797913E+03   9.3078238E-16
  2.318096043671883E+03   9.8712436E-16
  2.319643970596301E+03   9.3376383E-16
  2.321191906571327E+03   1.0793064E-15
  2.322739851597118E+03   9.8287183E-16
  2.324287805673833E+03   1.1517844E-15
  2.325835768801631E+03   1.2547585E-15
  2.327383740980672E+03   1.0803935E-15
  2.328931722211113E+03   1.0190561E-15
  2.330479712493114E+03   1.1781383E-15
  2.332027711826833E+03   1.2582011E-15
  2.333575720212429E+03   1.2066400E-15
  2.335123737650062E+03   1.3446676E-15
  2.336671764139888E+03   1.3806044E-15
  2.338219799682068E+03   1.3494690E-15
  2.339767844276761E+03   1.3790643E-15
  2.341315897924124E+03   1.1897143E-15
  2.342863960624318E+03   1.4598515E-15
  2.344412032377500E+03   1.1468528E-15
  2.345960113183830E+03   1.1881605E-15
  2.347508203043466E+03   9.4174965E-16
  2.349056301956568E+03   1.4633750E-15
  2.350604409923293E+03   1.4982895E-15
  2.352152526943802E+03   1.5084209E-15
  2.353700653018252E+03   1.4353002E-15
  2.355248788146803E+03   1.5381500E-15
  2.356796932329613E+03   1.6433124E-15
  2.358345085566842E+03   1.6344412E-15
  2.359893247858648E+03   1.7005390E-15
  2.361441419205190E+03   1.5146270E-15
  2.362989599606627E+03   1.7223294E-15
  2.364537789063118E+03   1.5963109E-15
  2.366085987574822E+03   1.4496083E-15
  2.367634195141896E+03   1.6289244E-15
  2.369182411764502E+03   1.8800902E-15
  2.370730637442798E+03   1.8578628E-15
  2.372278872176941E+03   1.8394203E-15
  2.373827115967091E+03   1.7127067E-15
  2.375375368813408E+03   1.7307516E-15
  2.376923630716050E+03   1.6679928E-15
  2.378471901675176E+03   1.6401354E-15
  2.380020181690944E+03   1.8310443E-15
  2.381568470763516E+03   1.5226104E-15
  2.383116768893047E+03   1.5749848E-15
  2.384665076079698E+03   1.1553864E-15
  2.386213392323627E+03   1.3721300E-15
  2.387761717624995E+03   1.7075504E-15
  2.389310051983959E+03   1.8841172E-15
  2.390858395400679E+03   1.7700131E-15
  2.392406747875313E+03   1.7400983E-15
  2.393955109408021E+03   2.0258764E-15
  2.395503479998961E+03   1.9998245E-15
  2.397051859648292E+03   2.0886733E-15
  2.398600248356174E+03   1.9776305E-15
  2.400148646122765E+03   2.1780838E-15
  2.401697052948225E+03   2.0119857E-15
  2.403245468832712E+03   2.0777382E-15
  2.404793893776386E+03   2.2319111E-15
  2.406342327779405E+03   2.1487801E-15
  2.407890770841928E+03   2.0831753E-15
  2.409439222964114E+03   2.0762133E-15
  2.410987684146124E+03   2.0487114E-15
  2.412536154388114E+03   2.0815324E-15
  2.414084633690246E+03   2.0021530E-15
  2.415633122052676E+03   1.8506285E-15
  2.417181619475566E+03   2.0598886E-15
  2.418730125959073E+03   2.1888892E-15
  2.420278641503357E+03   2.1634769E-15
  2.421827166108576E+03   1.8061533E-15
  2.423375699774891E+03   2.0401335E-15
  2.424924242502458E+03   1.8103337E-15
  2.426472794291440E+03   2.1910985E-15
  2.428021355141992E+03   1.8546307E-15
  2.429569925054276E+03   1.7341712E-15
  2.431118504028451E+03   1.9038370E-15
  2.432667092064674E+03   1.8939547E-15
  2.434215689163107E+03   2.0799152E-15
  2.435764295323905E+03   1.8753212E-15
  2.437312910547231E+03   1.8965652E-15
  2.438861534833243E+03   1.7921066E-15
  2.440410168182099E+03   1.8251961E-15
  2.441958810593959E+03   1.7907018E-15
  2.443507462068982E+03   1.8358886E-15
  2.445056122607327E+03   1.8636660E-15
  2.446604792209154E+03   1.8703711E-15
  2.448153470874620E+03   1.8823992E-15
  2.449702158603886E+03   1.8172139E-15
  2.451250855397112E+03   1.8493997E-15
  2.452799561254454E+03   1.8505567E-15
  2.454348276176074E+03   1.7627883E-15
  2.455897000162130E+03   1.6797043E-15
  2.457445733212780E+03   1.7671688E-15
  2.458994475328186E+03   1.7546835E-15
  2.460543226508505E+03   1.7095853E-15
  2.462091986753897E+03   1.8476696E-15
  2.463640756064521E+03   1.9208738E-15
  2.465189534440535E+03   1.9459301E-15
  2.466738321882101E+03   1.8651365E-15
  2.468287118389375E+03   1.7488867E-15
  2.469835923962519E+03   1.7338535E-15
  2.471384738601690E+03   1.7477644E-15
  2.472933562307049E+03   1.6972831E-15
  2.474482395078754E+03   1.6472941E-15
  2.476031236916964E+03   1.5466368E-15
  2.477580087821839E+03   1.5005867E-15
  2.479128947793538E+03   1.6399752E-15
  2.480677816832221E+03   1.5460359E-15
  2.482226694938046E+03   1.6574788E-15
  2.483775582111172E+03   1.6405654E-15
  2.485324478351760E+03   1.5842523E-15
  2.486873383659968E+03   1.5968473E-15
  2.488422298035955E+03   1.5391229E-15
  2.489971221479881E+03   1.2936070E-15
  2.491520153991904E+03   1.5732158E-15
  2.493069095572186E+03   1.3533000E-15
  2.494618046220884E+03   1.2625008E-15
  2.496167005938157E+03   1.3048892E-15
  2.497715974724166E+03   1.3993571E-15
  2.499264952579068E+03   1.5591903E-15
  2.500813939503025E+03   1.3949669E-15
  2.502362935496194E+03   1.3286253E-15
  2.503911940558737E+03   1.4543404E-15
  2.505460954690810E+03   1.4198256E-15
  2.507009977892574E+03   1.3402204E-15
  2.508559010164189E+03   1.3693715E-15
  2.510108051505812E+03   1.2716702E-15
  2.511657101917605E+03   1.4346069E-15
  2.513206161399726E+03   1.2925290E-15
  2.514755229952335E+03   1.4331227E-15
  2.516304307575590E+03   1.2187810E-15
  2.517853394269651E+03   1.2795334E-15
  2.519402490034678E+03   1.3197886E-15
  2.520951594870830E+03   1.4424902E-15
  2.522500708778266E+03   1.3463634E-15
  2.524049831757146E+03   1.4342988E-15
  2.525598963807628E+03   1.4739021E-15
  2.527148104929873E+03   1.4997842E-15
  2.528697255124040E+03   1.5326100E-15
  2.530246414390288E+03   1.4735374E-15
  2.531795582728775E+03   1.7476314E-15
  2.533344760139663E+03   1.7694834E-15
  2.534893946623111E+03   1.7384380E-15
  2.536443142179277E+03   1.8019584E-15
  2.537992346808321E+03   2.0019463E-15
  2.539541560510402E+03   2.0783696E-15
  2.541090783285681E+03   2.1180972E-15
  2.542640015134315E+03   2.1935494E-15
  2.544189256056465E+03   2.3628776E-15
  2.545738506052291E+03   2.1367950E-15
  2.547287765121951E+03   2.3081362E-15
  2.548837033265605E+03   2.2326404E-15
  2.550386310483412E+03   2.2081776E-15
  2.551935596775532E+03   2.4674207E-15
  2.553484892142125E+03   2.3392742E-15
  2.555034196583350E+03   2.3442458E-15
  2.556583510099365E+03   2.2480007E-15
  2.558132832690333E+03   2.5327382E-15
  2.559682164356409E+03   2.2704545E-15
  2.561231505097755E+03   2.4112521E-15
  2.562780854914531E+03   2.2675578E-15
  2.564330213806895E+03   2.2725788E-15
  2.565879581775007E+03   2.3319556E-15
  2.567428958819027E+03   2.4387506E-15
  2.568978344939113E+03   2.4092895E-15
  2.570527740135427E+03   2.2667123E-15
  2.572077144408127E+03   2.4473285E-15
  2.573626557757372E+03   2.5610361E-15
  2.575175980183323E+03   2.4758485E-15
  2.576725411686138E+03   2.2839428E-15
  2.578274852265977E+03   2.2533694E-15
  2.579824301923000E+03   2.3589639E-15
  2.581373760657366E+03   2.6387545E-15
  2.582923228469235E+03   2.3938159E-15
  2.584472705358766E+03   2.3198708E-15
  2.586022191326119E+03   2.4175102E-15
  2.587571686371454E+03   1.7671231E-15
  2.589121190494930E+03   1.8185437E-15
  2.590670703696706E+03   2.0322381E-15
  2.592220225976942E+03   2.3766453E-15
  2.593769757335798E+03   2.3915497E-15
  2.595319297773433E+03   2.6874416E-15
  2.596868847290007E+03   2.3148248E-15
  2.598418405885680E+03   2.2497551E-15
  2.599967973560610E+03   2.1390443E-15
  2.601517550314958E+03   1.8122884E-15
  2.603067136148883E+03   1.3412541E-15
  2.604616731062546E+03   1.8611489E-15
  2.606166335056104E+03   2.2067722E-15
  2.607715948129719E+03   2.3181920E-15
  2.609265570283549E+03   2.3780190E-15
  2.610815201517755E+03   2.4520501E-15
  2.612364841832495E+03   2.3303285E-15
  2.613914491227930E+03   2.6442757E-15
  2.615464149704219E+03   2.5239350E-15
  2.617013817261522E+03   2.5240136E-15
  2.618563493899999E+03   2.1502901E-15
  2.620113179619808E+03   2.3413418E-15
  2.621662874421110E+03   2.4475983E-15
  2.623212578304065E+03   2.3173665E-15
  2.624762291268832E+03   2.3552268E-15
  2.626312013315570E+03   2.1737883E-15
  2.627861744444440E+03   2.0856859E-15
  2.629411484655602E+03   2.2318562E-15
  2.630961233949214E+03   2.0174375E-15
  2.632510992325436E+03   1.9950430E-15
  2.634060759784429E+03   1.9856174E-15
  2.635610536326352E+03   2.0494873E-15
  2.637160321951364E+03   1.9402416E-15
  2.638710116659625E+03   1.9020394E-15
  2.640259920451295E+03   1.6653283E-15
  2.641809733326535E+03   1.6043456E-15
  2.643359555285502E+03   1.7852246E-15
  2.644909386328358E+03   1.8442118E-15
  2.646459226455262E+03   1.5858819E-15
  2.648009075666373E+03   1.5821260E-15
  2.649558933961851E+03   1.5548337E-15
  2.651108801341857E+03   1.5305550E-15
  2.652658677806550E+03   1.4601080E-15
  2.654208563356090E+03   1.4177773E-15
  2.655758457990635E+03   1.5645475E-15
  2.657308361710347E+03   1.4497090E-15
  2.658858274515385E+03   1.4098329E-15
  2.660408196405908E+03   1.2339526E-15
  2.661958127382077E+03   1.3358457E-15
  2.663508067444051E+03   1.3384845E-15
  2.665058016591990E+03   1.4493386E-15
  2.666607974826054E+03   1.2136265E-15
  2.668157942146403E+03   1.1802793E-15
  2.669707918553196E+03   1.0044702E-15
  2.671257904046593E+03   1.1369352E-15
  2.672807898626754E+03   1.1753897E-15
  2.674357902293840E+03   1.1574142E-15
  2.675907915048008E+03   1.0565717E-15
  2.677457936889421E+03   1.0237062E-15
  2.679007967818236E+03   1.0708482E-15
  2.680558007834615E+03   1.0689529E-15
  2.682108056938717E+03   1.0835688E-15
  2.683658115130701E+03   1.1225265E-15
  2.685208182410729E+03   1.2122538E-15
  2.686758258778958E+03   1.4495407E-15
  2.688308344235551E+03   1.5025830E-15
  2.689858438780665E+03   1.7981804E-15
  2.691408542414462E+03   1.7435571E-15
  2.692958655137101E+03   2.0002230E-15
  2.694508776948741E+03   2.3208936E-15
  2.696058907849543E+03   2.4070264E-15
  2.697609047839667E+03   2.5249106E-15
  2.699159196919273E+03   2.8612934E-15
  2.700709355088519E+03   2.8416179E-15
  2.702259522347568E+03   3.0576706E-15
  2.703809698696577E+03   3.3194541E-15
  2.705359884135707E+03   3.4759464E-15
  2.706910078665119E+03   3.4028907E-15
  2.708460282284971E+03   3.6429324E-15
  2.710010494995425E+03   4.0083996E-15
  2.711560716796639E+03   3.8469619E-15
  2.713110947688774E+03   3.8800902E-15
  2.714661187671989E+03   4.1511810E-15
  2.716211436746446E+03   3.9561809E-15
  2.717761694912303E+03   3.9912430E-15
  2.719311962169720E+03   4.0563332E-15
  2.720862238518858E+03   4.1401594E-15
  2.722412523959877E+03   4.1351399E-15
  2.723962818492935E+03   4.2817986E-15
  2.725513122118194E+03   4.2345659E-15
  2.727063434835813E+03   4.2174935E-15
  2.728613756645953E+03   4.0799476E-15
  2.730164087548773E+03   4.0975388E-15
  2.731714427544433E+03   4.0166590E-15
  2.733264776633094E+03   4.1223192E-15
  2.734815134814915E+03   4.0697485E-15
  2.736365502090056E+03   4.0067534E-15
  2.737915878458678E+03   4.0520303E-15
  2.739466263920939E+03   4.1867089E-15
  2.741016658477001E+03   4.0554781E-15
  2.742567062127024E+03   4.0598128E-15
  2.744117474871167E+03   3.8267386E-15
  2.745667896709590E+03   3.7640018E-15
  2.747218327642454E+03   3.8435471E-15
  2.748768767669918E+03   3.7137673E-15
  2.750319216792142E+03   3.7265735E-15
  2.751869675009288E+03   3.9902257E-15
  2.753420142321514E+03   3.8945736E-15
  2.754970618728981E+03   3.9254382E-15
  2.756521104231848E+03   4.0827598E-15
  2.758071598830276E+03   3.8687290E-15
  2.759622102524425E+03   4.0360476E-15
  2.761172615314455E+03   3.9732668E-15
  2.762723137200526E+03   4.0282189E-15
  2.764273668182798E+03   3.9959652E-15
  2.765824208261432E+03   3.9745437E-15
  2.767374757436586E+03   3.9695496E-15
  2.768925315708422E+03   3.9763106E-15
  2.770475883077100E+03   4.4514868E-15
  2.772026459542779E+03   4.1140085E-15
  2.773577045105621E+03   4.1807903E-15
  2.775127639765783E+03   4.0690078E-15
  2.776678243523429E+03   4.1735363E-15
  2.778228856378716E+03   4.2179772E-15
  2.779779478331805E+03   4.6385748E-15
  2.781330109382857E+03   4.4939557E-15
  2.782880749532031E+03   4.7700444E-15
  2.784431398779488E+03   4.5142125E-15
  2.785982057125388E+03   4.5701286E-15
  2.787532724569890E+03   4.4033131E-15
  2.789083401113156E+03   4.5384970E-15
  2.790634086755346E+03   4.2524844E-15
  2.792184781496619E+03   4.5863497E-15
  2.793735485337135E+03   4.4718944E-15
  2.795286198277056E+03   4.3073921E-15
  2.796836920316540E+03   3.5560861E-15
  2.798387651455749E+03   2.4452605E-15
  2.799938391694842E+03   2.1648881E-15
  2.801489141033980E+03   3.2577103E-15
  2.803039899473322E+03   4.0626521E-15
  2.804590667013030E+03   2.8887205E-15
  2.806141443653263E+03   2.8002069E-15
  2.807692229394181E+03   2.9420961E-15
  2.809243024235945E+03   4.2827434E-15
  2.810793828178715E+03   4.4574821E-15
  2.812344641222651E+03   4.7729667E-15
  2.813895463367914E+03   4.7801949E-15
  2.815446294614663E+03   4.7951319E-15
  2.816997134963059E+03   4.3835531E-15
  2.818547984413262E+03   4.5937180E-15
  2.820098842965433E+03   4.4342162E-15
  2.821649710619731E+03   4.4434472E-15
  2.823200587376317E+03   4.1633927E-15
  2.824751473235352E+03   4.4833539E-15
  2.826302368196994E+03   4.4797768E-15
  2.827853272261406E+03   4.0876357E-15
  2.829404185428747E+03   4.4624012E-15
  2.830955107699177E+03   4.4554674E-15
  2.832506039072856E+03   4.4781632E-15
  2.834056979549945E+03   4.3215231E-15
  2.835607929130605E+03   4.2697220E-15
  2.837158887814995E+03   4.1132555E-15
  2.838709855603276E+03   4.5576103E-15
  2.840260832495608E+03   4.2099943E-15
  2.841811818492152E+03   4.0990410E-15
  2.843362813593068E+03   4.4824717E-15
  2.844913817798515E+03   4.4456139E-15
  2.846464831108655E+03   4.3064731E-15
  2.848015853523647E+03   4.3920729E-15
  2.849566885043654E+03   4.0918294E-15
  2.851117925668833E+03   4.3635766E-15
  2.852668975399346E+03   3.9984377E-15
  2.854220034235354E+03   3.9098528E-15
  2.855771102177016E+03   3.8129260E-15
  2.857322179224494E+03   3.8849289E-15
  2.858873265377946E+03   4.0347237E-15
  2.860424360637534E+03   4.1020366E-15
  2.861975465003418E+03   4.6699836E-15
  2.863526578475758E+03   4.2986668E-15
  2.865077701054716E+03   4.3911196E-15
  2.866628832740451E+03   4.5916449E-15
  2.868179973533123E+03   4.5347946E-15
  2.869731123432894E+03   4.8391496E-15
  2.871282282439923E+03   4.6480759E-15
  2.872833450554371E+03   4.5998946E-15
  2.874384627776398E+03   4.8579292E-15
  2.875935814106166E+03   4.4441879E-15
  2.877487009543832E+03   4.5051688E-15
  2.879038214089560E+03   4.7979864E-15
  2.880589427743509E+03   4.6929513E-15
  2.882140650505839E+03   4.8156966E-15
  2.883691882376712E+03   5.0546005E-15
  2.885243123356287E+03   5.1452419E-15
  2.886794373444724E+03   4.8844833E-15
  2.888345632642185E+03   4.9505764E-15
  2.889896900948829E+03   5.1838582E-15
  2.891448178364818E+03   5.0885009E-15
  2.892999464890312E+03   5.5806723E-15
  2.894550760525471E+03   5.9275755E-15
  2.896102065270456E+03   5.5860239E-15
  2.897653379125426E+03   5.8347162E-15
  2.899204702090543E+03   5.9539136E-15
  2.900756034165968E+03   6.5164519E-15
  2.902307375351861E+03   6.5456678E-15
  2.903858725648381E+03   6.5039167E-15
  2.905410085055691E+03   6.7451466E-15
  2.906961453573949E+03   7.0813153E-15
  2.908512831203317E+03   7.2572224E-15
  2.910064217943956E+03   7.6473243E-15
  2.911615613796025E+03   7.1659995E-15
  2.913167018759686E+03   7.2231759E-15
  2.914718432835099E+03   7.6005351E-15
  2.916269856022424E+03   7.2929799E-15
  2.917821288321823E+03   7.6048270E-15
  2.919372729733454E+03   7.2582795E-15
  2.920924180257480E+03   7.4039912E-15
  2.922475639894061E+03   7.4742306E-15
  2.924027108643357E+03   7.2385784E-15
  2.925578586505528E+03   7.7168971E-15
  2.927130073480736E+03   7.5384458E-15
  2.928681569569142E+03   7.5907925E-15
  2.930233074770904E+03   7.5054039E-15
  2.931784589086185E+03   7.3906157E-15
  2.933336112515145E+03   7.9715321E-15
  2.934887645057944E+03   7.4746202E-15
  2.936439186714744E+03   7.6329171E-15
  2.937990737485703E+03   7.7832180E-15
  2.939542297370985E+03   7.5850767E-15
  2.941093866370747E+03   7.9497523E-15
  2.942645444485153E+03   7.7271284E-15
  2.944197031714361E+03   7.6204031E-15
  2.945748628058534E+03   8.0450088E-15
  2.947300233517831E+03   7.5452797E-15
  2.948851848092413E+03   7.7967748E-15
  2.950403471782440E+03   7.6934156E-15
  2.951955104588074E+03   8.0126911E-15
  2.953506746509475E+03   8.5069814E-15
  2.955058397546803E+03   8.1993975E-15
  2.956610057700221E+03   7.9682803E-15
  2.958161726969887E+03   8.3067166E-15
  2.959713405355963E+03   7.8237265E-15
  2.961265092858609E+03   7.4250027E-15
  2.962816789477986E+03   7.8773564E-15
  2.964368495214255E+03   7.7653194E-15
  2.965920210067577E+03   7.8513712E-15
  2.967471934038112E+03   7.8153799E-15
  2.969023667126020E+03   7.9719505E-15
  2.970575409331464E+03   7.7279161E-15
  2.972127160654602E+03   7.7687101E-15
  2.973678921095597E+03   7.9352884E-15
  2.975230690654609E+03   8.1083940E-15
  2.976782469331798E+03   7.3601056E-15
  2.978334257127325E+03   8.0388983E-15
  2.979886054041351E+03   7.9199783E-15
  2.981437860074037E+03   8.0908003E-15
  2.982989675225544E+03   7.7075170E-15
  2.984541499496031E+03   7.7010101E-15
  2.986093332885661E+03   7.7020901E-15
  2.987645175394593E+03   7.7197372E-15
  2.989197027022989E+03   7.8968399E-15
  2.990748887771009E+03   7.5568256E-15
  2.992300757638815E+03   7.6873483E-15
  2.993852636626566E+03   7.0186992E-15
  2.995404524734424E+03   6.9502357E-15
  2.996956421962550E+03   6.8943107E-15
  2.998508328311103E+03   6.3277482E-15
  3.000060243780246E+03   6.5116297E-15
  3.001612168370139E+03   6.7208884E-15
  3.003164102080942E+03   6.8078698E-15
  3.004716044912817E+03   6.0214742E-15
  3.006267996865924E+03   6.2270821E-15
  3.007819957940425E+03   6.1262408E-15
  3.009371928136479E+03   6.8898435E-15
  3.010923907454248E+03   6.4654961E-15
  3.012475895893893E+03   5.9596006E-15
  3.014027893455574E+03   6.3517925E-15
  3.015579900139452E+03   5.8444045E-15
  3.017131915945689E+03   6.0158567E-15
  3.018683940874445E+03   6.6583227E-15
  3.020235974925881E+03   6.1661085E-15
  3.021788018100157E+03   5.8058184E-15
  3.023340070397435E+03   6.3639034E-15
  3.024892131817876E+03   6.2952577E-15
  3.026444202361641E+03   6.3633549E-15
  3.027996282028889E+03   6.1562799E-15
  3.029548370819783E+03   6.8280148E-15
  3.031100468734483E+03   6.4941605E-15
  3.032652575773150E+03   6.2532339E-15
  3.034204691935945E+03   6.5674628E-15
  3.035756817223029E+03   6.8958350E-15
  3.037308951634562E+03   6.5974960E-15
  3.038861095170706E+03   6.5131823E-15
  3.040413247831621E+03   6.4137991E-15
  3.041965409617470E+03   6.6504639E-15
  3.043517580528412E+03   6.6811524E-15
  3.045069760564608E+03   6.0639326E-15
  3.046621949726219E+03   6.3507375E-15
  3.048174148013407E+03   6.4365009E-15
  3.049726355426332E+03   6.5257180E-15
  3.051278571965155E+03   6.7555540E-15
  3.052830797630037E+03   6.7194988E-15
  3.054383032421139E+03   6.6850559E-15
  3.055935276338624E+03   6.8875743E-15
  3.057487529382649E+03   6.5746223E-15
  3.059039791553378E+03   6.5685698E-15
  3.060592062850971E+03   6.2292895E-15
  3.062144343275589E+03   5.9224163E-15
  3.063696632827392E+03   5.6328754E-15
  3.065248931506544E+03   6.2580891E-15
  3.066801239313203E+03   6.0972151E-15
  3.068353556247531E+03   6.2326493E-15
  3.069905882309689E+03   6.3461267E-15
  3.071458217499839E+03   6.1586156E-15
  3.073010561818140E+03   6.4179318E-15
  3.074562915264754E+03   6.2294822E-15
  3.076115277839843E+03   6.1188733E-15
  3.077667649543568E+03   5.8373212E-15
  3.079220030376088E+03   6.0875940E-15
  3.080772420337566E+03   5.9939711E-15
  3.082324819428162E+03   6.6481079E-15
  3.083877227648037E+03   6.2190209E-15
  3.085429644997353E+03   6.9806226E-15
  3.086982071476271E+03   6.2102851E-15
  3.088534507084951E+03   5.8759853E-15
  3.090086951823555E+03   6.2477527E-15
  3.091639405692244E+03   6.6353524E-15
  3.093191868691178E+03   6.2447686E-15
  3.094744340820520E+03   7.0422548E-15
  3.096296822080430E+03   6.0249708E-15
  3.097849312471069E+03   6.3693036E-15
  3.099401811992598E+03   6.4087097E-15
  3.100954320645178E+03   6.7297551E-15
  3.102506838428971E+03   5.7818715E-15
  3.104059365344138E+03   6.0634112E-15
  3.105611901390840E+03   6.3314442E-15
  3.107164446569237E+03   7.0574023E-15
  3.108717000879491E+03   6.5348732E-15
  3.110269564321763E+03   6.5802369E-15
  3.111822136896215E+03   6.0019366E-15
  3.113374718603008E+03   6.4516755E-15
  3.114927309442302E+03   6.6482934E-15
  3.116479909414258E+03   6.3990849E-15
  3.118032518519039E+03   6.3232310E-15
  3.119585136756804E+03   6.1779026E-15
  3.121137764127716E+03   6.4913217E-15
  3.122690400631936E+03   6.1853721E-15
  3.124243046269623E+03   6.9121294E-15
  3.125795701040941E+03   6.7267744E-15
  3.127348364946050E+03   6.6105742E-15
  3.128901037985112E+03   6.0354113E-15
  3.130453720158285E+03   7.9026870E-15
  3.132006411465734E+03   6.5773023E-15
  3.133559111907619E+03   7.8474079E-15
  3.135111821484101E+03   7.2494255E-15
  3.136664540195341E+03   7.1638616E-15
  3.138217268041501E+03   7.3343372E-15
  3.139770005022740E+03   7.4520587E-15
  3.141322751139223E+03   6.8446462E-15
  3.142875506391109E+03   6.9328817E-15
  3.144428270778558E+03   6.3792753E-15
  3.145981044301733E+03   7.5703561E-15
  3.147533826960796E+03   7.4279919E-15
  3.149086618755906E+03   7.5917742E-15
  3.150639419687226E+03   7.5572169E-15
  3.152192229754917E+03   7.3208253E-15
  3.153745048959139E+03   7.2456122E-15
  3.155297877300055E+03   7.7900943E-15
  3.156850714777825E+03   7.5731429E-15
  3.158403561392612E+03   8.4762485E-15
  3.159956417144575E+03   7.3642171E-15
  3.161509282033876E+03   6.1717133E-15
  3.163062156060677E+03   5.9514881E-15
  3.164615039225140E+03   9.4539956E-15
  3.166167931527425E+03   1.6855576E-14
  3.167720832967693E+03   1.5207833E-16
