

  1.663204791469999E+03   3.5000269E-14
  1.664575150706608E+03   1.8765229E-14
  1.665945524934205E+03   2.0941587E-14
  1.667315914121385E+03   7.3962836E-14
  1.668686318236742E+03   4.0964052E-14
  1.670056737248867E+03   3.4917520E-14
  1.671427171126347E+03   5.7245319E-14
  1.672797619837764E+03   6.1959647E-14
  1.674168083351699E+03   5.5334791E-15
  1.675538561636727E+03   2.0408246E-14
  1.676909054661423E+03   1.5144439E-14
  1.678279562394355E+03   1.3495679E-14
  1.679650084804091E+03   3.0783251E-14
  1.681020621859191E+03   3.1327849E-14
  1.682391173528217E+03  -7.7132451E-16
  1.683761739779725E+03  -3.2366942E-14
  1.685132320582266E+03   1.4969623E-14
  1.686502915904391E+03   1.3704834E-12
  1.687873525714645E+03  -8.9694868E-15
  1.689244149981570E+03   1.4674351E-14
  1.690614788673707E+03   2.1101585E-14
  1.691985441759592E+03  -2.6083624E-14
  1.693356109207756E+03   2.6255208E-14
  1.694726790986729E+03   1.9343549E-14
  1.696097487065037E+03   1.4548153E-14
  1.697468197411203E+03  -4.4865938E-16
  1.698838921993746E+03   2.9017868E-14
  1.700209660781183E+03   1.0580805E-14
  1.701580413742025E+03   1.7692795E-14
  1.702951180844784E+03   2.8875811E-14
  1.704321962057964E+03   6.7432293E-15
  1.705692757350069E+03   1.2826802E-14
  1.707063566689599E+03   6.9725724E-15
  1.708434390045049E+03   5.2966207E-15
  1.709805227384915E+03   4.0723708E-14
  1.711176078677684E+03  -7.5513970E-15
  1.712546943891845E+03   5.5368574E-15
  1.713917822995880E+03   1.1602318E-14
  1.715288715958271E+03   5.3475231E-15
  1.716659622747494E+03  -3.0338344E-15
  1.718030543332022E+03  -1.4183435E-14
  1.719401477680328E+03   1.0154001E-14
  1.720772425760878E+03   1.8350694E-14
  1.722143387542137E+03  -1.3081600E-14
  1.723514362992566E+03   1.6097521E-14
  1.724885352080623E+03   2.2077633E-14
  1.726256354774763E+03   1.0954202E-14
  1.727627371043438E+03   1.3403437E-14
  1.728998400855095E+03   8.3325325E-15
  1.730369444178182E+03   1.1334620E-14
  1.731740500981140E+03  -2.3950793E-15
  1.733111571232407E+03   1.6360008E-14
  1.734482654900421E+03   1.6241118E-14
  1.735853751953615E+03   2.1191968E-14
  1.737224862360417E+03   1.6273463E-15
  1.738595986089256E+03   9.2479980E-15
  1.739967123108554E+03  -8.1170109E-16
  1.741338273386732E+03   2.0415164E-14
  1.742709436892208E+03   5.7849149E-15
  1.744080613593396E+03   2.2313702E-14
  1.745451803458708E+03   1.1180131E-14
  1.746823006456552E+03   8.9839906E-15
  1.748194222555333E+03  -3.5700308E-15
  1.749565451723454E+03   1.2858020E-14
  1.750936693929314E+03   9.2625687E-15
  1.752307949141309E+03   9.3858459E-15
  1.753679217327832E+03   1.3196329E-14
  1.755050498457274E+03   1.3373785E-14
  1.756421792498021E+03  -1.0405252E-14
  1.757793099418459E+03   2.0548536E-16
  1.759164419186968E+03   3.1483421E-15
  1.760535751771926E+03   3.5861156E-15
  1.761907097141709E+03  -2.2165211E-15
  1.763278455264689E+03   1.6079264E-14
  1.764649826109235E+03   1.6552923E-14
  1.766021209643714E+03   7.5540126E-15
  1.767392605836490E+03   3.9563761E-15
  1.768764014655922E+03  -5.1558129E-15
  1.770135436070368E+03   7.9312082E-15
  1.771506870048184E+03   4.9527715E-15
  1.772878316557720E+03   8.4151427E-15
  1.774249775567326E+03   1.2417048E-15
  1.775621247045348E+03   3.7587049E-15
  1.776992730960128E+03  -1.8238756E-15
  1.778364227280008E+03  -1.2576655E-14
  1.779735735973323E+03   3.9919488E-16
  1.781107257008409E+03   3.3795490E-15
  1.782478790353597E+03   1.5415912E-14
  1.783850335977215E+03   8.3005663E-15
  1.785221893847591E+03   8.6697390E-16
  1.786593463933046E+03  -4.7110401E-15
  1.787965046201900E+03   6.1267820E-15
  1.789336640622472E+03   1.2601473E-14
  1.790708247163076E+03   7.0903154E-15
  1.792079865792022E+03   8.2765809E-15
  1.793451496477622E+03   1.5333963E-14
  1.794823139188179E+03   1.8497501E-15
  1.796194793891998E+03   9.7321079E-15
  1.797566460557380E+03   1.1150198E-14
  1.798938139152621E+03   6.9115271E-15
  1.800309829646017E+03   3.9522003E-15
  1.801681532005860E+03   1.1069980E-14
  1.803053246200440E+03   6.3210448E-15
  1.804424972198043E+03   4.5529427E-15
  1.805796709966953E+03   1.1213119E-14
  1.807168459475451E+03   9.3610185E-15
  1.808540220691817E+03   8.6436112E-15
  1.809911993584325E+03   4.5729572E-15
  1.811283778121249E+03   1.6204323E-14
  1.812655574270859E+03   4.2665312E-15
  1.814027382001423E+03   4.3051326E-15
  1.815399201281205E+03   1.2543031E-14
  1.816771032078469E+03   8.8982090E-15
  1.818142874361473E+03   5.9884569E-15
  1.819514728098475E+03   1.1528505E-14
  1.820886593257728E+03   2.6878033E-15
  1.822258469807485E+03   1.4409076E-14
  1.823630357715994E+03  -6.8001516E-15
  1.825002256951502E+03   1.1395298E-14
  1.826374167482253E+03   1.6152568E-14
  1.827746089276487E+03   6.5495167E-15
  1.829118022302443E+03   1.7481708E-15
  1.830489966528357E+03   1.6713510E-14
  1.831861921922462E+03   8.0732116E-15
  1.833233888452988E+03   1.2264900E-14
  1.834605866088164E+03   9.9444311E-15
  1.835977854796216E+03   1.0733686E-14
  1.837349854545365E+03   7.8064826E-15
  1.838721865303833E+03   8.1695091E-15
  1.840093887039837E+03  -8.1534129E-15
  1.841465919721593E+03   4.4849776E-15
  1.842837963317312E+03   1.2889956E-15
  1.844210017795206E+03   1.2903776E-14
  1.845582083123481E+03   9.0583042E-15
  1.846954159270343E+03   1.5322946E-14
  1.848326246203995E+03   1.2522454E-14
  1.849698343892635E+03   1.2653513E-14
  1.851070452304463E+03   7.1518770E-15
  1.852442571407673E+03   6.4654974E-15
  1.853814701170457E+03   8.5176549E-15
  1.855186841561006E+03   2.7971931E-15
  1.856558992547507E+03   1.6409070E-14
  1.857931154098146E+03   6.5773811E-15
  1.859303326181104E+03   1.3781706E-14
  1.860675508764563E+03   8.5550616E-15
  1.862047701816699E+03   6.8601084E-15
  1.863419905305689E+03   1.2665634E-14
  1.864792119199705E+03   4.6979446E-15
  1.866164343466918E+03   8.4073212E-15
  1.867536578075496E+03   1.4570275E-14
  1.868908822993604E+03   9.4391412E-15
  1.870281078189406E+03   1.0999086E-14
  1.871653343631063E+03   1.7028505E-14
  1.873025619286733E+03   7.7978056E-15
  1.874397905124571E+03   1.1580305E-14
  1.875770201112733E+03   8.0937784E-15
  1.877142507219369E+03   1.3171690E-14
  1.878514823412629E+03   5.8263072E-15
  1.879887149660658E+03   9.8249799E-15
  1.881259485931602E+03   1.3684976E-14
  1.882631832193602E+03  -7.4628355E-15
  1.884004188414798E+03   1.2834928E-14
  1.885376554563328E+03   1.1837778E-14
  1.886748930607325E+03   1.3670798E-14
  1.888121316514924E+03   1.2856590E-14
  1.889493712254254E+03   1.8065898E-14
  1.890866117793444E+03   1.1561692E-14
  1.892238533100620E+03   1.8940958E-14
  1.893610958143904E+03   1.0807788E-14
  1.894983392891419E+03   1.3595993E-14
  1.896355837311283E+03   1.5060486E-14
  1.897728291371614E+03   1.4669184E-14
  1.899100755040525E+03   1.6001797E-14
  1.900473228286129E+03   1.3388909E-14
  1.901845711076536E+03   1.4352909E-14
  1.903218203379855E+03   9.6671828E-15
  1.904590705164190E+03   1.6640974E-14
  1.905963216397644E+03   1.5792448E-14
  1.907335737048320E+03   1.6285513E-14
  1.908708267084317E+03   1.0552485E-14
  1.910080806473730E+03   1.8781355E-14
  1.911453355184656E+03   1.4594002E-14
  1.912825913185185E+03   1.2649954E-14
  1.914198480443409E+03   1.2422057E-14
  1.915571056927416E+03   1.6282286E-14
  1.916943642605291E+03   1.9221478E-14
  1.918316237445119E+03   1.1103336E-14
  1.919688841414982E+03   1.2309649E-14
  1.921061454482958E+03   1.7543281E-14
  1.922434076617125E+03   1.5679252E-14
  1.923806707785559E+03   1.6567177E-14
  1.925179347956334E+03   1.2375660E-14
  1.926551997097519E+03   1.6059601E-14
  1.927924655177184E+03   7.4487561E-15
  1.929297322163397E+03   1.7056291E-14
  1.930669998024222E+03   1.5796948E-14
  1.932042682727721E+03   9.4135271E-14
  1.933415376241956E+03   1.3285536E-14
  1.934788078534986E+03   1.0173590E-14
  1.936160789574866E+03   1.0317719E-14
  1.937533509329652E+03   1.2324793E-14
  1.938906237767397E+03   8.4845376E-15
  1.940278974856149E+03   1.1639350E-14
  1.941651720563960E+03   9.9310674E-15
  1.943024474858874E+03   1.2304985E-14
  1.944397237708937E+03   1.4887975E-14
  1.945770009082190E+03   1.3139545E-14
  1.947142788946675E+03   4.6187334E-15
  1.948515577270430E+03   1.1136524E-14
  1.949888374021491E+03   1.2158369E-14
  1.951261179167894E+03   1.2120230E-14
  1.952633992677670E+03   1.4337481E-14
  1.954006814518851E+03   1.1206628E-14
  1.955379644659465E+03   1.2544930E-14
  1.956752483067540E+03   9.8836073E-15
  1.958125329711099E+03   1.0572985E-14
  1.959498184558166E+03   1.0558469E-14
  1.960871047576763E+03   8.5047935E-15
  1.962243918734907E+03   1.0705167E-14
  1.963616798000617E+03   8.0515039E-15
  1.964989685341908E+03   1.0944141E-14
  1.966362580726793E+03   9.3951810E-15
  1.967735484123284E+03   1.4158211E-14
  1.969108395499390E+03   7.9636403E-15
  1.970481314823120E+03   9.9555933E-15
  1.971854242062479E+03   1.2256192E-14
  1.973227177185472E+03   1.1733930E-14
  1.974600120160101E+03   1.1009975E-14
  1.975973070954366E+03   9.2488883E-15
  1.977346029536266E+03   1.1144775E-14
  1.978718995873798E+03   9.4520195E-15
  1.980091969934956E+03   9.0493392E-15
  1.981464951687735E+03   9.8077064E-15
  1.982837941100125E+03   9.8264868E-15
  1.984210938140116E+03   8.7804553E-15
  1.985583942775697E+03   1.0989734E-14
  1.986956954974852E+03   1.2678966E-14
  1.988329974705567E+03   1.1212406E-14
  1.989703001935823E+03   9.0542393E-15
  1.991076036633602E+03   9.1576789E-15
  1.992449078766883E+03   1.4889714E-14
  1.993822128303643E+03   1.0284852E-14
  1.995195185211857E+03   1.4714296E-14
  1.996568249459500E+03   1.1887723E-14
  1.997941321014544E+03   1.1322341E-14
  1.999314399844958E+03   1.2572488E-14
  2.000687485918712E+03   1.2189386E-14
  2.002060579203773E+03   1.2389673E-14
  2.003433679668106E+03   1.2027438E-14
  2.004806787279676E+03   1.2127739E-14
  2.006179902006442E+03   1.4543481E-14
  2.007553023816368E+03   9.9681429E-15
  2.008926152677409E+03   1.5878297E-14
  2.010299288557525E+03   1.4009986E-14
  2.011672431424671E+03   1.5542618E-14
  2.013045581246799E+03   1.5970699E-14
  2.014418737991863E+03   1.2069395E-14
  2.015791901627812E+03   1.1186018E-14
  2.017165072122596E+03   1.2080436E-14
  2.018538249444162E+03   1.5704526E-14
  2.019911433560456E+03   1.1127429E-14
  2.021284624439421E+03   1.5764781E-14
  2.022657822049001E+03  -9.2951638E-16
  2.024031026357136E+03   1.5935319E-14
  2.025404237331766E+03   1.1478309E-14
  2.026777454940829E+03   1.1274092E-14
  2.028150679152260E+03   1.3018447E-14
  2.029523909933995E+03   1.5949895E-14
  2.030897147253967E+03   1.2522528E-14
  2.032270391080107E+03   8.1085295E-15
  2.033643641380346E+03   1.5686676E-14
  2.035016898122613E+03   1.3093164E-14
  2.036390161274833E+03   1.4972519E-14
  2.037763430804934E+03   1.2865320E-14
  2.039136706680839E+03   1.4408551E-14
  2.040509988870472E+03   1.4873306E-14
  2.041883277341752E+03   1.6073273E-14
  2.043256572062600E+03   9.0480712E-15
  2.044629873000934E+03   1.4534948E-14
  2.046003180124671E+03   1.3289196E-14
  2.047376493401726E+03   1.5185139E-14
  2.048749812800013E+03   1.2354688E-14
  2.050123138287446E+03   1.4637475E-14
  2.051496469831933E+03   1.3569377E-14
  2.052869807401386E+03   1.3703302E-14
  2.054243150963713E+03   1.3359319E-14
  2.055616500486820E+03   1.3905577E-14
  2.056989855938613E+03   1.2344080E-14
  2.058363217286996E+03   1.3842079E-14
  2.059736584499872E+03   1.3804801E-14
  2.061109957545140E+03   1.1865485E-14
  2.062483336390704E+03   1.0736719E-14
  2.063856721004459E+03   1.3517293E-14
  2.065230111354304E+03   1.1876969E-14
  2.066603507408135E+03   1.4227861E-14
  2.067976909133845E+03   1.5127675E-14
  2.069350316499329E+03   1.4160763E-14
  2.070723729472478E+03   1.3736301E-14
  2.072097148021183E+03   1.4390726E-14
  2.073470572113332E+03   1.2429626E-14
  2.074844001716815E+03   1.1314105E-14
  2.076217436799518E+03   1.3785910E-14
  2.077590877329325E+03   1.2568349E-14
  2.078964323274122E+03   1.3766546E-14
  2.080337774601791E+03   1.1882027E-14
  2.081711231280214E+03   1.2276860E-14
  2.083084693277271E+03   1.2153047E-14
  2.084458160560840E+03   1.0009481E-14
  2.085831633098802E+03   1.1441562E-14
  2.087205110859031E+03   1.1483116E-14
  2.088578593809403E+03   1.1523273E-14
  2.089952081917792E+03   9.4135328E-15
  2.091325575152072E+03   1.1538477E-14
  2.092699073480114E+03   1.1003154E-14
  2.094072576869789E+03   8.6966465E-15
  2.095446085288966E+03   1.2794142E-14
  2.096819598705513E+03   1.0651696E-14
  2.098193117087298E+03   1.2283601E-14
  2.099566640402186E+03   9.4728573E-15
  2.100940168618043E+03   8.4812367E-15
  2.102313701702731E+03   9.7585141E-15
  2.103687239624114E+03   8.7207421E-15
  2.105060782350052E+03   1.1122018E-14
  2.106434329848406E+03   9.2442982E-15
  2.107807882087036E+03   1.2105811E-14
  2.109181439033798E+03   9.8830127E-15
  2.110555000656550E+03   1.0150666E-14
  2.111928566923146E+03   6.7025387E-15
  2.113302137801444E+03   1.1260864E-14
  2.114675713259296E+03   8.1536272E-15
  2.116049293264554E+03   8.3804398E-15
  2.117422877785069E+03   1.0010486E-14
  2.118796466788694E+03   8.3505107E-15
  2.120170060243276E+03   9.2073134E-15
  2.121543658116664E+03   1.0298348E-14
  2.122917260376705E+03   1.0810798E-14
  2.124290866991246E+03   9.5304446E-15
  2.125664477928132E+03   6.9021831E-15
  2.127038093155207E+03   1.0165090E-14
  2.128411712640314E+03   8.7483782E-15
  2.129785336351296E+03   9.5706371E-15
  2.131158964255994E+03   9.1740089E-15
  2.132532596322248E+03   8.6344319E-15
  2.133906232517897E+03   1.0136580E-14
  2.135279872810780E+03   9.2372068E-15
  2.136653517168734E+03   9.9563649E-15
  2.138027165559595E+03   8.9106985E-15
  2.139400817951199E+03   1.0933326E-14
  2.140774474311381E+03   9.6354360E-15
  2.142148134607974E+03   7.7410053E-15
  2.143521798808811E+03   9.8621757E-15
  2.144895466881722E+03   7.9400386E-15
  2.146269138794541E+03   1.2523622E-14
  2.147642814515095E+03   1.1815452E-14
  2.149016494011215E+03   8.7927593E-15
  2.150390177250728E+03   8.0780338E-15
  2.151763864201463E+03   9.0531356E-15
  2.153137554831244E+03   9.6610410E-15
  2.154511249107898E+03   1.0095301E-14
  2.155884946999251E+03   1.0009157E-14
  2.157258648473124E+03   9.9713295E-15
  2.158632353497341E+03   9.2076496E-15
  2.160006062039726E+03   9.6229846E-15
  2.161379774068098E+03   8.2920240E-15
  2.162753489550278E+03   9.6343637E-15
  2.164127208454087E+03   1.0032578E-14
  2.165500930747344E+03   8.7202355E-15
  2.166874656397865E+03   8.7185567E-15
  2.168248385373469E+03   9.6962115E-15
  2.169622117641973E+03   1.0413048E-14
  2.170995853171191E+03   9.7084917E-15
  2.172369591928940E+03   8.0674179E-15
  2.173743333883033E+03   1.0080387E-14
  2.175117079001284E+03   8.1384264E-15
  2.176490827251507E+03   8.6315402E-15
  2.177864578601511E+03   7.6338938E-15
  2.179238333019110E+03   7.0125714E-15
  2.180612090472114E+03   9.2296725E-15
  2.181985850928332E+03   9.3160809E-15
  2.183359614355575E+03   7.2030648E-15
  2.184733380721649E+03   8.9901146E-15
  2.186107149994364E+03   8.6614252E-15
  2.187480922141526E+03   7.6686314E-15
  2.188854697130942E+03   7.9288704E-15
  2.190228474930418E+03   8.7605568E-15
  2.191602255507758E+03   8.4388376E-15
  2.192976038830767E+03   5.8660775E-15
  2.194349824867250E+03   8.0770597E-15
  2.195723613585009E+03   7.2904693E-15
  2.197097404951846E+03   7.4238465E-15
  2.198471198935566E+03   6.7581400E-15
  2.199844995503965E+03   6.3976593E-15
  2.201218794624849E+03   7.8702447E-15
  2.202592596266016E+03   6.6041206E-15
  2.203966400395265E+03   7.4739426E-15
  2.205340206980396E+03   7.8232785E-15
  2.206714015989206E+03   5.5101577E-15
  2.208087827389495E+03   6.5079896E-15
  2.209461641149058E+03   8.2040003E-15
  2.210835457235693E+03   5.6184098E-15
  2.212209275617196E+03  -1.7054884E-13
  2.213583096261362E+03   5.9397216E-15
  2.214956919135986E+03   7.3105161E-15
  2.216330744208864E+03   5.7498680E-15
  2.217704571447789E+03   7.2282895E-15
  2.219078400820556E+03   6.4385689E-15
  2.220452232294955E+03   6.7210747E-15
  2.221826065838781E+03   7.5288905E-15
  2.223199901419826E+03   6.7776243E-15
  2.224573739005880E+03   3.8173674E-14
  2.225947578564736E+03   6.7781029E-15
  2.227321420064183E+03   6.6762972E-15
  2.228695263472012E+03   8.0543872E-15
  2.230069108756014E+03   6.9332857E-15
  2.231442955883976E+03   8.7884573E-15
  2.232816804823688E+03   7.6341123E-15
  2.234190655542938E+03   6.9381959E-15
  2.235564508009515E+03   6.3410106E-15
  2.236938362191206E+03   6.1805750E-15
  2.238312218055798E+03   6.3821222E-15
  2.239686075571078E+03   4.6022180E-15
  2.241059934704833E+03   7.3217740E-15
  2.242433795424848E+03   5.6161169E-15
  2.243807657698910E+03   7.6478334E-15
  2.245181521494803E+03   7.5782293E-15
  2.246555386780313E+03   5.9829545E-15
  2.247929253523224E+03   6.1763682E-15
  2.249303121691321E+03   5.7481693E-15
  2.250676991252387E+03   5.4374763E-15
  2.252050862174207E+03   5.6850564E-15
  2.253424734424563E+03   6.0303274E-15
  2.254798607971238E+03   5.8964018E-15
  2.256172482782015E+03   5.6461840E-15
  2.257546358824677E+03   6.1976605E-15
  2.258920236067005E+03   6.9182255E-15
  2.260294114476781E+03   5.6467816E-15
  2.261667994021788E+03   5.7193329E-15
  2.263041874669806E+03   6.6869181E-15
  2.264415756388617E+03   5.8327248E-15
  2.265789639145999E+03   5.8321043E-15
  2.267163522909736E+03   5.0343319E-15
  2.268537407647606E+03   6.8788617E-15
  2.269911293327390E+03   5.0829274E-15
  2.271285179916868E+03   6.2215320E-15
  2.272659067383820E+03   6.3754298E-15
  2.274032955696024E+03   6.5694046E-15
  2.275406844821261E+03   6.0848674E-15
  2.276780734727308E+03   6.0461741E-15
  2.278154625381945E+03   5.9715395E-15
  2.279528516752951E+03   6.3066452E-15
  2.280902408808104E+03   6.8086393E-15
  2.282276301515181E+03   6.6098640E-15
  2.283650194841964E+03   4.9212987E-15
  2.285024088756227E+03   6.3605182E-15
  2.286397983225750E+03   7.7277416E-15
  2.287771878218310E+03   6.7476313E-15
  2.289145773701686E+03   7.0149545E-15
  2.290519669643654E+03   7.0302820E-15
  2.291893566011992E+03   7.2745205E-15
  2.293267462774477E+03   7.8659130E-15
  2.294641359898887E+03   7.1078321E-15
  2.296015257352999E+03   7.3929154E-15
  2.297389155104589E+03   6.9721010E-15
  2.298763053121434E+03   6.5601080E-15
  2.300136951371314E+03   7.0107236E-15
  2.301510849822002E+03   7.2738929E-15
  2.302884748441277E+03   7.3900355E-15
  2.304258647196916E+03   8.0912051E-15
  2.305632546056694E+03   7.2323163E-15
  2.307006444988389E+03   8.4793216E-15
  2.308380343959778E+03   6.8175717E-15
  2.309754242938637E+03   8.4773268E-15
  2.311128141892743E+03   8.0682243E-15
  2.312502040789873E+03   7.6656041E-15
  2.313875939597804E+03   8.4502277E-15
  2.315249838284311E+03   8.7927619E-15
  2.316623736817173E+03   9.0677689E-15
  2.317997635164165E+03   8.7563242E-15
  2.319371533293065E+03   8.5294871E-15
  2.320745431171650E+03   1.0152870E-14
  2.322119328767697E+03   9.7827960E-15
  2.323493226048981E+03   1.0398370E-14
  2.324867122983283E+03   9.3860839E-15
  2.326241019538376E+03   1.0457515E-14
  2.327614915682041E+03   1.1159666E-14
  2.328988811382053E+03   1.0846932E-14
  2.330362706606189E+03   1.1853610E-14
  2.331736601322229E+03   1.3069564E-14
  2.333110495497950E+03   1.2386168E-14
  2.334484389101128E+03   1.2495369E-14
  2.335858282099543E+03   1.2488959E-14
  2.337232174460973E+03   1.2969298E-14
  2.338606066153195E+03   1.4012682E-14
  2.339979957143988E+03   1.2899117E-14
  2.341353847401131E+03   1.2864597E-14
  2.342727736892403E+03   1.3507174E-14
  2.344101625585582E+03   1.2386331E-14
  2.345475513448448E+03   1.0226836E-14
  2.346849400448779E+03   9.1990395E-15
  2.348223286554356E+03   1.3079185E-14
  2.349597171732959E+03   1.5877475E-14
  2.350971055952366E+03   1.6606655E-14
  2.352344939180359E+03   1.5617021E-14
  2.353718821384718E+03   1.5093964E-14
  2.355092702533223E+03   1.5462825E-14
  2.356466582593655E+03   1.5218970E-14
  2.357840461533796E+03   1.6813645E-14
  2.359214339321426E+03   1.6541849E-14
  2.360588215924329E+03   1.6477232E-14
  2.361962091310284E+03   1.8341653E-14
  2.363335965447076E+03   1.7628551E-14
  2.364709838302486E+03   1.6618703E-14
  2.366083709844298E+03   2.0009337E-14
  2.367457580040293E+03   1.7993902E-14
  2.368831448858257E+03   1.8514421E-14
  2.370205316265972E+03   1.8003467E-14
  2.371579182231223E+03   1.8130117E-14
  2.372953046721794E+03   1.8989081E-14
  2.374326909705470E+03   1.7695767E-14
  2.375700771150037E+03   1.4767623E-14
  2.377074631023279E+03   1.4214858E-14
  2.378448489292983E+03   1.5466344E-14
  2.379822345926935E+03   1.9957208E-14
  2.381196200892921E+03   1.8592346E-14
  2.382570054158729E+03   1.5816338E-14
  2.383943905692146E+03   1.0575193E-14
  2.385317755460960E+03   1.0268792E-14
  2.386691603432959E+03   1.4079798E-14
  2.388065449575931E+03   1.9237680E-14
  2.389439293857668E+03   1.9795697E-14
  2.390813136245955E+03   1.9847344E-14
  2.392186976708586E+03   2.2073038E-14
  2.393560815213350E+03   2.0110886E-14
  2.394934651728038E+03   1.9954424E-14
  2.396308486220440E+03   1.9537825E-14
  2.397682318658350E+03   2.0568533E-14
  2.399056149009559E+03   2.0228668E-14
  2.400429977241860E+03   1.9491065E-14
  2.401803803323048E+03   1.8592017E-14
  2.403177627220914E+03   2.0540502E-14
  2.404551448903254E+03   1.9137942E-14
  2.405925268337862E+03   1.9547703E-14
  2.407299085492535E+03   1.7529901E-14
  2.408672900335067E+03   1.8876377E-14
  2.410046712833255E+03   1.9994558E-14
  2.411420522954897E+03   1.9370060E-14
  2.412794330667788E+03   1.9400807E-14
  2.414168135939730E+03   1.9188056E-14
  2.415541938738519E+03   1.6579386E-14
  2.416915739031955E+03   1.8308966E-14
  2.418289536787838E+03   1.8022030E-14
  2.419663331973968E+03   1.8178337E-14
  2.421037124558145E+03   1.8549278E-14
  2.422410914508174E+03   1.9146109E-14
  2.423784701791854E+03   1.9311835E-14
  2.425158486376989E+03   1.9126007E-14
  2.426532268231384E+03   1.8017531E-14
  2.427906047322841E+03   1.6342035E-14
  2.429279823619166E+03   1.6985923E-14
  2.430653597088164E+03   1.6697411E-14
  2.432027367697641E+03   1.7358263E-14
  2.433401135415404E+03   1.6918553E-14
  2.434774900209261E+03   1.8207780E-14
  2.436148662047020E+03   1.7802999E-14
  2.437522420896491E+03   1.7717810E-14
  2.438896176725480E+03   1.6874751E-14
  2.440269929501801E+03   1.6346399E-14
  2.441643679193263E+03   1.5924316E-14
  2.443017425767679E+03   1.6650237E-14
  2.444391169192861E+03   1.6332325E-14
  2.445764909436621E+03   1.6643892E-14
  2.447138646466774E+03   1.6749280E-14
  2.448512380251135E+03   1.6667440E-14
  2.449886110757519E+03   1.5330061E-14
  2.451259837953742E+03   1.5030249E-14
  2.452633561807622E+03   1.5219100E-14
  2.454007282286976E+03   1.4976769E-14
  2.455380999359622E+03   1.6567070E-14
  2.456754712993380E+03   1.4087443E-14
  2.458128423156071E+03   1.5557966E-14
  2.459502129815514E+03   1.5884004E-14
  2.460875832939533E+03   1.4387468E-14
  2.462249532495949E+03   1.3165894E-14
  2.463623228452586E+03   1.3977587E-14
  2.464996920777269E+03   1.4620780E-14
  2.466370609437822E+03   1.3012761E-14
  2.467744294402072E+03   1.4431141E-14
  2.469117975637846E+03   1.4722573E-14
  2.470491653112970E+03   1.2699231E-14
  2.471865326795275E+03   1.3327020E-14
  2.473238996652589E+03   1.2951337E-14
  2.474612662652742E+03   1.3172066E-14
  2.475986324763568E+03   1.3146226E-14
  2.477359982952896E+03   1.4192502E-14
  2.478733637188562E+03   1.3615080E-14
  2.480107287438397E+03   1.2200269E-14
  2.481480933670239E+03   1.3101354E-14
  2.482854575851923E+03   1.3107459E-14
  2.484228213951285E+03   1.3540998E-14
  2.485601847936163E+03   1.2451758E-14
  2.486975477774397E+03   1.2774095E-14
  2.488349103433827E+03   1.3579755E-14
  2.489722724882291E+03   1.2315633E-14
  2.491096342087635E+03   1.3060337E-14
  2.492469955017697E+03   1.1727044E-14
  2.493843563640325E+03   1.2613163E-14
  2.495217167923362E+03   1.2661904E-14
  2.496590767834653E+03   1.3426428E-14
  2.497964363342046E+03   1.3078344E-14
  2.499337954413389E+03   1.3407334E-14
  2.500711541016530E+03   1.2489148E-14
  2.502085123119319E+03   1.3432271E-14
  2.503458700689608E+03   1.3548991E-14
  2.504832273695248E+03   1.3673307E-14
  2.506205842104092E+03   1.2320214E-14
  2.507579405883996E+03   1.2777216E-14
  2.508952965002813E+03   1.3185894E-14
  2.510326519428400E+03   1.2878120E-14
  2.511700069128616E+03   1.2363301E-14
  2.513073614071318E+03   1.3184361E-14
  2.514447154224366E+03   1.3604543E-14
  2.515820689555621E+03   1.4380946E-14
  2.517194220032945E+03   1.3882806E-14
  2.518567745624200E+03   1.4916426E-14
  2.519941266297253E+03   1.4976860E-14
  2.521314782019966E+03   1.5991240E-14
  2.522688292760207E+03   1.7016221E-14
  2.524061798485844E+03   1.6774969E-14
  2.525435299164747E+03   1.8594286E-14
  2.526808794764783E+03   1.9143238E-14
  2.528182285253826E+03   1.9386821E-14
  2.529555770599747E+03   2.0890162E-14
  2.530929250770420E+03   2.3111418E-14
  2.532302725733720E+03   2.2504710E-14
  2.533676195457523E+03   2.3619471E-14
  2.535049659909705E+03   2.2972347E-14
  2.536423119058148E+03   2.4334284E-14
  2.537796572870729E+03   2.4061538E-14
  2.539170021315329E+03   2.5430323E-14
  2.540543464359831E+03   2.7923219E-14
  2.541916901972119E+03   2.7674684E-14
  2.543290334120077E+03   2.7511157E-14
  2.544663760771592E+03   2.5711609E-14
  2.546037181894550E+03   2.7259765E-14
  2.547410597456841E+03   2.6962268E-14
  2.548784007426354E+03   2.6728353E-14
  2.550157411770981E+03   2.8647024E-14
  2.551530810458614E+03   2.8745201E-14
  2.552904203457148E+03   2.8458542E-14
  2.554277590734477E+03   2.9998150E-14
  2.555650972258498E+03   2.7976124E-14
  2.557024347997110E+03   2.7275332E-14
  2.558397717918211E+03   2.7862617E-14
  2.559771081989702E+03   2.9267374E-14
  2.561144440179485E+03   2.8629886E-14
  2.562517792455463E+03   3.0462727E-14
  2.563891138785542E+03   2.9063323E-14
  2.565264479137627E+03   2.8527053E-14
  2.566637813479627E+03   2.9523527E-14
  2.568011141779449E+03   2.8346186E-14
  2.569384464005006E+03   2.9033559E-14
  2.570757780124206E+03   2.9550987E-14
  2.572131090104966E+03   2.8803894E-14
  2.573504393915199E+03   2.9857596E-14
  2.574877691522821E+03   2.7318217E-14
  2.576250982895750E+03   2.8227007E-14
  2.577624268001906E+03   2.7359757E-14
  2.578997546809208E+03   2.6661480E-14
  2.580370819285578E+03   2.7753475E-14
  2.581744085398940E+03   2.9177700E-14
  2.583117345117219E+03   2.8964769E-14
  2.584490598408341E+03   2.9973338E-14
  2.585863845240235E+03   2.7175624E-14
  2.587237085580829E+03   2.0732241E-14
  2.588610319398055E+03   1.9909511E-14
  2.589983546659845E+03   2.0842284E-14
  2.591356767334134E+03   2.6776404E-14
  2.592729981388856E+03   2.7243512E-14
  2.594103188791949E+03   2.8558498E-14
  2.595476389511352E+03   2.6139328E-14
  2.596849583515004E+03   2.6485207E-14
  2.598222770770849E+03   2.6121329E-14
  2.599595951246828E+03   2.2827182E-14
  2.600969124910888E+03   1.5897905E-14
  2.602342291730974E+03   1.4847883E-14
  2.603715451675035E+03   1.6351666E-14
  2.605088604711020E+03   2.3341130E-14
  2.606461750806881E+03   2.4164378E-14
  2.607834889930572E+03   2.5231182E-14
  2.609208022050045E+03   2.3391438E-14
  2.610581147133259E+03   2.3308332E-14
  2.611954265148171E+03   2.3701003E-14
  2.613327376062739E+03   2.3289969E-14
  2.614700479844927E+03   2.2004066E-14
  2.616073576462696E+03   2.1378319E-14
  2.617446665884012E+03   2.1653364E-14
  2.618819748076839E+03   2.0425075E-14
  2.620192823009147E+03   1.9169785E-14
  2.621565890648904E+03   1.8484797E-14
  2.622938950964083E+03   1.8110610E-14
  2.624312003922656E+03   1.6808263E-14
  2.625685049492599E+03   1.8005422E-14
  2.627058087641887E+03   1.7379324E-14
  2.628431118338499E+03   1.6883566E-14
  2.629804141550415E+03   1.6541734E-14
  2.631177157245616E+03   1.5642877E-14
  2.632550165392087E+03   1.5365467E-14
  2.633923165957812E+03   1.5022834E-14
  2.635296158910779E+03   1.4031379E-14
  2.636669144218975E+03   1.5518984E-14
  2.638042121850392E+03   1.5220799E-14
  2.639415091773022E+03   1.4708512E-14
  2.640788053954860E+03   1.4824022E-14
  2.642161008363901E+03   1.3113269E-14
  2.643533954968143E+03   1.2422421E-14
  2.644906893735586E+03   1.2684124E-14
  2.646279824634230E+03   1.2638823E-14
  2.647652747632081E+03   1.2406473E-14
  2.649025662697142E+03   1.2088687E-14
  2.650398569797421E+03   1.2828093E-14
  2.651771468900926E+03   1.2384880E-14
  2.653144359975669E+03   1.0983546E-14
  2.654517242989660E+03   1.1339688E-14
  2.655890117910917E+03   1.1642586E-14
  2.657262984707454E+03   1.1284325E-14
  2.658635843347290E+03   1.1860191E-14
  2.660008693798445E+03   1.1978237E-14
  2.661381536028941E+03   1.0620352E-14
  2.662754370006802E+03   1.1533383E-14
  2.664127195700054E+03   1.2428004E-14
  2.665500013076726E+03   1.1463920E-14
  2.666872822104846E+03   1.3468524E-14
  2.668245622752446E+03   1.1826373E-14
  2.669618414987561E+03   1.1915566E-14
  2.670991198778226E+03   1.2331721E-14
  2.672363974092478E+03   1.2469083E-14
  2.673736740898357E+03   1.2801606E-14
  2.675109499163905E+03   1.4229278E-14
  2.676482248857165E+03   1.3444973E-14
  2.677854989946183E+03   1.4888974E-14
  2.679227722399007E+03   1.4667504E-14
  2.680600446183686E+03   1.5889913E-14
  2.681973161268271E+03   1.6455993E-14
  2.683345867620817E+03   1.5483752E-14
  2.684718565209379E+03   1.7170234E-14
  2.686091254002016E+03   1.6349052E-14
  2.687463933966786E+03   2.0061926E-14
  2.688836605071751E+03   1.9390900E-14
  2.690209267284976E+03   2.0002874E-14
  2.691581920574527E+03   2.1487767E-14
  2.692954564908471E+03   2.3456548E-14
  2.694327200254880E+03   2.1765955E-14
  2.695699826581823E+03   2.4234018E-14
  2.697072443857378E+03   2.5147085E-14
  2.698445052049620E+03   2.6272294E-14
  2.699817651126627E+03   2.5240145E-14
  2.701190241056481E+03   2.7630377E-14
  2.702562821807264E+03   2.7322633E-14
  2.703935393347061E+03   2.9897962E-14
  2.705307955643960E+03   2.9906934E-14
  2.706680508666049E+03   3.1786246E-14
  2.708053052381420E+03   3.2992445E-14
  2.709425586758167E+03   3.8905484E-14
  2.710798111764386E+03   3.4011049E-14
  2.712170627368174E+03   3.3347772E-14
  2.713543133537632E+03   3.4051690E-14
  2.714915630240862E+03   3.5373228E-14
  2.716288117445969E+03   3.4478283E-14
  2.717660595121060E+03   3.6230028E-14
  2.719033063234244E+03   3.5003179E-14
  2.720405521753631E+03   3.6225532E-14
  2.721777970647336E+03   3.6149222E-14
  2.723150409883474E+03   3.8389763E-14
  2.724522839430164E+03   3.8342827E-14
  2.725895259255525E+03   3.9426565E-14
  2.727267669327679E+03   3.8151370E-14
  2.728640069614753E+03   4.2316739E-14
  2.730012460084872E+03   3.8707366E-14
  2.731384840706166E+03   3.8853974E-14
  2.732757211446768E+03   4.0305500E-14
  2.734129572274810E+03   4.1268617E-14
  2.735501923158430E+03   4.0332043E-14
  2.736874264065765E+03   3.9403590E-14
  2.738246594964957E+03   4.0001172E-14
  2.739618915824149E+03   3.7732241E-14
  2.740991226611486E+03   3.9427415E-14
  2.742363527295116E+03   4.1972475E-14
  2.743735817843190E+03   4.0725090E-14
  2.745108098223860E+03   4.1028226E-14
  2.746480368405282E+03   4.1620624E-14
  2.747852628355612E+03   4.3002640E-14
  2.749224878043010E+03   4.1365901E-14
  2.750597117435640E+03   4.1946650E-14
  2.751969346501664E+03   4.4033990E-14
  2.753341565209250E+03   4.5043274E-14
  2.754713773526568E+03   4.5291536E-14
  2.756085971421789E+03   4.3921216E-14
  2.757458158863087E+03   4.4607764E-14
  2.758830335818640E+03   4.5009393E-14
  2.760202502256626E+03   4.6796954E-14
  2.761574658145226E+03   4.7479788E-14
  2.762946803452625E+03   4.7636252E-14
  2.764318938147010E+03   4.8790778E-14
  2.765691062196568E+03   4.9453443E-14
  2.767063175569492E+03   4.7847824E-14
  2.768435278233976E+03   4.9601189E-14
  2.769807370158215E+03   4.9839547E-14
  2.771179451310409E+03   5.0125099E-14
  2.772551521658758E+03   5.1599333E-14
  2.773923581171468E+03   5.2060210E-14
  2.775295629816744E+03   5.2359203E-14
  2.776667667562795E+03   5.2589836E-14
  2.778039694377833E+03   5.3651955E-14
  2.779411710230072E+03   5.2049233E-14
  2.780783715087728E+03   5.4834155E-14
  2.782155708919021E+03   5.5157772E-14
  2.783527691692171E+03   5.6303097E-14
  2.784899663375405E+03   5.6903829E-14
  2.786271623936947E+03   5.8895116E-14
  2.787643573345029E+03   5.9333845E-14
  2.789015511567881E+03   6.0061148E-14
  2.790387438573739E+03   5.8920384E-14
  2.791759354330839E+03   5.8587026E-14
  2.793131258807422E+03   6.0063723E-14
  2.794503151971729E+03   5.7785577E-14
  2.795875033792007E+03   4.8953104E-14
  2.797246904236503E+03   2.6790988E-14
  2.798618763273467E+03   2.1442354E-14
  2.799990610871152E+03   2.5863848E-14
  2.801362446997814E+03   4.8238631E-14
  2.802734271621711E+03   5.2980329E-14
  2.804106084711105E+03   3.5001942E-14
  2.805477886234259E+03   2.5341010E-14
  2.806849676159440E+03   2.6294129E-14
  2.808221454454916E+03   4.7309870E-14
  2.809593221088959E+03   5.6046469E-14
  2.810964976029844E+03   5.7013551E-14
  2.812336719245849E+03   5.6993046E-14
  2.813708450705252E+03   5.8696937E-14
  2.815080170376338E+03   5.3886349E-14
  2.816451878227391E+03   5.6941329E-14
  2.817823574226699E+03   5.4466834E-14
  2.819195258342553E+03   5.6537040E-14
  2.820566930543248E+03   5.5133063E-14
  2.821938590797079E+03   5.3270912E-14
  2.823310239072346E+03   5.4552130E-14
  2.824681875337350E+03   5.3759053E-14
  2.826053499560397E+03   5.3842778E-14
  2.827425111709794E+03   5.4776347E-14
  2.828796711753852E+03   5.4233304E-14
  2.830168299660883E+03   5.4782713E-14
  2.831539875399204E+03   5.6419435E-14
  2.832911438937134E+03   5.4257241E-14
  2.834282990242993E+03   5.5444910E-14
  2.835654529285109E+03   5.5691451E-14
  2.837026056031805E+03   5.3906637E-14
  2.838397570451415E+03   5.7640287E-14
  2.839769072512270E+03   5.8033548E-14
  2.841140562182706E+03   5.7653304E-14
  2.842512039431063E+03   5.7639406E-14
  2.843883504225682E+03   5.8347024E-14
  2.845254956534907E+03   5.8517725E-14
  2.846626396327087E+03   5.8102001E-14
  2.847997823570571E+03   5.8372137E-14
  2.849369238233713E+03   5.8224496E-14
  2.850740640284869E+03   5.9330653E-14
  2.852112029692398E+03   5.5915111E-14
  2.853483406424663E+03   5.4388358E-14
  2.854854770450028E+03   5.3226883E-14
  2.856226121736861E+03   5.3561383E-14
  2.857597460253534E+03   5.9312147E-14
  2.858968785968420E+03   6.2124452E-14
  2.860340098849896E+03   6.1630029E-14
  2.861711398866342E+03   6.2570825E-14
  2.863082685986141E+03   6.3368290E-14
  2.864453960177678E+03   6.4656932E-14
  2.865825221409344E+03   6.4261598E-14
  2.867196469649527E+03   6.5908454E-14
  2.868567704866625E+03   6.8339025E-14
  2.869938927029035E+03   6.8382068E-14
  2.871310136105158E+03   6.8898202E-14
  2.872681332063398E+03   6.9836179E-14
  2.874052514872161E+03   7.9227118E-14
  2.875423684499857E+03   7.1701041E-14
  2.876794840914901E+03   7.1484803E-14
  2.878165984085708E+03   7.4046021E-14
  2.879537113980696E+03   7.4190294E-14
  2.880908230568289E+03   7.6104745E-14
  2.882279333816911E+03   7.6612246E-14
  2.883650423694992E+03   7.6903544E-14
  2.885021500170962E+03   7.9358293E-14
  2.886392563213256E+03   8.0675057E-14
  2.887763612790312E+03   8.3023547E-14
  2.889134648870571E+03   8.6276032E-14
  2.890505671422477E+03   8.9583919E-14
  2.891876680414478E+03   9.0364517E-14
  2.893247675815022E+03   9.3584388E-14
  2.894618657592564E+03   9.4118412E-14
  2.895989625715561E+03   9.5610125E-14
  2.897360580152471E+03   9.9109692E-14
  2.898731520871758E+03   9.8917402E-14
  2.900102447841888E+03   9.9888922E-14
  2.901473361031331E+03   1.0420748E-13
  2.902844260408558E+03   1.0509935E-13
  2.904215145942045E+03   1.0663349E-13
  2.905586017600272E+03   1.0735817E-13
  2.906956875351720E+03   1.0919981E-13
  2.908327719164875E+03   1.0909637E-13
  2.909698549008224E+03   1.1142935E-13
  2.911069364850262E+03   1.1213321E-13
  2.912440166659479E+03   1.1103435E-13
  2.913810954404378E+03   1.0975379E-13
  2.915181728053457E+03   1.1134676E-13
  2.916552487575224E+03   1.1423489E-13
  2.917923232938184E+03   1.0975565E-13
  2.919293964110851E+03   1.1405440E-13
  2.920664681061737E+03   1.1495324E-13
  2.922035383759361E+03   1.1522655E-13
  2.923406072172244E+03   1.1413286E-13
  2.924776746268911E+03   1.1366803E-13
  2.926147406017889E+03   1.1491291E-13
  2.927518051387710E+03   1.1711083E-13
  2.928888682346908E+03   1.1636455E-13
  2.930259298864021E+03   1.1879474E-13
  2.931629900907589E+03   1.1723130E-13
  2.933000488446157E+03   1.1701200E-13
  2.934371061448274E+03   1.1729868E-13
  2.935741619882489E+03   1.1944739E-13
  2.937112163717358E+03   1.1768199E-13
  2.938482692921439E+03   1.1815447E-13
  2.939853207463292E+03   1.1438238E-13
  2.941223707311483E+03   1.1599483E-13
  2.942594192434579E+03   1.1731215E-13
  2.943964662801153E+03   1.1801388E-13
  2.945335118379778E+03   1.2064727E-13
  2.946705559139033E+03   1.1925899E-13
  2.948075985047500E+03   1.1948241E-13
  2.949446396073764E+03   1.2131347E-13
  2.950816792186413E+03   1.1951053E-13
  2.952187173354040E+03   1.2019595E-13
  2.953557539545241E+03   1.1937861E-13
  2.954927890728612E+03   1.1975555E-13
  2.956298226872759E+03   1.2035258E-13
  2.957668547946285E+03   1.2254328E-13
  2.959038853917801E+03   1.5371374E-13
  2.960409144755919E+03   1.1991565E-13
  2.961779420429256E+03   1.2055504E-13
  2.963149680906432E+03   1.2003984E-13
  2.964519926156069E+03   1.1827448E-13
  2.965890156146795E+03   1.1797097E-13
  2.967260370847241E+03   1.1770509E-13
  2.968630570226039E+03   1.1580216E-13
  2.970000754251827E+03   1.1401087E-13
  2.971370922893247E+03   1.1929940E-13
  2.972741076118944E+03   1.1701268E-13
  2.974111213897564E+03   1.1383850E-13
  2.975481336197759E+03   1.1616673E-13
  2.976851442988186E+03   1.1450121E-13
  2.978221534237502E+03   1.1464153E-13
  2.979591609914370E+03   1.1369936E-13
  2.980961669987457E+03   1.1232610E-13
  2.982331714425431E+03   1.1281183E-13
  2.983701743196966E+03   1.1057432E-13
  2.985071756270739E+03   1.1011691E-13
  2.986441753615429E+03   1.0786530E-13
  2.987811735199722E+03   1.0869398E-13
  2.989181700992304E+03   1.0492241E-13
  2.990551650961867E+03   1.0786698E-13
  2.991921585077107E+03   1.0320579E-13
  2.993291503306721E+03   1.0271371E-13
  2.994661405619412E+03   1.0135413E-13
  2.996031291983886E+03   9.9631017E-14
  2.997401162368853E+03   1.0077722E-13
  2.998771016743025E+03   9.8016450E-14
  3.000140855075120E+03   9.8859628E-14
  3.001510677333858E+03   9.8338607E-14
  3.002880483487964E+03   9.5010032E-14
  3.004250273506167E+03   9.6726338E-14
  3.005620047357197E+03   9.7670678E-14
  3.006989805009790E+03   9.6443165E-14
  3.008359546432687E+03   9.5130846E-14
  3.009729271594628E+03   9.3667580E-14
  3.011098980464362E+03   9.4252053E-14
  3.012468673010639E+03   9.5141228E-14
  3.013838349202214E+03   9.3264501E-14
  3.015208009007843E+03   9.3454405E-14
  3.016577652396290E+03   9.3661231E-14
  3.017947279336319E+03   9.3022717E-14
  3.019316889796699E+03   9.2727875E-14
  3.020686483746206E+03   9.3577510E-14
  3.022056061153614E+03   9.0772570E-14
  3.023425621987705E+03   9.2792683E-14
  3.024795166217264E+03   9.5217759E-14
  3.026164693811078E+03   9.3253516E-14
  3.027534204737941E+03   9.4009280E-14
  3.028903698966648E+03   9.4237653E-14
  3.030273176465999E+03   9.4688038E-14
  3.031642637204798E+03   9.2531966E-14
  3.033012081151852E+03   9.6136302E-14
  3.034381508275974E+03   9.6270885E-14
  3.035750918545977E+03   9.6792650E-14
  3.037120311930682E+03   9.4379582E-14
  3.038489688398912E+03   9.2607684E-14
  3.039859047919494E+03   9.4405359E-14
  3.041228390461258E+03   9.6674249E-14
  3.042597715993039E+03   9.4453281E-14
  3.043967024483677E+03   9.7269672E-14
  3.045336315902013E+03   9.5179188E-14
  3.046705590216894E+03   9.3991458E-14
  3.048074847397171E+03   9.5557886E-14
  3.049444087411699E+03   9.3962652E-14
  3.050813310229334E+03   9.4400202E-14
  3.052182515818941E+03   9.4849618E-14
  3.053551704149384E+03   9.2663507E-14
  3.054920875189535E+03   9.1001696E-14
  3.056290028908268E+03   9.1716016E-14
  3.057659165274460E+03   8.9363460E-14
  3.059028284256995E+03   8.9906706E-14
  3.060397385824757E+03   9.2375543E-14
  3.061766469946637E+03   9.2008683E-14
  3.063135536591530E+03   9.2949133E-14
  3.064504585728333E+03   9.1507226E-14
  3.065873617325950E+03   9.1431630E-14
  3.067242631353285E+03   1.3761012E-13
