1600 0
1670.1125 -1.449868e-15
1671.483 1.4592106e-14
1672.8535 1.9098416e-14
1674.2239 2.4247064e-14
1675.5944 -2.5849578e-15
1676.9649 2.1254832e-14
1678.3355 2.2533109e-14
1679.706 3.1468341e-14
1685.1883 3.5101327e-14
1686.5589 1.3775099e-12
1687.9295 2.6933935e-14
1689.3002 1.7399027e-14
1690.6708 4.2247488e-15
1692.0415 3.1960125e-14
1693.4122 8.6671833e-15
1694.7829 9.3355999e-15
1696.1536 3.2935593e-15
1697.5243 2.7688213e-14
1698.8951 1.6135475e-14
1700.2658 1.0058385e-14
1701.6366 2.958723e-14
1703.0074 2.6700145e-14
1704.3782 2.2806376e-14
1705.749 1.8173122e-15
1707.1198 7.5540262e-15
1708.4907 4.5708456e-15
1709.8615 2.1662985e-14
1711.2324 3.1853064e-14
1712.6033 -1.7305227e-14
1713.9742 -1.4907622e-15
1715.3451 2.6164231e-14
1716.716 -4.6303801e-15
1718.0869 2.2238759e-14
1719.4579 1.0917448e-14
1720.8288 1.0574849e-14
1724.9418 2.0361334e-14
1726.3128 2.2528747e-14
1729.0549 1.4370102e-14
1730.426 6.4155148e-15
1733.1681 6.3584226e-15
1734.5392 5.1029551e-15
1735.9103 -3.330826e-15
1737.2815 1.8039349e-14
1738.6526 -6.7913818e-15
1740.0238 9.1467793e-15
1741.3949 1.5483693e-14
1742.7661 8.8067725e-16
1744.1373 7.4147943e-15
1745.5085 4.6585817e-15
1746.8797 1.1243335e-14
1749.6222 1.2324124e-14
1750.9935 1.7252743e-14
1753.736 8.2926999e-15
1755.1073 9.0992667e-15
1756.4786 1.4836509e-14
1757.85 1.4416787e-14
1760.5926 6.3265873e-15
1761.964 1.7877911e-14
1763.3354 3.9131088e-15
1764.7068 2.231878e-15
1766.0782 9.7863307e-16
1767.4496 9.4704873e-15
1768.821 2.7216357e-15
1770.1924 6.9911897e-15
1771.5639 8.7002151e-15
1772.9353 7.311536e-16
1774.3068 7.8466633e-15
1775.6783 3.1674858e-15
1777.0498 7.3213174e-15
1778.4213 1.7456439e-14
1779.7928 6.9130217e-15
1781.1644 2.9139051e-15
1782.5359 5.2561952e-15
1783.9075 4.0123286e-15
1785.2791 1.6900027e-14
1786.6507 8.660064e-15
1788.0222 2.8014304e-15
1789.3939 -3.1358079e-15
1790.7655 8.9141841e-15
1792.1371 7.8999544e-15
1793.5088 1.5908935e-15
1794.8804 8.8775482e-15
1796.2521 -1.4876357e-15
1797.6238 6.3607033e-15
1798.9955 5.8816405e-15
1800.3672 2.8018319e-15
1801.7389 3.4277348e-15
1803.1106 8.3890855e-15
1804.4824 1.1807677e-14
1805.8541 5.1626366e-15
1807.2259 8.4355511e-15
1808.5977 1.4077693e-14
1809.9695 7.0175494e-15
1811.3413 7.7691268e-15
1812.7131 1.4786068e-14
1814.0849 1.1778493e-14
1815.4567 5.5411019e-15
1816.8286 9.0774098e-15
1818.2004 1.4087324e-14
1819.5723 6.9187239e-15
1820.9442 4.3632293e-15
1823.688 1.2112049e-14
1825.0599 1.0497809e-14
1826.4318 6.0111832e-15
1827.8038 4.7756099e-15
1829.1757 6.2996225e-15
1830.5477 1.0496644e-14
1831.9196 9.1142304e-15
1833.2916 1.0614821e-14
1834.6636 2.3230503e-15
1836.0356 6.0148627e-15
1837.4076 1.3374306e-14
1838.7797 8.7159131e-15
1840.1517 1.303291e-14
1841.5237 8.7762845e-15
1842.8958 1.0848963e-14
1844.2679 7.4081391e-15
1845.6399 1.0252818e-14
1847.012 1.6108002e-14
1848.3841 8.4900323e-15
1849.7563 9.2681549e-15
1851.1284 1.2586163e-14
1852.5005 8.5493449e-15
1853.8727 1.0034853e-14
1855.2448 1.2284995e-14
1856.617 1.263493e-14
1857.9892 6.8355538e-15
1859.3613 8.2224199e-15
1860.7335 1.0164699e-14
1862.1058 1.4809275e-14
1863.478 7.280116e-15
1864.8502 3.5764912e-15
1866.2224 1.1474319e-14
1867.5947 9.2992054e-15
1868.967 9.4202922e-15
1870.3392 9.4098279e-15
1871.7115 9.8189931e-15
1873.0838 1.1235076e-14
1874.4561 1.3298024e-14
1875.8284 1.5327232e-14
1877.2007 6.2772697e-15
1878.5731 1.2711395e-14
1879.9454 1.0949958e-14
1881.3178 9.924226e-15
1882.6901 1.5664751e-14
1884.0625 1.5625032e-14
1885.4349 1.6300527e-14
1886.8073 1.0290292e-14
1888.1797 1.6253952e-14
1889.5521 1.696986e-14
1890.9245 1.5378354e-14
1892.2969 1.8293474e-14
1895.0418 1.530841e-14
1896.4143 1.3363698e-14
1897.7867 1.4856594e-14
1899.1592 1.89206e-14
1900.5317 1.3564043e-14
1901.9042 1.2831199e-14
1903.2767 1.4015038e-14
1904.6492 2.0548701e-14
1906.0218 1.3813355e-14
1907.3943 1.6872964e-14
1908.7668 1.7206554e-14
1910.1394 1.7262694e-14
1911.512 1.4989007e-14
1912.8845 2.0020542e-14
1915.6297 1.0317126e-14
1917.0023 1.857519e-14
1918.3749 1.611098e-14
1919.7475 1.0789874e-14
1921.1202 1.1587703e-14
1922.4928 1.651183e-14
1923.8654 1.9489944e-14
1925.2381 1.2085666e-14
1926.6108 1.557368e-14
1927.9834 6.9410754e-15
1929.3561 1.1736562e-14
1930.7288 9.1933229e-15
1932.1015 2.09393e-14
1933.4742 1.5203327e-14
1934.8469 1.4986137e-14
1936.2197 1.3551624e-14
1937.5924 1.7445316e-14
1938.9651 7.8886584e-15
1940.3379 1.3297534e-14
1941.7107 9.8932881e-15
1943.0834 1.3905824e-14
1944.4562 1.279296e-14
1945.829 9.060498e-15
1947.2018 1.3413143e-14
1948.5746 1.2503414e-14
1949.9474 1.2467419e-14
1951.3202 1.0227293e-14
1952.693 1.3882345e-14
1954.0659 1.4358494e-14
1955.4387 1.1879318e-14
1956.8116 1.2731318e-14
1958.1844 1.0634433e-14
1959.5573 7.8874776e-15
1960.9302 1.1474865e-14
1962.3031 1.2240917e-14
1963.676 9.6784966e-15
1965.0489 1.5785718e-14
1966.4218 1.2541465e-14
1967.7947 1.2186892e-14
1969.1676 1.0615473e-14
1970.5406 1.2633113e-14
1971.9135 1.0932752e-14
1973.2864 9.4130399e-15
1974.6594 9.8361887e-15
1976.0324 1.1331929e-14
1977.4053 1.0052964e-14
1978.7783 1.3033294e-14
1980.1513 1.2212458e-14
1981.5243 1.1744683e-14
1982.8973 1.0977921e-14
1984.2703 9.4327164e-15
1985.6433 9.4554771e-15
1987.0164 1.2828931e-14
1988.3894 9.1369258e-15
1989.7624 1.2121781e-14
1991.1355 1.0749632e-14
1992.5086 9.8271289e-15
1993.8816 1.2084386e-14
1995.2547 1.2344838e-14
1996.6278 1.1429994e-14
1998.0009 1.6220439e-14
1999.3739 1.1861722e-14
2000.747 1.2681008e-14
2002.1202 1.3819425e-14
2003.4933 1.185985e-14
2004.8664 1.4241099e-14
2006.2395 1.3213012e-14
2007.6127 1.6025065e-14
2008.9858 1.5852898e-14
2010.359 1.4506523e-14
2011.7321 1.4114699e-14
2013.1053 1.3155828e-14
2014.4784 1.5336402e-14
2015.8516 1.2360955e-14
2017.2248 1.19216e-14
2018.598 1.2651176e-14
2019.9712 1.243037e-14
2021.3444 1.4279481e-14
2022.7176 1.5566924e-14
2024.0908 1.6120929e-14
2025.4641 1.5255507e-14
2026.8373 9.826746e-15
2028.2105 1.3714061e-14
2029.5838 1.7744444e-14
2030.957 1.5980183e-14
2032.3303 1.1470906e-14
2033.7035 1.6125974e-14
2035.0768 1.3699475e-14
2036.4501 1.6533487e-14
2037.8234 1.3423325e-14
2039.1967 1.2421347e-14
2040.57 1.1770464e-14
2041.9433 1.5887362e-14
2043.3166 1.4999419e-14
2044.6899 1.5781437e-14
2046.0632 1.7191862e-14
2047.4365 1.686171e-14
2048.8099 1.456688e-14
2050.1832 1.3624571e-14
2051.5566 1.3522004e-14
2052.9299 1.5135085e-14
2054.3033 1.4429637e-14
2055.6766 1.5150856e-14
2057.05 1.6204862e-14
2058.4234 1.3366287e-14
2059.7968 1.4822682e-14
2061.1701 1.5627201e-14
2062.5435 1.3464077e-14
2063.9169 1.4215358e-14
2065.2903 1.3391664e-14
2066.6638 1.4863932e-14
2068.0372 1.4357764e-14
2069.4106 1.3610311e-14
2070.784 1.3358629e-14
2072.1575 1.2777502e-14
2073.5309 1.2355521e-14
2074.9043 1.242999e-14
2076.2778 1.2251865e-14
2077.6512 1.0826783e-14
2079.0247 1.447913e-14
2080.3982 1.1958423e-14
2081.7716 1.215001e-14
2083.1451 1.2058292e-14
2084.5186 9.769617e-15
2085.8921 1.4095731e-14
2087.2656 1.121269e-14
2088.6391 1.3010335e-14
2090.0126 1.0334398e-14
2091.3861 1.2424938e-14
2092.7596 1.1638555e-14
2094.1331 1.3502707e-14
2095.5066 1.192848e-14
2096.8802 1.4292661e-14
2098.2537 1.078834e-14
2099.6272 1.0456916e-14
2101.0008 8.9235675e-15
2102.3743 1.2027788e-14
2103.7479 1.2386393e-14
2105.1214 1.0877404e-14
2106.495 1.1410828e-14
2107.8685 1.0858563e-14
2109.2421 1.1240792e-14
2110.6157 1.2018806e-14
2111.9893 1.4177006e-14
2113.3629 9.5807439e-15
2114.7364 1.0983212e-14
2116.11 9.9426862e-15
2117.4836 1.0396228e-14
2118.8572 8.3054435e-15
2120.2308 1.0203067e-14
2121.6045 8.7330537e-15
2122.9781 9.0035071e-15
2124.3517 8.9444536e-15
2125.7253 9.1513812e-15
2127.099 8.0993494e-15
2128.4726 7.7659741e-15
2129.8462 8.3808066e-15
2131.2199 8.611712e-15
2132.5935 8.059654e-15
2133.9672 9.0998232e-15
2135.3408 1.0263377e-14
2136.7145 8.5078242e-15
2138.0881 1.0611574e-14
2139.4618 1.0013974e-14
2140.8355 9.1523689e-15
2142.2091 1.0723326e-14
2143.5828 1.0464377e-14
2144.9565 8.0059674e-15
2146.3302 9.8344879e-15
2147.7039 9.4010484e-15
2149.0776 1.1635415e-14
2150.4513 1.0520884e-14
2151.825 1.1124483e-14
2153.1987 8.941085e-15
2154.5724 1.4490462e-14
2155.9461 1.0087372e-14
2157.3198 1.130497e-14
2158.6935 1.0606547e-14
2160.0672 8.7178698e-15
2161.441 1.0192786e-14
2162.8147 1.2267212e-14
2164.1884 9.7663365e-15
2165.5622 9.2603224e-15
2166.9359 1.0883114e-14
2168.3096 1.0133285e-14
2169.6834 1.024524e-14
2171.0571 8.2424048e-15
2172.4309 9.1950805e-15
2173.8047 1.0884411e-14
2175.1784 7.9684548e-15
2176.5522 9.1397091e-15
2177.9259 9.3315578e-15
2179.2997 7.8539834e-15
2180.6735 7.7627732e-15
2182.0472 9.1056245e-15
2183.421 8.4388326e-15
2184.7948 8.6169178e-15
2186.1686 9.2124227e-15
2187.5424 7.9160074e-15
2188.9162 7.8025397e-15
2190.29 7.7026483e-15
2191.6637 1.0988973e-14
2193.0375 8.6411862e-15
2194.4113 9.420022e-15
2195.7851 8.0104846e-15
2197.1589 7.6955764e-15
2198.5328 8.631303e-15
2199.9066 8.9106104e-15
2201.2804 8.1753172e-15
2202.6542 8.4081115e-15
2204.028 7.4153271e-15
2205.4018 9.0407799e-15
2206.7757 7.4145249e-15
2208.1495 7.7858396e-15
2209.5233 6.8252187e-15
2210.8971 8.6382309e-15
2212.271 9.9948067e-15
2213.6448 6.3632969e-15
2215.0186 8.2384169e-15
2216.3925 6.4645275e-15
2217.7663 8.2970621e-15
2219.1402 6.3734736e-15
2220.514 6.6903982e-15
2221.8878 6.5919678e-15
2223.2617 7.7997462e-15
2224.6355 7.4789723e-15
2226.0094 4.9777085e-15
2227.3832 6.6833784e-15
2228.7571 7.7236632e-15
2230.131 6.372826e-15
2231.5048 7.3170696e-15
2232.8787 7.0417512e-15
2234.2526 7.3855073e-15
2235.6264 6.4936532e-15
2237.0003 6.6599367e-15
2238.3742 7.3493229e-15
2239.748 6.5103189e-15
2241.1219 6.7444685e-15
2242.4958 6.4766333e-15
2243.8696 6.9034549e-15
2245.2435 6.6148119e-15
2246.6174 7.6454617e-15
2247.9913 6.1037097e-15
2249.3652 5.9708712e-15
2250.739 5.8087249e-15
2252.1129 5.6796414e-15
2253.4868 6.995718e-15
2254.8607 6.9656267e-15
2256.2346 6.9957624e-15
2257.6085 7.5709922e-15
2258.9824 6.2001274e-15
2260.3563 6.2467253e-15
2261.7301 6.4199376e-15
2263.104 7.2444382e-15
2264.4779 6.8840477e-15
2265.8518 6.8453078e-15
2267.2257 6.7245149e-15
2268.5996 6.438444e-15
2269.9735 6.7241677e-15
2271.3474 5.7773068e-15
2272.7213 7.3246818e-15
2274.0952 6.9057978e-15
2275.4691 6.3295841e-15
2276.843 7.1541284e-15
2278.2169 6.7877621e-15
2279.5908 5.788577e-15
2280.9647 6.5726614e-15
2282.3386 6.0137069e-15
2283.7125 6.7167845e-15
2285.0865 5.5001314e-15
2286.4604 7.1265998e-15
2287.8343 5.996701e-15
2289.2082 6.0120849e-15
2290.5821 5.7663966e-15
2291.956 6.7675192e-15
2293.3299 7.2748314e-15
2294.7038 6.3638691e-15
2296.0777 5.5850536e-15
2297.4516 7.3412981e-15
2298.8255 6.5164307e-15
2300.1995 7.8948807e-15
2301.5734 6.9396931e-15
2302.9473 7.2673987e-15
2304.3212 7.6738746e-15
2305.6951 6.7307063e-15
2307.069 8.1936047e-15
2308.4429 8.1531715e-15
2309.8168 8.780568e-15
2311.1907 7.3678593e-15
2312.5647 8.0249943e-15
2313.9386 8.6815625e-15
2315.3125 8.8904756e-15
2316.6864 9.7826266e-15
2318.0603 1.0426486e-14
2319.4342 9.3231451e-15
2320.8081 1.1294901e-14
2322.182 1.0010782e-14
2323.5559 1.0722606e-14
2324.9299 1.1581389e-14
2326.3038 1.0991953e-14
2327.6777 1.0871599e-14
2329.0516 1.1413491e-14
2330.4255 1.1991655e-14
2331.7994 1.165818e-14
2333.1733 1.2009688e-14
2334.5472 1.1790063e-14
2335.9211 1.3060507e-14
2337.295 1.2927136e-14
2338.6689 1.2630063e-14
2340.0428 1.4225219e-14
2341.4167 1.3244876e-14
2342.7906 1.4147653e-14
2344.1645 1.2826934e-14
2345.5384 8.7918827e-15
2346.9123 9.4773839e-15
2348.2862 1.395246e-14
2349.6601 1.5276451e-14
2351.034 1.6584334e-14
2352.4079 1.5330077e-14
2353.7818 1.6446829e-14
2355.1557 1.7353818e-14
2356.5296 1.5099367e-14
2357.9035 1.6758184e-14
2359.2774 1.7475547e-14
2360.6513 1.7972579e-14
2362.0251 1.6588525e-14
2363.399 1.8428577e-14
2364.7729 1.6739114e-14
2366.1468 1.7695755e-14
2367.5207 1.8906392e-14
2368.8946 1.89745e-14
2370.2684 1.846707e-14
2371.6423 1.8831228e-14
2373.0162 1.912279e-14
2374.3901 1.7440478e-14
2375.7639 1.4309265e-14
2377.1378 1.5224135e-14
2378.5117 1.6172583e-14
2379.8856 1.9342211e-14
2381.2594 1.8437935e-14
2382.6333 1.4955742e-14
2384.0072 9.796296e-15
2385.381 1.0387666e-14
2386.7549 1.6148468e-14
2388.1287 2.0203259e-14
2389.5026 2.0077346e-14
2390.8764 2.066345e-14
2392.2503 1.8847401e-14
2393.6241 2.0624671e-14
2394.998 1.8965137e-14
2396.3718 2.077471e-14
2397.7457 2.0598762e-14
2399.1195 2.1179246e-14
2400.4934 2.0195624e-14
2401.8672 2.0038192e-14
2403.241 2.101824e-14
2404.6149 2.0038031e-14
2405.9887 1.9130876e-14
2407.3625 1.9083862e-14
2408.7364 2.0554164e-14
2410.1102 2.0605366e-14
2411.484 1.8473668e-14
2412.8578 1.9861569e-14
2414.2316 1.9917097e-14
2415.6055 1.8415724e-14
2416.9793 1.8096562e-14
2418.3531 1.9967184e-14
2419.7269 1.8165211e-14
2421.1007 1.8392211e-14
2422.4745 1.7582627e-14
2423.8483 1.8710026e-14
2425.2221 1.8058959e-14
2426.5959 1.8157764e-14
2427.9697 1.9036095e-14
2429.3435 1.8495202e-14
2430.7172 1.6398837e-14
2432.091 1.7903927e-14
2433.4648 1.7129842e-14
2434.8386 1.7912692e-14
2436.2124 1.8367593e-14
2437.5861 1.72917e-14
2438.9599 1.7168453e-14
2440.3337 1.6572103e-14
2441.7074 1.6623057e-14
2443.0812 1.6910671e-14
2444.4549 1.6289575e-14
2445.8287 1.6539133e-14
2447.2024 1.6135905e-14
2448.5762 1.7630794e-14
2449.9499 1.5869093e-14
2451.3237 1.5988167e-14
2452.6974 1.5913181e-14
2454.0711 1.5358966e-14
2455.4449 1.5944181e-14
2456.8186 1.5369555e-14
2458.1923 1.632263e-14
2459.566 1.5723815e-14
2460.9397 1.5546375e-14
2462.3134 1.5457914e-14
2463.6872 1.3928047e-14
2465.0609 1.281378e-14
2466.4346 1.4591416e-14
2467.8083 1.280156e-14
2469.1819 1.4389042e-14
2470.5556 1.490472e-14
2471.9293 1.3721778e-14
2473.303 1.3053752e-14
2474.6767 1.3181124e-14
2476.0503 1.3694806e-14
2477.424 1.4696791e-14
2478.7977 1.3287674e-14
2480.1713 1.2783155e-14
2481.545 1.3217857e-14
2482.9187 1.3051553e-14
2484.2923 1.3099265e-14
2485.666 1.2793851e-14
2487.0396 1.2928467e-14
2488.4132 1.2119397e-14
2489.7869 1.2717403e-14
2491.1605 1.3134964e-14
2492.5341 1.2840742e-14
2493.9077 1.317768e-14
2495.2814 1.275498e-14
2496.655 1.3466587e-14
2498.0286 1.337601e-14
2499.4022 1.3508594e-14
2500.7758 1.2559014e-14
2502.1494 1.3642917e-14
2503.5229 1.3642896e-14
2504.8965 1.3696591e-14
2506.2701 1.23252e-14
2507.6437 1.3786149e-14
2509.0173 1.3244809e-14
2510.3908 1.3167806e-14
2511.7644 1.3241829e-14
2513.1379 1.2469771e-14
2514.5115 1.4001267e-14
2515.885 1.5661671e-14
2517.2586 1.4988661e-14
2518.6321 1.506514e-14
2520.0056 1.5330094e-14
2521.3792 1.6969661e-14
2522.7527 1.738766e-14
2524.1262 1.7880921e-14
2525.4997 1.8766327e-14
2526.8732 1.9271331e-14
2528.2467 2.1732199e-14
2529.6202 2.2578839e-14
2530.9937 2.2464837e-14
2532.3672 2.2576167e-14
2533.7407 2.358546e-14
2535.1142 2.4195367e-14
2536.4876 2.3864333e-14
2537.8611 2.4899555e-14
2539.2346 2.4925559e-14
2540.608 2.7270541e-14
2541.9815 2.7049706e-14
2543.3549 2.7454201e-14
2544.7283 2.7281833e-14
2546.1018 2.7893573e-14
2547.4752 2.7981362e-14
2548.8486 2.8180939e-14
2550.222 2.7799225e-14
2551.5954 3.4045053e-14
2552.9688 2.8252848e-14
2554.3422 2.8743873e-14
2555.7156 2.8465559e-14
2557.089 2.8376746e-14
2558.4624 2.8305043e-14
2559.8358 2.9628037e-14
2561.2091 2.9383851e-14
2562.5825 2.9995134e-14
2563.9559 2.9382719e-14
2565.3292 2.7940666e-14
2566.7026 2.8787889e-14
2568.0759 2.8055046e-14
2569.4492 2.9294834e-14
2570.8226 2.9527009e-14
2572.1959 3.1441091e-14
2573.5692 2.8579793e-14
2574.9425 3.0446084e-14
2576.3158 3.0101721e-14
2577.6891 2.7359034e-14
2579.0624 2.7645592e-14
2580.4357 2.9865098e-14
2581.809 2.8724913e-14
2583.1822 2.8725174e-14
2584.5555 2.9219926e-14
2585.9287 2.7436698e-14
2587.302 2.0031907e-14
2588.6752 2.0461885e-14
2590.0485 2.3044685e-14
2591.4217 2.7906691e-14
2592.7949 2.9131123e-14
2594.1681 2.7808195e-14
2595.5414 2.7074482e-14
2596.9146 2.6005138e-14
2598.2878 2.4552775e-14
2599.661 2.2884913e-14
2601.0341 1.6352645e-14
2602.4073 1.5188156e-14
2603.7805 1.8641162e-14
2605.1536 2.4258044e-14
2606.5268 2.4277868e-14
2607.9 2.4576812e-14
2609.2731 2.3482006e-14
2610.6462 2.2556249e-14
2612.0194 2.4294318e-14
2613.3925 2.2676049e-14
2614.7656 2.2340494e-14
2616.1387 2.1385397e-14
2617.5118 2.0137559e-14
2618.8849 2.1925185e-14
2620.258 2.0031563e-14
2621.6311 1.9150954e-14
2623.0041 1.6995699e-14
2624.3772 1.8589895e-14
2625.7502 1.826477e-14
2627.1233 1.8398254e-14
2628.4963 1.5043664e-14
2629.8694 1.6976194e-14
2631.2424 1.6305379e-14
2632.6154 1.4899099e-14
2633.9884 1.4986764e-14
2635.3614 1.5015234e-14
2636.7344 1.4745851e-14
2638.1074 1.4964258e-14
2639.4804 1.3663946e-14
2640.8534 1.3664713e-14
2642.2263 1.3465306e-14
2643.5993 1.2662079e-14
2644.9722 1.3599405e-14
2646.3452 1.2838442e-14
2647.7181 1.2274391e-14
2649.091 1.2404281e-14
2650.464 1.2301014e-14
2651.8369 1.2145671e-14
2653.2098 1.115708e-14
2654.5827 1.1428878e-14
2655.9555 1.1591955e-14
2657.3284 1.0714149e-14
2658.7013 1.184868e-14
2660.0741 1.1449435e-14
2661.447 1.0979313e-14
2662.8198 1.1294216e-14
2664.1927 1.2101222e-14
2665.5655 1.2310034e-14
2666.9383 1.1989136e-14
2668.3111 1.1943818e-14
2669.6839 1.1984784e-14
2671.0567 1.2395469e-14
2672.4295 1.2937655e-14
2673.8023 1.2736893e-14
2675.1751 1.3528059e-14
2676.5478 1.4241936e-14
2677.9206 1.4702866e-14
2679.2933 1.4066672e-14
2680.666 1.5141492e-14
2682.0388 1.6537558e-14
2683.4115 1.5566814e-14
2684.7842 1.8522911e-14
2686.1569 1.9908442e-14
2687.5296 1.9329341e-14
2688.9023 2.23252e-14
2690.2749 2.1228294e-14
2691.6476 2.2132283e-14
2693.0203 2.2514683e-14
2694.3929 2.3763611e-14
2695.7655 2.4703707e-14
2697.1382 2.5878945e-14
2698.5108 2.5894958e-14
2699.8834 2.6872954e-14
2701.256 2.8003495e-14
2702.6286 2.6850497e-14
2704.0012 2.9287743e-14
2705.3737 3.0201722e-14
2706.7463 3.0937045e-14
2708.1189 3.2140913e-14
2709.4914 3.337443e-14
2710.8639 3.3096437e-14
2712.2365 3.350345e-14
2713.609 3.3979564e-14
2714.9815 3.5646934e-14
2716.354 3.7512457e-14
2717.7265 3.6797107e-14
2719.0989 3.5832184e-14
2720.4714 3.7750476e-14
2721.8439 3.8984363e-14
2723.2163 3.9309644e-14
2724.5888 3.7454899e-14
2725.9612 3.9973589e-14
2727.3336 3.9572847e-14
2728.706 4.0250203e-14
2730.0784 4.0790986e-14
2731.4508 3.8525024e-14
2732.8232 4.0519207e-14
2734.1956 3.942751e-14
2735.5679 4.1001809e-14
2736.9403 4.0896702e-14
2738.3126 4.1094423e-14
2739.6849 3.8470888e-14
2741.0573 4.1441727e-14
2742.4296 4.084834e-14
2743.8019 4.083969e-14
2745.1742 4.0292863e-14
2746.5464 4.3409287e-14
2747.9187 4.2777776e-14
2749.291 4.2880874e-14
2750.6632 4.2349154e-14
2752.0354 4.3606144e-14
2753.4077 4.5493818e-14
2754.7799 4.4780867e-14
2756.1521 4.4625121e-14
2757.5243 4.5913953e-14
2758.8965 4.4387976e-14
2760.2687 4.607598e-14
2761.6408 4.9354577e-14
2763.013 4.9895868e-14
2764.3851 4.9134162e-14
2765.7573 4.9555578e-14
2767.1294 4.9599183e-14
2768.5015 5.0335451e-14
2769.8736 5.0692645e-14
2771.2457 4.9858806e-14
2772.6178 4.9329244e-14
2773.9898 5.3026197e-14
2775.3619 5.1050574e-14
2776.7339 5.2383387e-14
2778.106 5.3309082e-14
2779.478 5.5658904e-14
2780.85 5.4224759e-14
2782.222 5.562464e-14
2783.594 5.7496969e-14
2784.966 6.0199384e-14
2786.338 5.6173287e-14
2787.7099 5.8247915e-14
2789.0819 5.918724e-14
2790.4538 5.7951582e-14
2791.8257 5.9933944e-14
2793.1976 5.7820482e-14
2794.5695 5.6708432e-14
2795.9414 4.6992731e-14
2797.3133 2.445376e-14
2798.6852 2.182542e-14
2800.057 2.7910608e-14
2801.4289 5.3127994e-14
2802.8007 5.2606763e-14
2804.1725 3.2330729e-14
2805.5443 2.5234424e-14
2806.9161 2.6860152e-14
2808.2879 4.8224079e-14
2809.6597 5.6920357e-14
2811.0315 5.7810934e-14
2812.4032 5.9362231e-14
2813.775 5.9604963e-14
2815.1467 5.7150546e-14
2816.5184 5.5644068e-14
2817.8901 5.4901084e-14
2819.2618 5.589937e-14
2820.6335 5.500634e-14
2822.0052 5.3723678e-14
2823.3768 5.6087987e-14
2824.7485 5.5486475e-14
2826.1201 5.4745051e-14
2827.4917 5.5965493e-14
2828.8633 5.3494417e-14
2830.2349 5.447913e-14
2831.6065 5.6866302e-14
2832.9781 5.3098717e-14
2834.3496 5.4379305e-14
2835.7212 5.6908742e-14
2837.0927 5.5453973e-14
2838.4642 5.5541377e-14
2839.8358 5.9610465e-14
2841.2073 5.6809331e-14
2842.5787 5.8682978e-14
2843.9502 5.8021072e-14
2845.3217 5.8582899e-14
2846.6931 5.8259387e-14
2848.0646 5.7471091e-14
2849.436 6.1715851e-14
2850.8074 6.0046152e-14
2852.1788 5.8946019e-14
2853.5502 5.4214628e-14
2854.9216 5.3290007e-14
2856.2929 5.4550182e-14
2857.6643 6.0413155e-14
2859.0356 6.1526332e-14
2860.4069 6.0546654e-14
2861.7782 6.2821818e-14
2863.1495 6.3066719e-14
2864.5208 6.5296164e-14
2865.8921 6.665511e-14
2867.2633 6.4385922e-14
2868.6346 6.8488821e-14
2870.0058 6.5827748e-14
2871.377 6.781566e-14
2872.7482 6.7742558e-14
2874.1194 7.0838321e-14
2875.4906 7.2699733e-14
2876.8618 7.3525922e-14
2878.2329 7.333824e-14
2879.6041 7.3533959e-14
2880.9752 7.5580167e-14
2882.3463 7.6322608e-14
2883.7174 7.8402074e-14
2885.0885 8.079585e-14
2886.4595 8.1984617e-14
2887.8306 8.3247875e-14
2889.2016 8.6482071e-14
2890.5727 8.9238316e-14
2891.9437 9.081091e-14
2893.3147 9.4299168e-14
2894.6857 9.4526478e-14
2896.0567 9.8744662e-14
2897.4276 9.9193928e-14
2898.7986 9.7151569e-14
2900.1695 1.0124397e-13
2901.5404 1.0580635e-13
2902.9113 1.0832912e-13
2904.2822 1.0696373e-13
2905.6531 1.079053e-13
2907.024 1.0546556e-13
2908.3948 1.086646e-13
2909.7657 1.0723838e-13
2911.1365 1.1080166e-13
2912.5073 1.1001974e-13
2913.8781 1.1436553e-13
2915.2489 1.1241937e-13
2916.6197 1.1211949e-13
2917.9904 1.1047712e-13
2919.3611 1.1373621e-13
2920.7319 1.1564741e-13
2922.1026 1.1448355e-13
2923.4733 1.1607567e-13
2924.844 1.1397773e-13
2926.2146 1.1633969e-13
2927.5853 1.1730279e-13
2928.9559 1.1820563e-13
2930.3265 1.1777038e-13
2931.6972 1.1787533e-13
2933.0678 1.1802203e-13
2934.4383 1.1731768e-13
2935.8089 1.2006055e-13
2937.1795 1.1898002e-13
2938.55 1.1870873e-13
2939.9205 1.1864789e-13
2941.291 1.1931363e-13
2942.6615 1.195891e-13
2944.032 1.1914692e-13
2945.4025 1.1940939e-13
2946.7729 1.2073204e-13
2948.1433 1.1777192e-13
2949.5138 1.2026948e-13
2950.8842 1.1879264e-13
2952.2545 1.2170096e-13
2953.6249 1.2030622e-13
2954.9953 1.1803315e-13
2956.3656 1.185556e-13
2957.736 1.1958015e-13
2960.4766 1.1966432e-13
2961.8469 1.1916879e-13
2963.2171 1.210845e-13
2964.5874 1.1890388e-13
2965.9576 1.1977794e-13
2967.3278 1.1765766e-13
2968.698 1.1834418e-13
2970.0682 1.1731431e-13
2971.4384 1.1928735e-13
2972.8086 1.1546572e-13
2974.1787 1.134442e-13
2975.5488 1.1540329e-13
2976.919 1.1596564e-13
2978.2891 1.148982e-13
2979.6591 1.136856e-13
2981.0292 1.1449191e-13
2982.3993 1.1265818e-13
2983.7693 1.0943118e-13
2985.1393 1.0980102e-13
2986.5093 1.1024603e-13
2987.8793 1.0756658e-13
2989.2493 1.0594231e-13
2990.6192 1.0577892e-13
2991.9892 1.0621557e-13
2993.3591 1.0262878e-13
2994.729 1.0455903e-13
2995.9753 1.0180906e-13
2998.7209 9.7315114e-14
3001.4666 1.00797e-13
3004.2123 9.651107e-14
3006.958 9.7371763e-14
3009.7037 9.1805842e-14
3012.4494 8.9626135e-14
3015.1952 9.9082072e-14
3017.9409 8.9756144e-14
3020.6867 9.1458037e-14
3023.4325 9.3802461e-14
3026.1784 9.2076791e-14
3028.9242 9.2707383e-14
3031.6701 8.8524179e-14
3034.416 8.9524057e-14
3037.1619 9.2595778e-14
3039.9078 9.3805348e-14
3042.6537 9.3873212e-14
3045.3997 9.1853425e-14
3048.1457 9.2657984e-14
3050.8917 8.8099917e-14
3053.6377 9.6620777e-14
3056.3838 9.2048114e-14
3059.1298 8.9424765e-14
3061.8759 8.87233e-14
3064.622 9.2495449e-14
3067.3681 9.0899537e-14
3070.1142 9.0040964e-14
3072.8604 9.2273147e-14
3075.6066 9.1101843e-14
3078.3528 9.4535619e-14
3081.099 8.9163594e-14
3083.8452 8.7425299e-14
3086.5914 9.1914588e-14
3089.3377 8.8622855e-14
3092.084 8.9368623e-14
3094.8303 9.2385064e-14
3097.5766 8.8153016e-14
3100.3229 9.1189514e-14
3103.0693 9.4240147e-14
3105.8156 9.380381e-14
3108.562 9.2329017e-14
3111.3084 9.1512965e-14
3114.0548 9.7229042e-14
3116.8013 9.7926089e-14
3119.5477 9.7058768e-14
3122.2942 9.6526059e-14
3125.0407 1.0201244e-13
3127.7872 9.6338905e-14
3130.5337 1.0168297e-13
3133.2803 1.0846674e-13
3136.0268 1.0410425e-13
3138.7734 1.024191e-13
3141.52 1.0140403e-13
3144.2666 1.0393178e-13
3147.0132 1.059648e-13
3149.7599 1.1085562e-13
3152.5065 1.1538016e-13
3155.2532 1.1551421e-13
3157.9999 1.1884706e-13
3160.7466 1.2056426e-13
3163.4933 1.200193e-13
3166.2401 1.2211815e-13
3168.9868 1.232347e-13
3171.7336 1.2727596e-13
3174.4804 1.3449975e-13
3177.2272 1.3614552e-13
3179.974 1.3232365e-13
3182.7208 1.353949e-13
3185.4677 1.3740995e-13
3188.2146 1.4068157e-13
3190.9614 1.4061992e-13
3193.7083 1.3950284e-13
3196.4552 1.3964369e-13
3199.2022 1.3480184e-13
3201.9491 1.3370143e-13
3204.6961 1.3052755e-13
3207.4431 1.3175329e-13
3210.19 1.2839828e-13
3212.9371 1.3106531e-13
3215.6841 1.2744715e-13
3218.4311 1.246163e-13
3221.1782 1.2308163e-13
3223.9252 1.1719177e-13
3226.6723 1.1975678e-13
3229.4194 1.1952536e-13
3232.1665 1.1761656e-13
3234.9136 1.1060943e-13
3237.6608 1.1286126e-13
3240.4079 1.1411564e-13
3243.1551 1.102429e-13
3245.9023 1.0918712e-13
3248.6495 1.0860274e-13
3251.3967 1.064966e-13
3254.1439 1.0881395e-13
3256.8912 1.0966701e-13
3259.6384 1.0703654e-13
3262.3857 1.1048385e-13
3265.133 1.0450188e-13
3267.8803 1.0474174e-13
3270.6276 1.06799e-13
3273.3749 1.0604286e-13
3276.1222 1.0765495e-13
3278.8696 1.0424345e-13
3281.6169 1.0398613e-13
3284.3643 1.0190962e-13
3287.1117 1.0441829e-13
3289.8591 1.045695e-13
3292.6065 1.0445004e-13
3295.354 1.0533607e-13
3298.1014 1.0642857e-13
3300.8489 1.0350999e-13
3303.5963 1.113199e-13
3306.3438 1.0681754e-13
3309.0913 1.0542273e-13
3311.8388 1.0880133e-13
3314.5863 1.0915619e-13
3317.3339 1.0894161e-13
3320.0814 1.1598284e-13
3322.829 1.1622116e-13
3325.5765 1.1532848e-13
3328.3241 1.1647299e-13
3331.0717 1.1397891e-13
3333.8193 1.1822248e-13
3336.5669 1.1469738e-13
3339.3146 1.1709985e-13
3342.0622 1.2029762e-13
3344.8099 1.1984729e-13
3347.5576 1.2042284e-13
3350.3052 1.2064423e-13
3353.0529 1.2224145e-13
3355.8006 1.2170571e-13
3358.5483 1.1825167e-13
3361.2961 1.2179503e-13
3364.0438 1.2183687e-13
3366.7916 1.2057214e-13
3369.5393 1.2236063e-13
3372.2871 1.2468597e-13
3375.0349 1.2340445e-13
3377.7827 1.2696429e-13
3380.5305 1.260063e-13
3383.2783 1.2653797e-13
3386.0261 1.2660362e-13
3388.774 1.2608259e-13
3391.5218 1.3263121e-13
3394.2697 1.4091568e-13
3397.0176 1.4144442e-13
3399.7655 1.4742449e-13
3402.5134 1.4834209e-13
3405.2613 1.4887923e-13
3408.0092 1.4966838e-13
3410.7571 1.524062e-13
3413.505 1.5329947e-13
3416.253 1.5489747e-13
3419.0009 1.5665693e-13
3421.7489 1.5766052e-13
3424.4969 1.5378245e-13
3427.2449 1.633371e-13
3429.9929 1.6268136e-13
3432.7409 1.5885268e-13
3435.4889 1.5869451e-13
3438.2369 1.5862294e-13
3440.985 1.5573412e-13
3443.733 1.5911526e-13
3446.4811 1.6381251e-13
3449.2292 1.660475e-13
3451.9772 1.6924876e-13
3454.7253 1.7478232e-13
3457.4734 1.7267665e-13
3460.2215 1.7597244e-13
3462.9696 1.7061588e-13
3465.7178 1.7079037e-13
3468.4659 1.7255461e-13
3471.214 1.7146491e-13
3473.9622 1.7187769e-13
3476.7103 1.7076672e-13
3479.4585 1.7134479e-13
3482.2067 1.7391783e-13
3484.9549 1.7418154e-13
3487.7031 1.8038097e-13
3490.4513 1.8133097e-13
3493.1995 1.8320442e-13
3495.9477 1.9117471e-13
3498.6959 1.9943446e-13
3501.4442 1.995426e-13
3504.1924 2.0578491e-13
3506.9407 2.1988402e-13
3509.689 2.2125315e-13
3512.4372 2.3250374e-13
3515.1855 2.4008177e-13
3517.9338 2.492603e-13
3520.6821 2.5578508e-13
3523.4304 2.6329655e-13
3526.1787 2.6604142e-13
3528.927 2.7568125e-13
3531.6753 2.7514094e-13
3534.4237 2.7700571e-13
3537.172 2.8627757e-13
3539.9204 2.8698672e-13
3542.6687 2.9395185e-13
3545.4171 3.0547919e-13
3548.1655 3.1626584e-13
3550.9138 3.1402929e-13
3553.6622 3.1540452e-13
3556.4106 3.2209535e-13
3559.159 3.229928e-13
3561.9074 3.2103183e-13
3564.6558 3.2259725e-13
3567.4043 3.2471996e-13
3570.1527 3.2492737e-13
3572.9011 3.3030547e-13
3575.6496 3.3114944e-13
3578.398 3.412928e-13
3581.1465 3.5382445e-13
3583.8949 3.5557958e-13
3586.6434 3.57078e-13
3589.3919 3.6011005e-13
3592.1403 3.5877193e-13
3594.8888 3.6060244e-13
3597.6373 3.5145492e-13
3600.3858 3.486254e-13
3603.1343 3.4595737e-13
3605.8828 3.3746717e-13
3608.6313 3.3371339e-13
3611.3799 3.3020006e-13
3614.1284 3.2249054e-13
3616.8769 3.1809622e-13
3619.6255 3.1150869e-13
3622.374 3.1691311e-13
3625.1226 3.0745144e-13
3627.8711 3.1338048e-13
3630.6197 3.1533779e-13
3633.3682 3.1204442e-13
3636.1168 3.1338574e-13
3638.8654 3.1799276e-13
3641.614 3.2534419e-13
3644.3625 3.2673481e-13
3647.1111 3.4237898e-13
3649.8597 3.4834863e-13
3652.6083 3.5197599e-13
3655.3569 3.6547713e-13
3658.1055 3.8460047e-13
3660.8542 3.9572081e-13
3663.6028 4.1032499e-13
3666.3514 4.252236e-13
3669.1 4.4025702e-13
3671.8487 4.5212177e-13
3674.5973 4.6569606e-13
3677.3459 4.7693067e-13
3680.0946 4.9788206e-13
3682.8432 5.0530419e-13
3685.5919 5.1187911e-13
3688.3406 5.0744597e-13
3691.0892 5.0298941e-13
3693.8379 4.9942694e-13
3696.5865 4.8745968e-13
3699.3352 4.7140818e-13
3702.0839 4.6032454e-13
3704.8326 4.392663e-13
3707.5813 4.2311966e-13
3710.33 4.0660598e-13
3713.0786 3.9922132e-13
3715.8273 3.8108839e-13
3718.576 3.7470691e-13
3721.3247 3.6986351e-13
3724.0734 3.5693115e-13
3726.8221 3.5039818e-13
3729.5709 3.4041232e-13
3732.3196 3.3206757e-13
3735.0683 3.2739439e-13
3737.817 3.2388415e-13
3740.5657 3.1931451e-13
3743.3145 3.1778177e-13
3746.0632 3.1837594e-13
3748.8119 3.1739737e-13
3751.5606 3.187434e-13
3754.3094 3.1098266e-13
3757.0581 3.1243137e-13
3759.8069 3.0942799e-13
3762.5556 3.0272684e-13
3765.3043 2.9648275e-13
3768.0531 2.9102678e-13
3770.8018 2.8589354e-13
3773.5506 2.7702347e-13
3776.2993 2.7504076e-13
3779.0481 2.666331e-13
3781.7968 2.6237787e-13
3784.5456 2.5885349e-13
3787.2944 2.5715197e-13
3790.0431 2.4739499e-13
3792.7919 2.4551726e-13
3795.5406 2.428515e-13
3798.2894 2.4213211e-13
3801.0382 2.3969352e-13
3803.7869 2.3714041e-13
3806.5357 2.3643031e-13
3809.2845 2.3697407e-13
3812.0333 2.3900578e-13
3814.782 2.3665811e-13
3817.5308 2.4351357e-13
3820.2796 2.449702e-13
3823.0284 2.4588017e-13
3825.7771 2.4955827e-13
3828.5259 2.5766067e-13
3831.2747 2.6241913e-13
3834.0235 2.6381639e-13
3836.7722 2.7836235e-13
3839.521 2.8069631e-13
3842.2698 2.9380453e-13
3845.0186 2.9832652e-13
3847.7674 3.0564714e-13
3850.5161 3.2219916e-13
3853.2649 3.2927101e-13
3856.0137 3.404996e-13
3858.7625 3.559539e-13
3861.5113 3.6205419e-13
3864.26 3.7925845e-13
3867.0088 3.8958431e-13
3869.7576 3.9849198e-13
3872.5064 4.206142e-13
3875.2552 4.3011964e-13
3878.0039 4.5195786e-13
3880.7527 4.7141186e-13
3883.5015 4.8596847e-13
3886.2503 5.0306618e-13
3888.9991 5.1441875e-13
3891.7478 5.3355925e-13
3894.4966 5.4737036e-13
3897.2454 5.617561e-13
3899.9941 5.7594354e-13
3902.7429 5.8887742e-13
3905.4917 5.9958619e-13
3908.2405 6.0378498e-13
3910.9892 6.1580293e-13
3913.738 6.1611756e-13
3916.4868 6.2536689e-13
3919.2355 6.2307462e-13
3921.9843 6.2737299e-13
3924.733 6.4010033e-13
3927.4818 6.3566302e-13
3930.2306 6.4106397e-13
3932.9793 6.4606648e-13
3935.7281 6.3692915e-13
3938.4768 6.2779269e-13
3941.2256 6.3988842e-13
3943.9743 6.5331513e-13
3946.7231 6.5364207e-13
3949.4718 6.7063011e-13
3952.2206 6.7474818e-13
3954.9693 6.7607958e-13
3957.718 6.7244458e-13
3960.4668 6.6123132e-13
3963.2155 6.5826419e-13
3965.9642 6.5324628e-13
3968.713 6.4653323e-13
3971.4617 6.3729724e-13
3974.2104 6.1966242e-13
3976.9591 6.0670761e-13
3979.7079 6.0470053e-13
3982.4566 5.9776381e-13
3985.2053 5.7822307e-13
3987.954 5.6891975e-13
3990.7027 5.495218e-13
3993.4514 5.3263432e-13
3996.2001 5.1823303e-13
3998.9488 5.0019505e-13
4001.6975 4.8839562e-13
4004.4462 4.7646045e-13
4007.1949 4.6551738e-13
4009.9435 4.5416321e-13
4012.6922 4.4611499e-13
4015.4409 4.3828973e-13
4018.1896 4.3780726e-13
4020.9382 4.3070015e-13
4023.6869 4.3227881e-13
4026.4355 4.3249882e-13
4029.1842 4.3355562e-13
4031.9329 4.3424633e-13
4034.6815 4.3036595e-13
4037.4301 4.4301493e-13
4040.1788 4.5214508e-13
4042.9274 4.5235389e-13
4045.676 4.6025277e-13
4048.4247 4.6407257e-13
4051.1733 4.6612578e-13
4053.9219 4.6808217e-13
4056.6705 4.7195467e-13
4059.4191 4.8395082e-13
4062.1677 4.7894598e-13
4064.9163 4.8230175e-13
4067.6649 4.8592575e-13
4070.4135 4.8589735e-13
4073.1621 4.865657e-13
4075.9107 4.8343214e-13
4078.6592 4.9210809e-13
4081.4078 4.936424e-13
4084.1564 4.9700505e-13
4086.9049 4.9792608e-13
4089.6535 4.9472563e-13
4092.402 5.0301863e-13
4095.1506 4.989938e-13
4097.8991 4.9811777e-13
4100.6476 4.9530714e-13
4103.3961 4.9268012e-13
4106.1447 4.9355436e-13
4108.8932 4.9235979e-13
4111.6417 4.8933812e-13
4114.3902 4.8193237e-13
4117.1387 4.8018496e-13
4119.8872 4.8589984e-13
4122.6356 4.7955634e-13
4125.3841 4.8153484e-13
4128.1326 4.7529618e-13
4130.881 4.7775797e-13
4133.6295 4.7709682e-13
4136.378 4.8322349e-13
4139.1264 4.8556726e-13
4141.8748 4.8259308e-13
4144.6233 4.8944399e-13
4147.3717 4.9159711e-13
4150.1201 4.9474406e-13
4152.8685 5.0151783e-13
4155.6169 5.0207402e-13
4158.3653 5.1394034e-13
4161.1137 5.1148625e-13
4163.8621 5.1774459e-13
4166.6104 5.1930921e-13
4169.3588 5.1803852e-13
4172.1072 5.2384513e-13
4174.8555 5.2753803e-13
4177.6039 5.2299799e-13
4180.3522 5.261515e-13
4183.1005 5.2034885e-13
4185.8489 5.2552927e-13
4188.5972 5.3086864e-13
4191.3455 5.2538329e-13
4194.0938 5.294833e-13
4196.8421 5.3361021e-13
4199.5903 5.3984801e-13
4202.3386 5.3607547e-13
4205.0869 5.3272865e-13
4207.8351 5.3331628e-13
4210.5834 5.3489586e-13
4213.3316 5.2414117e-13
4216.0799 5.2433633e-13
4218.8281 5.1683327e-13
4221.5763 5.1699601e-13
4224.3245 5.1292103e-13
4227.0727 5.0907954e-13
4229.8209 5.0790166e-13
4232.5691 5.0263851e-13
4235.3173 5.0363072e-13
4238.0654 4.9310604e-13
4240.8136 4.8872793e-13
4243.5617 4.866275e-13
4246.3099 4.7473798e-13
4249.058 4.7551833e-13
4251.8061 4.6828156e-13
4254.5542 4.7168053e-13
4257.3023 4.6323085e-13
4260.0504 4.6984909e-13
4262.7985 4.610895e-13
4265.5465 4.6111151e-13
4268.2946 4.5986256e-13
4271.0427 4.5684729e-13
4273.7907 4.5977919e-13
4276.5387 4.5054038e-13
4279.2868 4.5454572e-13
4282.0348 4.5345281e-13
4284.7828 4.533287e-13
4287.5308 4.5282376e-13
4290.2787 4.52212e-13
4293.0267 4.4169215e-13
4295.7747 4.4612515e-13
4298.5226 4.3905648e-13
4301.2706 4.3704794e-13
4304.0185 4.2842742e-13
4306.7664 4.209409e-13
4309.5143 4.1636201e-13
4312.2622 4.1221223e-13
4315.0101 4.0514811e-13
4317.758 3.9680005e-13
4320.5059 3.9197186e-13
4323.2537 3.9062313e-13
4326.0016 3.804405e-13
4328.7494 3.7050988e-13
4331.4972 3.6577609e-13
4334.245 3.5814196e-13
4336.9928 3.5463142e-13
4339.7406 3.5389633e-13
4342.4884 3.5157269e-13
4345.2362 3.476056e-13
4347.9839 3.4288739e-13
4350.7317 3.4171656e-13
4353.4794 3.3638663e-13
4356.2271 3.3467356e-13
4358.9748 3.3320758e-13
4361.7225 3.286445e-13
4364.4702 3.2565557e-13
4367.2179 3.2260365e-13
4369.9655 3.1671841e-13
4372.7132 3.1023654e-13
4375.4608 3.0303898e-13
4378.2084 2.9791368e-13
4380.9561 2.9589295e-13
4383.7037 2.9341303e-13
4386.4512 2.8899965e-13
4389.1988 2.8836932e-13
4391.9464 2.7985979e-13
4394.6939 2.7605568e-13
4397.4415 2.7912877e-13
4400.189 2.7429217e-13
4402.9365 2.7460244e-13
4405.684 2.7285192e-13
4408.4315 2.6903932e-13
4411.179 2.722291e-13
4413.9264 2.7552019e-13
4416.6739 2.7595881e-13
4419.4213 2.7824694e-13
4422.1687 2.8161124e-13
4424.9161 2.8257334e-13
4427.6635 2.8783822e-13
4430.4109 2.8791162e-13
4433.1583 2.945068e-13
4435.9056 2.975933e-13
4438.653 3.0181665e-13
4441.4003 3.0220853e-13
4444.1476 3.0892292e-13
4446.8949 3.1465249e-13
4449.6422 3.2330516e-13
4452.3895 3.328544e-13
4455.1367 3.3668744e-13
4457.884 3.4288414e-13
4460.6312 3.4885633e-13
4463.3784 3.6021143e-13
4466.1256 3.6450443e-13
4468.8728 3.7270016e-13
4471.62 3.7951454e-13
4474.3671 3.8394372e-13
4477.1143 3.866768e-13
4479.8614 3.9234843e-13
4482.6085 3.9878658e-13
4485.3556 4.0111339e-13
4488.1027 4.0826094e-13
4490.8498 4.1213951e-13
4493.5968 4.1848418e-13
4496.3439 4.2238828e-13
4499.0909 4.278596e-13
4501.8379 4.3967119e-13
4504.5849 4.465333e-13
4507.3319 4.5204758e-13
4510.0789 4.5719429e-13
4512.8258 4.7009911e-13
4515.5727 4.7556712e-13
4518.3197 4.845216e-13
4521.0666 4.8908739e-13
4523.8135 5.0028764e-13
4526.5603 5.0543662e-13
4529.3072 5.1286238e-13
4532.054 5.1498308e-13
4534.8009 5.1695605e-13
4537.5477 5.21444e-13
4540.2945 5.2916948e-13
4543.0412 5.4287759e-13
4545.788 5.4775048e-13
4548.5347 5.5075871e-13
4551.2815 5.622666e-13
4554.0282 5.6243378e-13
4556.7749 5.6686475e-13
4559.5216 5.7525761e-13
4562.2682 5.7844354e-13
4565.0149 5.7195177e-13
4567.7615 5.7251849e-13
4570.5081 5.791551e-13
4573.2547 5.8032751e-13
4576.0013 5.7880247e-13
4578.7479 5.7441085e-13
4581.4944 5.6918847e-13
4584.2409 5.7518763e-13
4586.9874 5.7264241e-13
4589.7339 5.722437e-13
4592.4804 5.7540095e-13
4595.2269 5.7934403e-13
4597.9733 5.7859235e-13
4600.7197 5.8031558e-13
4603.4661 5.8159586e-13
4606.2125 5.8723106e-13
4608.9589 5.8944727e-13
4611.7053 5.9200041e-13
4614.4516 5.9054736e-13
4617.1979 5.9123854e-13
4619.9442 5.8444525e-13
4622.6905 5.8712535e-13
4625.4368 5.9026341e-13
4628.183 5.8071131e-13
4630.9293 5.8213666e-13
4633.6755 5.7637174e-13
4636.4217 5.661198e-13
4639.1678 5.5902131e-13
4641.914 5.5310905e-13
4644.6601 5.485381e-13
4647.4063 5.3432047e-13
4650.1524 5.2637804e-13
4652.8984 5.1671297e-13
4655.6445 5.1064231e-13
4658.3906 4.9909247e-13
4661.1366 4.9083068e-13
4663.8826 4.7705161e-13
4666.6286 4.6623079e-13
4669.3746 4.5849267e-13
4672.1205 4.4994387e-13
4674.8664 4.3697478e-13
4677.6124 4.2516058e-13
4680.3583 4.1919753e-13
4683.1041 4.1119593e-13
4685.85 4.10592e-13
4688.5958 4.0212739e-13
4691.3416 4.00782e-13
4694.0874 4.0148695e-13
4696.8332 4.0183465e-13
4699.579 3.9982584e-13
4702.3247 4.0148153e-13
4705.0704 4.0442861e-13
4707.8161 4.027118e-13
4710.5618 3.9158886e-13
4713.3075 3.8615316e-13
4716.0531 3.81104e-13
4718.7987 3.7200776e-13
4721.5443 3.6360712e-13
4724.2899 3.5121773e-13
4727.0355 3.4121526e-13
4729.781 3.3534522e-13
4732.5265 3.253685e-13
4735.272 3.1755295e-13
4738.0175 3.0947724e-13
4740.7629 2.9991612e-13
4743.5084 2.9669813e-13
4746.2538 2.906398e-13
4748.9992 2.8396141e-13
4751.7446 2.8083848e-13
4754.4899 2.7565434e-13
4757.2352 2.7728105e-13
4759.9806 2.7646695e-13
4762.7258 2.753564e-13
4765.4711 2.7418074e-13
4768.2164 2.7369724e-13
4770.9616 2.6862762e-13
4773.7068 2.6960368e-13
4776.452 2.7228442e-13
4779.1971 2.7196398e-13
4781.9423 2.7169844e-13
4784.6874 2.7240886e-13
4787.4325 2.7380211e-13
4790.1775 2.7755058e-13
4792.9226 2.8131951e-13
4795.6676 2.8691467e-13
4798.4126 2.8795694e-13
4801.1576 2.9017432e-13
4803.9026 2.9098281e-13
4806.6475 2.9527043e-13
4809.3925 2.9381849e-13
4812.1373 2.942332e-13
4814.8822 2.9268363e-13
4817.6271 2.9065934e-13
4820.3719 2.8705827e-13
4823.1167 2.7542728e-13
4825.8615 2.7445936e-13
4828.6063 2.7001087e-13
4831.351 2.6899931e-13
4834.0957 2.6737119e-13
4836.8404 2.6813773e-13
4839.5851 2.6564959e-13
4842.3297 2.6090347e-13
4845.0744 2.6052703e-13
4847.819 2.6040338e-13
4850.5635 2.5817946e-13
4853.3081 2.5612043e-13
4856.0526 2.5185377e-13
4858.7971 2.5074609e-13
4861.5416 2.4926204e-13
4864.2861 2.4899752e-13
4867.0305 2.4698367e-13
4869.7749 2.4650876e-13
4872.5193 2.4829482e-13
4875.2637 2.4754355e-13
4878.008 2.4812238e-13
4880.7524 2.4989467e-13
4883.4967 2.5383325e-13
4886.2409 2.5279713e-13
4888.9852 2.5328784e-13
4891.7294 2.5811241e-13
4894.4736 2.6060325e-13
4897.2178 2.6629453e-13
4899.9619 2.7027976e-13
4902.706 2.7664893e-13
4905.4501 2.8552873e-13
4908.1942 2.9241103e-13
4910.9383 3.0103657e-13
4913.6823 3.0768121e-13
4916.4263 3.1495542e-13
4919.1703 3.2350069e-13
4921.9142 3.3256224e-13
4924.6582 3.4190611e-13
4927.4021 3.4724637e-13
4930.146 3.5391574e-13
4932.8898 3.6122665e-13
4935.6336 3.6683447e-13
4938.3774 3.6837157e-13
4941.1212 3.6586532e-13
4943.865 3.6438981e-13
4946.6087 3.5857715e-13
4949.3524 3.5219736e-13
4952.0961 3.4889818e-13
4954.8397 3.4190446e-13
4957.5834 3.35418e-13
4960.327 3.2867467e-13
4963.0705 3.2073072e-13
4965.8141 3.1088584e-13
4968.5576 3.085895e-13
4971.3011 3.0138297e-13
4974.0446 3.0034392e-13
4976.788 2.9645017e-13
4979.5314 2.9168107e-13
4982.2748 2.8924291e-13
4985.0182 2.8430147e-13
4987.7615 2.8155519e-13
4990.5048 2.7685349e-13
4993.2481 2.7592097e-13
4995.9914 2.6923342e-13
4998.7346 2.6641422e-13
5001.4778 2.5880337e-13
5004.221 2.6137014e-13
5006.9642 2.61726e-13
5009.7073 2.5811953e-13
5012.4504 2.5539038e-13
5015.1935 2.5441907e-13
5017.9365 2.5417998e-13
5020.6795 2.5202781e-13
5023.4225 2.5091761e-13
5026.1655 2.5107677e-13
5028.9084 2.5114508e-13
5031.6513 2.5211585e-13
5034.3942 2.5258926e-13
5037.1371 2.5623568e-13
5039.8799 2.572055e-13
5042.6227 2.5940494e-13
5045.3655 2.6235101e-13
5048.1082 2.6515319e-13
5050.8509 2.6899232e-13
5053.5936 2.7166548e-13
5056.3363 2.7038669e-13
5059.0789 2.7650256e-13
5061.8215 2.7729894e-13
5064.5641 2.7792791e-13
5067.3066 2.795225e-13
5070.0492 2.8344837e-13
5072.7917 2.8608482e-13
5075.5341 2.8712839e-13
5078.2766 2.8974143e-13
5081.019 2.909057e-13
5083.7613 2.9582811e-13
5086.5037 2.9939489e-13
5089.246 2.9831709e-13
5091.9883 3.0155706e-13
5094.7306 3.0481108e-13
5097.4728 3.053898e-13
5100.215 3.0924783e-13
5102.9572 3.035611e-13
5105.6993 3.0842939e-13
5108.4414 3.059206e-13
5111.1835 3.0805122e-13
5113.9256 3.1141197e-13
5116.6676 3.1403011e-13
5119.4096 3.1756282e-13
5122.1516 3.2150582e-13
5124.8935 3.2634328e-13
5127.6355 3.2616298e-13
5130.3773 3.3355336e-13
5133.1192 3.3602879e-13
5135.861 3.3739813e-13
5138.6028 3.4408541e-13
5141.3446 3.4612889e-13
5144.0863 3.5075117e-13
5146.828 3.5496953e-13
5149.5697 3.5840607e-13
5152.3113 3.5811024e-13
5155.0529 3.6186429e-13
5157.7945 3.6861112e-13
5160.5361 3.7142069e-13
5163.2776 3.7051238e-13
5166.0191 3.7134879e-13
5168.7606 3.7621233e-13
5171.502 3.7302209e-13
5174.2434 3.7793393e-13
5176.9848 3.8054442e-13
5179.7261 3.8597134e-13
5182.4674 3.8836062e-13
5185.2087 3.9521901e-13
5187.9499 3.9733367e-13
5190.6911 3.9680989e-13
5193.4323 3.9556048e-13
5196.1735 4.0343209e-13
5198.9146 4.0318974e-13
5201.6557 4.1000179e-13
5204.3968 4.1180015e-13
5207.1378 4.1370035e-13
5209.8788 4.1618e-13
5212.6197 4.1690056e-13
5215.3607 4.2022576e-13
5218.1016 4.2522772e-13
5220.8425 4.2655996e-13
5223.5833 4.3096546e-13
5226.3241 4.3162124e-13
5229.0649 4.3400434e-13
5231.8056 4.3823021e-13
5234.5463 4.3694781e-13
5237.287 4.3635093e-13
5240.0277 4.3958806e-13
5242.7683 4.3941998e-13
5245.5089 4.3403871e-13
5248.2494 4.3275033e-13
5250.9899 4.3066345e-13
5253.7304 4.2400412e-13
5256.4709 4.2776367e-13
5259.2113 4.2090685e-13
5261.9517 4.1279396e-13
5264.692 4.1080399e-13
5267.4323 4.0016758e-13
5270.1726 3.8972235e-13
5272.9129 3.8682656e-13
5275.6531 3.7517363e-13
5278.3933 3.7041586e-13
5281.1335 3.6043626e-13
5283.8736 3.5081955e-13
5286.6137 3.4425983e-13
5289.3537 3.3895562e-13
5292.0938 3.3601783e-13
5294.8338 3.2934568e-13
5297.5737 3.2698586e-13
5300.3136 3.2368062e-13
5303.0535 3.1798102e-13
5305.7934 3.1357173e-13
5308.5332 3.1102475e-13
5311.273 3.1386569e-13
5314.0128 3.1426012e-13
5316.7525 3.1036756e-13
5319.4922 3.132822e-13
5322.2318 3.134673e-13
5324.9714 3.1631723e-13
5327.711 3.1770043e-13
5330.4506 3.1867667e-13
5333.1901 3.242338e-13
5335.9296 3.2312049e-13
5338.669 3.2122205e-13
5341.4084 3.2770078e-13
5344.1478 3.2737197e-13
5346.8872 3.2423687e-13
5349.6265 3.2641454e-13
5352.3657 3.2366595e-13
5355.105 3.1861796e-13
5357.8442 3.2280542e-13
5360.5834 3.20088e-13
5363.3225 3.1762844e-13
5366.0616 3.1887356e-13
5368.8007 3.2250022e-13
5371.5397 3.2349267e-13
5374.2787 3.2316546e-13
5377.0177 3.24395e-13
5379.7566 3.2325228e-13
5382.4955 3.256247e-13
5385.2343 3.2640099e-13
5387.9731 3.2625676e-13
5390.7119 3.2312087e-13
5393.4507 3.2292327e-13
5396.1894 3.2665811e-13
5398.9281 3.2300711e-13
5401.6667 3.2639942e-13
5404.4053 3.244507e-13
5407.1439 3.2325453e-13
5409.8824 3.2038448e-13
5412.6209 3.176392e-13
5415.3594 3.1525832e-13
5418.0978 3.2076712e-13
5420.8362 3.1944773e-13
5423.5745 3.2207256e-13
5426.3129 3.1866304e-13
5429.0511 3.1933058e-13
5431.7894 3.1831669e-13
5434.5276 3.1574935e-13
5437.2658 3.1211595e-13
5440.0039 3.080822e-13
5442.742 3.0065059e-13
5445.48 2.9848652e-13
5448.2181 2.9217815e-13
5450.9561 2.8833985e-13
5453.694 2.8618419e-13
5456.4319 2.8183304e-13
5459.1698 2.7861234e-13
5461.9076 2.7519626e-13
5464.6454 2.7391861e-13
5467.3832 2.6619278e-13
5470.1209 2.6718558e-13
5472.8586 2.6212149e-13
5475.5962 2.5390532e-13
5478.3339 2.5375234e-13
5481.0714 2.5516874e-13
5483.809 2.4173651e-13
5486.5465 2.3614709e-13
5489.2839 2.3285724e-13
5492.0214 2.3257218e-13
5494.7587 2.322364e-13
5497.4961 2.3112694e-13
5500.11 2.3194174e-13
5504.9815 2.3721235e-13
5509.8531 2.4552447e-13
5514.7247 2.503548e-13
5519.5964 2.6579794e-13
5524.4681 2.6940237e-13
5529.3399 2.7959213e-13
5534.2118 2.7884186e-13
5539.0837 2.8222425e-13
5543.9556 2.9437485e-13
5548.8276 2.930003e-13
5553.6997 2.9819986e-13
5558.5718 2.9740167e-13
5563.444 2.9628239e-13
5568.3162 2.9604417e-13
5573.1885 2.9897715e-13
5578.0608 2.9826816e-13
5582.9332 2.9631213e-13
5587.8056 2.9402343e-13
5592.6781 2.9253845e-13
5597.5507 2.9385744e-13
5602.4233 2.9103654e-13
5607.2959 2.8622927e-13
5612.1686 2.8754912e-13
5617.0413 2.8506857e-13
5621.9141 2.8532453e-13
5626.787 2.8251018e-13
5631.6599 2.7884419e-13
5636.5329 2.8156744e-13
5641.4059 2.7354472e-13
5646.2789 2.7182412e-13
5651.152 2.6778162e-13
5656.0252 2.6404486e-13
5660.8984 2.6201239e-13
5665.7717 2.5964888e-13
5670.645 2.5528912e-13
5675.5184 2.555905e-13
5680.3918 2.5352653e-13
5685.2653 2.5071687e-13
5690.1388 2.4663485e-13
5695.0123 2.452867e-13
5699.886 2.4169924e-13
5704.7596 2.382228e-13
5709.6334 2.3604735e-13
5714.5071 2.3751983e-13
5719.3809 2.3239757e-13
5724.2548 2.305663e-13
5729.1287 2.3126433e-13
5734.0027 2.2807177e-13
5738.8767 2.2663517e-13
5743.7508 2.2517747e-13
5748.6249 2.2663856e-13
5753.4991 2.2717151e-13
5758.3733 2.2327467e-13
5763.2475 2.2762274e-13
5768.1219 2.297796e-13
5772.9962 2.3168349e-13
5777.8706 2.3182606e-13
5782.7451 2.3329987e-13
5787.6196 2.3505034e-13
5792.4941 2.4023687e-13
5797.3687 2.4128128e-13
5802.2434 2.4604846e-13
5807.1181 2.4849027e-13
5811.9928 2.5505902e-13
5816.8676 2.6143581e-13
5821.7425 2.6813455e-13
5826.6174 2.7263638e-13
5831.4923 2.7470417e-13
5836.3673 2.8559845e-13
5841.2423 2.8795653e-13
5846.1174 2.9488835e-13
5850.9925 2.9730913e-13
5855.8677 2.9907706e-13
5860.7429 3.0003167e-13
5865.6182 3.0308899e-13
5870.4935 3.029845e-13
5875.3688 3.0193597e-13
5880.2442 3.0541468e-13
5885.1197 3.0081154e-13
5889.9952 2.9837111e-13
5894.8707 2.9547258e-13
5899.7463 2.9392642e-13
5904.6219 2.9094004e-13
5909.4976 2.9104659e-13
5914.3733 2.8904949e-13
5919.2491 2.8274182e-13
5924.1249 2.8023108e-13
5929.0008 2.7490916e-13
5933.8767 2.7405511e-13
5938.7526 2.7464681e-13
5943.6286 2.6774262e-13
5948.5046 2.6564962e-13
5953.3807 2.6606332e-13
5958.2569 2.6002749e-13
5963.133 2.5730855e-13
5968.0092 2.5760381e-13
5972.8855 2.5328787e-13
5977.7618 2.5091252e-13
5982.6381 2.5013501e-13
5987.5145 2.4987588e-13
5992.391 2.4568265e-13
5997.2674 2.4193015e-13
6002.144 2.3628538e-13
6007.0205 2.3742363e-13
6011.8971 2.3526637e-13
6016.7738 2.3594554e-13
6021.6505 2.3458346e-13
6026.5272 2.3242397e-13
6031.404 2.3015295e-13
6036.2808 2.3246162e-13
6041.1577 2.2970582e-13
6046.0346 2.2755005e-13
6050.9115 2.2757309e-13
6055.7885 2.2732852e-13
6060.6655 2.231917e-13
6065.5426 2.1668778e-13
6070.4197 2.0867925e-13
6075.2969 1.9630136e-13
6080.1741 1.8585613e-13
6085.0513 1.7260743e-13
6089.9286 1.6145929e-13
6094.8059 1.4687283e-13
6099.6833 1.3418195e-13
6104.5607 1.2766417e-13
6109.4381 1.1731246e-13
6114.3156 1.0908212e-13
6119.1931 1.0434916e-13
6124.0707 9.8146053e-14
6128.9483 9.3938149e-14
6133.8259 9.0383206e-14
6138.7036 8.7996593e-14
6143.5814 8.5590558e-14
6148.4591 8.364552e-14
6153.3369 8.4904008e-14
6158.2148 8.2779432e-14
6163.0927 8.4171263e-14
6167.9706 8.6680547e-14
6172.8486 9.0601863e-14
6177.7266 9.3632913e-14
6182.6046 9.5411404e-14
6187.4827 1.002604e-13
6192.3608 1.0487967e-13
6197.239 1.1026814e-13
6202.1172 1.1879582e-13
6206.9954 1.2582005e-13
6211.8737 1.3459218e-13
6216.752 1.408652e-13
6221.6303 1.4843496e-13
6226.5087 1.56873e-13
6231.3872 1.6520653e-13
6236.2656 1.71447e-13
6241.1441 1.7683732e-13
6246.0227 1.8348494e-13
6250.9013 1.8671928e-13
6255.7799 1.933263e-13
6260.6585 1.9661536e-13
6265.5372 1.9906792e-13
6270.416 2.0587292e-13
6275.2947 2.0649098e-13
6280.1735 2.084914e-13
6285.0524 2.1279908e-13
6289.9312 2.1495787e-13
6294.8102 2.1693961e-13
6299.6891 2.1905325e-13
6304.5681 2.1726048e-13
6309.4471 2.1848922e-13
6314.3262 2.1899286e-13
6319.2053 2.1411322e-13
6324.0844 2.1509038e-13
6328.9636 2.1501468e-13
6333.8428 2.1528917e-13
6338.722 2.1499386e-13
6343.6013 2.2020507e-13
6348.4806 2.1851371e-13
6353.3599 2.1925682e-13
6358.2393 2.2066852e-13
6363.1187 2.1850963e-13
6367.9982 2.186443e-13
6372.8776 2.1773775e-13
6377.7572 2.1523292e-13
6382.6367 2.1745653e-13
6387.5163 2.1750048e-13
6392.3959 2.1591065e-13
6397.2756 2.1461089e-13
6402.1553 2.1450504e-13
6407.035 2.127843e-13
6411.9147 2.1598557e-13
6416.7945 2.146507e-13
6421.6744 2.1504626e-13
6426.5542 2.1624979e-13
6431.4341 2.1292638e-13
6436.314 2.1330714e-13
6441.194 2.1256674e-13
6446.074 2.1099386e-13
6450.954 2.1146408e-13
6455.8341 2.1111648e-13
6460.7141 2.0926507e-13
6465.5943 2.1021265e-13
6470.4744 2.1101125e-13
6475.3546 2.0760009e-13
6480.2348 2.0421167e-13
6485.1151 2.0855938e-13
6489.9954 2.0641097e-13
6494.8757 2.0799925e-13
6499.756 2.0658243e-13
6504.6364 2.0322352e-13
6509.5168 2.0267398e-13
6514.3972 2.0276389e-13
6519.2777 2.0066461e-13
6524.1582 1.9693664e-13
6529.0388 1.9986776e-13
6533.9193 1.9678123e-13
6538.7999 1.9770473e-13
6543.6805 1.9351338e-13
6548.5612 1.935695e-13
6553.4419 1.9192068e-13
6558.3226 1.9038024e-13
6563.2034 1.8452011e-13
6568.0841 1.8462703e-13
6572.965 1.8203305e-13
6577.8458 1.8059398e-13
6582.7267 1.7776614e-13
6587.6076 1.7701755e-13
6592.4885 1.7456807e-13
6597.3694 1.7230814e-13
6602.2504 1.6947789e-13
6607.1315 1.7017411e-13
6612.0125 1.6715593e-13
6616.8936 1.6376736e-13
6621.7747 1.6268538e-13
6626.6558 1.5999586e-13
6631.537 1.5807756e-13
6636.4182 1.5737746e-13
6641.2994 1.554284e-13
6646.1806 1.520932e-13
6651.0619 1.5151698e-13
6655.9432 1.4987325e-13
6660.8245 1.4958865e-13
6665.7059 1.4719389e-13
6670.5873 1.4500612e-13
6675.4687 1.4233368e-13
6680.3502 1.388758e-13
6685.2316 1.3694316e-13
6690.1131 1.3747911e-13
6694.9946 1.3527256e-13
6699.8762 1.3504249e-13
6704.7578 1.3017532e-13
6709.6394 1.3096449e-13
6714.521 1.3073912e-13
6719.4027 1.2691661e-13
6724.2844 1.239422e-13
6729.1661 1.2378138e-13
6734.0478 1.2421615e-13
6738.9296 1.2477762e-13
6743.8114 1.2397978e-13
6748.6932 1.2362075e-13
6753.575 1.2355263e-13
6758.4569 1.2248625e-13
6763.3388 1.2218045e-13
6768.2207 1.201856e-13
6773.1027 1.1850025e-13
6777.9846 1.1589612e-13
6782.8666 1.1655279e-13
6787.7487 1.158502e-13
6792.6307 1.1401439e-13
6797.5128 1.1461447e-13
6802.3949 1.1506837e-13
6807.277 1.1220208e-13
6812.1591 1.1264737e-13
6817.0413 1.110292e-13
6821.9235 1.1265714e-13
6826.8057 1.1214696e-13
6831.688 1.1321072e-13
6836.5702 1.1109954e-13
6841.4525 1.0942218e-13
6846.3348 1.0921519e-13
6851.2172 1.0674641e-13
6856.0995 1.0773441e-13
6860.9819 1.0936523e-13
6865.8643 1.095049e-13
6870.7467 1.0851966e-13
6875.6292 1.0838767e-13
6880.5117 1.0787259e-13
6885.3942 1.0567406e-13
6890.2767 1.0383864e-13
6895.1592 1.044616e-13
6900.0418 1.0389213e-13
6904.9244 1.040777e-13
6909.807 1.0375001e-13
6914.6896 1.028273e-13
6919.5723 1.0233735e-13
6924.455 1.0087574e-13
6929.3377 1.0046434e-13
6934.2204 1.0023176e-13
6939.1031 9.7394593e-14
6943.9859 9.8474377e-14
6948.8687 9.8503366e-14
6953.7515 9.8303811e-14
6958.6343 9.7649597e-14
6963.5172 9.8457436e-14
6968.4 9.6376127e-14
6973.2829 9.6251701e-14
6978.1658 9.6392092e-14
6983.0488 9.5355093e-14
6987.9317 9.6389456e-14
6992.8147 9.4593814e-14
6997.6977 9.474897e-14
7002.5807 9.3892891e-14
7007.4637 9.3545573e-14
7012.3468 9.3634166e-14
7017.2299 9.4251552e-14
7022.113 9.2215339e-14
7026.9961 9.1400764e-14
7031.8792 9.2563008e-14
7036.7623 9.3527989e-14
7041.6455 9.3544333e-14
7046.5287 9.2917244e-14
7051.4119 9.2633509e-14
7056.2951 9.1722677e-14
7061.1784 9.0606274e-14
7066.0616 8.9846499e-14
7070.9449 8.9991525e-14
7075.8282 9.0072847e-14
7080.7115 9.2408184e-14
7085.5949 8.999084e-14
7090.4782 9.1009963e-14
7095.3616 8.8820397e-14
7100.245 8.8349914e-14
7105.1284 8.8935322e-14
7110.0118 8.973032e-14
7114.8953 9.1322349e-14
7119.7787 9.0534981e-14
7124.6622 9.0999643e-14
7129.5457 8.9485365e-14
7134.4292 8.8005632e-14
7139.3127 8.8723862e-14
7144.1963 8.7324855e-14
7149.0799 8.8639118e-14
7153.9634 8.8518663e-14
7158.847 8.9761586e-14
7163.7306 8.9757777e-14
7168.6143 8.9521367e-14
7173.4979 8.9466161e-14
7178.3816 8.9599626e-14
7183.2652 8.8280992e-14
7188.1489 8.7500475e-14
7193.0326 8.6675574e-14
7197.9164 8.6439543e-14
7202.8001 8.7921369e-14
7207.6838 9.0007618e-14
7212.5676 8.9395674e-14
7217.4514 8.927442e-14
7222.3352 8.8786678e-14
7227.219 8.6635973e-14
7232.1028 8.7482633e-14
7236.9867 8.6843374e-14
7241.8705 8.7873048e-14
7246.7544 8.8371801e-14
7251.6383 8.7368548e-14
7256.5222 8.92975e-14
7261.4061 8.7405276e-14
7266.29 8.639688e-14
7271.174 8.4118178e-14
7276.0579 8.2884288e-14
7280.9419 8.4859711e-14
7285.8259 8.4001735e-14
7290.7099 8.3194356e-14
7295.5939 8.2451935e-14
7300.4779 8.3426152e-14
7305.3619 8.2589934e-14
7310.246 8.2104591e-14
7315.13 8.1547582e-14
7320.0141 7.9687518e-14
7324.8982 7.7336195e-14
7329.7823 7.7026384e-14
7334.6664 7.6295009e-14
7339.5505 7.5495281e-14
7344.4347 7.5612422e-14
7349.3188 7.3737843e-14
7354.203 7.1701176e-14
7359.0871 7.0528415e-14
7363.9713 6.8300725e-14
7368.8555 6.6980032e-14
7373.7397 6.6724959e-14
7378.6239 6.5853993e-14
7383.5081 6.5656831e-14
7388.3924 6.5600567e-14
7393.2766 6.553891e-14
7398.1609 6.5627693e-14
7403.0452 6.381658e-14
7407.9294 6.2233354e-14
7412.8137 6.0937813e-14
7417.698 6.0103005e-14
7422.5823 6.0560694e-14
7427.4667 5.9006314e-14
7432.351 6.0224286e-14
7437.2353 5.7754711e-14
7442.1197 5.8606521e-14
7447.0041 5.8045684e-14
7451.8884 5.7347471e-14
7456.7728 5.523305e-14
7461.6572 5.4627709e-14
7466.5416 5.2622959e-14
7471.426 5.1388598e-14
7476.3104 5.0527894e-14
7481.1948 4.9998413e-14
7486.0793 5.0147508e-14
7490.9637 5.056226e-14
7495.8482 5.0070564e-14
7500.7326 4.9082212e-14
7505.6171 4.8716189e-14
7510.5016 4.6971104e-14
7515.3861 4.7012216e-14
7520.2705 4.7097559e-14
7525.155 4.8310131e-14
7530.0396 4.856747e-14
7534.9241 4.9646837e-14
7539.8086 5.0463282e-14
7544.6931 5.084013e-14
7549.5777 4.9547324e-14
7554.4622 5.008021e-14
7559.3468 4.9060328e-14
7564.2313 4.9863383e-14
7569.1159 4.9950288e-14
7574.0005 5.1972166e-14
7578.885 5.4562789e-14
7583.7696 5.3712609e-14
7588.6542 5.4161706e-14
7593.5388 5.4550877e-14
7598.4234 5.3486431e-14
7603.308 5.1965017e-14
7608.1926 5.2866985e-14
7613.0773 5.3160821e-14
7617.9619 5.4829967e-14
7622.8465 5.531341e-14
7627.7312 5.6011873e-14
7632.6158 5.84057e-14
7637.5005 5.938489e-14
7642.3851 5.8450085e-14
7647.2698 5.8746126e-14
7652.1544 5.5698488e-14
7657.0391 5.5214476e-14
7661.9238 5.4483782e-14
7666.8084 5.5566944e-14
7671.6931 5.4975078e-14
7676.5778 5.5938937e-14
7681.4625 5.553168e-14
7686.3472 5.7028797e-14
7691.2319 5.7741043e-14
7696.1166 5.7383894e-14
7701.0013 5.7528113e-14
7705.886 5.5388199e-14
7710.7707 5.5078473e-14
7715.6554 5.4776604e-14
7720.5402 5.4892214e-14
7725.4249 5.4406776e-14
7730.3096 5.720702e-14
7735.1943 5.68447e-14
7740.0791 5.9905084e-14
7744.9638 6.1227167e-14
7749.8485 6.0714671e-14
7754.7333 5.9838216e-14
7759.618 6.0006945e-14
7764.5028 5.8145532e-14
7769.3875 5.8807031e-14
7774.2723 5.9450695e-14
7779.157 6.1607396e-14
7784.0418 6.3100085e-14
7788.9265 6.6498185e-14
7793.8113 6.7265427e-14
7798.696 6.913758e-14
7803.5808 6.7670743e-14
7808.4655 6.6012293e-14
7813.3503 6.4767981e-14
7818.2351 6.5241215e-14
7823.1198 6.4281534e-14
7828.0046 6.5089657e-14
7832.8894 6.626046e-14
7837.7741 6.8386628e-14
7842.6589 6.9499778e-14
7847.5436 7.0089835e-14
7852.4284 7.2244789e-14
7857.3132 7.1940832e-14
7862.1979 7.1641281e-14
7867.0827 6.9273282e-14
7871.9675 6.7943467e-14
7876.8522 6.6838103e-14
7881.737 6.6281155e-14
7886.6218 6.577902e-14
7891.5065 6.8181395e-14
7896.3913 6.9749741e-14
7901.276 7.0707322e-14
7906.1608 7.144334e-14
7911.0456 7.1888818e-14
7915.9303 7.0149392e-14
7920.8151 7.1932687e-14
7925.6998 7.1381493e-14
7930.5846 6.9771737e-14
7935.4693 6.8445609e-14
7940.3541 6.8672126e-14
7945.2388 6.6247185e-14
7950.1236 6.6423145e-14
7955.0083 6.4417601e-14
7959.893 6.2296739e-14
7964.7778 6.2029835e-14
7969.6625 6.1761787e-14
7974.5472 6.2999993e-14
7979.432 6.4244549e-14
7984.3167 6.3814622e-14
7989.2014 6.4665172e-14
7994.0861 6.2812765e-14
7998.9709 6.2805853e-14
8003.8556 5.9235948e-14
8008.7403 5.7921048e-14
8013.625 5.7802565e-14
8018.5097 5.6543847e-14
8023.3944 5.777626e-14
8028.2791 5.8350121e-14
8033.1638 5.8304131e-14
8038.0484 5.8396769e-14
8042.9331 5.9190974e-14
8047.8178 5.9349383e-14
8052.7025 5.645045e-14
8057.5871 5.4120489e-14
8062.4718 5.3023121e-14
8067.3565 5.3236271e-14
8072.2411 5.1922513e-14
8077.1258 5.3675644e-14
8082.0104 5.3524405e-14
8086.895 5.4845041e-14
8091.7797 5.5179267e-14
8096.6643 5.3705972e-14
8101.5489 5.1530215e-14
8106.4335 5.1470465e-14
8111.3182 4.9027893e-14
8116.2028 4.9568585e-14
8121.0874 4.8949902e-14
8125.9719 4.7354075e-14
8130.8565 4.5965127e-14
8135.7411 4.5723872e-14
8140.6257 4.4505706e-14
8145.5102 4.4302625e-14
8150.3948 4.4513648e-14
8155.2794 4.4443216e-14
8160.1639 4.0261234e-14
8165.0484 3.8391917e-14
8169.933 3.3993689e-14
8174.8175 3.2975243e-14
8179.702 3.2714394e-14
8184.5865 3.0351023e-14
8189.471 3.1080102e-14
8194.3555 3.147423e-14
8199.24 3.8933243e-14
8204.1245 2.6665139e-14
8209.0089 2.6404522e-14
8213.8934 2.630578e-14
8218.7778 2.5501081e-14
8223.6623 2.521311e-14
8228.5467 2.5796646e-14
8233.4311 2.5744809e-14
8238.3155 2.5639564e-14
8243.1999 2.6337626e-14
8248.0843 2.6595132e-14
8252.9687 2.5260166e-14
8257.8531 2.4379296e-14
8262.7375 2.5802531e-14
8267.6218 2.6176311e-14
8272.5062 2.6392437e-14
8277.3905 2.7376561e-14
8282.2749 2.7509204e-14
8287.1592 2.6475334e-14
8292.0435 2.7574175e-14
8296.9278 2.8180183e-14
8301.8121 2.6560163e-14
8306.6964 2.6604507e-14
8311.5806 2.571084e-14
8316.4649 2.6574852e-14
8321.3491 2.7523465e-14
8326.2334 2.8661596e-14
8331.1176 2.8448276e-14
8336.0018 2.9272622e-14
8340.886 2.9087826e-14
8345.7702 3.119291e-14
8350.6544 3.2644341e-14
8355.5385 3.2487634e-14
8360.4227 3.3188936e-14
8365.3068 3.2591537e-14
8370.191 3.1569718e-14
8375.0751 3.3071663e-14
8379.9592 3.1564906e-14
8384.8433 3.4160903e-14
8389.7274 3.2749773e-14
8394.6115 3.4000153e-14
8399.4955 3.618105e-14
8404.3796 3.531095e-14
8409.2636 3.8018159e-14
8414.1476 3.8552816e-14
8419.0316 4.1539204e-14
8423.9156 4.4100852e-14
8428.7996 4.5507269e-14
8433.6836 4.975686e-14
8438.5675 5.0187058e-14
8443.4515 5.2807625e-14
8448.3354 5.3568874e-14
8453.2193 5.5737465e-14
8458.1032 5.7100971e-14
8462.9871 5.5472388e-14
8467.8709 5.6774382e-14
8472.7548 5.8484372e-14
8477.6386 6.0850576e-14
8482.5225 6.4393057e-14
8487.4063 6.7733796e-14
8492.2901 6.9656622e-14
8497.1738 7.3703352e-14
8502.0576 7.4447996e-14
8506.9414 7.6995546e-14
8511.8251 8.0711567e-14
8516.7088 7.9684699e-14
8521.5925 8.050317e-14
8526.4762 8.0094629e-14
8531.3599 7.7915559e-14
8536.2435 7.6543549e-14
8541.1272 7.3815913e-14
8546.0108 7.2766967e-14
8550.8944 7.4876811e-14
8555.778 7.7265702e-14
8560.6616 7.5255137e-14
8565.5451 8.1035723e-14
8570.4287 8.2410736e-14
8575.3122 8.4796102e-14
8580.1957 8.8546832e-14
8585.0792 8.9867709e-14
8589.9627 9.2353229e-14
8594.8461 9.32616e-14
8599.7296 9.3379135e-14
8604.613 8.9416633e-14
8609.4964 8.6436778e-14
8614.3798 8.2656687e-14
8619.2632 8.2251365e-14
8624.1465 8.1117669e-14
8629.0299 8.4115833e-14
8633.9132 8.3594454e-14
8638.7965 8.3991794e-14
8643.6797 8.7649499e-14
8648.563 9.0079833e-14
8653.4463 9.5351441e-14
8658.3295 9.5949148e-14
8663.2127 9.9612044e-14
8668.0959 9.5917015e-14
8672.979 9.2024438e-14
8677.8622 8.5902544e-14
8682.7453 8.4643393e-14
8687.6284 8.9177716e-14
8692.5115 8.6557267e-14
8697.3946 8.9606504e-14
8702.2776 9.3631598e-14
8707.1607 9.6525022e-14
8712.0437 9.7051632e-14
8716.9267 9.6275994e-14
8721.8096 9.1092044e-14
8726.6926 8.7166439e-14
8731.5755 8.5441494e-14
8736.4584 8.4339091e-14
8741.3413 8.4065682e-14
8746.2242 8.3538353e-14
8751.107 8.2044282e-14
8755.9898 8.3462995e-14
8760.8726 8.2828452e-14
8765.7554 8.4775164e-14
8770.6382 8.6272278e-14
8775.5209 8.6775496e-14
8780.4036 9.0737618e-14
8785.2863 8.9321623e-14
8790.169 8.7601848e-14
8795.0517 8.5360382e-14
8799.9343 8.1702216e-14
8804.8169 7.9067802e-14
8809.6995 7.7400055e-14
8814.5821 7.6616549e-14
8819.4646 7.4608126e-14
8824.3471 7.5054322e-14
8829.2296 7.5406966e-14
8834.1121 7.4797915e-14
8838.9945 7.355504e-14
8843.877 7.1159421e-14
8848.7594 6.8372093e-14
8853.6418 7.2096266e-14
8858.5241 7.2842543e-14
8863.4064 7.1558455e-14
8868.2888 6.9010966e-14
8873.171 6.5599741e-14
8878.0533 6.3719714e-14
8882.9355 6.1517652e-14
8887.8178 6.1421551e-14
8892.6999 6.3454477e-14
8897.5821 6.2949795e-14
8902.4643 5.938878e-14
8907.3464 5.8662114e-14
8912.2285 5.6503305e-14
8917.1105 5.5358726e-14
8921.9926 5.377842e-14
8926.8746 5.2537767e-14
8931.7566 5.2129267e-14
8936.6386 5.3738792e-14
8941.5205 5.2778379e-14
8946.4024 5.5208838e-14
8951.2843 5.3179104e-14
8956.1662 5.4047956e-14
8961.048 5.2158802e-14
8965.9298 5.2828822e-14
8970.8116 5.5651515e-14
8975.6934 5.7021689e-14
8980.5751 5.5656014e-14
8985.4568 5.0701207e-14
8990.3385 4.899763e-14
8995.2202 4.830738e-14
9000.1018 4.9174942e-14
9004.9834 5.2124859e-14
9009.865 5.0958691e-14
9014.7465 5.3034257e-14
9019.628 5.3068406e-14
9024.5095 5.317107e-14
9029.391 5.2754215e-14
9034.2724 5.2516676e-14
9039.1539 5.5239379e-14
9044.0352 5.4123721e-14
9048.9166 5.5167354e-14
9053.7979 5.3963724e-14
9058.6792 5.3879298e-14
9063.5605 5.2939654e-14
9068.4417 4.8489319e-14
9073.323 4.8106653e-14
9078.2041 4.6054882e-14
9083.0853 4.0357972e-14
9087.9664 4.4051134e-14
9092.8475 4.4350479e-14
9097.7286 4.5095129e-14
9102.6096 4.5684122e-14
9107.4907 4.7849552e-14
9112.3716 4.8180335e-14
9117.2526 4.9894764e-14
9122.1335 4.8234217e-14
9127.0144 5.0418796e-14
9131.8953 5.0323098e-14
9136.7761 4.8348275e-14
9141.6569 4.7351469e-14
9146.5377 4.4154432e-14
9151.4184 4.1390231e-14
9156.2992 4.2873132e-14
9161.1798 3.9174464e-14
9166.0605 3.6646379e-14
9170.9411 3.5722408e-14
9175.8217 3.5948603e-14
9180.7023 3.7561026e-14
9185.5828 3.9172099e-14
9190.4633 4.1343817e-14
9195.3438 4.0889252e-14
9200.2242 4.34435e-14
9205.1046 4.4638392e-14
9209.985 4.5337249e-14
9214.8653 4.5151159e-14
9219.7456 4.5172931e-14
9224.6259 4.2396293e-14
9229.5062 3.8500409e-14
9234.3864 3.4907427e-14
9239.2666 3.4796388e-14
9244.1467 3.4237773e-14
9249.0268 3.5036945e-14
9253.9069 3.644013e-14
9258.787 3.8598373e-14
9263.667 3.8735782e-14
9268.547 4.040689e-14
9273.4269 4.3275527e-14
9278.3068 4.3636051e-14
9283.1867 4.5764092e-14
9288.0666 4.5212579e-14
9292.9464 4.3827667e-14
9297.8262 4.0942513e-14
9302.7059 3.7965765e-14
9307.5857 3.6263656e-14
9312.4653 3.3758539e-14
9317.345 3.3512479e-14
9322.2246 3.3657823e-14
9327.1042 3.5202439e-14
9331.9837 3.498942e-14
9336.8633 3.554092e-14
9341.7427 3.506567e-14
9346.6222 3.7384782e-14
9351.5016 3.5605447e-14
9356.381 3.7957349e-14
9361.2603 4.2668448e-14
9366.1396 4.1370861e-14
9371.0189 4.2959736e-14
9375.8981 4.3957337e-14
9380.7773 4.1190233e-14
9385.6565 4.2024076e-14
9390.5356 3.8533328e-14
9395.4147 3.5950572e-14
9400.2937 3.243588e-14
9405.1727 3.1078615e-14
9410.0517 2.9636653e-14
9414.9307 2.8797806e-14
9419.8096 2.6924945e-14
9424.6884 2.8882573e-14
9429.5673 2.9455371e-14
9434.4461 2.9493741e-14
9439.3248 3.1965323e-14
9444.2036 3.1729146e-14
9449.0823 3.4560449e-14
9453.9609 3.7153484e-14
9458.8395 3.8058542e-14
9463.7181 3.7490122e-14
9468.5966 3.5133216e-14
9473.4751 3.0649094e-14
9478.3536 2.7256021e-14
9483.232 2.6072169e-14
9488.1104 2.4530371e-14
9492.9887 2.4379584e-14
9497.8671 2.5731031e-14
9502.7453 2.6272677e-14
9507.6236 2.6479478e-14
9512.5018 2.6221873e-14
9517.3799 2.481981e-14
9522.258 2.6651304e-14
9527.1361 2.7807114e-14
9532.0141 3.1812027e-14
9536.8921 3.0187976e-14
9541.7701 3.432082e-14
9546.648 3.3136298e-14
9551.5259 3.101796e-14
9556.4037 2.8671364e-14
9561.2815 2.6216349e-14
9566.1593 2.3673807e-14
9571.037 2.2850172e-14
9575.9147 2.1069977e-14
9580.7924 2.1540788e-14
9585.67 2.0925637e-14
9590.5475 2.2299184e-14
9595.425 2.4675859e-14
9600.3025 2.4705705e-14
9605.18 2.5364927e-14
9610.0573 2.7002629e-14
9614.9347 2.964801e-14
9619.812 2.9541223e-14
9624.6893 2.7033248e-14
9629.5665 2.1335444e-14
9634.4437 2.0473801e-14
9639.3209 2.021263e-14
9644.198 1.9420732e-14
9649.075 2.030785e-14
9653.9521 1.9699096e-14
9658.8291 2.1740161e-14
9663.706 2.3058058e-14
9668.5829 2.648101e-14
9673.4598 2.7414289e-14
9678.3366 2.7949749e-14
9683.2133 2.6101163e-14
9688.0901 2.6708135e-14
9692.9668 2.4457931e-14
9697.8434 2.3144288e-14
9702.72 1.9827398e-14
9707.5966 1.9886523e-14
9712.4731 1.7069078e-14
9717.3495 1.8148409e-14
9722.226 1.8871767e-14
9727.1023 1.8189414e-14
9731.9787 1.8147102e-14
9736.855 2.0079402e-14
9741.7312 1.8189768e-14
9746.6074 1.9510897e-14
9751.4836 2.0038496e-14
9756.3597 2.011676e-14
9761.2358 1.9839433e-14
9766.1118 2.3672384e-14
9770.9878 2.3574924e-14
9775.8638 2.4361084e-14
9780.7397 2.4955723e-14
9785.6155 2.3472242e-14
9790.4913 2.2810597e-14
9795.3671 2.064726e-14
9800.2428 2.0197839e-14
9805.1185 1.8903653e-14
9809.9941 1.7398775e-14
9814.8697 1.7485194e-14
9819.7452 1.7269996e-14
9824.6207 1.6020237e-14
9829.4961 1.6030198e-14
9834.3715 1.6243873e-14
9839.2469 1.9239344e-14
9844.1222 2.0329829e-14
9848.9974 1.9685303e-14
9853.8726 2.2978017e-14
9858.7478 2.2859888e-14
9863.6229 2.3481807e-14
9868.498 1.9373961e-14
9873.373 1.8805492e-14
9878.248 1.827293e-14
9883.1229 1.6733449e-14
9887.9978 1.5681316e-14
9892.8726 1.5436005e-14
9897.7474 1.5385601e-14
9902.6222 1.5172642e-14
9907.4969 1.4466796e-14
9912.3715 1.5228756e-14
9917.2461 1.3205893e-14
9922.1207 1.6423395e-14
9926.9952 1.5860001e-14
9931.8696 1.5173611e-14
9936.744 1.4003663e-14
9941.6184 1.7680351e-14
9946.4927 1.6369149e-14
9951.3669 1.821087e-14
9956.2411 1.7145148e-14
9961.1153 1.8896245e-14
9965.9894 1.8766349e-14
9970.8635 1.8152843e-14
9975.7375 2.1277491e-14
9980.6114 2.111644e-14
9985.4853 2.0110637e-14
9990.3592 2.002828e-14
9995.233 2.0619499e-14
10000.107 2.1277469e-14
