3401.59 7.926e-15
3403.42 1.015e-14
3405.25 7.2e-15
3407.08 4.446e-15
3408.91 5.248e-15
3410.74 5.45e-15
3412.56 6.677e-15
3414.39 9.891e-15
3416.22 8.462e-15
3418.05 4.507e-15
3419.88 6.945e-15
3421.71 5.213e-15
3423.53 7.254e-15
3425.36 8.953e-15
3427.19 8.507e-15
3429.02 7.857e-15
3430.85 6.451e-15
3432.68 7.665e-15
3434.5 7.579e-15
3436.33 7.584e-15
3438.16 6.753e-15
3439.99 6.857e-15
3441.82 8.314e-15
3443.65 6.473e-15
3445.47 7.588e-15
3447.3 1.029e-14
3449.13 1.032e-14
3450.96 8.822e-15
3452.79 7.578e-15
3454.62 8.164e-15
3456.44 9.775e-15
3458.27 1.035e-14
3460.1 9.426e-15
3461.93 8.474e-15
3463.76 8.632e-15
3465.59 8.639e-15
3467.41 7.15e-15
3469.24 8.515e-15
3471.07 9.316e-15
3472.9 9.026e-15
3474.73 8.345e-15
3476.56 9.013e-15
3478.38 8.884e-15
3480.21 9.132e-15
3482.04 9.451e-15
3483.87 8.77e-15
3485.7 8.868e-15
3487.53 8.594e-15
3489.35 9.335e-15
3491.18 9.022e-15
3493.01 9.129e-15
3494.84 9.8e-15
3496.67 1.073e-14
3498.5 9.863e-15
3500.32 8.056e-15
3502.15 8.348e-15
3503.98 9.713e-15
3505.81 9.395e-15
3507.64 6.688e-15
3509.47 7.285e-15
3511.29 9.542e-15
3513.12 9.331e-15
3514.95 9.267e-15
3516.78 8.162e-15
3518.61 8.049e-15
3520.44 8.597e-15
3522.26 8.125e-15
3524.09 7.495e-15
3525.92 7.922e-15
3527.75 8.45e-15
3529.58 8.632e-15
3531.41 8.848e-15
3533.23 9.426e-15
3535.06 9.015e-15
3536.89 8.321e-15
3538.72 7.035e-15
3540.55 6.989e-15
3542.38 8.359e-15
3544.2 8.205e-15
3546.03 7.306e-15
3547.86 7.39e-15
3549.69 7.43e-15
3551.52 7.755e-15
3553.35 8.181e-15
3555.17 8.294e-15
3557.0 9.074e-15
3558.83 9.035e-15
3560.66 8.465e-15
3562.49 8.616e-15
3564.32 8.582e-15
3566.14 8.782e-15
3567.97 8.996e-15
3569.8 9.119e-15
3571.63 9.769e-15
3573.46 1.003e-14
3575.29 1.001e-14
3577.11 9.608e-15
3578.94 9.552e-15
3580.77 9.92e-15
3582.6 1.073e-14
3584.43 1.213e-14
3586.26 1.112e-14
3588.08 1.025e-14
3589.91 1.149e-14
3591.74 1.112e-14
3593.57 1.207e-14
3595.4 1.26e-14
3597.23 1.13e-14
3599.05 1.194e-14
3600.88 1.335e-14
3602.71 1.425e-14
3604.54 1.331e-14
3606.37 1.263e-14
3608.2 1.407e-14
3610.02 1.37e-14
3611.85 1.217e-14
3613.68 1.305e-14
3615.51 1.314e-14
3617.34 1.322e-14
3619.17 1.429e-14
3620.99 1.336e-14
3622.82 1.311e-14
3624.65 1.437e-14
3626.48 1.418e-14
3628.31 1.338e-14
3630.14 1.294e-14
3631.96 1.392e-14
3633.79 1.426e-14
3635.62 1.394e-14
3637.45 1.427e-14
3639.28 1.345e-14
3641.11 1.338e-14
3642.93 1.371e-14
3644.76 1.353e-14
3646.59 1.334e-14
3648.42 1.332e-14
3650.25 1.276e-14
3652.08 1.271e-14
3653.9 1.235e-14
3655.73 1.169e-14
3657.56 1.091e-14
3659.39 1.109e-14
3661.22 1.184e-14
3663.05 1.114e-14
3664.87 1.046e-14
3666.7 9.842e-15
3668.53 8.956e-15
3670.36 9.219e-15
3672.19 9.241e-15
3674.02 9.084e-15
3675.84 8.868e-15
3677.67 8.24e-15
3679.5 7.799e-15
3681.33 8.1e-15
3683.16 8.721e-15
3684.99 7.926e-15
3686.81 7.876e-15
3688.64 7.871e-15
3690.47 7.672e-15
3692.3 7.184e-15
3694.13 6.714e-15
3695.96 6.912e-15
3697.78 6.613e-15
3699.61 6.282e-15
3701.44 6.466e-15
3703.27 5.832e-15
3705.1 5.378e-15
3706.93 5.908e-15
3708.75 5.703e-15
3710.58 5.265e-15
3712.41 5.512e-15
3714.24 5.367e-15
3716.07 4.984e-15
3717.9 4.73e-15
3719.72 5.072e-15
3721.55 4.998e-15
3723.38 4.358e-15
3725.21 4.675e-15
3727.04 4.667e-15
3728.87 4.119e-15
3730.69 4.146e-15
3732.52 4.511e-15
3734.35 4.52e-15
3736.18 4.153e-15
3738.01 4.76e-15
3739.84 4.755e-15
3741.66 4.61e-15
3743.49 4.554e-15
3745.32 4.567e-15
3747.15 4.307e-15
3748.98 4.294e-15
3750.81 4.039e-15
3752.63 3.734e-15
3754.46 4.007e-15
3756.29 3.582e-15
3758.12 3.809e-15
3759.95 3.736e-15
3761.78 3.676e-15
3763.6 3.952e-15
3765.43 3.849e-15
3767.26 4.069e-15
3769.09 4.285e-15
3770.92 4.394e-15
3772.75 3.885e-15
3774.57 3.498e-15
3776.4 3.805e-15
3778.23 4.243e-15
3780.06 4.193e-15
3781.89 4.056e-15
3783.72 4.099e-15
3785.54 4.537e-15
3787.37 4.586e-15
3789.2 4.481e-15
3791.03 4.829e-15
3792.86 5.425e-15
3794.69 5.12e-15
3796.51 4.71e-15
3798.34 5.05e-15
3800.17 5.08e-15
3802.0 5.01e-15
3803.83 5.288e-15
3805.66 5.463e-15
3807.48 5.509e-15
3809.31 5.837e-15
3811.14 5.955e-15
3812.97 6.414e-15
3814.8 6.504e-15
3816.63 6.509e-15
3818.45 6.576e-15
3820.28 6.426e-15
3822.11 6.285e-15
3823.94 6.162e-15
3825.77 6.353e-15
3827.6 6.407e-15
3829.42 6.104e-15
3831.25 6.107e-15
3833.08 6.125e-15
3834.91 5.723e-15
3836.74 6.074e-15
3838.57 6.513e-15
3840.39 6.436e-15
3842.22 6.189e-15
3844.05 6.287e-15
3845.88 6.278e-15
3847.71 6.742e-15
3849.54 6.954e-15
3851.36 6.803e-15
3853.19 6.688e-15
3855.02 6.909e-15
3856.85 7.342e-15
3858.68 7.346e-15
3860.51 7.54e-15
3862.33 7.408e-15
3864.16 7.262e-15
3865.99 7.369e-15
3867.82 7.456e-15
3869.65 7.556e-15
3871.48 7.765e-15
3873.3 8.04e-15
3875.13 8.072e-15
3876.96 8.071e-15
3878.79 8.253e-15
3880.62 8.565e-15
3882.45 9.273e-15
3884.27 9.223e-15
3886.1 9.257e-15
3887.93 9.757e-15
3889.76 9.803e-15
3891.59 9.77e-15
3893.42 1.007e-14
3895.24 1.067e-14
3897.07 1.074e-14
3898.9 1.085e-14
3900.73 1.132e-14
3902.56 1.158e-14
3904.39 1.156e-14
3906.21 1.155e-14
3908.04 1.213e-14
3909.87 1.221e-14
3911.7 1.258e-14
3913.53 1.263e-14
3915.36 1.295e-14
3917.18 1.297e-14
3919.01 1.316e-14
3920.84 1.328e-14
3922.67 1.343e-14
3924.5 1.357e-14
3926.33 1.345e-14
3928.15 1.376e-14
3929.98 1.362e-14
3931.81 1.365e-14
3933.64 1.347e-14
3935.47 1.327e-14
3937.3 1.335e-14
3939.12 1.342e-14
3940.95 1.39e-14
3942.78 1.389e-14
3944.61 1.427e-14
3946.44 1.444e-14
3948.27 1.463e-14
3950.09 1.411e-14
3951.92 1.436e-14
3953.75 1.462e-14
3955.58 1.452e-14
3957.41 1.438e-14
3959.24 1.414e-14
3961.06 1.416e-14
3962.89 1.458e-14
3964.72 1.46e-14
3966.55 1.411e-14
3968.38 1.401e-14
3970.21 1.394e-14
3972.03 1.417e-14
3973.86 1.471e-14
3975.69 1.462e-14
3977.52 1.442e-14
3979.35 1.493e-14
3981.18 1.54e-14
3983.0 1.545e-14
3984.83 1.533e-14
3986.66 1.531e-14
3988.49 1.575e-14
3990.32 1.548e-14
3992.15 1.556e-14
3993.97 1.569e-14
3995.8 1.576e-14
3997.63 1.556e-14
3999.46 1.578e-14
4001.29 1.608e-14
4003.12 1.591e-14
4004.94 1.581e-14
4006.77 1.523e-14
4008.6 1.496e-14
4010.43 1.501e-14
4012.26 1.456e-14
4014.09 1.417e-14
4015.91 1.405e-14
4017.74 1.358e-14
4019.57 1.31e-14
4021.4 1.297e-14
4023.23 1.296e-14
4025.06 1.265e-14
4026.88 1.24e-14
4028.71 1.247e-14
4030.54 1.234e-14
4032.37 1.212e-14
4034.2 1.214e-14
4036.03 1.228e-14
4037.85 1.221e-14
4039.68 1.214e-14
4041.51 1.226e-14
4043.34 1.23e-14
4045.17 1.211e-14
4047.0 1.244e-14
4048.82 1.252e-14
4050.65 1.233e-14
4052.48 1.233e-14
4054.31 1.271e-14
4056.14 1.249e-14
4057.97 1.249e-14
4059.79 1.257e-14
4061.62 1.261e-14
4063.45 1.243e-14
4065.28 1.263e-14
4067.11 1.278e-14
4068.94 1.275e-14
4070.76 1.301e-14
4072.59 1.337e-14
4074.42 1.317e-14
4076.25 1.334e-14
4078.08 1.35e-14
4079.91 1.376e-14
4081.73 1.379e-14
4083.56 1.403e-14
4085.39 1.437e-14
4087.22 1.422e-14
4089.05 1.439e-14
4090.88 1.439e-14
4092.7 1.442e-14
4094.53 1.48e-14
4096.36 1.492e-14
4098.19 1.476e-14
4100.02 1.475e-14
4101.85 1.497e-14
4103.67 1.486e-14
4105.5 1.489e-14
4107.33 1.531e-14
4109.16 1.501e-14
4110.99 1.486e-14
4112.82 1.497e-14
4114.64 1.477e-14
4116.47 1.466e-14
4118.3 1.445e-14
4120.13 1.431e-14
4121.96 1.434e-14
4123.79 1.413e-14
4125.61 1.403e-14
4127.44 1.417e-14
4129.27 1.402e-14
4131.1 1.394e-14
4132.93 1.362e-14
4134.76 1.374e-14
4136.58 1.377e-14
4138.41 1.372e-14
4140.24 1.359e-14
4142.07 1.358e-14
4143.9 1.357e-14
4145.73 1.366e-14
4147.55 1.346e-14
4149.38 1.334e-14
4151.21 1.32e-14
4153.04 1.332e-14
4154.87 1.355e-14
4156.7 1.328e-14
4158.52 1.319e-14
4160.35 1.312e-14
4162.18 1.294e-14
4164.01 1.293e-14
4165.84 1.283e-14
4167.67 1.275e-14
4169.49 1.257e-14
4171.32 1.284e-14
4173.15 1.307e-14
4174.98 1.294e-14
4176.81 1.264e-14
4178.64 1.265e-14
4180.46 1.269e-14
4182.29 1.294e-14
4184.12 1.319e-14
4185.95 1.296e-14
4187.78 1.283e-14
4189.61 1.267e-14
4191.43 1.284e-14
4193.26 1.31e-14
4195.09 1.322e-14
4196.92 1.322e-14
4198.75 1.328e-14
4200.58 1.298e-14
4202.4 1.332e-14
4204.23 1.374e-14
4206.06 1.385e-14
4207.89 1.406e-14
4209.72 1.41e-14
4211.55 1.385e-14
4213.37 1.375e-14
4215.2 1.395e-14
4217.03 1.408e-14
4218.86 1.4e-14
4220.69 1.378e-14
4222.52 1.358e-14
4224.34 1.347e-14
4226.17 1.347e-14
4228.0 1.315e-14
4229.83 1.306e-14
4231.66 1.303e-14
4233.49 1.273e-14
4235.31 1.28e-14
4237.14 1.267e-14
4238.97 1.252e-14
4240.8 1.248e-14
4242.63 1.233e-14
4244.46 1.236e-14
4246.29 1.228e-14
4248.11 1.22e-14
4249.94 1.197e-14
4251.77 1.175e-14
4253.6 1.199e-14
4255.43 1.201e-14
4257.26 1.172e-14
4259.08 1.174e-14
4260.91 1.154e-14
4262.74 1.131e-14
4264.57 1.117e-14
4266.4 1.136e-14
4268.23 1.135e-14
4270.05 1.118e-14
4271.88 1.11e-14
4273.71 1.1e-14
4275.54 1.094e-14
4277.37 1.084e-14
4279.2 1.076e-14
4281.02 1.072e-14
4282.85 1.057e-14
4284.68 1.038e-14
4286.51 1.032e-14
4288.34 1.016e-14
4290.17 1.022e-14
4291.99 1.025e-14
4293.82 1.01e-14
4295.65 9.968e-15
4297.48 9.879e-15
4299.31 9.83e-15
4301.14 9.845e-15
4302.96 9.754e-15
4304.79 9.387e-15
4306.62 9.432e-15
4308.45 9.337e-15
4310.28 9.021e-15
4312.11 9.124e-15
4313.93 9.008e-15
4315.76 8.906e-15
4317.59 9.025e-15
4319.42 8.986e-15
4321.25 8.679e-15
4323.08 8.455e-15
4324.9 8.492e-15
4326.73 8.472e-15
4328.56 8.571e-15
4330.39 8.531e-15
4332.22 8.535e-15
4334.05 8.612e-15
4335.87 8.616e-15
4337.7 8.406e-15
4339.53 8.446e-15
4341.36 8.494e-15
4343.19 8.449e-15
4345.02 8.499e-15
4346.84 8.396e-15
4348.67 8.47e-15
4350.5 8.486e-15
4352.33 8.271e-15
4354.16 8.04e-15
4355.99 8.186e-15
4357.81 8.289e-15
4359.64 8.456e-15
4361.47 8.456e-15
4363.3 8.251e-15
4365.13 8.504e-15
4366.96 8.561e-15
4368.78 8.623e-15
4370.61 8.766e-15
4372.44 8.831e-15
4374.27 8.808e-15
4376.1 8.803e-15
4377.93 8.934e-15
4379.75 9.065e-15
4381.58 9.159e-15
4383.41 9.067e-15
4385.24 9.246e-15
4387.07 9.224e-15
4388.9 9.135e-15
4390.72 9.186e-15
4392.55 9.182e-15
4394.38 9.082e-15
4396.21 9.079e-15
4398.04 9.095e-15
4399.87 9.337e-15
4401.69 9.433e-15
4403.52 9.282e-15
4405.35 9.301e-15
4407.18 9.303e-15
4409.01 9.494e-15
4410.84 9.586e-15
4412.66 9.357e-15
4414.49 9.527e-15
4416.32 9.665e-15
4418.15 9.658e-15
4419.98 9.734e-15
4421.81 9.687e-15
4423.63 9.623e-15
4425.46 9.756e-15
4427.29 9.528e-15
4429.12 9.436e-15
4430.95 9.531e-15
4432.78 9.779e-15
4434.6 9.905e-15
4436.43 9.821e-15
4438.26 9.727e-15
4440.09 9.743e-15
4441.92 9.946e-15
4443.75 9.982e-15
4445.57 9.901e-15
4447.4 1.002e-14
4449.23 9.953e-15
4451.06 9.878e-15
4452.89 9.789e-15
4454.72 9.756e-15
4456.54 9.811e-15
4458.37 9.787e-15
4460.2 9.748e-15
4462.03 9.749e-15
4463.86 9.833e-15
4465.69 9.811e-15
4467.51 9.88e-15
4469.34 9.941e-15
4471.17 9.907e-15
4473.0 1.002e-14
4474.83 1.009e-14
4476.66 1.012e-14
4478.48 1.008e-14
4480.31 1.016e-14
4482.14 1.047e-14
4483.97 1.062e-14
4485.8 1.067e-14
4487.63 1.061e-14
4489.45 1.073e-14
4491.28 1.087e-14
4493.11 1.106e-14
4494.94 1.116e-14
4496.77 1.115e-14
4498.6 1.108e-14
4500.42 1.114e-14
4502.25 1.116e-14
4504.08 1.12e-14
4505.91 1.125e-14
4507.74 1.135e-14
4509.57 1.163e-14
4511.39 1.167e-14
4513.22 1.176e-14
4515.05 1.178e-14
4516.88 1.188e-14
4518.71 1.211e-14
4520.54 1.2e-14
4522.36 1.198e-14
4524.19 1.21e-14
4526.02 1.213e-14
4527.85 1.221e-14
4529.68 1.228e-14
4531.51 1.229e-14
4533.33 1.226e-14
4535.16 1.225e-14
4536.99 1.214e-14
4538.82 1.215e-14
4540.65 1.222e-14
4542.48 1.225e-14
4544.3 1.199e-14
4546.13 1.197e-14
4547.96 1.209e-14
4549.79 1.207e-14
4551.62 1.211e-14
4553.45 1.211e-14
4555.27 1.212e-14
4557.1 1.207e-14
4558.93 1.216e-14
4560.76 1.215e-14
4562.59 1.216e-14
4564.42 1.202e-14
4566.24 1.221e-14
4568.07 1.239e-14
4569.9 1.22e-14
4571.73 1.21e-14
4573.56 1.207e-14
4575.39 1.19e-14
4577.21 1.193e-14
4579.04 1.173e-14
4580.87 1.19e-14
4582.7 1.195e-14
4584.53 1.201e-14
4586.36 1.195e-14
4588.18 1.176e-14
4590.01 1.171e-14
4591.84 1.152e-14
4593.67 1.137e-14
4595.5 1.155e-14
4597.33 1.128e-14
4599.15 1.107e-14
4600.98 1.098e-14
4602.81 1.104e-14
4604.64 1.111e-14
4606.47 1.111e-14
4608.3 1.101e-14
4610.12 1.099e-14
4611.95 1.111e-14
4613.78 1.122e-14
4615.61 1.122e-14
4617.44 1.119e-14
4619.27 1.105e-14
4621.09 1.121e-14
4622.92 1.101e-14
4624.75 1.11e-14
4626.58 1.12e-14
4628.41 1.116e-14
4630.24 1.129e-14
4632.06 1.141e-14
4633.89 1.119e-14
4635.72 1.131e-14
4637.55 1.134e-14
4639.38 1.134e-14
4641.21 1.135e-14
4643.03 1.148e-14
4644.86 1.146e-14
4646.69 1.127e-14
4648.52 1.127e-14
4650.35 1.142e-14
4652.18 1.136e-14
4654.0 1.133e-14
4655.83 1.125e-14
4657.66 1.125e-14
4659.49 1.11e-14
4661.32 1.111e-14
4663.15 1.106e-14
4664.97 1.085e-14
4666.8 1.089e-14
4668.63 1.078e-14
4670.46 1.088e-14
4672.29 1.092e-14
4674.12 1.077e-14
4675.94 1.079e-14
4677.77 1.066e-14
4679.6 1.054e-14
4681.43 1.04e-14
4683.26 1.044e-14
4685.09 1.015e-14
4686.91 9.885e-15
4688.74 9.769e-15
4690.57 9.715e-15
4692.4 9.555e-15
4694.23 9.272e-15
4696.06 9.051e-15
4697.88 8.894e-15
4699.71 8.749e-15
4701.54 8.671e-15
4703.37 8.569e-15
4705.2 8.435e-15
4707.03 8.444e-15
4708.85 8.312e-15
4710.68 8.248e-15
4712.51 8.189e-15
4714.34 8.257e-15
4716.17 8.363e-15
4718.0 8.267e-15
4719.82 8.331e-15
4721.65 8.379e-15
4723.48 8.326e-15
4725.31 8.102e-15
4727.14 8.256e-15
4728.97 8.258e-15
4730.79 8.289e-15
4732.62 8.27e-15
4734.45 8.224e-15
4736.28 8.339e-15
4738.11 8.24e-15
4739.94 8.165e-15
4741.76 8.209e-15
4743.59 8.301e-15
4745.42 8.201e-15
4747.25 8.068e-15
4749.08 8.23e-15
4750.91 8.273e-15
4752.73 8.128e-15
4754.56 8.18e-15
4756.39 8.15e-15
4758.22 8.043e-15
4760.05 8.161e-15
4761.88 8.126e-15
4763.7 8.065e-15
4765.53 7.95e-15
4767.36 8.053e-15
4769.19 8.125e-15
4771.02 8.082e-15
4772.85 8.154e-15
4774.67 8.154e-15
4776.5 7.876e-15
4778.33 7.851e-15
4780.16 7.722e-15
4781.99 7.652e-15
4783.82 7.412e-15
4785.64 7.192e-15
4787.47 7.058e-15
4789.3 6.894e-15
4791.13 6.642e-15
4792.96 6.611e-15
4794.79 6.508e-15
4796.61 6.318e-15
4798.44 6.213e-15
4800.27 6.102e-15
4802.1 6.119e-15
4803.93 6.088e-15
4805.76 6.052e-15
4807.58 6.01e-15
4809.41 6.091e-15
4811.24 6.119e-15
4813.07 6.261e-15
4814.9 6.208e-15
4816.73 6.164e-15
4818.55 6.285e-15
4820.38 6.432e-15
4822.21 6.574e-15
4824.04 6.669e-15
4825.87 6.859e-15
4827.7 6.997e-15
4829.52 6.992e-15
4831.35 6.959e-15
4833.18 7.096e-15
4835.01 7.183e-15
4836.84 7.263e-15
4838.67 7.378e-15
4840.49 7.559e-15
4842.32 7.595e-15
4844.15 7.725e-15
4845.98 7.763e-15
4847.81 7.7e-15
4849.64 7.784e-15
4851.46 7.783e-15
4853.29 7.927e-15
4855.12 7.971e-15
4856.95 7.844e-15
4858.78 7.83e-15
4860.61 7.744e-15
4862.43 7.762e-15
4864.26 7.677e-15
4866.09 7.791e-15
4867.92 7.783e-15
4869.75 7.461e-15
4871.58 7.287e-15
4873.4 7.274e-15
4875.23 6.997e-15
4877.06 6.847e-15
4878.89 6.77e-15
4880.72 6.502e-15
4882.55 6.363e-15
4884.37 6.166e-15
4886.2 6.048e-15
4888.03 6.062e-15
4889.86 5.863e-15
4891.69 5.702e-15
4893.52 5.606e-15
4895.34 5.584e-15
4897.17 5.52e-15
4899.0 5.473e-15
4900.83 5.485e-15
4902.66 5.415e-15
4904.49 5.346e-15
4906.31 5.206e-15
4908.14 5.101e-15
4909.97 5.229e-15
4911.8 5.272e-15
4913.63 5.128e-15
4915.46 5.198e-15
4917.28 5.197e-15
4919.11 5.131e-15
4920.94 5.2e-15
4922.77 5.284e-15
4924.6 5.312e-15
4926.43 5.339e-15
4928.25 5.358e-15
4930.08 5.468e-15
4931.91 5.564e-15
4933.74 5.677e-15
4935.57 5.756e-15
4937.4 5.813e-15
4939.22 5.911e-15
4941.05 5.989e-15
4942.88 6.088e-15
4944.71 6.188e-15
4946.54 6.197e-15
4948.37 6.198e-15
4950.19 6.132e-15
4952.02 6.277e-15
4953.85 6.301e-15
4955.68 6.277e-15
4957.51 6.393e-15
4959.34 6.5e-15
4961.16 6.381e-15
4962.99 6.396e-15
4964.82 6.349e-15
4966.65 6.321e-15
4968.48 6.434e-15
4970.31 6.545e-15
4972.13 6.467e-15
4973.96 6.428e-15
4975.79 6.392e-15
4977.62 6.39e-15
4979.45 6.43e-15
4981.28 6.392e-15
4983.1 6.462e-15
4984.93 6.428e-15
4986.76 6.357e-15
4988.59 6.474e-15
4990.42 6.464e-15
4992.25 6.542e-15
4994.07 6.5e-15
4995.9 6.355e-15
4997.73 6.451e-15
4999.56 6.346e-15
5001.39 6.3e-15
5003.22 6.381e-15
5005.04 6.4e-15
5006.87 6.381e-15
5008.7 6.227e-15
5010.53 6.103e-15
5012.36 6.131e-15
5014.19 6.185e-15
5016.01 6.109e-15
5017.84 6.056e-15
5019.67 5.981e-15
5021.5 5.88e-15
5023.33 5.891e-15
5025.16 5.792e-15
5026.98 5.74e-15
5028.81 5.766e-15
5030.64 5.678e-15
5032.47 5.659e-15
5034.3 5.569e-15
5036.13 5.514e-15
5037.95 5.414e-15
5039.78 5.389e-15
5041.61 5.519e-15
5043.44 5.509e-15
5045.27 5.52e-15
5047.1 5.575e-15
5048.92 5.683e-15
5050.75 5.712e-15
5052.58 5.734e-15
5054.41 5.748e-15
5056.24 5.786e-15
5058.07 5.729e-15
5059.89 5.79e-15
5061.72 5.897e-15
5063.55 6.048e-15
5065.38 6.017e-15
5067.21 5.966e-15
5069.04 5.961e-15
5070.86 6.088e-15
5072.69 6.063e-15
5074.52 6.146e-15
5076.35 6.13e-15
5078.18 5.982e-15
5080.01 6.001e-15
5081.83 6.031e-15
5083.66 6.023e-15
5085.49 6.088e-15
5087.32 6.139e-15
5089.15 6.182e-15
5090.98 6.323e-15
5092.8 6.363e-15
5094.63 6.209e-15
5096.46 6.286e-15
5098.29 6.532e-15
5100.12 6.532e-15
5101.95 6.596e-15
5103.77 6.721e-15
5105.6 6.736e-15
5107.43 6.819e-15
5109.26 6.826e-15
5111.09 6.918e-15
5112.92 7.093e-15
5114.74 7.269e-15
5116.57 7.224e-15
5118.4 7.442e-15
5120.23 7.538e-15
5122.06 7.534e-15
5123.89 7.753e-15
5125.71 7.733e-15
5127.54 7.82e-15
5129.37 7.852e-15
5131.2 8.046e-15
5133.03 7.993e-15
5134.86 7.904e-15
5136.68 8.154e-15
5138.51 8.256e-15
5140.34 8.342e-15
5142.17 8.427e-15
5144.0 8.46e-15
5145.83 8.504e-15
5147.65 8.585e-15
5149.48 8.733e-15
5151.31 8.876e-15
5153.14 8.923e-15
5154.97 8.838e-15
5156.8 9.144e-15
5158.62 9.212e-15
5160.45 9.25e-15
5162.28 9.126e-15
5164.11 9.169e-15
5165.94 9.177e-15
5167.77 9.106e-15
5169.59 9.078e-15
5171.42 9.01e-15
5173.25 9.128e-15
5175.08 9.187e-15
5176.91 9.242e-15
5178.74 9.073e-15
5180.56 9.212e-15
5182.39 9.101e-15
5184.22 9.109e-15
5186.05 9.117e-15
5187.88 8.971e-15
5189.71 8.938e-15
5191.53 8.93e-15
5193.36 8.881e-15
5195.19 9.063e-15
5197.02 9.112e-15
5198.85 9.023e-15
5200.68 8.99e-15
5202.5 9.111e-15
5204.33 8.975e-15
5206.16 8.944e-15
5207.99 8.973e-15
5209.82 8.98e-15
5211.65 8.966e-15
5213.47 8.95e-15
5215.3 8.987e-15
5217.13 9.036e-15
5218.96 9.045e-15
5220.79 9.11e-15
5222.62 9.24e-15
5224.44 9.103e-15
5226.27 9.128e-15
5228.1 9.148e-15
5229.93 9.339e-15
5231.76 9.196e-15
5233.59 9.221e-15
5235.41 9.318e-15
5237.24 9.43e-15
5239.07 9.523e-15
5240.9 9.609e-15
5242.73 9.647e-15
5244.56 9.629e-15
5246.38 9.702e-15
5248.21 9.69e-15
5250.04 9.756e-15
5251.87 9.691e-15
5253.7 9.641e-15
5255.53 9.765e-15
5257.35 9.806e-15
5259.18 9.724e-15
5261.01 9.623e-15
5262.84 9.76e-15
5264.67 9.818e-15
5266.5 9.748e-15
5268.32 9.857e-15
5270.15 9.801e-15
5271.98 9.787e-15
5273.81 9.816e-15
5275.64 9.625e-15
5277.47 9.7e-15
5279.29 9.493e-15
5281.12 9.382e-15
5282.95 9.135e-15
5284.78 8.965e-15
5286.61 8.836e-15
5288.44 8.719e-15
5290.26 8.662e-15
5292.09 8.225e-15
5293.92 8.211e-15
5295.75 8.077e-15
5297.58 7.977e-15
5299.41 7.65e-15
5301.23 7.464e-15
5303.06 7.42e-15
5304.89 7.368e-15
5306.72 7.112e-15
5308.55 6.99e-15
5310.38 6.893e-15
5312.2 6.84e-15
5314.03 6.628e-15
5315.86 6.658e-15
5317.69 6.552e-15
5319.52 6.43e-15
5321.35 6.301e-15
5323.17 6.444e-15
5325.0 6.377e-15
5326.83 6.394e-15
5328.66 6.429e-15
5330.49 6.303e-15
5332.32 6.245e-15
5334.14 6.325e-15
5335.97 6.271e-15
5337.8 6.311e-15
5339.63 6.25e-15
5341.46 6.189e-15
5343.29 6.223e-15
5345.11 6.334e-15
5346.94 6.339e-15
5348.77 6.325e-15
5351.34 6.325e-15
5353.64 6.428e-15
5355.93 6.237e-15
5358.22 6.312e-15
5360.52 6.403e-15
5362.81 6.252e-15
5365.11 6.246e-15
5367.4 6.222e-15
5369.7 6.266e-15
5371.99 6.177e-15
5374.29 6.082e-15
5376.58 6.054e-15
5378.88 6.164e-15
5381.17 6.272e-15
5383.47 6.109e-15
5385.76 6.088e-15
5388.06 6.274e-15
5390.35 6.467e-15
5392.64 6.586e-15
5394.94 6.524e-15
5397.23 6.549e-15
5399.53 6.57e-15
5401.82 6.819e-15
5404.12 6.951e-15
5406.41 6.944e-15
5408.71 7.034e-15
5411.0 6.982e-15
5413.3 7.069e-15
5415.59 7.224e-15
5417.89 7.196e-15
5420.18 7.072e-15
5422.47 7.033e-15
5424.77 7.086e-15
5427.06 7.188e-15
5429.36 7.342e-15
5431.65 7.089e-15
5433.95 7.243e-15
5436.24 7.324e-15
5438.54 7.426e-15
5440.83 7.462e-15
5443.13 7.278e-15
5445.42 7.291e-15
5447.72 7.397e-15
5450.01 7.283e-15
5452.3 7.263e-15
5454.6 7.275e-15
5456.89 7.117e-15
5459.19 7.039e-15
5461.48 7.111e-15
5463.78 7.159e-15
5466.07 6.983e-15
5468.37 6.743e-15
5470.66 6.642e-15
5472.96 6.759e-15
5475.25 6.689e-15
5477.55 6.418e-15
5479.84 6.302e-15
5482.13 6.188e-15
5484.43 6.166e-15
5486.72 6.086e-15
5489.02 5.952e-15
5491.31 5.753e-15
5493.61 5.624e-15
5495.9 5.618e-15
5498.2 5.472e-15
5500.49 5.187e-15
5502.79 5.24e-15
5505.08 5.123e-15
5507.38 5.052e-15
5509.67 4.879e-15
5511.97 4.965e-15
5514.26 4.821e-15
5516.55 4.648e-15
5518.85 4.76e-15
5521.14 4.785e-15
5523.44 4.79e-15
5525.73 4.805e-15
5528.03 4.796e-15
5530.32 4.865e-15
5532.62 5.014e-15
5534.91 5.078e-15
5537.21 5.282e-15
5539.5 5.375e-15
5541.8 5.502e-15
5544.09 5.673e-15
5546.38 5.804e-15
5548.68 5.947e-15
5550.97 6.01e-15
5553.27 6.132e-15
5555.56 6.212e-15
5557.86 6.338e-15
5560.15 6.593e-15
5562.45 6.612e-15
5564.74 6.805e-15
5567.04 6.841e-15
5569.33 6.905e-15
5571.63 7.137e-15
5573.92 7.32e-15
5576.21 7.377e-15
5578.51 7.425e-15
5580.8 7.451e-15
5583.1 7.564e-15
5585.39 7.555e-15
5587.69 7.842e-15
5589.98 7.954e-15
5592.28 8.088e-15
5594.57 8.232e-15
5596.87 8.269e-15
5599.16 8.456e-15
5601.46 8.518e-15
5603.75 8.707e-15
5606.04 8.664e-15
5608.34 8.795e-15
5610.63 8.911e-15
5612.93 8.97e-15
5615.22 9.03e-15
5617.52 9.021e-15
5619.81 9.008e-15
5622.11 9.245e-15
5624.4 9.195e-15
5626.7 9.138e-15
5628.99 9.249e-15
5631.29 9.272e-15
5633.58 9.26e-15
5635.87 9.391e-15
5638.17 9.198e-15
5640.46 9.241e-15
5642.76 9.344e-15
5645.05 9.307e-15
5647.35 9.292e-15
5649.64 9.199e-15
5651.94 9.06e-15
5654.23 9.062e-15
5656.53 9.02e-15
5658.82 9.158e-15
5661.12 9.078e-15
5663.41 8.969e-15
5665.71 8.751e-15
5668.0 8.792e-15
5670.29 8.718e-15
5672.59 8.495e-15
5674.88 8.499e-15
5677.18 8.401e-15
5679.47 8.467e-15
5681.77 8.425e-15
5684.06 8.509e-15
5686.36 8.388e-15
5688.65 8.388e-15
5690.95 8.214e-15
5693.24 8.079e-15
5695.54 8.115e-15
5697.83 8.127e-15
5700.12 8.058e-15
5702.42 8.148e-15
5704.71 8.076e-15
5707.01 8.02e-15
5709.3 8.042e-15
5711.6 7.856e-15
5713.89 7.939e-15
5716.19 8e-15
5718.48 7.95e-15
5720.78 7.857e-15
5723.07 7.814e-15
5725.37 7.704e-15
5727.66 7.845e-15
5729.95 7.848e-15
5732.25 7.893e-15
5734.54 7.752e-15
5736.84 7.735e-15
5739.13 7.759e-15
5741.43 7.75e-15
5743.72 7.826e-15
5746.02 7.767e-15
5748.31 7.77e-15
5750.61 7.767e-15
5752.9 7.761e-15
5755.2 7.867e-15
5757.49 7.793e-15
5759.78 7.903e-15
5762.08 7.864e-15
5764.37 7.824e-15
5766.67 7.783e-15
5768.96 7.741e-15
5771.26 7.87e-15
5773.55 7.855e-15
5775.85 7.827e-15
5778.14 7.787e-15
5780.44 7.673e-15
5782.73 7.656e-15
5785.03 7.679e-15
5787.32 7.573e-15
5789.62 7.581e-15
5791.91 7.642e-15
5794.2 7.611e-15
5796.5 7.518e-15
5798.79 7.417e-15
5801.09 7.514e-15
5803.38 7.529e-15
5805.68 7.407e-15
5807.97 7.261e-15
5810.27 7.191e-15
5812.56 7.078e-15
5814.86 7.022e-15
5817.15 7.113e-15
5819.45 7.128e-15
5821.74 7.121e-15
5824.03 7.136e-15
5826.33 7.101e-15
5828.62 7e-15
5830.92 6.985e-15
5833.21 6.999e-15
5835.51 7.037e-15
5837.8 7.086e-15
5840.1 7.103e-15
5842.39 7.131e-15
5844.69 7.151e-15
5846.98 7.201e-15
5849.28 7.217e-15
5851.57 7.271e-15
5853.86 7.348e-15
5856.16 7.304e-15
5858.45 7.278e-15
5860.75 7.369e-15
5863.04 7.36e-15
5865.34 7.45e-15
5867.63 7.393e-15
5869.93 7.561e-15
5872.22 7.521e-15
5874.52 7.478e-15
5876.81 7.505e-15
5879.11 7.527e-15
5881.4 7.429e-15
5883.69 7.408e-15
5885.99 7.381e-15
5888.28 7.271e-15
5890.58 7.156e-15
5892.87 7.157e-15
5895.17 7.222e-15
5897.46 7.324e-15
5899.76 7.31e-15
5902.05 7.364e-15
5904.35 7.443e-15
5906.64 7.492e-15
5908.94 7.446e-15
5911.23 7.53e-15
5913.52 7.477e-15
5915.82 7.448e-15
5918.11 7.377e-15
5920.41 7.278e-15
5922.7 7.353e-15
5925.0 7.373e-15
5927.29 7.476e-15
5929.59 7.508e-15
5931.88 7.426e-15
5934.18 7.364e-15
5936.47 7.414e-15
5938.77 7.423e-15
5941.06 7.284e-15
5943.36 7.224e-15
5945.65 7.246e-15
5947.94 7.222e-15
5950.24 7.354e-15
5952.53 7.317e-15
5954.83 7.313e-15
5957.12 7.349e-15
5959.42 7.315e-15
5961.71 7.261e-15
5964.01 7.293e-15
5966.3 7.343e-15
5968.6 7.324e-15
5970.89 7.156e-15
5973.19 7.216e-15
5975.48 7.234e-15
5977.77 7.263e-15
5980.07 7.348e-15
5982.36 7.194e-15
5984.66 7.23e-15
5986.95 7.244e-15
5989.25 7.304e-15
5991.54 7.241e-15
5993.84 7.206e-15
5996.13 7.232e-15
5998.43 7.3e-15
6000.72 7.285e-15
6003.02 7.315e-15
6005.31 7.315e-15
6007.6 7.322e-15
6009.9 7.198e-15
6012.19 7.316e-15
6014.49 7.351e-15
6016.78 7.368e-15
6019.08 7.302e-15
6021.37 7.304e-15
6023.67 7.29e-15
6025.96 7.393e-15
6028.26 7.34e-15
6030.55 7.259e-15
6032.85 7.329e-15
6035.14 7.381e-15
6037.43 7.412e-15
6039.73 7.289e-15
6042.02 7.299e-15
6044.32 7.226e-15
6046.61 7.189e-15
6048.91 7.117e-15
6051.2 7.173e-15
6053.5 7.178e-15
6055.79 7.144e-15
6058.09 7.114e-15
6060.38 7.001e-15
6062.68 6.929e-15
6064.97 6.95e-15
6067.27 6.882e-15
6069.56 6.855e-15
6071.85 6.714e-15
6074.15 6.675e-15
6076.44 6.76e-15
6078.74 6.7e-15
6081.03 6.562e-15
6083.33 6.617e-15
6085.62 6.709e-15
6087.92 6.617e-15
6090.21 6.665e-15
6092.51 6.602e-15
6094.8 6.52e-15
6097.1 6.485e-15
6099.39 6.462e-15
6101.68 6.363e-15
6103.98 6.365e-15
6106.27 6.316e-15
6108.57 6.251e-15
6110.86 6.19e-15
6113.16 6.183e-15
6115.45 6.02e-15
6117.75 5.938e-15
6120.04 5.887e-15
6122.34 5.828e-15
6124.63 5.672e-15
6126.93 5.53e-15
6129.22 5.406e-15
6131.51 5.227e-15
6133.81 5.146e-15
6136.1 5.072e-15
6138.4 5.005e-15
6140.69 4.882e-15
6142.99 4.728e-15
6145.28 4.623e-15
6147.58 4.585e-15
6149.87 4.487e-15
6152.17 4.337e-15
6154.46 4.298e-15
6156.76 4.25e-15
6159.05 4.096e-15
6161.34 3.993e-15
6163.64 3.855e-15
6165.93 3.678e-15
6168.23 3.61e-15
6170.52 3.513e-15
6172.82 3.353e-15
6175.11 3.226e-15
6177.41 3.144e-15
6179.7 3.019e-15
6182.0 2.964e-15
6184.29 2.906e-15
6186.59 2.802e-15
6188.88 2.719e-15
6191.18 2.657e-15
6193.47 2.666e-15
6195.76 2.631e-15
6198.06 2.612e-15
6200.35 2.583e-15
6202.65 2.607e-15
6204.94 2.656e-15
6207.24 2.66e-15
6209.53 2.672e-15
6211.83 2.719e-15
6214.12 2.743e-15
6216.42 2.797e-15
6218.71 2.823e-15
6221.01 2.917e-15
6223.3 2.987e-15
6225.59 3.123e-15
6227.89 3.225e-15
6230.18 3.185e-15
6232.48 3.255e-15
6234.77 3.344e-15
6237.07 3.407e-15
6239.36 3.525e-15
6241.66 3.599e-15
6243.95 3.667e-15
6246.25 3.816e-15
6248.54 3.933e-15
6250.84 4.079e-15
6253.13 4.124e-15
6255.42 4.233e-15
6257.72 4.33e-15
6260.01 4.39e-15
6262.31 4.495e-15
6264.6 4.521e-15
6266.9 4.594e-15
6269.19 4.75e-15
6271.49 4.836e-15
6273.78 4.826e-15
6276.08 4.739e-15
6278.37 4.663e-15
6280.67 4.729e-15
6282.96 4.822e-15
6285.25 4.943e-15
6287.55 5.107e-15
6289.84 5.232e-15
6292.14 5.224e-15
6294.43 5.198e-15
6296.73 5.326e-15
6299.02 5.427e-15
6301.32 5.434e-15
6303.61 5.37e-15
6305.91 5.426e-15
6308.2 5.566e-15
6310.5 5.579e-15
6312.79 5.608e-15
6315.08 5.619e-15
6317.38 5.625e-15
6319.67 5.694e-15
6321.97 5.727e-15
6324.26 5.658e-15
6326.56 5.726e-15
6328.85 5.767e-15
6331.15 5.68e-15
6333.44 5.704e-15
6335.74 5.738e-15
6338.03 5.778e-15
6340.33 5.774e-15
6342.62 5.733e-15
6344.92 5.674e-15
6347.21 5.741e-15
6349.5 5.802e-15
6351.8 5.799e-15
6354.09 5.807e-15
6356.39 5.727e-15
6358.68 5.703e-15
6360.98 5.807e-15
6363.27 5.817e-15
6365.57 5.767e-15
6367.86 5.684e-15
6370.16 5.679e-15
6372.45 5.714e-15
6374.75 5.749e-15
6377.04 5.757e-15
6379.33 5.777e-15
6381.63 5.782e-15
6383.92 5.756e-15
6386.22 5.737e-15
6388.51 5.658e-15
6390.81 5.728e-15
6393.1 5.757e-15
6395.4 5.697e-15
6397.69 5.702e-15
6399.99 5.711e-15
6402.28 5.689e-15
6404.58 5.666e-15
6406.87 5.689e-15
6409.16 5.695e-15
6411.46 5.612e-15
6413.75 5.535e-15
6416.05 5.604e-15
6418.34 5.664e-15
6420.64 5.609e-15
6422.93 5.618e-15
6425.23 5.675e-15
6427.52 5.626e-15
6429.82 5.586e-15
6432.11 5.584e-15
6434.41 5.575e-15
6436.7 5.552e-15
6438.99 5.538e-15
6441.29 5.531e-15
6443.58 5.638e-15
6445.88 5.552e-15
6448.17 5.487e-15
6450.47 5.553e-15
6452.76 5.533e-15
6455.06 5.554e-15
6457.35 5.629e-15
6459.65 5.578e-15
6461.94 5.522e-15
6464.24 5.419e-15
6466.53 5.384e-15
6468.83 5.485e-15
6471.12 5.473e-15
6473.41 5.425e-15
6475.71 5.407e-15
6478.0 5.403e-15
6480.3 5.381e-15
6482.59 5.427e-15
6484.89 5.456e-15
6487.18 5.393e-15
6489.48 5.35e-15
6491.77 5.386e-15
6494.07 5.343e-15
6496.36 5.281e-15
6498.66 5.335e-15
6500.95 5.378e-15
6503.24 5.391e-15
6505.54 5.343e-15
6507.83 5.316e-15
6510.13 5.343e-15
6512.42 5.33e-15
6514.72 5.286e-15
6517.01 5.246e-15
6519.31 5.262e-15
6521.6 5.361e-15
6523.9 5.382e-15
6526.19 5.319e-15
6528.49 5.301e-15
6530.78 5.263e-15
6533.07 5.287e-15
6535.37 5.273e-15
6537.66 5.27e-15
6539.96 5.308e-15
6542.25 5.3e-15
6544.55 5.272e-15
6546.84 5.294e-15
6549.14 5.283e-15
6551.43 5.241e-15
6553.73 5.202e-15
6556.02 5.234e-15
6558.32 5.241e-15
6560.61 5.257e-15
6562.9 5.282e-15
6565.2 5.216e-15
6567.49 5.186e-15
6569.79 5.211e-15
6572.08 5.131e-15
6574.38 5.097e-15
6576.67 5.098e-15
6578.97 5.12e-15
6581.26 5.108e-15
6583.56 5.124e-15
6585.85 5.088e-15
6588.15 5.096e-15
6590.44 5.06e-15
6592.73 5.127e-15
6595.03 5.1e-15
6597.32 5.031e-15
6599.62 5.076e-15
6601.91 5.044e-15
6604.21 5.005e-15
6606.5 4.975e-15
6608.8 4.944e-15
6611.09 4.928e-15
6613.39 4.969e-15
6615.68 4.991e-15
6617.98 4.926e-15
6620.27 4.911e-15
6622.57 4.887e-15
6624.86 4.877e-15
6627.15 4.817e-15
6629.45 4.804e-15
6631.74 4.781e-15
6634.04 4.745e-15
6636.33 4.727e-15
6638.63 4.692e-15
6640.92 4.713e-15
6643.22 4.768e-15
6645.51 4.646e-15
6647.81 4.619e-15
6650.1 4.597e-15
6652.4 4.592e-15
6654.69 4.604e-15
6656.98 4.577e-15
6659.28 4.552e-15
6661.57 4.559e-15
6663.87 4.545e-15
6666.16 4.525e-15
6668.46 4.424e-15
6670.75 4.507e-15
6673.05 4.492e-15
6675.34 4.384e-15
6677.64 4.411e-15
6679.93 4.451e-15
6682.23 4.452e-15
6684.52 4.355e-15
6686.81 4.374e-15
6689.11 4.327e-15
6691.4 4.35e-15
6693.7 4.298e-15
6695.99 4.283e-15
6698.29 4.227e-15
6700.58 4.236e-15
6702.88 4.202e-15
6705.17 4.18e-15
6707.47 4.185e-15
6709.76 4.226e-15
6712.06 4.135e-15
6714.35 4.186e-15
6716.64 4.115e-15
6718.94 4.091e-15
6721.23 4.11e-15
6723.53 4.03e-15
6725.82 4.038e-15
6728.12 4.071e-15
6730.41 4.051e-15
6732.71 4.073e-15
6735.0 3.998e-15
6737.3 4.043e-15
6739.59 4.019e-15
6741.89 3.978e-15
6744.18 3.953e-15
6746.48 3.963e-15
6748.77 3.888e-15
6751.06 3.987e-15
6753.36 3.87e-15
6755.65 3.901e-15
6757.95 3.888e-15
6760.24 3.87e-15
6762.54 3.885e-15
6764.83 3.859e-15
6767.13 3.854e-15
6769.42 3.854e-15
6771.72 3.855e-15
6774.01 3.818e-15
6776.31 3.809e-15
6778.6 3.719e-15
6780.89 3.672e-15
6783.19 3.689e-15
6785.48 3.735e-15
6787.78 3.681e-15
6790.07 3.671e-15
6792.37 3.678e-15
6794.66 3.659e-15
6796.96 3.666e-15
6799.25 3.618e-15
6801.55 3.561e-15
6803.84 3.513e-15
6806.14 3.573e-15
6808.43 3.444e-15
6810.72 3.451e-15
6813.02 3.402e-15
6815.31 3.426e-15
6817.61 3.423e-15
6819.9 3.426e-15
6822.2 3.424e-15
6824.49 3.382e-15
6826.79 3.369e-15
6829.08 3.395e-15
6831.38 3.355e-15
6833.67 3.325e-15
6835.97 3.325e-15
6838.26 3.319e-15
6840.55 3.296e-15
6842.85 3.313e-15
6845.14 3.262e-15
6847.44 3.285e-15
6849.73 3.269e-15
6852.03 3.266e-15
6854.32 3.315e-15
6856.62 3.322e-15
6858.91 3.27e-15
6861.21 3.244e-15
6863.5 3.22e-15
6865.8 3.051e-15
6868.09 2.638e-15
6870.39 2.385e-15
6872.68 2.247e-15
6874.97 2.336e-15
6877.27 2.53e-15
6879.56 2.761e-15
6881.86 2.943e-15
6884.15 2.989e-15
6886.45 2.917e-15
6888.74 2.793e-15
6891.04 2.732e-15
6893.33 2.803e-15
6895.63 2.831e-15
6897.92 2.793e-15
6900.22 2.823e-15
6902.51 2.867e-15
6904.8 2.892e-15
6907.1 2.889e-15
6909.39 2.956e-15
6911.69 2.985e-15
6913.98 2.996e-15
6916.28 2.976e-15
6918.57 2.985e-15
6920.87 3.024e-15
6923.16 2.985e-15
6925.46 3.002e-15
6927.75 2.985e-15
6930.05 2.938e-15
6932.34 2.994e-15
6934.63 2.963e-15
6936.93 2.94e-15
6939.22 2.906e-15
6941.52 2.827e-15
6943.81 2.828e-15
6946.11 2.901e-15
6948.4 2.889e-15
6950.7 2.88e-15
6952.99 2.88e-15
6955.29 2.924e-15
6957.58 2.899e-15
6959.88 2.854e-15
6962.17 2.887e-15
6964.46 2.883e-15
6966.76 2.894e-15
6969.05 2.919e-15
6971.35 2.919e-15
6973.64 2.944e-15
6975.94 2.901e-15
6978.23 2.886e-15
6980.53 2.889e-15
6982.82 2.89e-15
6985.12 2.826e-15
6987.41 2.779e-15
6989.71 2.79e-15
6992.0 2.783e-15
6994.29 2.822e-15
6996.59 2.834e-15
6998.88 2.801e-15
7001.18 2.842e-15
7003.47 2.771e-15
7005.77 2.787e-15
7008.06 2.864e-15
7010.36 2.836e-15
7012.65 2.771e-15
7014.95 2.829e-15
7017.24 2.819e-15
7019.54 2.786e-15
7021.83 2.841e-15
7024.13 2.785e-15
7026.42 2.761e-15
7028.71 2.782e-15
7031.01 2.803e-15
7033.3 2.839e-15
7035.6 2.823e-15
7037.89 2.799e-15
7040.19 2.783e-15
7042.48 2.751e-15
7044.78 2.812e-15
7047.07 2.843e-15
7049.37 2.806e-15
7051.66 2.783e-15
7053.96 2.759e-15
7056.25 2.763e-15
7058.54 2.745e-15
7060.84 2.732e-15
7063.13 2.801e-15
7065.43 2.818e-15
7067.72 2.768e-15
7070.02 2.757e-15
7072.31 2.744e-15
7074.61 2.721e-15
7076.9 2.727e-15
7079.2 2.744e-15
7081.49 2.747e-15
7083.79 2.734e-15
7086.08 2.72e-15
7088.37 2.71e-15
7090.67 2.695e-15
7092.96 2.717e-15
7095.26 2.76e-15
7097.55 2.736e-15
7099.85 2.687e-15
7102.14 2.699e-15
7104.44 2.714e-15
7106.73 2.715e-15
7109.03 2.706e-15
7111.32 2.682e-15
7113.62 2.687e-15
7115.91 2.677e-15
7118.2 2.718e-15
7120.5 2.716e-15
7122.79 2.681e-15
7125.09 2.687e-15
7127.38 2.67e-15
7129.68 2.669e-15
7131.97 2.703e-15
7134.27 2.698e-15
7136.56 2.712e-15
7138.86 2.717e-15
7141.15 2.703e-15
7143.45 2.664e-15
7145.74 2.623e-15
7148.04 2.634e-15
7150.33 2.657e-15
7152.62 2.632e-15
7154.92 2.682e-15
7157.21 2.675e-15
7159.51 2.715e-15
7161.8 2.717e-15
7164.1 2.607e-15
7166.39 2.504e-15
7168.69 2.445e-15
7170.98 2.473e-15
7173.28 2.399e-15
7175.57 2.389e-15
7177.87 2.361e-15
7180.16 2.346e-15
7182.45 2.351e-15
7184.75 2.258e-15
7187.04 2.186e-15
7189.34 2.215e-15
7191.63 2.249e-15
7193.93 2.285e-15
7196.22 2.31e-15
7198.52 2.307e-15
7200.81 2.267e-15
7203.11 2.275e-15
7205.4 2.294e-15
7207.7 2.361e-15
7209.99 2.391e-15
7212.28 2.513e-15
7214.58 2.586e-15
7216.87 2.55e-15
7219.17 2.542e-15
7221.46 2.557e-15
7223.76 2.593e-15
7226.05 2.515e-15
7228.35 2.49e-15
7230.64 2.463e-15
7232.94 2.377e-15
7235.23 2.27e-15
7237.53 2.289e-15
7239.82 2.297e-15
7242.11 2.334e-15
7244.41 2.286e-15
7246.7 2.339e-15
7249.0 2.333e-15
7251.29 2.323e-15
7253.59 2.306e-15
7255.88 2.339e-15
7258.18 2.328e-15
7260.47 2.351e-15
7262.77 2.341e-15
7265.06 2.324e-15
7267.36 2.329e-15
7269.65 2.349e-15
7271.94 2.377e-15
7274.24 2.272e-15
7276.53 2.2e-15
7278.83 2.249e-15
7281.12 2.317e-15
7283.42 2.37e-15
7285.71 2.348e-15
7288.01 2.31e-15
7290.3 2.242e-15
7292.6 2.217e-15
7294.89 2.313e-15
7297.19 2.394e-15
7299.48 2.341e-15
7301.78 2.334e-15
7304.07 2.264e-15
7306.36 2.28e-15
7308.66 2.317e-15
7310.95 2.339e-15
7313.25 2.284e-15
7315.54 2.315e-15
7317.84 2.286e-15
7320.13 2.208e-15
7322.43 2.295e-15
7324.72 2.405e-15
7327.02 2.402e-15
7329.31 2.332e-15
7331.61 2.365e-15
7333.9 2.353e-15
7336.19 2.354e-15
7338.49 2.341e-15
7340.78 2.307e-15
7343.08 2.341e-15
7345.37 2.299e-15
7347.67 2.298e-15
7349.96 2.29e-15
7352.26 2.296e-15
7354.55 2.27e-15
7356.85 2.318e-15
7359.14 2.302e-15
7361.44 2.264e-15
7363.73 2.257e-15
7366.02 2.23e-15
7368.32 2.226e-15
7370.61 2.237e-15
7372.91 2.206e-15
7375.2 2.195e-15
7377.5 2.186e-15
7379.79 2.141e-15
7382.09 2.095e-15
7384.38 2.1e-15
7386.68 2.091e-15
7388.97 2.096e-15
7391.27 2.042e-15
7393.56 2.053e-15
7395.85 2.045e-15
7398.15 2.022e-15
7400.44 2.053e-15
7402.74 2.036e-15
7405.03 2.004e-15
7407.33 1.983e-15
7409.62 1.999e-15
7411.92 1.98e-15
7414.21 1.956e-15
7416.51 1.98e-15
7418.8 1.949e-15
7421.1 1.933e-15
7423.39 1.962e-15
7425.69 1.967e-15
7427.98 1.949e-15
7430.27 1.958e-15
7432.57 1.937e-15
7434.86 1.883e-15
7437.16 1.876e-15
7439.45 1.88e-15
7441.75 1.87e-15
7444.04 1.837e-15
7446.34 1.834e-15
7448.63 1.866e-15
7450.93 1.867e-15
7453.22 1.809e-15
7455.52 1.808e-15
7457.81 1.844e-15
7460.1 1.83e-15
7462.4 1.832e-15
7464.69 1.805e-15
7466.99 1.838e-15
7469.28 1.849e-15
7471.58 1.848e-15
7473.87 1.812e-15
7476.17 1.784e-15
7478.46 1.808e-15
7480.76 1.811e-15
7483.05 1.849e-15
7485.35 1.848e-15
7487.64 1.81e-15
7489.93 1.8e-15
7492.23 1.838e-15
7494.52 1.811e-15
7496.82 1.776e-15
7499.11 1.784e-15
7501.41 1.766e-15
7503.7 1.758e-15
7506.0 1.774e-15
7508.29 1.746e-15
7510.59 1.75e-15
7512.88 1.727e-15
7515.18 1.762e-15
7517.47 1.729e-15
7519.76 1.756e-15
7522.06 1.738e-15
7524.35 1.685e-15
7526.65 1.68e-15
7528.94 1.685e-15
7531.24 1.67e-15
7533.53 1.654e-15
7535.83 1.667e-15
7538.12 1.648e-15
7540.42 1.568e-15
7542.71 1.545e-15
7545.01 1.526e-15
7547.3 1.511e-15
7549.59 1.44e-15
7551.89 1.453e-15
7554.18 1.376e-15
7556.48 1.387e-15
7558.77 1.389e-15
7561.07 1.336e-15
7563.36 1.36e-15
7565.66 1.351e-15
7567.95 1.34e-15
7570.25 1.37e-15
7572.54 1.415e-15
7574.84 1.383e-15
7577.13 1.419e-15
7579.43 1.395e-15
7581.72 1.404e-15
7584.01 1.415e-15
7586.31 1.431e-15
7588.6 1.437e-15
7590.9 1.449e-15
7593.19 1.317e-15
7595.49 1.044e-15
7597.78 7.581e-16
7600.08 5.558e-16
7602.37 4.515e-16
7604.67 3.542e-16
7606.96 3.312e-16
7609.26 3.591e-16
7611.55 4.844e-16
7613.84 6.299e-16
7616.14 8.607e-16
7618.43 1.082e-15
7620.73 1.133e-15
7623.02 1.006e-15
7625.32 8.638e-16
7627.61 7.997e-16
7629.91 7.776e-16
7632.2 7.748e-16
7634.5 7.702e-16
7636.79 8.258e-16
7639.09 8.578e-16
7641.38 9.406e-16
7643.67 9.491e-16
7645.97 1.018e-15
7648.26 1.053e-15
7650.56 1.139e-15
7652.85 1.169e-15
7655.15 1.237e-15
7657.44 1.314e-15
7659.74 1.354e-15
7662.03 1.375e-15
7664.33 1.436e-15
7666.62 1.47e-15
7668.92 1.504e-15
7671.21 1.572e-15
7673.5 1.544e-15
7675.8 1.532e-15
7678.09 1.535e-15
7680.39 1.589e-15
7682.68 1.621e-15
7684.98 1.626e-15
7687.27 1.616e-15
7689.57 1.627e-15
7691.86 1.643e-15
7694.16 1.647e-15
7696.45 1.668e-15
7698.75 1.679e-15
7701.04 1.687e-15
7703.34 1.689e-15
7705.63 1.682e-15
7707.92 1.683e-15
7710.22 1.694e-15
7712.51 1.713e-15
7714.81 1.741e-15
7717.1 1.723e-15
7719.4 1.698e-15
7721.69 1.68e-15
7723.99 1.709e-15
7726.28 1.717e-15
7728.58 1.704e-15
7730.87 1.731e-15
7733.17 1.709e-15
7735.46 1.702e-15
7737.75 1.721e-15
7740.05 1.739e-15
7742.34 1.768e-15
7744.64 1.724e-15
7746.93 1.699e-15
7749.23 1.735e-15
7751.52 1.778e-15
7753.82 1.807e-15
7756.11 1.751e-15
7758.41 1.753e-15
7760.7 1.765e-15
7763.0 1.766e-15
7765.29 1.781e-15
7767.58 1.768e-15
7769.88 1.751e-15
7772.17 1.763e-15
7774.47 1.746e-15
7776.76 1.725e-15
7779.06 1.796e-15
7781.35 1.826e-15
7783.65 1.782e-15
7785.94 1.787e-15
7788.24 1.801e-15
7790.53 1.802e-15
7792.83 1.786e-15
7795.12 1.819e-15
7797.41 1.802e-15
7799.71 1.805e-15
7802.0 1.826e-15
7804.3 1.845e-15
7806.59 1.814e-15
7808.89 1.819e-15
7811.18 1.836e-15
7813.48 1.891e-15
7815.77 1.874e-15
7818.07 1.894e-15
7820.36 1.888e-15
7822.66 1.917e-15
7824.95 1.907e-15
7827.25 1.939e-15
7829.54 1.955e-15
7831.83 1.932e-15
7834.13 1.97e-15
7836.42 1.989e-15
7838.72 2.004e-15
7841.01 1.966e-15
7843.31 1.997e-15
7845.6 1.988e-15
7847.9 2.002e-15
7850.19 2.009e-15
7852.49 2.041e-15
7854.78 2.028e-15
7857.08 2.023e-15
7859.37 2.015e-15
7861.66 2.03e-15
7863.96 2.075e-15
7866.25 2.053e-15
7868.55 2.111e-15
7870.84 2.059e-15
7873.14 2.063e-15
7875.43 2.121e-15
7877.73 2.092e-15
7880.02 2.035e-15
7882.32 2.05e-15
7884.61 2.049e-15
7886.91 2.092e-15
7889.2 2.067e-15
7891.49 2.068e-15
7893.79 2.034e-15
7896.08 2.063e-15
7898.38 2.064e-15
7900.67 2.074e-15
7902.97 2.036e-15
7905.26 2.088e-15
7907.56 2.078e-15
7909.85 2.094e-15
7912.15 2.166e-15
7914.44 2.103e-15
7916.74 2.112e-15
7919.03 2.089e-15
7921.32 2.037e-15
7923.62 2.073e-15
7925.91 2.055e-15
7928.21 2.023e-15
7930.5 2.055e-15
7932.8 2.054e-15
7935.09 2.054e-15
7937.39 2.029e-15
7939.68 2.034e-15
7941.98 2.032e-15
7944.27 2.019e-15
7946.57 2.005e-15
7948.86 2.047e-15
7951.15 2.072e-15
7953.45 2.028e-15
7955.74 1.971e-15
7958.04 1.972e-15
7960.33 1.938e-15
7962.63 1.913e-15
7964.92 1.89e-15
7967.22 1.893e-15
7969.51 1.856e-15
7971.81 1.864e-15
7974.1 1.916e-15
7976.4 1.879e-15
7978.69 1.843e-15
7980.99 1.855e-15
7983.28 1.83e-15
7985.57 1.842e-15
7987.87 1.842e-15
7990.16 1.801e-15
7992.46 1.774e-15
7994.75 1.746e-15
7997.05 1.716e-15
7999.34 1.69e-15
8001.64 1.654e-15
8003.93 1.667e-15
8006.23 1.689e-15
8008.52 1.668e-15
8010.82 1.611e-15
8013.11 1.62e-15
8015.4 1.638e-15
8017.7 1.609e-15
8019.99 1.635e-15
8022.29 1.582e-15
8024.58 1.495e-15
8026.88 1.51e-15
8029.17 1.499e-15
8031.47 1.496e-15
8033.76 1.506e-15
8036.06 1.445e-15
8038.35 1.434e-15
8040.65 1.441e-15
8042.94 1.449e-15
8045.23 1.445e-15
8047.53 1.406e-15
8049.82 1.426e-15
8052.12 1.464e-15
8054.41 1.449e-15
8056.71 1.417e-15
8059.0 1.416e-15
8061.3 1.438e-15
8063.59 1.421e-15
8065.89 1.403e-15
8068.18 1.423e-15
8070.48 1.403e-15
8072.77 1.383e-15
8075.06 1.397e-15
8077.36 1.349e-15
8079.65 1.39e-15
8081.95 1.444e-15
8084.24 1.372e-15
8086.54 1.379e-15
8088.83 1.409e-15
8091.13 1.361e-15
8093.42 1.314e-15
8095.72 1.311e-15
8098.01 1.326e-15
8100.31 1.384e-15
8102.6 1.353e-15
8104.9 1.304e-15
8107.19 1.323e-15
8109.48 1.3e-15
8111.78 1.27e-15
8114.07 1.294e-15
8116.37 1.263e-15
8118.66 1.297e-15
8120.96 1.319e-15
8123.25 1.273e-15
8125.55 1.246e-15
8127.84 1.221e-15
8130.14 1.225e-15
8132.43 1.202e-15
8134.73 1.154e-15
8137.02 1.175e-15
8139.31 1.204e-15
8141.61 1.206e-15
8143.9 1.201e-15
8146.2 1.168e-15
8148.49 1.123e-15
8150.79 1.149e-15
8153.08 1.152e-15
8155.38 1.124e-15
8157.67 1.108e-15
8159.97 1.152e-15
8162.26 1.083e-15
8164.56 1.062e-15
8166.85 1.098e-15
8169.14 1.156e-15
8171.44 1.188e-15
8173.73 1.241e-15
8176.03 1.236e-15
8178.32 1.168e-15
8180.62 1.151e-15
8182.91 1.17e-15
8185.21 1.24e-15
8187.5 1.229e-15
8189.8 1.243e-15
8192.09 1.287e-15
8194.39 1.295e-15
8196.68 1.264e-15
8198.97 1.246e-15
8201.27 1.277e-15
8203.56 1.351e-15
8205.86 1.401e-15
8208.15 1.439e-15
8210.45 1.413e-15
8212.74 1.401e-15
8215.04 1.44e-15
8217.33 1.466e-15
8219.63 1.445e-15
8221.92 1.493e-15
8224.22 1.43e-15
8226.51 1.292e-15
8228.8 1.152e-15
8231.1 1.164e-15
8233.39 1.203e-15
8235.69 1.311e-15
8237.98 1.411e-15
8240.28 1.497e-15
8242.57 1.493e-15
8244.87 1.477e-15
8247.16 1.538e-15
8249.46 1.583e-15
8251.75 1.608e-15
8254.05 1.509e-15
8256.34 1.438e-15
8258.64 1.407e-15
8260.93 1.444e-15
8263.22 1.435e-15
8265.52 1.485e-15
8267.81 1.48e-15
8270.11 1.475e-15
8272.4 1.441e-15
8274.7 1.353e-15
8276.99 1.316e-15
8279.29 1.301e-15
8281.58 1.308e-15
8283.88 1.31e-15
8286.17 1.36e-15
8288.47 1.307e-15
8290.76 1.309e-15
8293.05 1.32e-15
8295.35 1.236e-15
8297.64 1.215e-15
8299.94 1.25e-15
8302.23 1.218e-15
8304.53 1.189e-15
8306.82 1.168e-15
8309.12 1.165e-15
8311.41 1.188e-15
8313.71 1.126e-15
8316.0 1.061e-15
8318.3 1.061e-15
8320.59 1.035e-15
8322.88 1.033e-15
8325.18 1.056e-15
8327.47 1.065e-15
8329.77 1.101e-15
8332.06 1.081e-15
8334.36 1.073e-15
8336.65 1.1e-15
8338.95 1.132e-15
8341.24 1.163e-15
8343.54 1.166e-15
8345.83 1.228e-15
8348.13 1.242e-15
8350.42 1.21e-15
8352.71 1.258e-15
8355.01 1.311e-15
8357.3 1.31e-15
8359.6 1.316e-15
8361.89 1.351e-15
8364.19 1.398e-15
8366.48 1.448e-15
8368.78 1.506e-15
8371.07 1.49e-15
8373.37 1.538e-15
8375.66 1.578e-15
8377.96 1.587e-15
8380.25 1.594e-15
8382.55 1.669e-15
8384.84 1.714e-15
8387.13 1.681e-15
8389.43 1.707e-15
8391.72 1.772e-15
8394.02 1.775e-15
8396.31 1.789e-15
8398.61 1.786e-15
8400.9 1.812e-15
8403.2 1.817e-15
8405.49 1.89e-15
8407.79 1.84e-15
8410.08 1.779e-15
8412.38 1.777e-15
8414.67 1.739e-15
8416.96 1.741e-15
8419.26 1.73e-15
8421.55 1.679e-15
8423.85 1.66e-15
8426.14 1.653e-15
8428.44 1.587e-15
8430.73 1.564e-15
8433.03 1.584e-15
8435.32 1.58e-15
8437.62 1.58e-15
8439.91 1.593e-15
8442.21 1.541e-15
8444.5 1.569e-15
8446.79 1.536e-15
8449.09 1.505e-15
8451.38 1.496e-15
8453.68 1.575e-15
8455.97 1.564e-15
8458.27 1.522e-15
8460.56 1.657e-15
8462.86 1.65e-15
8465.15 1.658e-15
8467.45 1.661e-15
8469.74 1.723e-15
8472.04 1.766e-15
8474.33 1.781e-15
8476.62 1.81e-15
8478.92 1.799e-15
8481.21 1.797e-15
8483.51 1.881e-15
8485.8 1.921e-15
8488.1 1.951e-15
8490.39 1.989e-15
8492.69 2.06e-15
8494.98 2.101e-15
8497.28 2.1e-15
8499.57 2.098e-15
8501.87 2.101e-15
8504.16 2.135e-15
8506.46 2.201e-15
8508.75 2.238e-15
8511.04 2.288e-15
8513.34 2.217e-15
8515.63 2.225e-15
8517.93 2.211e-15
8520.22 2.248e-15
8522.52 2.328e-15
8524.81 2.273e-15
8527.11 2.301e-15
8529.4 2.299e-15
8531.7 2.348e-15
8533.99 2.367e-15
8536.29 2.35e-15
8538.58 2.335e-15
8540.87 2.348e-15
8543.17 2.33e-15
8545.46 2.407e-15
8547.76 2.406e-15
8550.05 2.4e-15
8552.35 2.429e-15
8554.64 2.455e-15
8556.94 2.41e-15
8559.23 2.432e-15
8561.53 2.459e-15
8563.82 2.523e-15
8566.12 2.48e-15
8568.41 2.501e-15
8570.7 2.499e-15
8573.0 2.484e-15
8575.29 2.513e-15
8577.59 2.478e-15
8579.88 2.497e-15
8582.18 2.511e-15
8584.47 2.622e-15
8586.77 2.611e-15
8589.06 2.55e-15
8591.36 2.55e-15
8593.65 2.551e-15
8595.95 2.529e-15
8598.24 2.529e-15
8600.53 2.555e-15
8602.83 2.598e-15
8605.12 2.573e-15
8607.42 2.553e-15
8609.71 2.612e-15
8612.01 2.565e-15
8614.3 2.543e-15
8616.6 2.548e-15
8618.89 2.532e-15
8621.19 2.52e-15
8623.48 2.567e-15
8625.78 2.568e-15
8628.07 2.622e-15
8630.36 2.555e-15
8632.66 2.55e-15
8634.95 2.516e-15
8637.25 2.496e-15
8639.54 2.515e-15
8641.84 2.567e-15
8644.13 2.605e-15
8646.43 2.623e-15
8648.72 2.557e-15
8651.02 2.539e-15
8653.31 2.534e-15
8655.61 2.544e-15
8657.9 2.549e-15
8660.2 2.469e-15
8662.49 2.537e-15
8664.78 2.643e-15
8667.08 2.588e-15
8669.37 2.56e-15
8671.67 2.519e-15
8673.96 2.506e-15
8676.26 2.55e-15
8678.55 2.575e-15
8680.85 2.538e-15
8683.14 2.479e-15
8685.44 2.501e-15
8687.73 2.554e-15
8690.03 2.548e-15
8692.32 2.597e-15
8694.61 2.57e-15
8696.91 2.558e-15
8699.2 2.509e-15
8701.5 2.511e-15
8703.79 2.521e-15
8706.09 2.519e-15
8708.38 2.581e-15
8710.68 2.571e-15
8712.97 2.567e-15
8715.27 2.607e-15
8717.56 2.605e-15
8719.86 2.578e-15
8722.15 2.546e-15
8724.44 2.527e-15
8726.74 2.503e-15
8729.03 2.562e-15
8731.33 2.562e-15
8733.62 2.525e-15
8735.92 2.588e-15
8738.21 2.541e-15
8740.51 2.507e-15
8742.8 2.496e-15
8745.1 2.479e-15
8747.39 2.467e-15
8749.69 2.4e-15
8751.98 2.441e-15
8754.27 2.52e-15
8756.57 2.553e-15
8758.86 2.597e-15
8761.16 2.557e-15
8763.45 2.516e-15
8765.75 2.458e-15
8768.04 2.432e-15
8770.34 2.475e-15
8772.63 2.486e-15
8774.93 2.514e-15
8777.22 2.565e-15
8779.52 2.651e-15
8781.81 2.537e-15
8784.11 2.413e-15
8786.4 2.419e-15
8788.69 2.42e-15
8790.99 2.401e-15
8793.28 2.356e-15
8795.58 2.433e-15
8797.87 2.518e-15
8800.17 2.465e-15
8802.46 2.442e-15
8804.76 2.444e-15
8807.05 2.444e-15
8809.35 2.36e-15
8811.64 2.35e-15
8813.94 2.387e-15
8816.23 2.379e-15
8818.52 2.422e-15
8820.82 2.385e-15
8823.11 2.366e-15
8825.41 2.461e-15
8827.7 2.506e-15
8830.0 2.378e-15
8832.29 2.379e-15
8834.59 2.324e-15
8836.88 2.306e-15
8839.18 2.343e-15
8841.47 2.254e-15
8843.77 2.379e-15
8846.06 2.484e-15
8848.35 2.411e-15
8850.65 2.373e-15
8852.94 2.35e-15
8855.24 2.358e-15
8857.53 2.365e-15
8859.83 2.298e-15
8862.12 2.255e-15
8864.42 2.263e-15
8866.71 2.291e-15
8869.01 2.341e-15
8871.3 2.253e-15
8873.6 2.25e-15
8875.89 2.266e-15
8878.18 2.242e-15
8880.48 2.233e-15
8882.77 2.17e-15
8885.07 2.199e-15
8887.36 2.164e-15
8889.66 2.216e-15
8891.95 2.238e-15
8894.25 2.244e-15
8896.54 2.207e-15
8898.84 2.195e-15
8901.13 2.186e-15
8903.43 2.204e-15
8905.72 2.098e-15
8908.01 2.163e-15
8910.31 2.134e-15
8912.6 2.149e-15
8914.9 2.174e-15
8917.19 2.208e-15
8919.49 2.169e-15
8921.78 2.095e-15
8924.08 2.064e-15
8926.37 2.07e-15
8928.67 1.986e-15
8930.96 1.936e-15
8933.26 1.904e-15
8935.55 1.926e-15
8937.85 1.994e-15
8940.14 1.967e-15
8942.43 1.984e-15
8944.73 1.953e-15
8947.02 1.954e-15
8949.32 1.787e-15
8951.61 1.795e-15
8953.91 1.803e-15
8956.2 1.639e-15
8958.5 1.619e-15
8960.79 1.628e-15
8963.09 1.619e-15
8965.38 1.541e-15
8967.68 1.554e-15
8969.97 1.591e-15
8972.26 1.52e-15
8974.56 1.448e-15
8976.85 1.464e-15
8979.15 1.471e-15
8981.44 1.494e-15
8983.74 1.51e-15
8986.03 1.464e-15
8988.33 1.303e-15
8990.62 1.206e-15
8992.92 1.263e-15
8995.21 1.372e-15
8997.51 1.465e-15
8999.8 1.425e-15
9002.09 1.347e-15
9004.39 1.26e-15
9006.68 1.239e-15
9008.98 1.365e-15
9011.27 1.382e-15
9013.57 1.396e-15
9015.86 1.426e-15
9018.16 1.373e-15
9020.45 1.333e-15
9022.75 1.395e-15
9025.04 1.321e-15
9027.34 1.367e-15
9029.63 1.452e-15
9031.92 1.437e-15
9034.22 1.523e-15
9036.51 1.584e-15
9038.81 1.586e-15
9041.1 1.539e-15
9043.4 1.49e-15
9045.69 1.458e-15
9047.99 1.548e-15
9050.28 1.572e-15
9052.58 1.57e-15
9054.87 1.517e-15
9057.17 1.46e-15
9059.46 1.501e-15
9061.76 1.444e-15
9064.05 1.422e-15
9066.34 1.434e-15
9068.64 1.403e-15
9070.93 1.323e-15
9073.23 1.284e-15
9075.52 1.332e-15
9077.82 1.365e-15
9080.11 1.386e-15
9082.41 1.323e-15
9084.7 1.294e-15
9087.0 1.309e-15
9089.29 1.293e-15
9091.59 1.277e-15
9093.88 1.287e-15
9096.17 1.336e-15
9098.47 1.327e-15
9100.76 1.321e-15
9103.06 1.293e-15
9105.35 1.32e-15
9107.65 1.31e-15
9109.94 1.334e-15
9112.24 1.387e-15
9114.53 1.43e-15
9116.83 1.383e-15
9119.12 1.31e-15
9121.42 1.342e-15
9123.71 1.438e-15
9126.0 1.465e-15
9128.3 1.364e-15
9130.59 1.243e-15
9132.89 1.142e-15
9135.18 1.093e-15
9137.48 1.138e-15
9139.77 1.233e-15
9142.07 1.337e-15
9144.36 1.388e-15
9146.66 1.369e-15
9148.95 1.262e-15
9151.25 1.148e-15
9153.54 1.083e-15
9155.83 1.051e-15
9158.13 1.161e-15
9160.42 1.241e-15
9162.72 1.278e-15
9165.01 1.33e-15
9167.31 1.29e-15
9169.6 1.255e-15
9171.9 1.181e-15
9174.19 1.119e-15
9176.49 9.924e-16
9178.78 1.061e-15
9181.08 1.157e-15
9183.37 1.156e-15
9185.67 1.161e-15
9187.96 1.246e-15
9190.25 1.324e-15
9192.55 1.333e-15
9194.84 1.214e-15
9197.14 1.184e-15
9199.43 1.213e-15
9201.73 1.243e-15
9204.02 1.281e-15
9206.32 1.342e-15
9208.61 1.226e-15
9210.91 1.236e-15
9213.2 1.242e-15
9215.5 1.191e-15
9217.79 1.163e-15
9220.08 1.17e-15
9222.38 1.269e-15
9224.67 1.246e-15
9226.97 1.238e-15
9229.26 1.243e-15
9231.56 1.263e-15
9233.85 1.237e-15
9236.15 1.176e-15
9238.44 1.191e-15
9240.74 1.2e-15
9243.03 1.223e-15
9245.33 1.145e-15
9247.62 1.096e-15
9249.91 1.154e-15
9252.21 1.15e-15
9254.5 1.192e-15
9256.8 1.191e-15
9259.09 1.262e-15
9261.39 1.275e-15
9263.68 1.26e-15
9265.98 1.249e-15
9268.27 1.255e-15
9270.57 1.201e-15
9272.86 1.137e-15
9275.16 1.1e-15
9277.45 1.062e-15
9279.74 1.035e-15
9282.04 1.07e-15
9284.33 1.115e-15
9286.63 1.137e-15
9288.92 1.06e-15
9291.22 1.05e-15
9293.51 9.978e-16
9295.81 9.255e-16
9298.1 8.553e-16
9300.4 8.523e-16
9302.69 8.579e-16
9304.99 9.68e-16
9307.28 9.591e-16
9309.57 8.421e-16
9311.87 7.491e-16
9314.16 8.066e-16
9316.46 8.905e-16
9318.75 6.777e-16
9321.05 6.53e-16
9323.34 6.823e-16
9325.64 6.196e-16
9327.93 5.92e-16
9330.23 6.604e-16
9332.52 6.736e-16
9334.82 6.143e-16
9337.11 5.158e-16
9339.41 5.168e-16
9341.7 5.285e-16
9343.99 4.211e-16
9346.29 3.95e-16
9348.58 5.649e-16
9350.88 7.686e-16
9353.17 7.165e-16
9355.47 5.979e-16
9357.76 4.86e-16
9360.06 5.407e-16
9362.35 6.747e-16
9364.65 7.655e-16
9366.94 6.538e-16
9369.24 5.308e-16
9371.53 5.255e-16
9373.82 6.013e-16
9376.12 6.697e-16
9378.41 5.952e-16
9380.71 5.283e-16
9383.0 5.854e-16
9385.3 6.502e-16
9387.59 7.428e-16
9389.89 8.409e-16
9392.18 9.415e-16
9394.48 1.032e-15
9396.77 1.039e-15
9399.07 9.536e-16
9401.36 8.538e-16
9403.65 8.065e-16
9405.95 9.011e-16
9408.24 8.651e-16
9410.54 7.792e-16
9412.83 7.82e-16
9415.13 8.321e-16
9417.42 8.717e-16
9419.72 8.409e-16
9422.01 8.467e-16
9424.31 7.994e-16
9426.6 6.76e-16
9428.9 5.46e-16
9431.19 4.964e-16
9433.48 7.708e-16
9435.78 9.501e-16
9438.07 8.388e-16
9440.37 5.554e-16
9442.66 3.952e-16
9444.96 5.011e-16
9447.25 6.292e-16
9449.55 7.459e-16
9451.84 8.496e-16
9454.14 7.728e-16
9456.43 6.51e-16
9458.73 5.727e-16
9461.02 5.133e-16
9463.32 5.421e-16
9465.61 6.785e-16
9467.9 7.223e-16
9470.2 6.684e-16
9472.49 7.357e-16
9474.79 7.328e-16
9477.08 6.144e-16
9479.38 6.28e-16
9481.67 5.804e-16
9483.97 6.174e-16
9486.26 7.324e-16
9488.56 8.663e-16
9490.85 8.232e-16
9493.15 7.899e-16
9495.44 6.206e-16
9497.73 5.364e-16
9500.03 5.288e-16
9502.32 4.583e-16
9504.62 6.015e-16
9506.91 7.448e-16
9509.21 9.345e-16
9511.5 9.289e-16
9513.8 8.854e-16
9516.09 7.729e-16
9518.39 6.354e-16
9520.68 5.336e-16
9522.98 5.165e-16
9525.27 5.372e-16
9527.56 5.718e-16
9529.86 6.595e-16
9532.15 7.376e-16
9534.45 7.939e-16
9536.74 7.442e-16
9539.04 7.319e-16
9541.33 7.428e-16
9543.63 7.352e-16
9545.92 6.874e-16
9548.22 6.919e-16
9550.51 6.7e-16
9552.81 7.322e-16
9555.1 6.427e-16
9557.39 5.868e-16
9559.69 6.631e-16
9561.98 6.98e-16
9564.28 7.552e-16
9566.57 7.12e-16
9568.87 6.305e-16
9571.16 7.32e-16
9573.46 8.172e-16
9575.75 8.161e-16
9578.05 7.689e-16
9580.34 7.134e-16
9582.64 5.894e-16
9584.93 6.909e-16
9587.22 7.142e-16
9589.52 6.003e-16
9591.81 5.982e-16
9594.11 6.102e-16
9596.4 5.512e-16
9598.7 7.592e-16
9600.99 7.77e-16
9603.29 7.204e-16
9605.58 7.529e-16
9607.88 7.287e-16
9610.17 6.763e-16
9612.47 6.88e-16
9614.76 7.081e-16
9617.06 8.054e-16
9619.35 7.044e-16
9621.64 6.52e-16
9623.94 6.718e-16
9626.23 6.497e-16
9628.53 6.282e-16
9630.82 7.999e-16
9633.12 8.228e-16
9635.41 8.298e-16
9637.71 7.262e-16
9640.0 6.218e-16
9642.3 7.088e-16
9644.59 6.859e-16
9646.89 6.534e-16
9649.18 6.325e-16
9651.47 7.301e-16
9653.77 7.675e-16
9656.06 8.213e-16
9658.36 6.987e-16
9660.65 6.514e-16
9662.95 6.702e-16
9665.24 6.354e-16
9667.54 7.091e-16
9669.83 8.146e-16
9672.13 7.543e-16
9674.42 7.141e-16
9676.72 7.941e-16
9679.01 7.922e-16
9681.3 8.08e-16
9683.6 7.885e-16
9685.89 9.283e-16
9688.19 8.403e-16
9690.48 7.764e-16
9692.78 9.098e-16
9695.07 8.417e-16
9697.37 9.005e-16
9699.66 8.811e-16
9701.96 8.421e-16
9704.25 8.686e-16
9706.55 7.954e-16
9708.84 8.489e-16
9711.13 8.398e-16
9713.43 7.937e-16
9715.72 9.034e-16
9718.02 9.3e-16
9720.31 8.565e-16
9722.61 8.25e-16
9724.9 8.006e-16
9727.2 7.317e-16
9729.49 6.818e-16
9731.79 7.665e-16
9734.08 7.846e-16
9736.38 7.57e-16
9738.67 7.833e-16
9740.97 7.401e-16
9743.26 7.415e-16
9745.55 7.502e-16
9747.85 6.58e-16
9750.14 6.451e-16
9752.44 7.521e-16
9754.73 7.623e-16
9757.03 6.246e-16
9759.32 6.369e-16
9761.62 7.01e-16
9763.91 7.303e-16
9766.21 7.069e-16
9768.5 7.264e-16
9770.8 7.379e-16
9773.09 7.415e-16
9775.38 6.729e-16
9777.68 6.839e-16
9779.97 7.455e-16
9782.27 7.15e-16
9784.56 7.35e-16
9786.86 6.759e-16
9789.15 7.158e-16
9791.45 7.235e-16
9793.74 6.137e-16
9796.04 5.867e-16
9798.33 6.494e-16
9800.63 6.395e-16
9802.92 5.016e-16
9805.21 7.013e-16
9807.51 7.671e-16
9809.8 7.937e-16
9812.1 6.778e-16
9814.39 8.047e-16
9816.69 7.999e-16
9818.98 7.075e-16
9821.28 7.631e-16
9823.57 7.039e-16
9825.87 7.397e-16
9828.16 7.759e-16
9830.46 6.656e-16
9832.75 6.847e-16
9835.04 8.044e-16
9837.34 7.57e-16
9839.63 5.625e-16
