3397.9  -1.284700E-16
3400.93790044785  8.528075E-17
3403.97580089569  8.457636E-16
3407.01370134354  3.787041E-16
3410.05160179138  -6.038692E-17
3413.08950223923  3.650624E-16
3416.12740268707  8.560611E-16
3419.16530313492  1.549740E-16
3422.20320358276  8.276599E-16
3425.24110403061  1.333507E-15
3428.27900447846  5.507795E-16
3431.3169049263  8.479580E-16
3434.35480537415  7.982671E-16
3437.39270582199  9.271255E-16
3440.43060626984  1.541847E-16
3443.46850671768  5.297809E-16
3446.50640716553  1.015095E-15
3449.54430761337  3.397842E-16
3452.58220806122  9.051759E-16
3455.62010850906  4.099180E-16
3458.65800895691  3.045065E-16
3461.69590940475  2.873900E-16
3464.7338098526  4.073165E-16
3467.77171030045  4.397575E-16
3470.80961074829  7.013294E-16
3473.84751119614  6.725047E-16
3476.88541164398  2.450476E-16
3479.92331209183  4.754333E-16
3482.96121253967  4.692033E-16
3485.99911298752  3.356437E-16
3489.03701343536  5.958974E-16
3492.07491388321  5.385188E-16
3495.11281433106  6.095607E-16
3498.1507147789  7.067799E-16
3501.18861522675  5.005171E-16
3504.22651567459  7.306492E-16
3507.26441612244  4.862917E-16
3510.30231657028  6.118688E-16
3513.34021701813  1.634486E-16
3516.37811746597  2.682064E-16
3519.41601791382  6.009450E-16
3522.45391836166  4.795726E-16
3525.49181880951  6.681448E-16
3528.52971925736  5.293967E-16
3531.5676197052  3.829791E-16
3534.60552015305  7.886985E-16
3537.64342060089  4.058621E-16
3540.68132104874  5.992731E-16
3543.71922149658  4.770442E-16
3546.75712194443  6.339072E-16
3549.79502239227  6.062514E-16
3552.83292284012  7.129440E-16
3555.87082328796  6.529729E-16
3558.90872373581  4.169340E-16
3561.94662418366  6.972316E-16
3564.9845246315  4.611378E-16
3568.02242507935  5.697692E-16
3571.06032552719  6.802959E-16
3574.09822597504  6.243536E-16
3577.13612642288  5.249119E-16
3580.17402687073  5.512706E-16
3583.21192731857  6.058713E-16
3586.24982776642  7.725699E-16
3589.28772821426  6.278037E-16
3592.32562866211  7.239342E-16
3595.36352910996  7.513630E-16
3598.4014295578  8.529539E-16
3601.43933000565  6.440916E-16
3604.47723045349  5.534794E-16
3607.51513090134  5.607921E-16
3610.55303134918  5.828212E-16
3613.59093179703  6.344977E-16
3616.62883224487  7.115443E-16
3619.66673269272  7.842177E-16
3622.70463314056  7.447346E-16
3625.74253358841  8.784781E-16
3628.78043403626  6.835248E-16
3631.8183344841  5.932313E-16
3634.85623493195  6.633324E-16
3637.89413537979  6.591856E-16
3640.93203582764  7.272020E-16
3643.96993627548  7.402141E-16
3647.00783672333  7.180355E-16
3650.04573717117  5.025630E-16
3653.08363761902  6.104466E-16
3656.12153806686  5.723887E-16
3659.15943851471  4.566610E-16
3662.19733896256  5.590797E-16
3665.2352394104  6.089974E-16
3668.27313985825  6.129604E-16
3671.31104030609  6.003272E-16
3674.34894075394  6.559550E-16
3677.38684120178  6.971927E-16
3680.42474164963  7.046693E-16
3683.46264209747  7.335153E-16
3686.50054254532  7.562748E-16
3689.53844299316  6.390664E-16
3692.57634344101  7.993498E-16
3695.61424388886  7.838678E-16
3698.6521443367  8.386506E-16
3701.69004478455  7.831389E-16
3704.72794523239  7.250400E-16
3707.76584568024  8.143562E-16
3710.80374612808  8.498260E-16
3713.84164657593  8.395076E-16
3716.87954702377  8.284835E-16
3719.91744747162  8.939245E-16
3722.95534791946  9.371109E-16
3725.99324836731  8.167634E-16
3729.03114881516  8.077855E-16
3732.069049263  9.341179E-16
3735.10694971085  7.495612E-16
3738.14485015869  7.628742E-16
3741.18275060654  8.724276E-16
3744.22065105438  7.738568E-16
3747.25855150223  7.157044E-16
3750.29645195007  7.681363E-16
3753.33435239792  7.675841E-16
3756.37225284576  7.405543E-16
3759.41015329361  8.293408E-16
3762.44805374146  7.234921E-16
3765.4859541893  7.004569E-16
3768.52385463715  6.516967E-16
3771.56175508499  6.198197E-16
3774.59965553284  6.306779E-16
3777.63755598068  6.389179E-16
3780.67545642853  6.294497E-16
3783.71335687637  5.525000E-16
3786.75125732422  5.909835E-16
3789.78915777206  6.275774E-16
3792.82705821991  4.848380E-16
3795.86495866776  5.897477E-16
3798.9028591156  4.967910E-16
3801.94075956345  5.632943E-16
3804.97866001129  4.871699E-16
3808.01656045914  4.469023E-16
3811.05446090698  5.568136E-16
3814.09236135483  5.222878E-16
3817.13026180267  5.113092E-16
3820.16816225052  4.706123E-16
3823.20606269837  5.061937E-16
3826.24396314621  4.581980E-16
3829.28186359406  3.849880E-16
3832.3197640419  4.342911E-16
3835.35766448975  4.094088E-16
3838.39556493759  4.161717E-16
3841.43346538544  4.754431E-16
3844.47136583328  4.695759E-16
3847.50926628113  4.258530E-16
3850.54716672897  4.696401E-16
3853.58506717682  4.847997E-16
3856.62296762467  5.285605E-16
3859.66086807251  5.726580E-16
3862.69876852036  5.359814E-16
3865.7366689682  5.715570E-16
3868.77456941605  6.259500E-16
3871.81246986389  6.571768E-16
3874.85037031174  6.516692E-16
3877.88827075958  6.810766E-16
3880.92617120743  7.359474E-16
3883.96407165527  7.264425E-16
3887.00197210312  7.808640E-16
3890.03987255097  7.817081E-16
3893.07777299881  8.364164E-16
3896.11567344666  8.895898E-16
3899.1535738945  9.194795E-16
3902.19147434235  9.816317E-16
3905.22937479019  1.025542E-15
3908.26727523804  1.059156E-15
3911.30517568588  1.041375E-15
3914.34307613373  1.034334E-15
3917.38097658157  1.092562E-15
3920.41887702942  1.135707E-15
3923.45677747727  1.111978E-15
3926.49467792511  1.149634E-15
3929.53257837296  1.162550E-15
3932.5704788208  1.192188E-15
3935.60837926865  1.166343E-15
3938.64627971649  1.175044E-15
3941.68418016434  1.231016E-15
3944.72208061218  1.256174E-15
3947.75998106003  1.268579E-15
3950.79788150787  1.350013E-15
3953.83578195572  1.327795E-15
3956.87368240357  1.370915E-15
3959.91158285141  1.454161E-15
3962.94948329926  1.412059E-15
3965.9873837471  1.415210E-15
3969.02528419495  1.429835E-15
3972.06318464279  1.472090E-15
3975.10108509064  1.484034E-15
3978.13898553848  1.512257E-15
3981.17688598633  1.534271E-15
3984.21478643417  1.623156E-15
3987.25268688202  1.649887E-15
3990.29058732986  1.655526E-15
3993.32848777771  1.679391E-15
3996.36638822556  1.626450E-15
3999.4042886734  1.722650E-15
4002.44218912125  1.742914E-15
4005.48008956909  1.686636E-15
4008.51799001694  1.713321E-15
4011.55589046478  1.611724E-15
4014.59379091263  1.581882E-15
4017.63169136048  1.642679E-15
4020.66959180832  1.583106E-15
4023.70749225617  1.527127E-15
4026.74539270401  1.519170E-15
4029.78329315186  1.500136E-15
4032.8211935997  1.474089E-15
4035.85909404755  1.470419E-15
4038.89699449539  1.436673E-15
4041.93489494324  1.415522E-15
4044.97279539108  1.380682E-15
4048.01069583893  1.364512E-15
4051.04859628677  1.359950E-15
4054.08649673462  1.327614E-15
4057.12439718247  1.306321E-15
4060.16229763031  1.266007E-15
4063.20019807816  1.185255E-15
4066.238098526  1.144410E-15
4069.27599897385  1.152259E-15
4072.31389942169  1.174338E-15
4075.35179986954  1.139746E-15
4078.38970031738  1.091799E-15
4081.42760076523  1.117601E-15
4084.46550121308  1.066791E-15
4087.50340166092  1.096557E-15
4090.54130210877  1.137896E-15
4093.57920255661  1.161863E-15
4096.61710300446  1.205019E-15
4099.6550034523  1.161264E-15
4102.69290390015  1.236495E-15
4105.73080434799  1.172114E-15
4108.76870479584  1.151147E-15
4111.80660524368  1.149719E-15
4114.84450569153  1.169705E-15
4117.88240613938  1.101676E-15
4120.92030658722  1.043048E-15
4123.95820703507  1.011966E-15
4126.99610748291  9.853762E-16
4130.03400793076  1.011309E-15
4133.0719083786  1.030193E-15
4136.10980882645  9.902499E-16
4139.14770927429  1.005161E-15
4142.18560972214  9.708331E-16
4145.22351016998  9.633481E-16
4148.26141061783  1.001671E-15
4151.29931106568  9.548253E-16
4154.33721151352  9.869289E-16
4157.37511196137  1.005547E-15
4160.41301240921  9.813086E-16
4163.45091285706  9.474715E-16
4166.4888133049  9.566417E-16
4169.52671375275  1.002459E-15
4172.56461420059  1.037611E-15
4175.60251464844  9.802177E-16
4178.64041509628  9.244549E-16
4181.67831554413  9.189603E-16
4184.71621599198  9.345071E-16
4187.75411643982  9.171735E-16
4190.79201688767  9.107791E-16
4193.82991733551  9.472647E-16
4196.86781778336  9.073680E-16
4199.9057182312  9.400304E-16
4202.94361867905  9.638205E-16
4205.98151912689  9.952540E-16
4209.01941957474  1.041378E-15
4212.05732002259  1.060884E-15
4215.09522047043  1.088275E-15
4218.13312091828  1.055009E-15
4221.17102136612  1.121873E-15
4224.20892181397  1.153748E-15
4227.24682226181  1.172968E-15
4230.28472270966  1.160554E-15
4233.3226231575  1.120197E-15
4236.36052360535  1.153199E-15
4239.39842405319  1.087421E-15
4242.43632450104  1.093729E-15
4245.47422494888  1.125923E-15
4248.51212539673  1.169492E-15
4251.55002584458  1.084671E-15
4254.58792629242  1.118194E-15
4257.62582674027  1.145700E-15
4260.66372718811  1.112291E-15
4263.70162763596  1.128296E-15
4266.7395280838  1.101993E-15
4269.77742853165  1.126488E-15
4272.81532897949  1.132609E-15
4275.85322942734  1.103087E-15
4278.89112987518  1.112452E-15
4281.92903032303  1.083313E-15
4284.96693077088  1.113401E-15
4288.00483121872  1.099057E-15
4291.04273166657  1.094921E-15
4294.08063211441  1.084147E-15
4297.11853256226  1.119612E-15
4300.1564330101  1.111386E-15
4303.19433345795  1.090999E-15
4306.23223390579  1.081420E-15
4309.27013435364  1.063322E-15
4312.30803480148  1.126888E-15
4315.34593524933  1.101273E-15
4318.38383569718  1.139985E-15
4321.42173614502  1.179761E-15
4324.45963659287  1.242262E-15
4327.49753704071  1.238591E-15
4330.53543748856  1.261157E-15
4333.5733379364  1.309243E-15
4336.61123838425  1.249094E-15
4339.64913883209  1.252202E-15
4342.68703927994  1.260637E-15
4345.72493972779  1.296585E-15
4348.76284017563  1.373512E-15
4351.80074062348  1.334609E-15
4354.83864107132  1.357488E-15
4357.87654151917  1.320624E-15
4360.91444196701  1.319944E-15
4363.95234241486  1.347236E-15
4366.9902428627  1.334561E-15
4370.02814331055  1.337320E-15
4373.06604375839  1.320386E-15
4376.10394420624  1.309170E-15
4379.14184465408  1.239467E-15
4382.17974510193  1.219052E-15
4385.21764554978  1.229691E-15
4388.25554599762  1.156188E-15
4391.29344644547  1.139835E-15
4394.33134689331  1.090570E-15
4397.36924734116  1.063792E-15
4400.407147789  1.064661E-15
4403.44504823685  1.012806E-15
4406.48294868469  9.893831E-16
4409.52084913254  1.005490E-15
4412.55874958039  9.844090E-16
4415.59665002823  9.623098E-16
4418.63455047608  9.600100E-16
4421.67245092392  9.024151E-16
4424.71035137177  8.377216E-16
4427.74825181961  8.563882E-16
4430.78615226746  8.286384E-16
4433.8240527153  7.683983E-16
4436.86195316315  8.142114E-16
4439.89985361099  8.175785E-16
4442.93775405884  7.453108E-16
4445.97565450668  7.359363E-16
4449.01355495453  7.219374E-16
4452.05145540238  7.274934E-16
4455.08935585022  7.164371E-16
4458.12725629807  6.890147E-16
4461.16515674591  6.954959E-16
4464.20305719376  7.053418E-16
4467.2409576416  7.345827E-16
4470.27885808945  7.421950E-16
4473.31675853729  7.033018E-16
4476.35465898514  7.311614E-16
4479.39255943299  7.475562E-16
4482.43045988083  7.620834E-16
4485.46836032868  7.893525E-16
4488.50626077652  7.937231E-16
4491.54416122437  8.426628E-16
4494.58206167221  8.370136E-16
4497.61996212006  8.182400E-16
4500.6578625679  8.327575E-16
4503.69576301575  8.370993E-16
4506.73366346359  8.613563E-16
4509.77156391144  8.476639E-16
4512.80946435929  8.352638E-16
4515.84736480713  8.805461E-16
4518.88526525498  8.881716E-16
4521.92316570282  9.419277E-16
4524.96106615067  9.427219E-16
4527.99896659851  9.787152E-16
4531.03686704636  9.848953E-16
4534.0747674942  1.012729E-15
4537.11266794205  1.055449E-15
4540.15056838989  1.047337E-15
4543.18846883774  1.106150E-15
4546.22636928559  1.114919E-15
4549.26426973343  1.116480E-15
4552.30217018128  1.137175E-15
4555.34007062912  1.167277E-15
4558.37797107697  1.212997E-15
4561.41587152481  1.243310E-15
4564.45377197266  1.297095E-15
4567.4916724205  1.368755E-15
4570.52957286835  1.431367E-15
4573.56747331619  1.444573E-15
4576.60537376404  1.516130E-15
4579.64327421189  1.585118E-15
4582.68117465973  1.678825E-15
4585.71907510758  1.690048E-15
4588.75697555542  1.799132E-15
4591.79487600327  1.885523E-15
4594.83277645111  1.902265E-15
4597.87067689896  1.965641E-15
4600.9085773468  2.025607E-15
4603.94647779465  2.031778E-15
4606.98437824249  2.058421E-15
4610.02227869034  2.107620E-15
4613.06017913819  2.102261E-15
4616.09807958603  2.131522E-15
4619.13598003388  2.134387E-15
4622.17388048172  2.099866E-15
4625.21178092957  2.128343E-15
4628.24968137741  2.174616E-15
4631.28758182526  2.178225E-15
4634.3254822731  2.210779E-15
4637.36338272095  2.230507E-15
4640.40128316879  2.228281E-15
4643.43918361664  2.243948E-15
4646.47708406449  2.288737E-15
4649.51498451233  2.328426E-15
4652.55288496018  2.345587E-15
4655.59078540802  2.397746E-15
4658.62868585587  2.386614E-15
4661.66658630371  2.392003E-15
4664.70448675156  2.475509E-15
4667.7423871994  2.503142E-15
4670.78028764725  2.471305E-15
4673.8181880951  2.516933E-15
4676.85608854294  2.558341E-15
4679.89398899079  2.568245E-15
4682.93188943863  2.533760E-15
4685.96978988648  2.493438E-15
4689.00769033432  2.464816E-15
4692.04559078217  2.371149E-15
4695.08349123001  2.344748E-15
4698.12139167786  2.207257E-15
4701.1592921257  2.108569E-15
4704.19719257355  2.037333E-15
4707.23509302139  1.950680E-15
4710.27299346924  1.868937E-15
4713.31089391709  1.826100E-15
4716.34879436493  1.727874E-15
4719.38669481278  1.646218E-15
4722.42459526062  1.595152E-15
4725.46249570847  1.499993E-15
4728.50039615631  1.441628E-15
4731.53829660416  1.390365E-15
4734.576197052  1.368920E-15
4737.61409749985  1.309901E-15
4740.6519979477  1.248183E-15
4743.68989839554  1.246479E-15
4746.72779884339  1.225136E-15
4749.76569929123  1.160194E-15
4752.80359973908  1.132006E-15
4755.84150018692  1.159955E-15
4758.87940063477  1.146510E-15
4761.91730108261  1.105879E-15
4764.95520153046  1.113680E-15
4767.9931019783  1.084655E-15
4771.03100242615  1.092220E-15
4774.06890287399  1.137637E-15
4777.10680332184  1.116568E-15
4780.14470376969  1.112804E-15
4783.18260421753  1.079893E-15
4786.22050466538  1.044784E-15
4789.25840511322  1.020175E-15
4792.29630556107  1.019243E-15
4795.33420600891  1.012514E-15
4798.37210645676  9.916628E-16
4801.4100069046  9.915164E-16
4804.44790735245  9.815260E-16
4807.4858078003  1.008850E-15
4810.52370824814  9.949681E-16
4813.56160869599  1.047958E-15
4816.59950914383  1.070729E-15
4819.63740959168  1.080371E-15
4822.67531003952  1.116842E-15
4825.71321048737  1.152130E-15
4828.75111093521  1.152830E-15
4831.78901138306  1.216453E-15
4834.8269118309  1.316358E-15
4837.86481227875  1.323893E-15
4840.9027127266  1.363140E-15
4843.94061317444  1.397888E-15
4846.97851362229  1.439517E-15
4850.01641407013  1.483185E-15
4853.05431451798  1.508136E-15
4856.09221496582  1.580546E-15
4859.13011541367  1.606154E-15
4862.16801586151  1.598896E-15
4865.20591630936  1.621132E-15
4868.2438167572  1.618461E-15
4871.28171720505  1.601287E-15
4874.3196176529  1.553531E-15
4877.35751810074  1.514732E-15
4880.39541854859  1.480029E-15
4883.43331899643  1.405642E-15
4886.47121944428  1.359996E-15
4889.50911989212  1.331334E-15
4892.54702033997  1.308166E-15
4895.58492078781  1.335555E-15
4898.62282123566  1.346212E-15
4901.66072168351  1.292374E-15
4904.69862213135  1.321833E-15
4907.7365225792  1.346341E-15
4910.77442302704  1.365419E-15
4913.81232347489  1.386726E-15
4916.85022392273  1.412691E-15
4919.88812437058  1.460074E-15
4922.92602481842  1.490165E-15
4925.96392526627  1.530831E-15
4929.00182571411  1.582202E-15
4932.03972616196  1.624451E-15
4935.07762660981  1.675595E-15
4938.11552705765  1.700392E-15
4941.1534275055  1.750921E-15
4944.19132795334  1.801660E-15
4947.22922840119  1.839644E-15
4950.26712884903  1.890481E-15
4953.30502929688  1.984251E-15
4956.34292974472  2.052155E-15
4959.38083019257  2.041469E-15
4962.41873064041  2.051066E-15
4965.45663108826  2.135105E-15
4968.49453153611  2.198129E-15
4971.53243198395  2.202568E-15
4974.5703324318  2.252009E-15
4977.60823287964  2.256691E-15
4980.64613332749  2.281839E-15
4983.68403377533  2.290607E-15
4986.72193422318  2.338354E-15
4989.75983467102  2.326480E-15
4992.79773511887  2.273506E-15
4995.83563556672  2.320822E-15
4998.87353601456  2.316802E-15
5001.91143646241  2.314542E-15
5004.94933691025  2.309236E-15
5007.9872373581  2.268241E-15
5011.02513780594  2.174476E-15
5014.06303825379  2.144460E-15
5017.10093870163  2.106780E-15
5020.13883914948  2.005820E-15
5023.17673959732  1.905029E-15
5026.21464004517  1.821553E-15
5029.25254049301  1.772441E-15
5032.29044094086  1.718035E-15
5035.32834138871  1.635621E-15
5038.36624183655  1.544529E-15
5041.4041422844  1.542124E-15
5044.44204273224  1.506161E-15
5047.47994318009  1.452072E-15
5050.51784362793  1.409416E-15
5053.55574407578  1.369089E-15
5056.59364452362  1.370221E-15
5059.63154497147  1.324877E-15
5062.66944541932  1.273605E-15
5065.70734586716  1.257338E-15
5068.74524631501  1.264349E-15
5071.78314676285  1.239634E-15
5074.8210472107  1.234295E-15
5077.85894765854  1.220223E-15
5080.89684810639  1.203909E-15
5083.93474855423  1.218736E-15
5086.97264900208  1.189261E-15
5090.01054944992  1.180553E-15
5093.04844989777  1.163102E-15
5096.08635034561  1.107560E-15
5099.12425079346  1.093786E-15
5102.16215124131  1.098704E-15
5105.20005168915  1.097210E-15
5108.237952137  1.077397E-15
5111.27585258484  1.067954E-15
5114.31375303269  1.095571E-15
5117.35165348053  1.112505E-15
5120.38955392838  1.103738E-15
5123.42745437622  1.088705E-15
5126.46535482407  1.085347E-15
5129.50325527192  1.069192E-15
5132.54115571976  1.061040E-15
5135.57905616761  1.062516E-15
5138.61695661545  1.054427E-15
5141.6548570633  1.063631E-15
5144.69275751114  1.079328E-15
5147.73065795899  1.059655E-15
5150.76855840683  1.067676E-15
5153.80645885468  1.102662E-15
5156.84435930252  1.103564E-15
5159.88225975037  1.078400E-15
5162.92016019822  1.068782E-15
5165.95806064606  1.074350E-15
5168.99596109391  1.076172E-15
5172.03386154175  1.066999E-15
5175.0717619896  1.061023E-15
5178.10966243744  1.035844E-15
5181.14756288529  1.041557E-15
5184.18546333313  1.034359E-15
5187.22336378098  1.062702E-15
5190.26126422882  1.083740E-15
5193.29916467667  1.073609E-15
5196.33706512451  1.086546E-15
5199.37496557236  1.115055E-15
5202.41286602021  1.144505E-15
5205.45076646805  1.114542E-15
5208.4886669159  1.120875E-15
5211.52656736374  1.160375E-15
5214.56446781159  1.174869E-15
5217.60236825943  1.173034E-15
5220.64026870728  1.181962E-15
5223.67816915512  1.202062E-15
5226.71606960297  1.232560E-15
5229.75397005082  1.205353E-15
5232.79187049866  1.247976E-15
5235.82977094651  1.263947E-15
5238.86767139435  1.259403E-15
5241.9055718422  1.287067E-15
5244.94347229004  1.332945E-15
5247.98137273789  1.348426E-15
5251.01927318573  1.369682E-15
5254.05717363358  1.418886E-15
5257.09507408142  1.464624E-15
5260.13297452927  1.507044E-15
5263.17087497712  1.500190E-15
5266.20877542496  1.546861E-15
5269.24667587281  1.593295E-15
5272.28457632065  1.577244E-15
5275.3224767685  1.618139E-15
5278.36037721634  1.695827E-15
5281.39827766419  1.656585E-15
5284.43617811203  1.669630E-15
5287.47407855988  1.705194E-15
5290.51197900772  1.679708E-15
5293.54987945557  1.679634E-15
5296.58777990341  1.712780E-15
5299.62568035126  1.725421E-15
5302.66358079911  1.748759E-15
5305.70148124695  1.805874E-15
5308.7393816948  1.832074E-15
5311.77728214264  1.864212E-15
5314.81518259049  1.917084E-15
5317.85308303833  1.963292E-15
5320.89098348618  1.976852E-15
5323.92888393403  1.999295E-15
5326.96678438187  2.062803E-15
5330.00468482972  2.103082E-15
5333.04258527756  2.135490E-15
5336.08048572541  2.134981E-15
5339.11838617325  2.127548E-15
5342.1562866211  2.158222E-15
5345.19418706894  2.176093E-15
5348.23208751679  2.163913E-15
5351.26998796463  2.162263E-15
5354.30788841248  2.164276E-15
5357.34578886032  2.169230E-15
5360.38368930817  2.121509E-15
5363.42158975601  2.087116E-15
5366.45949020386  2.090627E-15
5369.49739065171  2.117073E-15
5372.53529109955  2.106516E-15
5375.5731915474  2.056820E-15
5378.61109199524  2.040708E-15
5381.64899244309  2.037626E-15
5384.68689289094  1.997105E-15
5387.72479333878  1.972509E-15
5390.76269378663  1.989828E-15
5393.80059423447  1.948331E-15
5396.83849468232  1.950208E-15
5399.87639513016  1.970055E-15
5402.91429557801  1.931151E-15
5405.95219602585  1.936483E-15
5408.9900964737  1.949687E-15
5412.02799692154  1.921872E-15
5415.06589736939  1.952805E-15
5418.10379781723  2.021473E-15
5421.14169826508  2.033478E-15
5424.17959871292  2.030812E-15
5427.21749916077  2.064665E-15
5430.25539960862  2.112590E-15
5433.29330005646  2.142134E-15
5436.33120050431  2.143730E-15
5439.36910095215  2.194635E-15
5442.4070014  2.191173E-15
5445.44490184784  2.236835E-15
5448.48280229569  2.299342E-15
5451.52070274354  2.304620E-15
5454.55860319138  2.330111E-15
5457.59650363923  2.386996E-15
5460.63440408707  2.418981E-15
5463.67230453492  2.398364E-15
5466.71020498276  2.449312E-15
5469.74810543061  2.512410E-15
5472.78600587845  2.565015E-15
5475.8239063263  2.595105E-15
5478.86180677414  2.583055E-15
5481.89970722199  2.617823E-15
5484.93760766983  2.670879E-15
5487.97550811768  2.717734E-15
5491.01340856553  2.764200E-15
5494.05130901337  2.818266E-15
5497.08920946122  2.831223E-15
5500.12710990906  2.852689E-15
5503.16501035691  2.962687E-15
5506.20291080475  3.030676E-15
5509.2408112526  2.998956E-15
5512.27871170044  3.037930E-15
5515.31661214829  3.111408E-15
5518.35451259614  3.135106E-15
5521.39241304398  3.137714E-15
5524.43031349182  3.171521E-15
5527.46821393967  3.212117E-15
5530.50611438752  3.237182E-15
5533.54401483536  3.287400E-15
5536.58191528321  3.359853E-15
5539.61981573105  3.392195E-15
5542.6577161789  3.400001E-15
5545.69561662674  3.405840E-15
5548.73351707459  3.425527E-15
5551.77141752244  3.461752E-15
5554.80931797028  3.474567E-15
5557.84721841813  3.518865E-15
5560.88511886597  3.481183E-15
5563.92301931382  3.536490E-15
5566.96091976166  3.595624E-15
5569.99882020951  3.603823E-15
5573.03672065735  3.621681E-15
5576.0746211052  3.602052E-15
5579.11252155304  3.583587E-15
5582.15042200089  3.623282E-15
5585.18832244874  3.553883E-15
5588.22622289658  3.534399E-15
5591.26412334442  3.552782E-15
5594.30202379227  3.561994E-15
5597.33992424012  3.582212E-15
5600.37782468796  3.541548E-15
5603.41572513581  3.528782E-15
5606.45362558365  3.518190E-15
5609.4915260315  3.499720E-15
5612.52942647934  3.446919E-15
5615.56732692719  3.452406E-15
5618.60522737504  3.468708E-15
5621.64312782288  3.432299E-15
5624.68102827073  3.468787E-15
5627.71892871857  3.392518E-15
5630.75682916642  3.354668E-15
5633.79472961426  3.357249E-15
5636.83263006211  3.338733E-15
5639.87053050995  3.292888E-15
5642.9084309578  3.243923E-15
5645.94633140564  3.220908E-15
5648.98423185349  3.214664E-15
5652.02213230134  3.160783E-15
5655.06003274918  3.152583E-15
5658.09793319703  3.117200E-15
5661.13583364487  3.094149E-15
5664.17373409272  3.067064E-15
5667.21163454056  2.998880E-15
5670.24953498841  2.965032E-15
5673.28743543625  2.887879E-15
5676.3253358841  2.901108E-15
5679.36323633194  2.844289E-15
5682.40113677979  2.775080E-15
5685.43903722764  2.738427E-15
5688.47693767548  2.699779E-15
5691.51483812333  2.671693E-15
5694.55273857117  2.626590E-15
5697.59063901902  2.573311E-15
5700.62853946686  2.539009E-15
5703.66643991471  2.480110E-15
5706.70434036255  2.414502E-15
5709.7422408104  2.380671E-15
5712.78014125824  2.349101E-15
5715.81804170609  2.285938E-15
5718.85594215394  2.226700E-15
5721.89384260178  2.155314E-15
5724.93174304963  2.113520E-15
5727.96964349747  2.065932E-15
5731.00754394532  2.028750E-15
5734.04544439316  2.023762E-15
5737.08334484101  1.993578E-15
5740.12124528885  1.985330E-15
5743.1591457367  1.950611E-15
5746.19704618454  1.946480E-15
5749.23494663239  1.962472E-15
5752.27284708024  1.971890E-15
5755.31074752808  1.973048E-15
5758.34864797593  1.965293E-15
5761.38654842377  1.974851E-15
5764.42444887162  2.024772E-15
5767.46234931946  2.034217E-15
5770.50024976731  2.017296E-15
5773.53815021515  2.026791E-15
5776.576050663  2.046095E-15
5779.61395111084  2.049922E-15
5782.65185155869  2.079916E-15
5785.68975200654  2.080056E-15
5788.72765245438  2.106304E-15
5791.76555290223  2.133327E-15
5794.80345335007  2.179237E-15
5797.84135379792  2.220227E-15
5800.87925424576  2.226540E-15
5803.91715469361  2.275514E-15
5806.95505514145  2.336924E-15
5809.9929555893  2.332732E-15
5813.03085603714  2.368705E-15
5816.06875648499  2.356596E-15
5819.10665693284  2.394063E-15
5822.14455738068  2.479669E-15
5825.18245782853  2.475709E-15
5828.22035827637  2.496955E-15
5831.25825872422  2.497495E-15
5834.29615917206  2.510742E-15
5837.33405961991  2.551350E-15
5840.37196006775  2.548939E-15
5843.4098605156  2.529409E-15
5846.44776096344  2.557119E-15
5849.48566141129  2.560136E-15
5852.52356185914  2.568668E-15
5855.56146230698  2.539153E-15
5858.59936275483  2.562616E-15
5861.63726320267  2.603723E-15
5864.67516365052  2.604048E-15
5867.71306409836  2.602463E-15
5870.75096454621  2.592969E-15
5873.78886499405  2.572803E-15
5876.8267654419  2.621929E-15
5879.86466588975  2.628992E-15
5882.90256633759  2.594446E-15
5885.94046678544  2.570371E-15
5888.97836723328  2.550561E-15
5892.01626768113  2.504014E-15
5895.05416812897  2.497520E-15
5898.09206857682  2.499079E-15
5901.12996902466  2.504894E-15
5904.16786947251  2.515759E-15
5907.20576992035  2.491112E-15
5910.2436703682  2.465469E-15
5913.28157081605  2.492169E-15
5916.31947126389  2.488457E-15
5919.35737171174  2.459030E-15
5922.39527215958  2.403972E-15
5925.43317260743  2.403335E-15
5928.47107305527  2.420125E-15
5931.50897350312  2.369508E-15
5934.54687395096  2.320452E-15
5937.58477439881  2.307211E-15
5940.62267484665  2.302291E-15
5943.6605752945  2.268114E-15
5946.69847574234  2.258998E-15
5949.73637619019  2.259561E-15
5952.77427663804  2.239124E-15
5955.81217708588  2.241019E-15
5958.85007753373  2.194634E-15
5961.88797798157  2.194031E-15
5964.92587842942  2.177334E-15
5967.96377887726  2.162121E-15
5971.00167932511  2.143952E-15
5974.03957977295  2.116658E-15
5977.0774802208  2.088149E-15
5980.11538066865  2.034022E-15
5983.15328111649  2.004977E-15
5986.19118156434  1.958215E-15
5989.22908201218  1.907523E-15
5992.26698246003  1.880989E-15
5995.30488290787  1.862273E-15
5998.34278335572  1.792710E-15
6001.38068380356  1.707364E-15
6004.41858425141  1.686871E-15
6007.45648469925  1.662382E-15
6010.4943851471  1.627472E-15
6013.53228559495  1.595000E-15
6016.57018604279  1.560793E-15
6019.60808649064  1.541028E-15
6022.64598693848  1.541625E-15
6025.68388738633  1.522483E-15
6028.72178783417  1.498338E-15
6031.75968828202  1.491424E-15
6034.79758872986  1.482237E-15
6037.83548917771  1.479214E-15
6040.87338962555  1.497319E-15
6043.9112900734  1.492799E-15
6046.94919052125  1.487839E-15
6049.98709096909  1.500362E-15
6053.02499141694  1.511701E-15
6056.06289186478  1.514379E-15
6059.10079231263  1.517058E-15
6062.13869276047  1.508497E-15
6065.17659320832  1.515633E-15
6068.21449365616  1.496437E-15
6071.25239410401  1.479788E-15
6074.29029455185  1.463464E-15
6077.3281949997  1.458514E-15
6080.36609544755  1.467251E-15
6083.40399589539  1.431229E-15
6086.44189634324  1.417427E-15
6089.47979679108  1.405850E-15
6092.51769723893  1.362312E-15
6095.55559768677  1.324909E-15
6098.59349813462  1.302531E-15
6101.63139858246  1.286267E-15
6104.66929903031  1.310509E-15
6107.70719947815  1.293099E-15
6110.745099926  1.286871E-15
6113.78300037385  1.302182E-15
6116.82090082169  1.326626E-15
6119.85880126954  1.330558E-15
6122.89670171738  1.327129E-15
6125.93460216523  1.365853E-15
6128.97250261307  1.387046E-15
6132.01040306092  1.376183E-15
6135.04830350876  1.392944E-15
6138.08620395661  1.434002E-15
6141.12410440446  1.445707E-15
6144.1620048523  1.447181E-15
6147.19990530015  1.497446E-15
6150.23780574799  1.534425E-15
6153.27570619584  1.527330E-15
6156.31360664368  1.531805E-15
6159.35150709153  1.528524E-15
6162.38940753937  1.510462E-15
6165.42730798722  1.532540E-15
6168.46520843506  1.513359E-15
6171.50310888291  1.476226E-15
6174.54100933075  1.456527E-15
6177.5789097786  1.430689E-15
6180.61681022645  1.381084E-15
6183.65471067429  1.339556E-15
6186.69261112214  1.319267E-15
6189.73051156998  1.284533E-15
6192.76841201783  1.265186E-15
6195.80631246567  1.248793E-15
6198.84421291352  1.232673E-15
6201.88211336136  1.220817E-15
6204.92001380921  1.225531E-15
6207.95791425706  1.228419E-15
6210.9958147049  1.221297E-15
6214.03371515275  1.222850E-15
6217.07161560059  1.262129E-15
6220.10951604844  1.296368E-15
6223.14741649628  1.308822E-15
6226.18531694413  1.332846E-15
6229.22321739197  1.379526E-15
6232.26111783982  1.427550E-15
6235.29901828766  1.493419E-15
6238.33691873551  1.556847E-15
6241.37481918335  1.585085E-15
6244.4127196312  1.606395E-15
6247.45062007905  1.659587E-15
6250.48852052689  1.681812E-15
6253.52642097474  1.730173E-15
6256.56432142258  1.723603E-15
6259.60222187043  1.698351E-15
6262.64012231827  1.707925E-15
6265.67802276612  1.695890E-15
6268.71592321396  1.627000E-15
6271.75382366181  1.580145E-15
6274.79172410965  1.548696E-15
6277.8296245575  1.500326E-15
6280.86752500535  1.455239E-15
6283.90542545319  1.431692E-15
6286.94332590104  1.427743E-15
6289.98122634888  1.429710E-15
6293.01912679673  1.372868E-15
6296.05702724457  1.332035E-15
6299.09492769242  1.320333E-15
6302.13282814026  1.324747E-15
6305.17072858811  1.323302E-15
6308.20862903596  1.314380E-15
6311.2465294838  1.296008E-15
6314.28442993165  1.291873E-15
6317.32233037949  1.295189E-15
6320.36023082734  1.308118E-15
6323.39813127518  1.301597E-15
6326.43603172303  1.286828E-15
6329.47393217087  1.311866E-15
6332.51183261872  1.317350E-15
6335.54973306656  1.318376E-15
6338.58763351441  1.329439E-15
6341.62553396225  1.344435E-15
6344.6634344101  1.350200E-15
6347.70133485795  1.334598E-15
6350.73923530579  1.359800E-15
6353.77713575364  1.345378E-15
6356.81503620148  1.372305E-15
6359.85293664933  1.358829E-15
6362.89083709717  1.333069E-15
6365.92873754502  1.379963E-15
6368.96663799286  1.393341E-15
6372.00453844071  1.408334E-15
6375.04243888855  1.406271E-15
6378.0803393364  1.421665E-15
6381.11823978425  1.449829E-15
6384.15614023209  1.481824E-15
6387.19404067994  1.521363E-15
6390.23194112778  1.542263E-15
6393.26984157563  1.596583E-15
6396.30774202347  1.601747E-15
6399.34564247132  1.622683E-15
6402.38354291916  1.673077E-15
6405.42144336701  1.689072E-15
6408.45934381485  1.704456E-15
6411.4972442627  1.697028E-15
6414.53514471055  1.748910E-15
6417.57304515839  1.790760E-15
6420.61094560624  1.825136E-15
6423.64884605408  1.873847E-15
6426.68674650193  1.895296E-15
6429.72464694977  1.944555E-15
6432.76254739762  1.960772E-15
6435.80044784546  1.973888E-15
6438.83834829331  2.003355E-15
6441.87624874116  2.041738E-15
6444.914149189  2.081294E-15
6447.95204963685  2.091596E-15
6450.98995008469  2.127260E-15
6454.02785053254  2.162681E-15
6457.06575098038  2.214939E-15
6460.10365142823  2.238150E-15
6463.14155187607  2.238472E-15
6466.17945232392  2.285786E-15
6469.21735277176  2.327149E-15
6472.25525321961  2.339307E-15
6475.29315366746  2.388645E-15
6478.3310541153  2.421436E-15
6481.36895456315  2.442379E-15
6484.40685501099  2.487319E-15
6487.44475545884  2.520907E-15
6490.48265590668  2.560234E-15
6493.52055635453  2.590521E-15
6496.55845680237  2.630074E-15
6499.59635725022  2.671051E-15
6502.63425769806  2.686448E-15
6505.67215814591  2.699429E-15
6508.71005859375  2.719286E-15
6511.7479590416  2.754566E-15
6514.78585948945  2.794548E-15
6517.82375993729  2.781311E-15
6520.86166038514  2.806602E-15
6523.89956083298  2.887158E-15
6526.93746128083  2.856832E-15
6529.97536172867  2.867351E-15
6533.01326217652  2.894782E-15
6536.05116262437  2.936638E-15
6539.08906307221  2.962064E-15
6542.12696352006  2.952413E-15
6545.1648639679  2.967378E-15
6548.20276441575  2.981541E-15
6551.24066486359  2.973482E-15
6554.27856531144  2.983577E-15
6557.31646575928  3.001321E-15
6560.35436620713  3.017642E-15
6563.39226665497  3.045452E-15
6566.43016710282  3.017018E-15
6569.46806755066  3.025144E-15
6572.50596799851  3.026668E-15
6575.54386844635  3.050523E-15
6578.5817688942  3.061005E-15
6581.61966934205  3.038991E-15
6584.65756978989  3.077688E-15
6587.69547023774  3.018268E-15
6590.73337068558  3.005245E-15
6593.77127113343  3.037201E-15
6596.80917158127  3.034383E-15
6599.84707202912  3.005464E-15
6602.88497247696  3.036834E-15
6605.92287292481  3.012255E-15
6608.96077337266  3.013482E-15
6611.9986738205  3.042637E-15
6615.03657426835  3.045383E-15
6618.07447471619  3.021341E-15
6621.11237516404  2.994781E-15
6624.15027561188  2.949821E-15
6627.18817605973  2.958380E-15
6630.22607650757  2.975975E-15
6633.26397695542  2.960698E-15
6636.30187740327  2.940560E-15
6639.33977785111  2.936059E-15
6642.37767829896  2.916954E-15
6645.4155787468  2.891109E-15
6648.45347919465  2.838845E-15
6651.49137964249  2.813448E-15
6654.52928009034  2.819898E-15
6657.56718053818  2.804047E-15
6660.60508098603  2.778613E-15
6663.64298143388  2.766915E-15
6666.68088188172  2.737664E-15
6669.71878232957  2.670276E-15
6672.75668277741  2.653238E-15
6675.79458322526  2.677088E-15
6678.8324836731  2.624119E-15
6681.87038412095  2.537900E-15
6684.90828456879  2.533476E-15
6687.94618501664  2.531898E-15
6690.98408546448  2.477023E-15
6694.02198591233  2.439895E-15
6697.05988636017  2.443362E-15
6700.09778680802  2.372278E-15
6703.13568725586  2.344623E-15
6706.17358770371  2.325022E-15
6709.21148815156  2.306473E-15
6712.2493885994  2.259154E-15
6715.28728904725  2.194005E-15
6718.32518949509  2.181952E-15
6721.36308994294  2.174830E-15
6724.40099039078  2.114974E-15
6727.43889083863  2.090527E-15
6730.47679128648  2.072707E-15
6733.51469173432  2.016499E-15
6736.55259218217  1.969461E-15
6739.59049263001  1.964537E-15
6742.62839307786  1.943054E-15
6745.6662935257  1.883494E-15
6748.70419397355  1.838897E-15
6751.74209442139  1.826688E-15
6754.77999486924  1.803967E-15
6757.81789531708  1.767225E-15
6760.85579576493  1.733913E-15
6763.89369621277  1.722817E-15
6766.93159666062  1.709553E-15
6769.96949710847  1.685961E-15
6773.00739755631  1.659608E-15
6776.04529800416  1.634706E-15
6779.083198452  1.629783E-15
6782.12109889985  1.615082E-15
6785.15899934769  1.557390E-15
6788.19689979554  1.521645E-15
6791.23480024338  1.531299E-15
6794.27270069123  1.516339E-15
6797.31060113907  1.527799E-15
6800.34850158692  1.532842E-15
6803.38640203477  1.524267E-15
6806.42430248261  1.524687E-15
6809.46220293046  1.512342E-15
6812.5001033783  1.482640E-15
6815.53800382615  1.461017E-15
6818.57590427399  1.502810E-15
6821.61380472184  1.498552E-15
6824.65170516968  1.482985E-15
6827.68960561753  1.495475E-15
6830.72750606538  1.493965E-15
6833.76540651322  1.481491E-15
6836.80330696107  1.475697E-15
6839.84120740891  1.470283E-15
6842.87910785676  1.491672E-15
6845.9170083046  1.500801E-15
6848.95490875245  1.506261E-15
6851.99280920029  1.541463E-15
6855.03070964814  1.542624E-15
6858.06861009599  1.535188E-15
6861.10651054383  1.522930E-15
6864.14441099168  1.530276E-15
6867.18231143952  1.524059E-15
6870.22021188737  1.481811E-15
6873.25811233521  1.506982E-15
6876.29601278306  1.529138E-15
6879.3339132309  1.497318E-15
6882.37181367875  1.500139E-15
6885.40971412659  1.526956E-15
6888.44761457444  1.488207E-15
6891.48551502229  1.507425E-15
6894.52341547013  1.536574E-15
6897.56131591798  1.523974E-15
6900.59921636582  1.509511E-15
6903.63711681367  1.520908E-15
6906.67501726151  1.514679E-15
6909.71291770936  1.467625E-15
6912.7508181572  1.516028E-15
6915.78871860505  1.546351E-15
6918.82661905289  1.461365E-15
6921.86451950074  1.412693E-15
6924.90241994859  1.477636E-15
6927.94032039643  1.458222E-15
6930.97822084428  1.442342E-15
6934.01612129212  1.470318E-15
6937.05402173997  1.461980E-15
6940.09192218781  1.450429E-15
6943.12982263566  1.468773E-15
6946.1677230835  1.411989E-15
6949.20562353135  1.430174E-15
6952.24352397919  1.451022E-15
6955.28142442704  1.423240E-15
6958.31932487489  1.392451E-15
6961.35722532273  1.399323E-15
6964.39512577058  1.454132E-15
6967.43302621842  1.447486E-15
6970.47092666627  1.427367E-15
6973.50882711411  1.422340E-15
6976.54672756196  1.419119E-15
6979.5846280098  1.417610E-15
6982.62252845765  1.399443E-15
6985.6604289055  1.382830E-15
6988.69832935334  1.363170E-15
6991.73622980119  1.373393E-15
6994.77413024903  1.378880E-15
6997.81203069688  1.354954E-15
7000.84993114472  1.355653E-15
7003.88783159257  1.374765E-15
7006.92573204041  1.360717E-15
7009.96363248826  1.345491E-15
7013.0015329361  1.345316E-15
7016.03943338395  1.355492E-15
7019.07733383179  1.377371E-15
7022.11523427964  1.311769E-15
7025.15313472749  1.314741E-15
7028.19103517533  1.338479E-15
7031.22893562318  1.326895E-15
7034.26683607102  1.327542E-15
7037.30473651887  1.343254E-15
7040.34263696671  1.298400E-15
7043.38053741456  1.262183E-15
7046.4184378624  1.277535E-15
7049.45633831025  1.288998E-15
7052.49423875809  1.260654E-15
7055.53213920594  1.237413E-15
7058.57003965379  1.236121E-15
7061.60794010163  1.222796E-15
7064.64584054948  1.232750E-15
7067.68374099732  1.228392E-15
7070.72164144517  1.206183E-15
7073.75954189301  1.215828E-15
7076.79744234086  1.207526E-15
7079.8353427887  1.215311E-15
7082.87324323655  1.213870E-15
7085.9111436844  1.213326E-15
7088.94904413224  1.214991E-15
7091.98694458009  1.195376E-15
7095.02484502793  1.184471E-15
7098.06274547578  1.187640E-15
7101.10064592362  1.191606E-15
7104.13854637147  1.172499E-15
7107.17644681931  1.142021E-15
7110.21434726716  1.137355E-15
7113.252247715  1.141226E-15
7116.29014816285  1.123436E-15
7119.3280486107  1.129982E-15
7122.36594905854  1.108986E-15
7125.40384950639  1.064208E-15
7128.44174995423  1.086810E-15
7131.47965040208  1.068407E-15
7134.51755084992  1.035320E-15
7137.55545129777  1.042922E-15
7140.59335174561  1.047448E-15
7143.63125219346  1.022173E-15
7146.6691526413  1.015556E-15
7149.70705308915  1.022172E-15
7152.74495353699  9.924867E-16
7155.78285398484  1.015646E-15
7158.82075443269  1.027690E-15
7161.85865488053  1.007211E-15
7164.89655532838  1.024931E-15
7167.93445577622  1.042448E-15
7170.97235622407  1.062303E-15
7174.01025667191  1.093992E-15
7177.04815711976  1.120067E-15
7180.0860575676  1.115081E-15
7183.12395801545  1.092895E-15
7186.1618584633  1.106936E-15
7189.19975891114  1.138294E-15
7192.23765935899  1.136323E-15
7195.27555980683  1.151599E-15
7198.31346025468  1.187107E-15
7201.35136070252  1.184919E-15
7204.38926115037  1.206442E-15
7207.42716159821  1.224054E-15
7210.46506204606  1.209693E-15
7213.5029624939  1.228783E-15
7216.54086294175  1.266944E-15
7219.5787633896  1.272918E-15
7222.61666383744  1.296406E-15
7225.65456428529  1.299482E-15
7228.69246473313  1.306512E-15
7231.73036518098  1.310719E-15
7234.76826562882  1.347134E-15
7237.80616607667  1.397542E-15
7240.84406652451  1.385308E-15
7243.88196697236  1.385276E-15
7246.9198674202  1.407805E-15
7249.95776786805  1.412844E-15
7252.9956683159  1.390899E-15
7256.03356876374  1.400816E-15
7259.07146921159  1.411885E-15
7262.10936965943  1.412747E-15
7265.14727010728  1.423818E-15
7268.18517055512  1.396668E-15
7271.22307100297  1.373748E-15
7274.26097145081  1.367782E-15
7277.29887189866  1.371319E-15
7280.3367723465  1.391275E-15
7283.37467279435  1.392005E-15
7286.41257324219  1.393385E-15
7289.45047369004  1.414022E-15
7292.48837413789  1.414276E-15
7295.52627458573  1.372683E-15
7298.56417503358  1.404631E-15
7301.60207548142  1.415840E-15
7304.63997592927  1.407421E-15
7307.67787637711  1.414147E-15
7310.71577682496  1.426960E-15
7313.7536772728  1.459479E-15
7316.79157772065  1.472183E-15
7319.8294781685  1.441669E-15
7322.86737861634  1.400963E-15
7325.90527906419  1.403454E-15
7328.94317951203  1.404681E-15
7331.98107995988  1.411907E-15
7335.01898040772  1.432649E-15
7338.05688085557  1.451798E-15
7341.09478130341  1.443596E-15
7344.13268175126  1.424283E-15
7347.1705821991  1.458683E-15
7350.20848264695  1.441713E-15
7353.2463830948  1.449314E-15
7356.28428354264  1.451060E-15
7359.32218399049  1.440638E-15
7362.36008443833  1.456762E-15
7365.39798488618  1.458783E-15
7368.43588533402  1.467190E-15
7371.47378578187  1.469111E-15
7374.51168622971  1.466573E-15
7377.54958667756  1.472493E-15
7380.5874871254  1.498237E-15
7383.62538757325  1.533857E-15
7386.6632880211  1.500921E-15
7389.70118846894  1.510832E-15
7392.73908891679  1.544043E-15
7395.77698936463  1.542699E-15
7398.81488981248  1.559843E-15
7401.85279026032  1.588445E-15
7404.89069070817  1.558084E-15
7407.92859115601  1.598647E-15
7410.96649160386  1.628859E-15
7414.0043920517  1.604342E-15
7417.04229249955  1.630544E-15
7420.0801929474  1.675521E-15
7423.11809339524  1.649277E-15
7426.15599384309  1.662568E-15
7429.19389429093  1.716198E-15
7432.23179473878  1.730108E-15
7435.26969518662  1.725632E-15
7438.30759563447  1.759522E-15
7441.34549608231  1.736675E-15
7444.38339653016  1.764552E-15
7447.421296978  1.812625E-15
7450.45919742585  1.810563E-15
7453.49709787369  1.828408E-15
7456.53499832154  1.839547E-15
7459.57289876939  1.817814E-15
7462.61079921723  1.858982E-15
7465.64869966508  1.898864E-15
7468.68660011292  1.873965E-15
7471.72450056077  1.907403E-15
7474.76240100861  1.930980E-15
7477.80030145646  1.931848E-15
7480.8382019043  1.932287E-15
7483.87610235215  1.939838E-15
7486.9140028  1.941409E-15
7489.95190324784  1.916348E-15
7492.98980369569  1.943986E-15
7496.02770414353  1.944414E-15
7499.06560459138  1.903852E-15
7502.10350503922  1.901774E-15
7505.14140548707  1.923225E-15
7508.17930593491  1.862887E-15
7511.21720638276  1.876129E-15
7514.2551068306  1.826183E-15
7517.29300727845  1.771426E-15
7520.3309077263  1.761505E-15
7523.36880817414  1.717633E-15
7526.40670862199  1.690666E-15
7529.44460906983  1.687534E-15
7532.48250951768  1.651037E-15
7535.52040996552  1.620189E-15
7538.55831041337  1.602828E-15
7541.59621086121  1.556515E-15
7544.63411130906  1.499874E-15
7547.6720117569  1.485336E-15
7550.70991220475  1.468021E-15
7553.74781265259  1.444090E-15
7556.78571310044  1.433826E-15
7559.82361354829  1.429084E-15
7562.86151399613  1.420170E-15
7565.89941444398  1.404641E-15
7568.93731489182  1.402456E-15
7571.97521533967  1.426051E-15
7575.01311578751  1.394597E-15
7578.05101623536  1.379890E-15
7581.0889166832  1.442829E-15
7584.12681713105  1.428437E-15
7587.1647175789  1.398005E-15
7590.20261802674  1.390833E-15
7593.24051847459  1.344896E-15
7596.27841892243  1.353103E-15
7599.31631937028  1.368231E-15
7602.35421981812  1.317982E-15
7605.39212026597  1.304521E-15
7608.43002071381  1.315589E-15
7611.46792116166  1.305561E-15
7614.5058216095  1.338254E-15
7617.54372205735  1.302890E-15
7620.5816225052  1.265907E-15
7623.61952295304  1.314246E-15
7626.65742340089  1.385076E-15
7629.69532384873  1.367450E-15
7632.73322429658  1.333316E-15
7635.77112474442  1.373743E-15
7638.80902519227  1.457798E-15
7641.84692564012  1.454247E-15
7644.88482608796  1.410829E-15
7647.92272653581  1.448526E-15
7650.96062698365  1.522843E-15
7653.9985274315  1.486714E-15
7657.03642787934  1.483931E-15
7660.07432832719  1.569015E-15
7663.11222877503  1.601341E-15
7666.15012922288  1.591492E-15
7669.18802967072  1.671102E-15
7672.22593011857  1.691784E-15
7675.26383056641  1.690154E-15
7678.30173101426  1.730333E-15
7681.3396314621  1.755335E-15
7684.37753190995  1.758081E-15
7687.4154323578  1.779642E-15
7690.45333280564  1.819020E-15
7693.49123325349  1.851512E-15
7696.52913370133  1.841994E-15
7699.56703414918  1.855695E-15
7702.60493459702  1.950580E-15
7705.64283504487  1.951099E-15
7708.68073549271  1.923869E-15
7711.71863594056  1.964901E-15
7714.7565363884  1.996584E-15
7717.79443683625  1.980971E-15
7720.8323372841  2.015523E-15
7723.87023773194  2.063808E-15
7726.90813817979  2.093525E-15
7729.94603862763  2.108764E-15
7732.98393907548  2.128981E-15
7736.02183952332  2.162956E-15
7739.05973997117  2.159505E-15
7742.09764041901  2.155655E-15
7745.13554086686  2.156808E-15
7748.17344131471  2.191448E-15
7751.21134176255  2.241791E-15
7754.2492422104  2.218778E-15
7757.28714265824  2.217947E-15
7760.32504310609  2.229514E-15
7763.36294355393  2.229250E-15
7766.40084400178  2.248678E-15
7769.43874444962  2.244175E-15
7772.47664489747  2.249131E-15
7775.51454534532  2.263155E-15
7778.55244579316  2.265604E-15
7781.590346241  2.265766E-15
7784.62824668885  2.279503E-15
7787.6661471367  2.311471E-15
7790.70404758454  2.334516E-15
7793.74194803239  2.331896E-15
7796.77984848023  2.310605E-15
7799.81774892808  2.296819E-15
7802.85564937592  2.310278E-15
7805.89354982377  2.338381E-15
7808.93145027162  2.295055E-15
7811.96935071946  2.284259E-15
7815.00725116731  2.305535E-15
7818.04515161515  2.278552E-15
7821.083052063  2.273861E-15
7824.12095251084  2.263713E-15
7827.15885295869  2.272503E-15
7830.19675340653  2.286942E-15
7833.23465385438  2.264917E-15
7836.27255430223  2.230502E-15
7839.31045475007  2.252564E-15
7842.34835519792  2.248068E-15
7845.38625564576  2.238113E-15
7848.42415609361  2.222950E-15
7851.46205654145  2.193319E-15
7854.4999569893  2.192213E-15
7857.53785743714  2.187650E-15
7860.57575788499  2.173040E-15
7863.61365833283  2.175628E-15
7866.65155878068  2.186448E-15
7869.68945922853  2.168499E-15
7872.72735967637  2.137394E-15
7875.76526012422  2.157911E-15
7878.80316057206  2.131035E-15
7881.84106101991  2.081885E-15
7884.87896146775  2.084059E-15
7887.9168619156  2.084662E-15
7890.95476236344  2.053916E-15
7893.99266281129  2.058077E-15
7897.03056325913  2.029072E-15
7900.06846370698  1.992554E-15
7903.10636415483  2.018438E-15
7906.14426460267  2.018336E-15
7909.18216505052  1.983671E-15
7912.22006549836  1.967808E-15
7915.25796594621  1.937932E-15
7918.29586639405  1.908976E-15
7921.3337668419  1.916924E-15
7924.37166728974  1.862481E-15
7927.40956773759  1.840105E-15
7930.44746818543  1.851469E-15
7933.48536863328  1.851307E-15
7936.52326908112  1.837511E-15
7939.56116952897  1.826816E-15
7942.59906997682  1.785560E-15
7945.63697042466  1.765112E-15
7948.67487087251  1.731407E-15
7951.71277132035  1.710487E-15
7954.7506717682  1.731794E-15
7957.78857221604  1.686929E-15
7960.82647266389  1.661474E-15
7963.86437311173  1.654411E-15
7966.90227355958  1.656831E-15
7969.94017400743  1.640038E-15
7972.97807445527  1.597913E-15
7976.01597490312  1.602267E-15
7979.05387535096  1.546772E-15
7982.09177579881  1.531929E-15
7985.12967624665  1.564007E-15
7988.1675766945  1.511776E-15
7991.20547714234  1.447586E-15
7994.24337759019  1.458636E-15
7997.28127803803  1.464539E-15
8000.31917848588  1.438786E-15
8003.35707893373  1.421205E-15
8006.39497938157  1.407766E-15
8009.43287982942  1.403494E-15
8012.47078027726  1.395426E-15
8015.50868072511  1.377164E-15
8018.54658117295  1.356997E-15
8021.5844816208  1.348876E-15
8024.62238206864  1.344686E-15
8027.66028251649  1.335164E-15
8030.69818296433  1.301820E-15
8033.73608341218  1.289374E-15
8036.77398386003  1.300283E-15
8039.81188430787  1.292538E-15
8042.84978475572  1.270290E-15
8045.88768520356  1.267951E-15
8048.92558565141  1.274655E-15
8051.96348609925  1.277377E-15
8055.0013865471  1.261583E-15
8058.03928699494  1.234993E-15
8061.07718744279  1.220857E-15
8064.11508789063  1.239586E-15
8067.15298833848  1.246934E-15
8070.19088878633  1.229198E-15
8073.22878923417  1.209624E-15
8076.26668968202  1.213221E-15
8079.30459012986  1.237207E-15
8082.34249057771  1.242383E-15
8085.38039102555  1.226164E-15
8088.4182914734  1.234749E-15
8091.45619192124  1.244452E-15
8094.49409236909  1.222355E-15
8097.53199281693  1.202596E-15
8100.56989326478  1.200569E-15
8103.60779371262  1.200102E-15
8106.64569416047  1.205214E-15
8109.68359460832  1.214229E-15
8112.72149505616  1.216928E-15
8115.75939550401  1.199804E-15
8118.79729595185  1.199467E-15
8121.8351963997  1.207694E-15
8124.87309684754  1.180200E-15
8127.91099729539  1.165136E-15
8130.94889774323  1.168560E-15
8133.98679819108  1.158782E-15
8137.02469863893  1.131474E-15
8140.06259908677  1.114534E-15
8143.10049953462  1.140446E-15
8146.13839998246  1.122571E-15
8149.17630043031  1.107279E-15
8152.21420087815  1.130691E-15
8155.252101326  1.075901E-15
8158.29000177384  1.050550E-15
8161.32790222169  1.055608E-15
8164.36580266953  1.067903E-15
8167.40370311738  1.077528E-15
8170.44160356523  1.081133E-15
8173.47950401307  1.074552E-15
8176.51740446092  1.079751E-15
8179.55530490876  1.073024E-15
8182.59320535661  1.064962E-15
8185.63110580445  1.076925E-15
8188.6690062523  1.069212E-15
8191.70690670014  1.067200E-15
8194.74480714799  1.067516E-15
8197.78270759583  1.076939E-15
8200.82060804368  1.082696E-15
8203.85850849153  1.078326E-15
8206.89640893937  1.060234E-15
8209.93430938722  1.068843E-15
8212.97220983506  1.057497E-15
8216.01011028291  1.013676E-15
8219.04801073075  9.869784E-16
8222.0859111786  9.592811E-16
8225.12381162644  9.150394E-16
8228.16171207429  9.106800E-16
8231.19961252213  9.240555E-16
8234.23751296998  9.285017E-16
8237.27541341783  9.416689E-16
8240.31331386567  9.222159E-16
8243.35121431352  8.819755E-16
8246.38911476136  8.331205E-16
8249.42701520921  7.705543E-16
8252.46491565705  7.126544E-16
8255.5028161049  6.545523E-16
8258.54071655274  5.908000E-16
8261.57861700059  5.551538E-16
8264.61651744843  5.470503E-16
8267.65441789628  5.043046E-16
8270.69231834413  4.412891E-16
8273.73021879197  3.948901E-16
8276.76811923982  3.687342E-16
8279.80601968766  3.466506E-16
8282.84392013551  3.207493E-16
8285.88182058335  2.902949E-16
8288.9197210312  2.916111E-16
8291.95762147904  2.699065E-16
8294.99552192689  2.502055E-16
8298.03342237473  2.549855E-16
8301.07132282258  2.714806E-16
8304.10922327043  2.680748E-16
8307.14712371827  2.473615E-16
8310.18502416612  2.443754E-16
8313.22292461396  2.543474E-16
8316.26082506181  2.558867E-16
8319.29872550965  2.455775E-16
8322.3366259575  2.401214E-16
8325.37452640534  2.579458E-16
8328.41242685319  2.813779E-16
8331.45032730103  2.717259E-16
8334.48822774888  2.839627E-16
8337.52612819673  3.054444E-16
8340.56402864457  3.155623E-16
8343.60192909242  3.253741E-16
8346.63982954026  3.543775E-16
8349.67772998811  3.594089E-16
8352.71563043595  3.618086E-16
8355.7535308838  3.830696E-16
8358.79143133164  4.087757E-16
8361.82933177949  4.173786E-16
8364.86723222733  4.547087E-16
8367.90513267518  5.011272E-16
8370.94303312303  5.221541E-16
8373.98093357087  5.404437E-16
8377.01883401872  5.739884E-16
8380.05673446656  6.082250E-16
8383.09463491441  6.772467E-16
8386.13253536225  6.978694E-16
8389.1704358101  7.100775E-16
8392.20833625794  7.595637E-16
8395.24623670579  8.256326E-16
8398.28413715363  7.992230E-16
8401.32203760148  8.147641E-16
8404.35993804933  8.421309E-16
8407.39783849717  7.958613E-16
8410.43573894502  7.370385E-16
8413.47363939286  7.921876E-16
8416.51153984071  7.591838E-16
8419.54944028855  7.299978E-16
8422.5873407364  7.290401E-16
8425.62524118424  6.830314E-16
8428.66314163209  6.305690E-16
8431.70104207993  6.289093E-16
8434.73894252778  6.308966E-16
8437.77684297563  6.170304E-16
8440.81474342347  6.018730E-16
8443.85264387132  5.856819E-16
8446.89054431916  6.054201E-16
8449.92844476701  6.157441E-16
8452.96634521485  6.179159E-16
8456.0042456627  6.296093E-16
8459.04214611054  6.378595E-16
8462.08004655839  6.391027E-16
8465.11794700623  6.468345E-16
8468.15584745408  6.638564E-16
8471.19374790193  6.775927E-16
8474.23164834977  6.810108E-16
8477.26954879762  6.939746E-16
8480.30744924546  7.224217E-16
8483.34534969331  7.583769E-16
8486.38325014115  7.754597E-16
8489.421150589  8.069711E-16
8492.45905103684  8.727388E-16
8495.49695148469  9.421898E-16
8498.53485193253  9.734988E-16
8501.57275238038  9.996747E-16
8504.61065282823  1.037537E-15
8507.64855327607  1.057698E-15
8510.68645372392  1.125746E-15
8513.72435417176  1.190634E-15
8516.76225461961  1.249293E-15
8519.80015506745  1.295383E-15
8522.8380555153  1.342838E-15
8525.87595596314  1.362187E-15
8528.91385641099  1.424473E-15
8531.95175685883  1.474013E-15
8534.98965730668  1.495545E-15
8538.02755775453  1.586715E-15
8541.06545820237  1.601726E-15
8544.10335865022  1.652178E-15
8547.14125909806  1.676549E-15
8550.17915954591  1.637080E-15
8553.21705999375  1.738736E-15
8556.2549604416  1.750061E-15
8559.29286088944  1.759581E-15
8562.33076133729  1.796240E-15
8565.36866178513  1.796128E-15
8568.40656223298  1.819342E-15
8571.44446268083  1.834381E-15
8574.48236312867  1.845299E-15
8577.52026357652  1.861586E-15
8580.55816402436  1.877907E-15
8583.59606447221  1.905054E-15
8586.63396492005  1.919645E-15
8589.6718653679  1.935926E-15
8592.70976581574  1.924873E-15
8595.74766626359  1.911713E-15
8598.78556671143  1.936942E-15
8601.82346715928  1.948220E-15
8604.86136760713  1.939096E-15
8607.89926805497  1.923433E-15
8610.93716850282  1.931533E-15
8613.97506895066  1.949570E-15
8617.01296939851  1.951677E-15
8620.05086984635  1.929575E-15
8623.0887702942  1.934049E-15
8626.12667074204  1.932879E-15
8629.16457118989  1.900040E-15
8632.20247163773  1.889720E-15
8635.24037208558  1.896210E-15
8638.27827253343  1.899171E-15
8641.31617298127  1.896006E-15
8644.35407342912  1.878788E-15
8647.39197387696  1.865718E-15
8650.42987432481  1.869041E-15
8653.46777477265  1.866650E-15
8656.5056752205  1.837436E-15
8659.54357566834  1.829859E-15
8662.58147611619  1.834378E-15
8665.61937656403  1.834691E-15
8668.65727701188  1.853525E-15
8671.69517745973  1.854733E-15
8674.73307790757  1.802665E-15
8677.77097835542  1.814293E-15
8680.80887880326  1.844926E-15
8683.84677925111  1.858394E-15
8686.88467969895  1.847630E-15
8689.9225801468  1.835849E-15
8692.96048059464  1.828245E-15
8695.99838104249  1.824214E-15
8699.03628149033  1.824243E-15
8702.07418193818  1.844180E-15
8705.11208238603  1.882152E-15
8708.14998283387  1.878342E-15
8711.18788328172  1.865827E-15
8714.22578372956  1.862528E-15
8717.26368417741  1.883649E-15
8720.30158462525  1.915703E-15
8723.3394850731  1.869208E-15
8726.37738552094  1.862528E-15
8729.41528596879  1.896960E-15
8732.45318641663  1.875364E-15
8735.49108686448  1.873637E-15
8738.52898731233  1.890081E-15
8741.56688776017  1.908676E-15
8744.60478820802  1.930607E-15
8747.64268865586  1.931022E-15
8750.68058910371  1.898094E-15
8753.71848955155  1.926793E-15
8756.7563899994  1.940513E-15
8759.79429044724  1.936109E-15
8762.83219089509  1.983398E-15
8765.87009134293  1.931176E-15
8768.90799179078  1.925630E-15
8771.94589223863  1.973361E-15
8774.98379268647  1.994879E-15
8778.02169313432  1.950307E-15
8781.05959358216  1.988230E-15
8784.09749403001  1.989691E-15
8787.13539447785  1.953282E-15
8790.1732949257  1.964147E-15
8793.21119537354  1.970707E-15
8796.24909582139  2.001839E-15
8799.28699626923  2.031804E-15
8802.32489671708  2.009888E-15
8805.36279716493  1.973433E-15
8808.40069761277  1.984442E-15
8811.43859806062  1.975446E-15
8814.47649850846  1.978205E-15
8817.51439895631  2.009507E-15
8820.55229940415  2.048992E-15
8823.590199852  2.025854E-15
8826.62810029984  2.022184E-15
8829.66600074769  2.033684E-15
8832.70390119553  2.033323E-15
8835.74180164338  2.025769E-15
8838.77970209123  1.984622E-15
8841.81760253907  2.005332E-15
8844.85550298692  2.000842E-15
8847.89340343476  1.976634E-15
8850.93130388261  2.018643E-15
8853.96920433045  2.036263E-15
8857.0071047783  2.051157E-15
8860.04500522614  2.054094E-15
8863.08290567399  2.024424E-15
8866.12080612184  1.990605E-15
8869.15870656968  1.993834E-15
8872.19660701753  1.987084E-15
8875.23450746537  1.986408E-15
8878.27240791322  2.009481E-15
8881.31030836106  2.031867E-15
8884.34820880891  2.033469E-15
8887.38610925676  1.998126E-15
8890.4240097046  1.939807E-15
8893.46191015245  1.921914E-15
8896.49981060029  1.976520E-15
8899.53771104814  1.936344E-15
8902.57561149598  1.890827E-15
8905.61351194383  1.915656E-15
8908.65141239167  1.943896E-15
8911.68931283952  1.923202E-15
8914.72721328736  1.890019E-15
8917.76511373521  1.872051E-15
8920.80301418305  1.862797E-15
8923.8409146309  1.879207E-15
8926.87881507875  1.872354E-15
8929.91671552659  1.852304E-15
8932.95461597444  1.819704E-15
8935.99251642228  1.791494E-15
8939.03041687013  1.797259E-15
8942.06831731797  1.805581E-15
8945.10621776582  1.770134E-15
8948.14411821367  1.715853E-15
8951.18201866151  1.721784E-15
8954.21991910935  1.751584E-15
8957.2578195572  1.683056E-15
8960.29572000505  1.629088E-15
8963.33362045289  1.629579E-15
8966.37152090074  1.568370E-15
8969.40942134858  1.529965E-15
8972.44732179643  1.529335E-15
8975.48522224427  1.521148E-15
8978.52312269212  1.499330E-15
8981.56102313996  1.480334E-15
8984.59892358781  1.465267E-15
8987.63682403566  1.445955E-15
8990.6747244835  1.411327E-15
8993.71262493135  1.364381E-15
8996.75052537919  1.311591E-15
8999.78842582704  1.279657E-15
9002.82632627488  1.277208E-15
9005.86422672273  1.280084E-15
9008.90212717057  1.284010E-15
9011.94002761842  1.307556E-15
9014.97792806626  1.297210E-15
9018.01582851411  1.272368E-15
9021.05372896196  1.271618E-15
9024.0916294098  1.260984E-15
9027.12952985765  1.256776E-15
9030.16743030549  1.252177E-15
9033.20533075334  1.232405E-15
9036.24323120118  1.262524E-15
9039.28113164903  1.266770E-15
9042.31903209687  1.250982E-15
9045.35693254472  1.251782E-15
9048.39483299257  1.263206E-15
9051.43273344041  1.259738E-15
9054.47063388825  1.253270E-15
9057.5085343361  1.241247E-15
9060.54643478395  1.229656E-15
9063.58433523179  1.196433E-15
9066.62223567964  1.177045E-15
9069.66013612748  1.186472E-15
9072.69803657533  1.169439E-15
9075.73593702317  1.114173E-15
9078.77383747102  1.076868E-15
9081.81173791886  1.056100E-15
9084.84963836671  1.041389E-15
9087.88753881455  1.031478E-15
9090.9254392624  1.041479E-15
9093.96333971025  1.072458E-15
9097.00124015809  1.053718E-15
9100.03914060594  1.037137E-15
9103.07704105378  1.065831E-15
9106.11494150163  1.047214E-15
9109.15284194947  1.016786E-15
9112.19074239732  1.021235E-15
9115.22864284516  1.047722E-15
9118.26654329301  1.048376E-15
9121.30444374086  1.035044E-15
9124.3423441887  1.042155E-15
9127.38024463655  1.026524E-15
9130.41814508439  9.865630E-16
9133.45604553224  9.968266E-16
9136.49394598008  9.731864E-16
9139.53184642793  9.484398E-16
9142.56974687577  9.614688E-16
9145.60764732362  9.740218E-16
9148.64554777146  9.378456E-16
9151.68344821931  9.480432E-16
9154.72134866716  9.704480E-16
9157.759249115  9.619587E-16
9160.79714956285  9.825380E-16
9163.83505001069  9.565442E-16
9166.87295045854  9.365630E-16
9169.91085090638  9.454768E-16
9172.94875135423  9.307318E-16
9175.98665180207  9.336917E-16
9179.02455224992  9.753742E-16
9182.06245269776  9.830361E-16
9185.10035314561  9.291830E-16
9188.13825359345  9.160364E-16
9191.1761540413  9.042872E-16
9194.21405448915  8.952869E-16
9197.25195493699  9.130352E-16
9200.28985538484  9.469348E-16
9203.32775583268  9.438125E-16
9206.36565628053  9.542654E-16
9209.40355672837  9.729262E-16
9212.44145717622  9.520784E-16
9215.47935762407  9.097605E-16
9218.51725807191  9.317841E-16
9221.55515851976  9.393908E-16
9224.5930589676  9.055357E-16
9227.63095941545  9.294783E-16
9230.66885986329  9.260820E-16
9233.70676031114  9.169638E-16
9236.74466075898  9.209474E-16
9239.78256120683  9.098075E-16
9242.82046165467  9.218562E-16
9245.85836210252  8.941911E-16
9248.89626255036  8.662962E-16
9251.93416299821  8.784815E-16
9254.97206344606  8.680515E-16
9258.0099638939  8.529646E-16
9261.04786434175  8.549899E-16
9264.08576478959  8.634472E-16
9267.12366523744  8.619751E-16
9270.16156568528  8.974058E-16
9273.19946613313  9.039711E-16
9276.23736658098  8.664283E-16
9279.27526702882  8.682192E-16
9282.31316747666  8.745778E-16
9285.35106792451  8.569901E-16
9288.38896837236  8.421658E-16
9291.4268688202  8.660839E-16
9294.46476926805  8.819466E-16
9297.50266971589  8.484716E-16
9300.54057016374  8.127171E-16
9303.57847061158  8.034958E-16
9306.61637105943  7.826253E-16
9309.65427150727  7.569618E-16
9312.69217195512  7.517780E-16
9315.73007240296  7.654663E-16
9318.76797285081  7.545253E-16
9321.80587329866  7.309702E-16
9324.8437737465  7.090502E-16
9327.88167419435  6.675840E-16
9330.91957464219  6.185896E-16
9333.95747509004  6.086703E-16
9336.99537553788  5.668360E-16
9340.03327598573  5.250490E-16
9343.07117643357  5.258981E-16
9346.10907688142  5.182646E-16
9349.14697732927  4.921530E-16
9352.18487777711  4.775808E-16
9355.22277822496  4.769062E-16
9358.2606786728  4.262918E-16
9361.29857912065  4.241579E-16
9364.33647956849  4.399471E-16
9367.37438001634  4.462322E-16
9370.41228046418  4.619971E-16
9373.45018091203  4.467856E-16
9376.48808135987  4.205504E-16
9379.52598180772  4.171897E-16
9382.56388225556  4.490492E-16
9385.60178270341  4.787063E-16
9388.63968315126  4.546708E-16
9391.6775835991  4.309594E-16
9394.71548404695  4.438047E-16
9397.75338449479  4.358788E-16
9400.79128494264  4.150237E-16
9403.82918539048  4.292910E-16
9406.86708583833  4.748107E-16
9409.90498628617  5.033851E-16
9412.94288673402  5.398678E-16
9415.98078718186  5.650676E-16
9419.01868762971  5.604022E-16
9422.05658807756  5.510675E-16
9425.0944885254  5.438733E-16
9428.13238897325  5.261195E-16
9431.17028942109  5.047452E-16
9434.20818986894  5.154470E-16
9437.24609031678  5.292867E-16
9440.28399076463  5.132360E-16
9443.32189121247  4.819194E-16
9446.35979166032  4.745895E-16
9449.39769210817  4.726668E-16
9452.43559255601  4.599645E-16
9455.47349300386  4.320597E-16
9458.5113934517  4.240809E-16
9461.54929389955  4.329954E-16
9464.58719434739  4.288161E-16
9467.62509479524  4.248355E-16
9470.66299524308  4.379869E-16
9473.70089569093  4.497289E-16
9476.73879613877  4.472917E-16
9479.77669658662  4.415441E-16
9482.81459703447  4.424487E-16
9485.85249748231  4.479699E-16
9488.89039793016  4.516012E-16
9491.928298378  4.534303E-16
9494.96619882585  4.574877E-16
9498.00409927369  4.710067E-16
9501.04199972154  4.637729E-16
9504.07990016938  4.693425E-16
9507.11780061723  4.847724E-16
9510.15570106507  4.679727E-16
9513.19360151292  4.741615E-16
9516.23150196076  4.684385E-16
9519.26940240861  4.478783E-16
9522.30730285646  4.650201E-16
9525.3452033043  4.460216E-16
9528.38310375215  4.417058E-16
9531.42100419999  4.665767E-16
9534.45890464784  4.821076E-16
9537.49680509568  5.203568E-16
9540.53470554353  5.113793E-16
9543.57260599137  4.728824E-16
9546.61050643922  4.821968E-16
9549.64840688707  4.556825E-16
9552.68630733491  4.241934E-16
9555.72420778276  4.341908E-16
9558.7621082306  4.722666E-16
9561.80000867845  4.948195E-16
9564.83790912629  5.055870E-16
9567.87580957414  5.151864E-16
9570.91371002198  5.179195E-16
9573.95161046983  5.141863E-16
9576.98951091767  5.025242E-16
9580.02741136552  4.999377E-16
9583.06531181337  5.230905E-16
9586.10321226121  4.943409E-16
9589.14111270905  4.737827E-16
9592.1790131569  4.929666E-16
9595.21691360475  5.114113E-16
9598.25481405259  5.238155E-16
9601.29271450044  5.143275E-16
9604.33061494828  4.973217E-16
9607.36851539613  4.974357E-16
9610.40641584397  5.191040E-16
9613.44431629182  5.285087E-16
9616.48221673967  5.083654E-16
9619.52011718751  4.718135E-16
9622.55801763536  4.885171E-16
9625.5959180832  4.968760E-16
9628.63381853105  4.822797E-16
9631.67171897889  4.857589E-16
9634.70961942674  4.831942E-16
9637.74751987458  4.785357E-16
9640.78542032243  4.805812E-16
9643.82332077027  4.819170E-16
9646.86122121812  4.847135E-16
9649.89912166596  4.894466E-16
9652.93702211381  4.897153E-16
