1701.226 2.8147693e-16
1702.7702 3.6736601e-16
1704.3145 2.9230522e-16
1705.8587 2.334971e-16
1707.403 2.2624659e-16
1708.9472 2.8716526e-16
1710.4915 3.2439742e-16
1712.0358 3.3051458e-16
1713.5801 3.5950785e-16
1715.1244 3.0058444e-16
1716.6687 2.8371703e-16
1718.213 2.4876747e-16
1719.7573 2.3816125e-16
1721.3017 2.9835275e-16
1722.846 3.1205856e-16
1724.3904 2.7100789e-16
1725.9347 1.895306e-16
1727.4791 1.8144569e-16
1729.0235 2.1763812e-16
1730.5679 2.1960632e-16
1732.1123 1.9120674e-16
1733.6567 9.6608384e-17
1735.2011 1.071263e-16
1736.7455 5.7395227e-17
1738.29 1.514383e-17
1739.8344 9.9045371e-18
1741.3789 6.9870528e-17
1742.9233 3.4640458e-17
1744.4678 2.0810144e-17
1746.0123 3.943315e-18
1747.5568 1.7808111e-17
1749.1013 9.1795806e-17
1750.6458 5.9133515e-17
1752.1903 8.7225254e-17
1753.7348 8.0701663e-17
1755.2793 7.375966e-17
1756.8239 3.6101922e-17
1758.3684 4.137484e-17
1759.913 3.3569774e-17
1761.4576 1.0969436e-16
1763.0021 1.09018e-16
1764.5467 9.9063199e-17
1766.0913 9.1316834e-17
1767.6359 9.216237e-17
1769.1806 1.000606e-16
1770.7252 9.318785e-17
1772.2698 8.3187032e-17
1773.8145 1.0351041e-16
1775.3591 1.4243158e-16
1776.9038 9.3609322e-17
1778.4484 7.8238842e-17
1779.9931 8.6850892e-17
1781.5378 1.3866583e-16
1783.0825 1.3154481e-16
1784.6272 1.5121472e-16
1786.1719 1.5752107e-16
1787.7166 2.0221989e-16
1789.2614 1.8385974e-16
1790.8061 1.5165214e-16
1792.3509 1.7087133e-16
1793.8956 1.9903858e-16
1795.4404 2.0463964e-16
1796.9852 2.1242439e-16
1798.53 2.5388029e-16
1800.0748 2.7346554e-16
1801.6196 2.9365921e-16
1803.1644 2.9997805e-16
1804.7092 3.312348e-16
1806.254 3.770257e-16
1807.7989 3.9535331e-16
1809.3437 4.2056351e-16
1810.8886 4.3857027e-16
1812.4334 4.586673e-16
1813.9783 4.5273691e-16
1815.5232 4.3677746e-16
1817.0681 4.2883561e-16
1818.613 4.3130282e-16
1820.1579 4.2578197e-16
1821.7028 3.8878592e-16
1823.2478 3.6793851e-16
1824.7927 3.5993137e-16
1826.3377 3.2900119e-16
1827.8826 3.6357062e-16
1829.4276 3.669894e-16
1830.9726 3.8120028e-16
1832.5175 4.2651456e-16
1834.0625 4.3482312e-16
1835.6075 4.5038455e-16
1837.1526 4.7448354e-16
1838.6976 5.0213024e-16
1840.2426 5.0407444e-16
1841.7876 5.6796336e-16
1843.3327 5.3336387e-16
1844.8777 5.5539899e-16
1846.4228 5.7908337e-16
1847.9679 5.7768361e-16
1849.513 5.9873565e-16
1851.0581 6.1286057e-16
1852.6032 6.4610165e-16
1854.1483 6.3329792e-16
1855.6934 6.2250605e-16
1857.2385 5.9605195e-16
1858.7837 6.1354259e-16
1860.3288 6.3649156e-16
1861.874 6.9145317e-16
1863.4191 6.888336e-16
1864.9643 7.4488973e-16
1866.5095 7.7221661e-16
1868.0547 7.7194377e-16
1869.5999 8.0217932e-16
1871.1451 8.7055873e-16
1872.6903 9.0793744e-16
1874.2355 9.3795155e-16
1875.7808 9.3247789e-16
1877.326 9.2937381e-16
1878.8713 9.6717175e-16
1880.4165 9.3828159e-16
1881.9618 9.6963959e-16
1883.5071 1.0297532e-15
1885.0524 1.0842593e-15
1886.5977 1.1367193e-15
1888.143 1.2260946e-15
1889.6883 1.2556142e-15
1891.2336 1.3368121e-15
1892.779 1.4077855e-15
1894.3243 1.4756622e-15
1895.8697 1.5193067e-15
1897.415 1.5852907e-15
1898.9604 1.6170698e-15
1900.5058 1.6898585e-15
1902.0512 1.7337264e-15
1903.5966 1.7477217e-15
1905.142 1.7801556e-15
1906.6874 1.8065312e-15
1908.2328 1.8258448e-15
1909.7783 1.8374313e-15
1911.3237 1.8616321e-15
1912.8692 1.8498925e-15
1914.4146 1.8500465e-15
1915.9601 1.8064695e-15
1917.5056 1.7579734e-15
1919.0511 1.6612287e-15
1920.5966 1.6573814e-15
1922.1421 1.628768e-15
1923.6876 1.5608524e-15
1925.2331 1.49131e-15
1926.7786 1.4528625e-15
1928.3242 1.3790026e-15
1929.8697 1.3071467e-15
1931.4153 1.2723066e-15
1932.9609 1.2505124e-15
1934.5065 1.2749893e-15
1936.052 1.2160512e-15
1937.5976 1.1698497e-15
1939.1432 1.1565762e-15
1940.6889 1.1621103e-15
1942.2345 1.1222491e-15
1943.7801 1.1069772e-15
1945.3258 1.114555e-15
1946.8714 1.0738549e-15
1948.4171 1.0070708e-15
1949.9627 9.6304479e-16
1951.5084 9.2422581e-16
1953.0541 8.8420481e-16
1954.5998 8.5579914e-16
1956.1455 8.2060901e-16
1957.6912 8.2702835e-16
1959.237 8.2356729e-16
1960.7827 8.2311396e-16
1962.3284 8.1835124e-16
1963.8742 8.575899e-16
1965.4199 8.4889594e-16
1966.9657 8.6934075e-16
1968.5115 8.7888274e-16
1970.0573 8.8496641e-16
1971.6031 8.7438893e-16
1973.1489 8.6609796e-16
1974.6947 8.6996269e-16
1976.2405 8.2749533e-16
1977.7863 8.4833907e-16
1979.3322 8.2889707e-16
1980.878 8.4479757e-16
1982.4239 8.4741347e-16
1983.9698 8.415587e-16
1985.5156 8.2953204e-16
1987.0615 8.4576998e-16
1988.6074 8.3883306e-16
1990.1533 8.6421033e-16
1991.6992 8.96194e-16
1993.2452 8.8666127e-16
1994.7911 8.9628264e-16
1996.337 9.0977461e-16
1997.883 9.4755969e-16
1999.4289 9.7921449e-16
2000.9749 1.0016214e-15
2002.5209 1.0498035e-15
2004.0669 1.1103812e-15
2005.6129 1.11851e-15
2007.1589 1.1646364e-15
2008.7049 1.1922452e-15
2010.2509 1.2101344e-15
2011.7969 1.2094542e-15
2013.343 1.2308293e-15
2014.889 1.2649317e-15
2016.4351 1.3244784e-15
2017.9811 1.3196726e-15
2019.5272 1.3062187e-15
2021.0733 1.3222023e-15
2022.6194 1.3041874e-15
2024.1655 1.3334042e-15
2025.7116 1.3497858e-15
2027.2577 1.4106038e-15
2028.8039 1.4234897e-15
2030.35 1.4410929e-15
2031.8962 1.409733e-15
2033.4423 1.4329053e-15
2034.9885 1.4666389e-15
2036.5347 1.4535897e-15
2038.0808 1.4863367e-15
2039.627 1.4855673e-15
2041.1732 1.4940688e-15
2042.7194 1.4493514e-15
2044.2657 1.4230355e-15
2045.8119 1.3904216e-15
2047.3581 1.3874947e-15
2048.9044 1.359566e-15
2050.4506 1.2926726e-15
2051.9969 1.3218955e-15
2053.5432 1.2705241e-15
2055.0895 1.26037e-15
2056.6357 1.2706252e-15
2058.182 1.3055026e-15
2059.7284 1.3002154e-15
2061.2747 1.3005217e-15
2062.821 1.3243892e-15
2064.3673 1.3190191e-15
2065.9137 1.3692944e-15
2067.46 1.3610905e-15
2069.0064 1.3535176e-15
2070.5528 1.3342257e-15
2072.0992 1.3027691e-15
2073.6456 1.244454e-15
2075.192 1.2378733e-15
2076.7384 1.2152195e-15
2078.2848 1.1742635e-15
2079.8312 1.1463977e-15
2081.3777 1.1196331e-15
2082.9241 1.0810883e-15
2084.4706 1.085125e-15
2086.017 1.0657177e-15
2087.5635 1.0501496e-15
2089.11 1.0740151e-15
2090.6565 1.0460891e-15
2092.203 1.0425824e-15
2093.7495 1.0308343e-15
2095.296 1.0382895e-15
2096.8425 1.0203362e-15
2098.3891 1.0237689e-15
2099.9356 1.0206804e-15
2101.4822 1.0320326e-15
2103.0287 1.0237544e-15
2104.5753 1.0296121e-15
2106.1219 1.0421143e-15
2107.6685 1.0432647e-15
2109.2151 1.0346415e-15
2110.7617 1.0315837e-15
2112.3083 1.0343758e-15
2113.8549 1.0377668e-15
2115.4016 1.0043741e-15
2116.9482 9.9662488e-16
2118.4949 1.0048355e-15
2120.0415 9.8108961e-16
2121.5882 9.7659616e-16
2123.1349 9.7247934e-16
2124.6816 9.7138666e-16
2126.2283 9.6617313e-16
2127.775 9.7089731e-16
2129.3217 9.341852e-16
2130.8684 9.45837e-16
2132.4151 9.4893836e-16
2133.9619 9.4566993e-16
2135.5086 9.288573e-16
2137.0554 9.2610262e-16
2138.6022 9.1876022e-16
2140.149 9.2995907e-16
2141.6957 9.2972643e-16
2143.2425 9.2907413e-16
2144.7893 9.6474659e-16
2146.3362 9.9200501e-16
2147.883 1.0040447e-15
2149.4298 1.0110677e-15
2150.9767 1.0444464e-15
2152.5235 1.0606821e-15
2154.0704 1.0582696e-15
2155.6173 1.0688608e-15
2157.1641 1.0920582e-15
2158.711 1.0899218e-15
2160.2579 1.071206e-15
2161.8048 1.0706558e-15
2163.3517 1.0826871e-15
2164.8987 1.0814912e-15
2166.4456 1.0735992e-15
2167.9925 1.0754996e-15
2169.5395 1.0955581e-15
2171.0865 1.0791435e-15
2172.6334 1.05659e-15
2174.1804 1.0669558e-15
2175.7274 1.057845e-15
2177.2744 1.0463254e-15
2178.8214 1.031018e-15
2180.3684 1.0141429e-15
2181.9154 9.9198537e-16
2183.4625 9.6885363e-16
2185.0095 9.4310748e-16
2186.5566 9.4237051e-16
2188.1036 9.3418946e-16
2189.6507 9.0074411e-16
2191.1978 9.0329731e-16
2192.7449 9.0207936e-16
2194.292 8.840005e-16
2195.8391 8.7389121e-16
2197.3862 8.7433307e-16
2198.9333 8.7767625e-16
2200.4804 8.8574247e-16
2202.0276 8.8386116e-16
2203.5747 8.8150758e-16
2205.1219 8.9367078e-16
2206.6691 9.0155247e-16
2208.2162 8.94944e-16
2209.7634 8.7607399e-16
2211.3106 8.7555237e-16
2212.8578 8.7231722e-16
2214.405 8.6228591e-16
2215.9523 8.4315006e-16
2217.4995 8.3128105e-16
2219.0467 8.220584e-16
2220.594 7.9944217e-16
2222.1412 7.8418668e-16
2223.6885 7.5782768e-16
2225.2358 7.6438013e-16
2226.7831 7.5333003e-16
2228.3304 7.547189e-16
2229.8777 7.471931e-16
2231.425 7.582607e-16
2232.9723 7.5654533e-16
2234.5197 7.4616289e-16
2236.067 7.5839241e-16
2237.6143 7.503681e-16
2239.1617 7.5063533e-16
2240.7091 7.4753201e-16
2242.2564 7.5814591e-16
2243.8038 7.3471318e-16
2245.3512 7.2023905e-16
2246.8986 7.1009062e-16
2248.446 7.0462973e-16
2249.9935 7.0584518e-16
2251.5409 7.0177858e-16
2253.0883 7.0138342e-16
2254.6358 6.8611767e-16
2256.1833 6.7108429e-16
2257.7307 6.6572418e-16
2259.2782 6.7724297e-16
2260.8257 6.87632e-16
2262.3732 6.7869701e-16
2263.9207 6.7442017e-16
2265.4682 6.650898e-16
2267.0157 6.5872457e-16
2268.5632 6.4631214e-16
2270.1108 6.5060344e-16
2271.6583 6.5996044e-16
2273.2059 6.5912512e-16
2274.7535 6.5189958e-16
2276.301 6.409442e-16
2277.8486 6.3107593e-16
2279.3962 6.1960306e-16
2280.9438 6.180428e-16
2282.4914 5.9589033e-16
2284.0391 6.0062693e-16
2285.5867 5.8990444e-16
2287.1343 5.8018146e-16
2288.682 5.7961284e-16
2290.2296 5.676655e-16
2291.7773 5.6381482e-16
2293.325 5.6667398e-16
2294.8727 5.722419e-16
2296.4204 5.7403311e-16
2297.9681 5.818163e-16
2299.5158 5.9083766e-16
2301.0635 6.0111407e-16
2302.6112 6.1749413e-16
2304.159 6.1579291e-16
2305.7067 6.3390152e-16
2307.2545 6.5068347e-16
2308.8022 6.5757403e-16
2310.35 6.7397318e-16
2311.8978 6.8864511e-16
2313.4456 7.2423578e-16
2314.9934 7.340979e-16
2316.5412 7.5844019e-16
2318.089 7.7601513e-16
2319.6369 8.1280216e-16
2321.1847 8.3406468e-16
2322.7325 8.6134979e-16
2324.2804 9.1479021e-16
2325.8283 9.4848175e-16
2327.3761 9.7268817e-16
2328.924 1.005126e-15
2330.4719 1.0635174e-15
2332.0198 1.0994692e-15
2333.5677 1.1327949e-15
2335.1156 1.1648671e-15
2336.6636 1.2143171e-15
2338.2115 1.2580129e-15
2339.7595 1.29044e-15
2341.3074 1.3532829e-15
2342.8554 1.4054139e-15
2344.4034 1.4230872e-15
2345.9513 1.4489094e-15
2347.4993 1.50192e-15
2349.0473 1.5418251e-15
2350.5954 1.5789201e-15
2352.1434 1.6135416e-15
2353.6914 1.6711399e-15
2355.2394 1.7133658e-15
2356.7875 1.7495785e-15
2358.3355 1.7917874e-15
2359.8836 1.8352391e-15
2361.4317 1.8734615e-15
2362.9798 1.8844439e-15
2364.5279 1.9349004e-15
2366.076 1.9887633e-15
2367.6241 2.0073102e-15
2369.1722 2.007415e-15
2370.7203 2.0211219e-15
2372.2685 2.0208958e-15
2373.8166 2.0489232e-15
2375.3648 2.0680685e-15
2376.9129 2.0653545e-15
2378.4611 2.0843787e-15
2380.0093 2.064837e-15
2381.5575 2.0598043e-15
2383.1057 2.0699129e-15
2384.6539 2.0663475e-15
2386.2021 2.0715051e-15
2387.7503 2.075502e-15
2389.2986 2.0592141e-15
2390.8468 2.0356833e-15
2392.3951 2.0688901e-15
2393.9433 2.0826575e-15
2395.4916 2.1075244e-15
2397.0399 2.0863311e-15
2398.5882 2.0909651e-15
2400.1365 2.106288e-15
2401.6848 2.1059108e-15
2403.2331 2.1181751e-15
2404.7814 2.1225081e-15
2406.3298 2.1491624e-15
2407.8781 2.1105973e-15
2409.4265 2.1202068e-15
2410.9749 2.1124836e-15
2412.5232 2.1086408e-15
2414.0716 2.1209076e-15
2415.62 2.1237019e-15
2417.1684 2.1166882e-15
2418.7168 2.0988117e-15
2420.2652 2.090753e-15
2421.8137 2.0753085e-15
2423.3621 2.0784484e-15
2424.9105 2.061591e-15
2426.459 2.0431082e-15
2428.0075 2.0548244e-15
2429.5559 2.0391917e-15
2431.1044 2.0118819e-15
2432.6529 1.9883017e-15
2434.2014 1.9935666e-15
2435.7499 1.9812369e-15
2437.2984 1.9840661e-15
2438.847 1.9764911e-15
2440.3955 1.9492329e-15
2441.944 1.9406045e-15
2443.4926 1.9172058e-15
2445.0412 1.897582e-15
2446.5897 1.8797177e-15
2448.1383 1.8687032e-15
2449.6869 1.8337553e-15
2451.2355 1.8055248e-15
2452.7841 1.787811e-15
2454.3327 1.7463378e-15
2455.8814 1.7534152e-15
2457.43 1.7183534e-15
2458.9787 1.6785801e-15
2460.5273 1.6560057e-15
2462.076 1.6577976e-15
2463.6246 1.6468014e-15
2465.1733 1.6190169e-15
2466.722 1.6060171e-15
2468.2707 1.5910845e-15
2469.8194 1.5881501e-15
2471.3681 1.5476005e-15
2472.9169 1.5330954e-15
2474.4656 1.5150284e-15
2476.0144 1.4866169e-15
2477.5631 1.4502087e-15
2479.1119 1.4175468e-15
2480.6606 1.3994733e-15
2482.2094 1.3734658e-15
2483.7582 1.3405111e-15
2485.307 1.3322358e-15
2486.8558 1.3078234e-15
2488.4046 1.2896854e-15
2489.9535 1.2655077e-15
2491.5023 1.2623636e-15
2493.0512 1.2460998e-15
2494.6 1.2277041e-15
2496.1489 1.1980011e-15
2497.6977 1.1855032e-15
2499.2466 1.1681569e-15
2500.7955 1.149715e-15
2502.3444 1.1488524e-15
2503.8933 1.1474643e-15
2505.4422 1.1527855e-15
2506.9912 1.1313845e-15
2508.5401 1.130431e-15
2510.0891 1.1466912e-15
2511.638 1.1577437e-15
2513.187 1.160649e-15
2514.7359 1.1723323e-15
2516.2849 1.1836731e-15
2517.8339 1.1966481e-15
2519.3829 1.2106706e-15
2520.9319 1.2242099e-15
2522.4809 1.2800963e-15
2524.03 1.3201701e-15
2525.579 1.3635772e-15
2527.128 1.4111248e-15
2528.6771 1.4940474e-15
2530.2262 1.5522548e-15
2531.7752 1.6057843e-15
2533.3243 1.6767636e-15
2534.8734 1.7528323e-15
2536.4225 1.863354e-15
2537.9716 1.9163353e-15
2539.5207 1.9914619e-15
2541.0699 2.0612303e-15
2542.619 2.1337031e-15
2544.1681 2.1888087e-15
2545.7173 2.2631684e-15
2547.2665 2.3345332e-15
2548.8156 2.3918909e-15
2550.3648 2.4458009e-15
2551.914 2.4769093e-15
2553.4632 2.51912e-15
2555.0124 2.5422457e-15
2556.5616 2.5565357e-15
2558.1109 2.5910913e-15
2559.6601 2.5891151e-15
2561.2093 2.5875859e-15
2562.7586 2.5856089e-15
2564.3079 2.5858592e-15
2565.8571 2.5649862e-15
2567.4064 2.538872e-15
2568.9557 2.5374495e-15
2570.505 2.5278998e-15
2572.0543 2.5181584e-15
2573.6036 2.4987111e-15
2575.1529 2.51725e-15
2576.7023 2.5281455e-15
2578.2516 2.5385906e-15
2579.801 2.5182513e-15
2581.3503 2.5356993e-15
2582.8997 2.563237e-15
2584.4491 2.5603207e-15
2585.9985 2.5831302e-15
2587.5479 2.6259727e-15
2589.0973 2.6261432e-15
2590.6467 2.62669e-15
2592.1961 2.6293352e-15
2593.7456 2.5840262e-15
2595.295 2.6133176e-15
2596.8445 2.6150369e-15
2598.3939 2.6117891e-15
2599.9434 2.5952023e-15
2601.4929 2.5841223e-15
2603.0424 2.5622636e-15
2604.5919 2.608557e-15
2606.1414 2.6247186e-15
2607.6909 2.6087044e-15
2609.2404 2.6354893e-15
2610.79 2.6294867e-15
2612.3395 2.6048322e-15
2613.8891 2.5955379e-15
2615.4386 2.6103695e-15
2616.9882 2.6019064e-15
2618.5378 2.5779945e-15
2620.0874 2.5284986e-15
2621.637 2.478294e-15
2623.1866 2.4692419e-15
2624.7362 2.4409402e-15
2626.2858 2.3797707e-15
2627.8355 2.3676874e-15
2629.3851 2.3267074e-15
2630.9348 2.2568014e-15
2632.4844 2.2070831e-15
2634.0341 2.1571735e-15
2635.5838 2.1068563e-15
2637.1335 2.0744502e-15
2638.6832 2.0190321e-15
2640.2329 1.988644e-15
2641.7826 1.9660903e-15
2643.3323 1.8928911e-15
2644.882 1.8291052e-15
2646.4318 1.8207024e-15
2647.9815 1.7827869e-15
2649.5313 1.7565214e-15
2651.0811 1.7072341e-15
2652.6309 1.6658557e-15
2654.1806 1.6406931e-15
2655.7304 1.6080061e-15
2657.2803 1.5750515e-15
2658.8301 1.566332e-15
2660.3799 1.5568529e-15
2661.9297 1.5219979e-15
2663.4796 1.498946e-15
2665.0294 1.4861956e-15
2666.5793 1.4841982e-15
2668.1292 1.4624746e-15
2669.679 1.4500712e-15
2671.2289 1.4511185e-15
2672.7788 1.4237166e-15
2674.3287 1.427122e-15
2675.8787 1.4283455e-15
2677.4286 1.4257559e-15
2678.9785 1.4338594e-15
2680.5285 1.4189427e-15
2682.0784 1.4239788e-15
2683.6284 1.4381559e-15
2685.1784 1.4653219e-15
2686.7283 1.4893187e-15
2688.2783 1.5486299e-15
2689.8283 1.5742276e-15
2691.3783 1.6258667e-15
2692.9284 1.7098366e-15
2694.4784 1.7803372e-15
2696.0284 1.854254e-15
2697.5785 1.9405473e-15
2699.1285 2.0276573e-15
2700.6786 2.1172814e-15
2702.2287 2.2024768e-15
2703.7787 2.2778377e-15
2705.3288 2.3734964e-15
2706.8789 2.4595301e-15
2708.429 2.520825e-15
2709.9791 2.5715215e-15
2711.5293 2.6368537e-15
2713.0794 2.7056953e-15
2714.6296 2.7627495e-15
2716.1797 2.8238263e-15
2717.7299 2.8757685e-15
2719.28 2.9158487e-15
2720.8302 2.9760583e-15
2722.3804 3.0345114e-15
2723.9306 3.0961222e-15
2725.4808 3.1448412e-15
2727.031 3.2062615e-15
2728.5813 3.2117231e-15
2730.1315 3.2474028e-15
2731.6817 3.2353416e-15
2733.232 3.2384793e-15
2734.7823 3.2916086e-15
2736.3325 3.318612e-15
2737.8828 3.3183762e-15
2739.4331 3.2970199e-15
2740.9834 3.3424618e-15
2742.5337 3.3525347e-15
2744.084 3.3905867e-15
2745.6344 3.3994276e-15
2747.1847 3.4435448e-15
2748.735 3.5056602e-15
2750.2854 3.4903071e-15
2751.8358 3.4952601e-15
2753.3861 3.5176575e-15
2754.9365 3.5477784e-15
2756.4869 3.5222905e-15
2758.0373 3.5506862e-15
2759.5877 3.5949232e-15
2761.1381 3.6253399e-15
2762.6886 3.6334281e-15
2764.239 3.6752884e-15
2765.7894 3.7353269e-15
2767.3399 3.7610228e-15
2768.8904 3.8308328e-15
2770.4408 3.9042613e-15
2771.9913 3.9563625e-15
2773.5418 4.0095909e-15
2775.0923 4.0179864e-15
2776.6428 4.1121649e-15
2778.1933 4.1847506e-15
2779.7438 4.2007259e-15
2781.2944 4.261103e-15
2782.8449 4.2988327e-15
2784.3955 4.2869079e-15
2785.946 4.3020214e-15
2787.4966 4.3975815e-15
2789.0472 4.4156962e-15
2790.5978 4.392536e-15
2792.1484 4.4063758e-15
2793.699 4.4330457e-15
2795.2496 4.4439972e-15
2796.8002 4.4424046e-15
2798.3509 4.4286805e-15
2799.9015 4.4836245e-15
2801.4522 4.5364511e-15
2803.0028 4.5306788e-15
2804.5535 4.5851553e-15
2806.1042 4.7028203e-15
2807.6549 4.7193108e-15
2809.2056 4.7434875e-15
2810.7563 4.7868026e-15
2812.307 4.8481759e-15
2813.8577 4.9459999e-15
2815.4085 4.9834189e-15
2816.9592 4.9746452e-15
2818.51 4.990324e-15
2820.0607 4.9864065e-15
2821.6115 4.9664064e-15
2823.1623 4.9612791e-15
2824.7131 4.9691254e-15
2826.2639 4.9560177e-15
2827.8147 4.9637822e-15
2829.3655 4.9435372e-15
2830.9163 4.9498759e-15
2832.4672 4.965072e-15
2834.018 4.9646438e-15
2835.5689 4.9882601e-15
2837.1197 5.0289488e-15
2838.6706 5.0668127e-15
2840.2215 5.0865654e-15
2841.7724 5.1299337e-15
2843.3233 5.157876e-15
2844.8742 5.2018908e-15
2846.4251 5.2069741e-15
2847.9761 5.2513096e-15
2849.527 5.3703921e-15
2851.0779 5.4366877e-15
2852.6289 5.5110419e-15
2854.1799 5.5930791e-15
2855.7308 5.658678e-15
2857.2818 5.7256575e-15
2858.8328 5.7573003e-15
2860.3838 5.8599523e-15
2861.9348 5.9318733e-15
2863.4858 6.023068e-15
2865.0369 6.0113361e-15
2866.5879 6.0745084e-15
2868.1389 6.112852e-15
2869.69 6.1624235e-15
2871.2411 6.3185176e-15
2872.7921 6.4296928e-15
2874.3432 6.5605217e-15
2875.8943 6.6412632e-15
2877.4454 6.7400456e-15
2878.9965 6.8216333e-15
2880.5476 6.9314445e-15
2882.0988 6.9643436e-15
2883.6499 7.0763551e-15
2885.2011 7.1865895e-15
2886.7522 7.2329373e-15
2888.3034 7.3235931e-15
2889.8545 7.4064233e-15
2891.4057 7.5454031e-15
2892.9569 7.7085659e-15
2894.5081 7.9043553e-15
2896.0593 8.0650774e-15
2897.6106 8.2532385e-15
2899.1618 8.4569482e-15
2900.713 8.617042e-15
2902.2643 8.7737546e-15
2903.8155 8.9041058e-15
2905.3668 9.0936075e-15
2906.9181 9.1931273e-15
2908.4693 9.2993266e-15
2910.0206 9.3487763e-15
2911.5719 9.4517832e-15
2913.1232 9.6047042e-15
2914.6746 9.6583427e-15
2916.2259 9.6699129e-15
2917.7772 9.6682755e-15
2919.3286 9.7053774e-15
2920.8799 9.6372954e-15
2922.4313 9.6456665e-15
2923.9827 9.636726e-15
2925.5341 9.6283249e-15
2927.0855 9.5639002e-15
2928.6369 9.431781e-15
2930.1883 9.3406269e-15
2931.7397 9.2738755e-15
2933.2911 9.2345672e-15
2934.8426 9.254455e-15
2936.394 9.2573689e-15
2937.9455 9.2092427e-15
2939.4969 9.181502e-15
2941.0484 9.128035e-15
2942.5999 9.1589556e-15
2944.1514 9.1509722e-15
2945.7029 9.1248051e-15
2947.2544 9.1473949e-15
2948.8059 9.1711216e-15
2950.3574 9.1283998e-15
2951.909 9.1166331e-15
2953.4605 9.1352037e-15
2955.0121 9.0907503e-15
2956.5636 9.1096787e-15
2958.1152 9.0628818e-15
2959.6668 9.1228543e-15
2961.2184 9.1350862e-15
2962.77 9.1129998e-15
2964.3216 9.0759685e-15
2965.8732 9.0272278e-15
2967.4249 8.9848024e-15
2968.9765 8.8842507e-15
2970.5282 8.8927693e-15
2972.0798 8.8060877e-15
2973.6315 8.8130971e-15
2975.1832 8.775816e-15
2976.7348 8.7293477e-15
2978.2865 8.7467532e-15
2979.8382 8.675297e-15
2981.3899 8.6228765e-15
2982.9417 8.5834722e-15
2984.4934 8.6313418e-15
2986.0451 8.6380595e-15
2987.5969 8.6438822e-15
2989.1486 8.6125289e-15
2990.7004 8.5492866e-15
2992.2522 8.5118273e-15
2993.804 8.4393115e-15
2995.3558 8.473136e-15
2996.9076 8.4536829e-15
2998.4594 8.4481186e-15
3000.8529 8.4406204e-15
3003.5985 7.9888376e-15
3006.3441 7.5440774e-15
3009.0897 7.427118e-15
3011.8353 7.2670103e-15
3014.5809 7.0446602e-15
3017.3266 7.0303603e-15
3020.0723 6.5434639e-15
3022.818 6.5346791e-15
3025.5637 6.4649076e-15
3028.3094 6.4874043e-15
3031.0552 6.8134211e-15
3033.8009 7.3052788e-15
3036.5467 7.5796919e-15
3039.2926 7.7200047e-15
3042.0384 7.8917722e-15
3044.7842 8.0917152e-15
3047.5301 8.2720289e-15
3050.276 8.5889333e-15
3053.0219 8.7182557e-15
3055.7679 8.6687031e-15
3058.5138 8.6193967e-15
3061.2598 8.7309257e-15
3064.0058 8.6085857e-15
3066.7518 8.6607529e-15
3069.4978 8.5368634e-15
3072.2438 8.4377532e-15
3074.9899 8.47666e-15
3077.736 8.2290749e-15
3080.4821 8.07753e-15
3083.2282 7.9546444e-15
3085.9743 7.7274811e-15
3088.7205 7.3369589e-15
3091.4666 7.2978654e-15
3094.2128 7.0617832e-15
3096.959 7.1005475e-15
3099.7052 7.1182566e-15
3102.4515 7.0716937e-15
3105.1977 7.1418909e-15
3107.944 7.2642655e-15
3110.6903 7.2368662e-15
3113.4366 7.4967914e-15
3116.1829 7.7736547e-15
3118.9293 7.8097162e-15
3121.6757 8.0922044e-15
3124.422 8.1669238e-15
3127.1684 8.197513e-15
3129.9149 8.3584343e-15
3132.6613 8.5220075e-15
3135.4077 8.6376996e-15
3138.1542 8.8741858e-15
3140.9007 9.0892451e-15
3143.6472 9.1274612e-15
3146.3937 9.1824336e-15
3149.1402 9.394735e-15
3151.8868 9.4360676e-15
3154.6333 9.488555e-15
3157.3799 9.6222359e-15
3160.1265 9.6352844e-15
3162.8731 9.6296529e-15
3165.6198 9.6603491e-15
3168.3664 9.5672222e-15
3171.1131 9.6017313e-15
3173.8598 9.7414433e-15
3176.6065 9.8087051e-15
3179.3532 9.9634397e-15
3182.0999 1.0095616e-14
3184.8467 1.0138976e-14
3187.5934 1.0377735e-14
3190.3402 1.0625968e-14
3193.087 1.0844557e-14
3195.8338 1.1015903e-14
3198.5806 1.1031565e-14
3201.3274 1.1069011e-14
3204.0743 1.0989298e-14
3206.8212 1.0848656e-14
3209.5681 1.0717339e-14
3212.315 1.0732539e-14
3215.0619 1.0597849e-14
3217.8088 1.0372102e-14
3220.5557 1.0031965e-14
3223.3027 9.8761957e-15
3226.0497 9.8542415e-15
3228.7967 9.778108e-15
3231.5437 9.581313e-15
3234.2907 9.469694e-15
3237.0377 9.4435324e-15
3239.7848 9.1837409e-15
3242.5318 9.2936532e-15
3245.2789 9.2439411e-15
3248.026 9.2004605e-15
3250.7731 8.9546585e-15
3253.5202 8.9277842e-15
3256.2674 8.9731624e-15
3259.0145 9.1637282e-15
3261.7617 9.5600468e-15
3264.5089 9.6245246e-15
3267.256 9.6937234e-15
3270.0032 9.4897195e-15
3272.7505 9.685583e-15
3275.4977 9.9419515e-15
3278.2449 1.0202079e-14
3280.9922 1.0284595e-14
3283.7395 1.0414398e-14
3286.4868 1.0500567e-14
3289.2341 1.0294513e-14
3291.9814 1.0492453e-14
3294.7287 1.0655511e-14
3297.476 1.0747584e-14
3300.2234 1.081355e-14
3302.9708 1.0853159e-14
3305.7181 1.0958508e-14
3308.4655 1.101143e-14
3311.2129 1.1130524e-14
3313.9604 1.1363321e-14
3316.7078 1.1544463e-14
3319.4552 1.1686125e-14
3322.2027 1.179365e-14
3324.9502 1.1925604e-14
3327.6976 1.2020813e-14
3330.4451 1.2068976e-14
3333.1926 1.220729e-14
3335.9402 1.3480545e-14
3338.6877 1.3501041e-14
3341.4352 1.349436e-14
3344.1828 1.3641145e-14
3346.9303 1.3700441e-14
3349.6779 1.3908689e-14
3352.4255 1.4039513e-14
3355.1731 1.4068305e-14
3357.9207 1.4240827e-14
3360.6684 1.4223112e-14
3363.416 1.3239429e-14
3366.1636 1.3423401e-14
3368.9113 1.3443621e-14
3371.659 1.3421408e-14
3374.4067 1.3397512e-14
3377.1544 1.6219439e-14
3379.9021 1.6270888e-14
3382.6498 1.6442528e-14
3385.3975 1.6563644e-14
3388.1453 1.6627373e-14
3390.893 1.6727232e-14
3393.6408 1.690145e-14
3396.3885 1.7111545e-14
3399.1363 1.7287517e-14
3401.8841 1.7618746e-14
3404.6319 1.4853136e-14
3407.3797 1.5205212e-14
3410.1276 1.528372e-14
3412.8754 1.5641942e-14
3415.6233 1.6060751e-14
3418.3711 1.6310397e-14
3421.119 1.6518424e-14
3423.8669 1.6832681e-14
3426.6148 1.7103616e-14
3429.3627 1.728948e-14
3432.1106 1.7598515e-14
3434.8585 1.7744841e-14
3437.6064 1.8040032e-14
3440.3543 1.8011428e-14
3443.1023 1.7996097e-14
3445.8503 1.808901e-14
3448.5982 1.8121696e-14
3451.3462 1.8148053e-14
3454.0942 1.8174039e-14
3456.8422 1.813243e-14
3459.5902 1.81576e-14
3462.3382 1.8260222e-14
3465.0862 1.8360386e-14
3467.8343 1.8423505e-14
3470.5823 1.8653266e-14
3473.3304 1.8639456e-14
3476.0784 1.8652291e-14
3478.8265 1.860526e-14
3481.5746 1.8579843e-14
3484.3227 1.8501653e-14
3487.0708 1.8579557e-14
3489.8189 1.8406972e-14
3492.567 1.8270928e-14
3495.3151 1.824173e-14
3498.0632 1.8212996e-14
3500.8114 1.8362108e-14
3503.5595 1.8625429e-14
3506.3077 1.8848671e-14
3509.0559 1.9311056e-14
3511.804 1.9785369e-14
3514.5522 2.0330319e-14
3517.3004 2.0926471e-14
3520.0486 2.158865e-14
3522.7968 2.2502745e-14
3525.545 2.3182878e-14
3528.2932 2.3910499e-14
3531.0415 2.4388159e-14
3533.7897 2.5069501e-14
3536.538 2.5379246e-14
3539.2862 2.5860042e-14
3542.0345 2.6304355e-14
3544.7827 2.6638935e-14
3547.531 2.7008841e-14
3550.2793 2.7047326e-14
3553.0276 2.7206199e-14
3555.7759 2.7459262e-14
3558.5242 2.763836e-14
3561.2725 2.7776818e-14
3564.0208 2.7874772e-14
3566.7691 2.7950063e-14
3569.5175 2.7914925e-14
3572.2658 2.7934687e-14
3575.0142 2.7961844e-14
3577.7625 2.7884686e-14
3580.5109 2.8026371e-14
3583.2592 2.7772231e-14
3586.0076 2.7724282e-14
3588.756 2.761087e-14
3591.5044 2.7902993e-14
3594.2528 2.8038786e-14
3597.0011 2.8110712e-14
3599.7496 2.8186056e-14
3602.498 2.8182959e-14
3605.2464 2.8405436e-14
3607.9948 2.8281235e-14
3610.7432 2.8253458e-14
3613.4917 2.8102631e-14
3616.2401 2.7945269e-14
3618.9885 2.7662982e-14
3621.737 2.7483361e-14
3624.4854 2.7334221e-14
3627.2339 2.7224355e-14
3629.9824 2.7194382e-14
3632.7308 2.7150184e-14
3635.4793 2.7117396e-14
3638.2278 2.7358877e-14
3640.9763 2.7570271e-14
3643.7248 2.8000564e-14
3646.4733 2.8397546e-14
3649.2218 2.9004153e-14
3651.9703 2.9649149e-14
3654.7188 3.0434671e-14
3657.4673 3.1337613e-14
3660.2158 3.226121e-14
3662.9644 3.3626733e-14
3665.7129 3.5012939e-14
3668.4614 3.657378e-14
3671.21 3.8117742e-14
3673.9585 3.9568883e-14
3676.7071 4.1096585e-14
3679.4556 4.2875496e-14
3682.2042 4.4643871e-14
3684.9527 4.6103513e-14
3687.7013 4.7763699e-14
3690.4499 4.8951062e-14
3693.1985 4.9966268e-14
3695.947 5.0954583e-14
3698.6956 5.1618575e-14
3701.4442 5.1767327e-14
3704.1928 5.1751053e-14
3706.9414 5.1192611e-14
3709.69 5.0524152e-14
3712.4386 4.9726272e-14
3715.1872 4.8491352e-14
3717.9358 4.7075655e-14
3720.6844 4.5720549e-14
3723.433 4.4100179e-14
3726.1816 4.2498241e-14
3728.9302 4.1253956e-14
3731.6789 3.9841745e-14
3734.4275 3.8472188e-14
3737.1761 3.7164904e-14
3739.9248 3.5971249e-14
3742.6734 3.4910175e-14
3745.422 3.4077301e-14
3748.1707 3.3184143e-14
3750.9193 3.241492e-14
3753.668 3.1718919e-14
3756.4166 3.1324322e-14
3759.1652 3.080469e-14
3761.9139 3.0532332e-14
3764.6626 3.0201509e-14
3767.4112 2.9704177e-14
3770.1599 2.9330987e-14
3772.9085 2.8951284e-14
3775.6572 2.8312779e-14
3778.4059 2.7849127e-14
3781.1545 2.7275506e-14
3783.9032 2.6632517e-14
3786.6519 2.613259e-14
3789.4005 2.557782e-14
3792.1492 2.502116e-14
3794.8979 2.4754575e-14
3797.6466 2.4370712e-14
3800.3952 2.4013538e-14
3803.1439 2.3965134e-14
3805.8926 2.3810614e-14
3808.6413 2.3793155e-14
3811.39 2.3716223e-14
3814.1387 2.3704364e-14
3816.8873 2.377862e-14
3819.636 2.387718e-14
3822.3847 2.3929183e-14
3825.1334 2.3901814e-14
3827.8821 2.4202721e-14
3830.6308 2.4518648e-14
3833.3795 2.4921923e-14
3836.1282 2.5424728e-14
3838.8769 2.5903623e-14
3841.6255 2.6567697e-14
3844.3742 2.7293709e-14
3847.1229 2.8089713e-14
3849.8716 2.8956438e-14
3852.6203 3.0062143e-14
3855.369 3.11132e-14
3858.1177 3.222067e-14
3860.8664 3.3360165e-14
3863.6151 3.4629056e-14
3866.3638 3.607467e-14
3869.1125 3.7490335e-14
3871.8612 3.8835355e-14
3874.6099 4.0306478e-14
3877.3586 4.1713151e-14
3880.1072 4.3337962e-14
3882.8559 4.5019859e-14
3885.6046 4.6646083e-14
3888.3533 4.8349897e-14
3891.102 4.9977762e-14
3893.8507 5.1635109e-14
3896.5994 5.321203e-14
3899.3481 5.488555e-14
3902.0968 5.6505667e-14
3904.8454 5.8018916e-14
3907.5941 5.9321948e-14
3910.3428 6.0545906e-14
3913.0915 6.1588282e-14
3915.8402 6.2616662e-14
3918.5889 6.3189241e-14
3921.3375 6.3829297e-14
3924.0862 6.4165428e-14
3926.8349 6.4576248e-14
3929.5836 6.4905629e-14
3932.3322 6.5295593e-14
3935.0809 6.5490477e-14
3937.8296 6.5480821e-14
3940.5782 6.57649e-14
3943.3269 6.5741906e-14
3946.0756 6.6145973e-14
3948.8242 6.6442454e-14
3951.5729 6.6959699e-14
3954.3215 6.7235472e-14
3957.0702 6.7439148e-14
3959.8188 6.7656515e-14
3962.5675 6.8027132e-14
3965.3161 6.8467656e-14
3968.0648 6.8688909e-14
3970.8134 6.8968685e-14
3973.5621 6.9075157e-14
3976.3107 6.8711685e-14
3979.0593 6.8203095e-14
3981.808 6.7491302e-14
3984.5566 6.655221e-14
3987.3052 6.5542977e-14
3990.0538 6.4306497e-14
3992.8025 6.2870993e-14
3995.5511 6.1353449e-14
3998.2997 5.9723783e-14
4001.0483 5.7917573e-14
4003.7969 5.6469812e-14
4006.5455 5.5012122e-14
4009.2941 5.372409e-14
4012.0427 5.2479624e-14
4014.7913 5.1285223e-14
4017.5399 5.0137027e-14
4020.2885 4.9179069e-14
4023.0371 4.8254704e-14
4025.7856 4.7571579e-14
4028.5342 4.6992003e-14
4031.2828 4.6454351e-14
4034.0313 4.6077845e-14
4036.7799 4.5823064e-14
4039.5285 4.5630952e-14
4042.277 4.5452227e-14
4045.0256 4.5380261e-14
4047.7741 4.5386797e-14
4050.5226 4.5458842e-14
4053.2712 4.5729179e-14
4056.0197 4.6176837e-14
4058.7682 4.6688786e-14
4061.5168 4.7133147e-14
4064.2653 4.7675e-14
4067.0138 4.8340481e-14
4069.7623 4.9039676e-14
4072.5108 4.9680682e-14
4075.2593 5.0129668e-14
4078.0078 5.0585559e-14
4080.7563 5.070924e-14
4083.5048 5.0717675e-14
4086.2532 5.0538893e-14
4089.0017 5.0433072e-14
4091.7502 4.9975875e-14
4094.4986 4.9548765e-14
4097.2471 4.8868509e-14
4099.9955 4.8336467e-14
4102.744 4.7783005e-14
4105.4924 4.7357906e-14
4108.2409 4.7033873e-14
4110.9893 4.6587238e-14
4113.7377 4.6310595e-14
4116.4861 4.5857769e-14
4119.2345 4.5561872e-14
4121.9829 4.5311372e-14
4124.7313 4.5328703e-14
4127.4797 4.5181985e-14
4130.2281 4.5179116e-14
4132.9765 4.5139176e-14
4135.7248 4.4980425e-14
4138.4732 4.4990095e-14
4141.2216 4.4965025e-14
4143.9699 4.4994989e-14
4146.7183 4.5134995e-14
4149.4666 4.5256133e-14
4152.2149 4.5249114e-14
4154.9633 4.5355278e-14
4157.7116 4.5449027e-14
4160.4599 4.549192e-14
4163.2082 4.5741662e-14
4165.9565 4.5973996e-14
4168.7048 4.614839e-14
4171.453 4.6417628e-14
4174.2013 4.6680863e-14
4176.9496 4.6806879e-14
4179.6978 4.7400985e-14
4182.4461 4.7876047e-14
4185.1943 4.8417584e-14
4187.9426 4.8692766e-14
4190.6908 4.9013955e-14
4193.439 4.9338785e-14
4196.1872 4.9689366e-14
4198.9355 4.9876936e-14
4201.6836 5.0127023e-14
4204.4318 5.0408374e-14
4207.18 5.0281325e-14
4209.9282 5.0191167e-14
4212.6764 5.0053197e-14
4215.4245 5.0154123e-14
4218.1727 5.0033536e-14
4220.9208 4.9909852e-14
4223.6689 4.9740844e-14
4226.4171 4.9618353e-14
4229.1652 4.9359598e-14
4231.9133 4.9103983e-14
4234.6614 4.8911612e-14
4237.4095 4.8666482e-14
4240.1575 4.835493e-14
4242.9056 4.8017456e-14
4245.6537 4.7823292e-14
4248.4017 4.7472927e-14
4251.1498 4.7244827e-14
4253.8978 4.7019653e-14
4256.6458 4.6771989e-14
4259.3938 4.6580737e-14
4262.1418 4.6399273e-14
4264.8898 4.6228029e-14
4267.6378 4.6184221e-14
4270.3858 4.611951e-14
4273.1338 4.5756953e-14
4275.8817 4.5715306e-14
4278.6297 4.5647362e-14
4281.3776 4.5640535e-14
4284.1255 4.5482178e-14
4286.8735 4.538793e-14
4289.6214 4.5445153e-14
4292.3693 4.5428837e-14
4295.1172 4.5403503e-14
4297.865 4.5341611e-14
4300.6129 4.5450812e-14
4303.3608 4.5385255e-14
4306.1086 4.5182075e-14
4308.8564 4.4890403e-14
4311.6043 4.4742101e-14
4314.3521 4.4422843e-14
4317.0999 4.3901388e-14
4319.8477 4.3465902e-14
4322.5955 4.301619e-14
4325.3432 4.2525359e-14
4328.091 4.2069037e-14
4330.8388 4.1516411e-14
4333.5865 4.1009166e-14
4336.3342 4.0545706e-14
4339.0819 4.0022658e-14
4341.8296 3.9530301e-14
4344.5773 3.9033895e-14
4347.325 3.8554521e-14
4350.0727 3.8014491e-14
4352.8204 3.745616e-14
4355.568 3.6861097e-14
4358.3156 3.6253433e-14
4361.0633 3.5746402e-14
4363.8109 3.5136668e-14
4366.5585 3.4706137e-14
4369.3061 3.4244544e-14
4372.0536 3.3697503e-14
4374.8012 3.3178353e-14
4377.5488 3.2679039e-14
4380.2963 3.2115266e-14
4383.0438 3.1731639e-14
4385.7914 3.1285244e-14
4388.5389 3.0878851e-14
4391.2864 3.0559899e-14
4394.0338 3.0101888e-14
4396.7813 2.9777853e-14
4399.5288 2.946328e-14
4402.2762 2.9130606e-14
4405.0236 2.8864823e-14
4407.771 2.865558e-14
4410.5184 2.8330906e-14
4413.2658 2.8131803e-14
4416.0132 2.791841e-14
4418.7606 2.7734746e-14
4421.5079 2.7641308e-14
4424.2553 2.748953e-14
4427.0026 2.7521196e-14
4429.7499 2.7506214e-14
4432.4972 2.7403786e-14
4435.2445 2.747847e-14
4437.9918 2.7604529e-14
4440.739 2.7673054e-14
4443.4863 2.7818435e-14
4446.2335 2.8024172e-14
4448.9807 2.8229892e-14
4451.7279 2.8352324e-14
4454.4751 2.8657441e-14
4457.2223 2.9060107e-14
4459.9694 2.9444895e-14
4462.7166 2.9900335e-14
4465.4637 3.0282141e-14
4468.2108 3.0818285e-14
4470.9579 3.1322329e-14
4473.705 3.1854344e-14
4476.4521 3.2324309e-14
4479.1992 3.292905e-14
4481.9462 3.3322007e-14
4484.6933 3.3719628e-14
4487.4403 3.434087e-14
4490.1873 3.4799633e-14
4492.9343 3.5440059e-14
4495.6812 3.620925e-14
4498.4282 3.6980853e-14
4501.1751 3.7682335e-14
4503.9221 3.8673034e-14
4506.669 3.9631524e-14
4509.4159 4.0646682e-14
4512.1628 4.1752317e-14
4514.9096 4.2779455e-14
4517.6565 4.3995505e-14
4520.4033 4.520605e-14
4523.1501 4.6271354e-14
4525.8969 4.7161021e-14
4528.6437 4.8260075e-14
4531.3905 4.9102899e-14
4534.1373 4.9970669e-14
4536.884 5.0900258e-14
4539.6307 5.1801832e-14
4542.3774 5.2582077e-14
4545.1241 5.3406159e-14
4547.8708 5.4096959e-14
4550.6175 5.4747444e-14
4553.3641 5.5681127e-14
4556.1108 5.6511532e-14
4558.8574 5.7213059e-14
4561.604 5.7841325e-14
4564.3506 5.8463564e-14
4567.0971 5.9011163e-14
4569.8437 5.9484505e-14
4572.5902 5.9732624e-14
4575.3367 6.0165515e-14
4578.0832 6.0527323e-14
4580.8297 6.0617855e-14
4583.5762 6.0574762e-14
4586.3226 6.0664563e-14
4589.069 6.0815379e-14
4591.8155 6.0837654e-14
4594.5618 6.0902229e-14
4597.3082 6.1046387e-14
4600.0546 6.134264e-14
4602.8009 6.1444056e-14
4605.5473 6.1594028e-14
4608.2936 6.1951481e-14
4611.0399 6.2155738e-14
4613.7861 6.2572482e-14
4616.5324 6.3067636e-14
4619.2786 6.3501356e-14
4622.0249 6.3861794e-14
4624.7711 6.4269321e-14
4627.5172 6.4381051e-14
4630.2634 6.4470545e-14
4633.0096 6.4574442e-14
4635.7557 6.4470012e-14
4638.5018 6.4564326e-14
4641.2479 6.4243804e-14
4643.994 6.3838677e-14
4646.74 6.3184957e-14
4649.4861 6.2521691e-14
4652.2321 6.1931629e-14
4654.9781 6.1223872e-14
4657.7241 6.0469612e-14
4660.47 5.9585878e-14
4663.216 5.8679294e-14
4665.9619 5.7626229e-14
4668.7078 5.672689e-14
4671.4537 5.5651209e-14
4674.1996 5.4600567e-14
4676.9454 5.3471494e-14
4679.6913 5.2114536e-14
4682.4371 5.1004289e-14
4685.1829 4.9850779e-14
4687.9287 4.8725625e-14
4690.6744 4.7626331e-14
4693.4202 4.6643251e-14
4696.1659 4.5551759e-14
4698.9116 4.4684826e-14
4701.6572 4.400224e-14
4704.4029 4.3500876e-14
4707.1485 4.3023825e-14
4709.8942 4.2637116e-14
4712.6398 4.2282947e-14
4715.3853 4.2166524e-14
4718.1309 4.2088666e-14
4720.8764 4.2079094e-14
4723.622 4.2058675e-14
4726.3674 4.2134182e-14
4729.1129 4.2142472e-14
4731.8584 4.2016892e-14
4734.6038 4.1845365e-14
4737.3492 4.1664202e-14
4740.0946 4.1469993e-14
4742.84 4.1111974e-14
4745.5854 4.0534916e-14
4748.3307 3.9866654e-14
4751.076 3.9264592e-14
4753.8213 3.8574476e-14
4756.5666 3.7871023e-14
4759.3118 3.7146134e-14
4762.0571 3.655658e-14
4764.8023 3.5994466e-14
4767.5474 3.5453524e-14
4770.2926 3.4790341e-14
4773.0378 3.4466253e-14
4775.7829 3.4196109e-14
4778.528 3.39166e-14
4781.2731 3.356409e-14
4784.0181 3.348472e-14
4786.7632 3.3435299e-14
4789.5082 3.3400591e-14
4792.2532 3.3304857e-14
4794.9981 3.3402979e-14
4797.7431 3.3732735e-14
4800.488 3.399547e-14
4803.2329 3.4334276e-14
4805.9778 3.4900427e-14
4808.7227 3.5541062e-14
4811.4675 3.6088923e-14
4814.2123 3.6725188e-14
4816.9571 3.732877e-14
4819.7019 3.7977339e-14
4822.4466 3.8442736e-14
4825.1914 3.8774708e-14
4827.9361 3.8988503e-14
4830.6808 3.906899e-14
4833.4254 3.8979457e-14
4836.1701 3.8729226e-14
4838.9147 3.8529991e-14
4841.6593 3.8204013e-14
4844.4038 3.778202e-14
4847.1484 3.7343483e-14
4849.8929 3.690031e-14
4852.6374 3.6465592e-14
4855.3819 3.5961478e-14
4858.1263 3.5576905e-14
4860.8708 3.5084068e-14
4863.6152 3.4687191e-14
4866.3595 3.4103079e-14
4869.1039 3.3524375e-14
4871.8482 3.3106957e-14
4874.5925 3.2571604e-14
4877.3368 3.2154344e-14
4880.0811 3.166298e-14
4882.8253 3.1346437e-14
4885.5696 3.0805262e-14
4888.3137 3.0501631e-14
4891.0579 3.0219243e-14
4893.8021 2.9948686e-14
4896.5462 2.9671337e-14
4899.2903 2.945e-14
4902.0343 2.94566e-14
4904.7784 2.9372708e-14
4907.5224 2.9440575e-14
4910.2664 2.9526866e-14
4913.0104 2.9934319e-14
4915.7543 3.0244284e-14
4918.4983 3.0565084e-14
4921.2422 3.1034459e-14
4923.986 3.1685174e-14
4926.7299 3.2289438e-14
4929.4737 3.2810402e-14
4932.2175 3.3415602e-14
4934.9613 3.4002592e-14
4937.705 3.460968e-14
4940.4488 3.504918e-14
4943.1925 3.5562101e-14
4945.9361 3.6160696e-14
4948.6798 3.6632977e-14
4951.4234 3.7048595e-14
4954.167 3.7374851e-14
4956.9106 3.7667754e-14
4959.6541 3.7839651e-14
4962.3976 3.8120106e-14
4965.1411 3.8243222e-14
4967.8846 3.8374449e-14
4970.6281 3.8272975e-14
4973.3715 3.7932029e-14
4976.1149 3.7649236e-14
4978.8582 3.7351704e-14
4981.6016 3.6928338e-14
4984.3449 3.6559888e-14
4987.0882 3.6127256e-14
4989.8314 3.5571808e-14
4992.5747 3.5130809e-14
4995.3179 3.4596278e-14
4998.0611 3.4293461e-14
5000.8042 3.394809e-14
5003.5473 3.3604329e-14
5006.2904 3.3230576e-14
5009.0335 3.2967223e-14
5011.7766 3.2577651e-14
5014.5196 3.2279429e-14
5017.2626 3.1895248e-14
5020.0055 3.1494463e-14
5022.7485 3.1242156e-14
5025.4914 3.0892325e-14
5028.2343 3.0589584e-14
5030.9771 3.033305e-14
5033.72 3.0077595e-14
5036.4628 2.98916e-14
5039.2056 2.9708243e-14
5041.9483 2.9665657e-14
5044.691 2.9762814e-14
5047.4337 2.9863918e-14
5050.1764 2.9781167e-14
5052.919 2.9791023e-14
5055.6616 2.991165e-14
5058.4042 2.9954391e-14
5061.1468 2.9971917e-14
5063.8893 3.0060304e-14
5066.6318 3.0154991e-14
5069.3743 3.0208521e-14
5072.1167 3.0280525e-14
5074.8591 3.0250085e-14
5077.6015 3.0249271e-14
5080.3439 3.0232871e-14
5083.0862 3.0128345e-14
5085.8285 3.0148847e-14
5088.5708 3.0256458e-14
5091.313 3.0347753e-14
5094.0552 3.0421614e-14
5096.7974 3.0434768e-14
5099.5396 3.0373865e-14
5102.2817 3.0396974e-14
5105.0238 3.0462032e-14
5107.7659 3.0531107e-14
5110.5079 3.0677656e-14
5113.2499 3.079098e-14
5115.9919 3.0817333e-14
5118.7338 3.0756962e-14
5121.4758 3.0818528e-14
5124.2177 3.0845065e-14
5126.9595 3.0891439e-14
5129.7014 3.0877528e-14
5132.4432 3.0979177e-14
5135.1849 3.1053558e-14
5137.9267 3.1092179e-14
5140.6684 3.1078531e-14
5143.4101 3.1074469e-14
5146.1517 3.1163626e-14
5148.8934 3.1086926e-14
5151.635 3.1210531e-14
5154.3765 3.1317935e-14
5157.1181 3.1552995e-14
5159.8596 3.1668522e-14
5162.6011 3.182934e-14
5165.3425 3.2076734e-14
5168.0839 3.2344701e-14
5170.8253 3.268598e-14
5173.5667 3.292356e-14
5176.308 3.3376101e-14
5179.0493 3.3647554e-14
5181.7905 3.4053815e-14
5184.5318 3.4345439e-14
5187.273 3.4758045e-14
5190.0141 3.5126424e-14
5192.7553 3.545782e-14
5195.4964 3.5861061e-14
5198.2375 3.6182914e-14
5200.9785 3.6587786e-14
5203.7195 3.7014482e-14
5206.4605 3.7365419e-14
5209.2014 3.774482e-14
5211.9424 3.8290036e-14
5214.6833 3.8657272e-14
5217.4241 3.9122851e-14
5220.1649 3.964244e-14
5222.9057 4.008441e-14
5225.6465 4.055065e-14
5228.3872 4.1129137e-14
5231.1279 4.155389e-14
5233.8686 4.2053483e-14
5236.6092 4.2504404e-14
5239.3498 4.2859248e-14
5242.0904 4.3325609e-14
5244.8309 4.3724492e-14
5247.5714 4.4117844e-14
5250.3119 4.4380613e-14
5253.0524 4.4694386e-14
5255.7928 4.4860144e-14
5258.5331 4.5091548e-14
5261.2735 4.5252466e-14
5264.0138 4.5386208e-14
5266.7541 4.5460574e-14
5269.4943 4.5446377e-14
5272.2345 4.5283223e-14
5274.9747 4.5162581e-14
5277.7149 4.4983215e-14
5280.455 4.4740984e-14
5283.195 4.4333586e-14
5285.9351 4.3885746e-14
5288.6751 4.3430609e-14
5291.4151 4.2853168e-14
5294.155 4.2331022e-14
5296.895 4.1828561e-14
5299.6348 4.1353593e-14
5302.3747 4.0676297e-14
5305.1145 4.0172177e-14
5307.8543 3.9649812e-14
5310.594 3.9259065e-14
5313.3337 3.8836071e-14
5316.0734 3.8580767e-14
5318.8131 3.8290014e-14
5321.5527 3.7952664e-14
5324.2923 3.762265e-14
5327.0318 3.7396257e-14
5329.7713 3.7261897e-14
5332.5108 3.7223154e-14
5335.2502 3.7189718e-14
5337.9896 3.7168169e-14
5340.729 3.7217233e-14
5343.4683 3.7256395e-14
5346.2076 3.7289212e-14
5348.9469 3.7433169e-14
5351.6861 3.7594901e-14
5354.4253 3.7620888e-14
5357.1645 3.7806306e-14
5359.9036 3.7758635e-14
5362.6427 3.7736557e-14
5365.3818 3.7689692e-14
5368.1208 3.770923e-14
5370.8598 3.7625319e-14
5373.5988 3.7575036e-14
5376.3377 3.7525496e-14
5379.0766 3.7473401e-14
5381.8154 3.7503273e-14
5384.5542 3.7311296e-14
5387.293 3.7466739e-14
5390.0318 3.7652557e-14
5392.7705 3.783643e-14
5395.5091 3.7933072e-14
5398.2478 3.8087876e-14
5400.9864 3.8328334e-14
5403.7249 3.8447926e-14
5406.4635 3.8553687e-14
5409.202 3.8642512e-14
5411.9404 3.8858666e-14
5414.6788 3.8896285e-14
5417.4172 3.8789556e-14
5420.1556 3.8778444e-14
5422.8939 3.8726492e-14
5425.6322 3.8637989e-14
5428.3704 3.8492362e-14
5431.1086 3.8362126e-14
5433.8468 3.8307498e-14
5436.5849 3.8309495e-14
5439.323 3.8161121e-14
5442.0611 3.8120556e-14
5444.7991 3.796963e-14
5447.5371 3.7792365e-14
5450.275 3.7599325e-14
5453.0129 3.74301e-14
5455.7508 3.7259915e-14
5458.4886 3.696321e-14
5461.2264 3.6643233e-14
5463.9642 3.6224227e-14
5466.7019 3.8321045e-14
5469.4396 3.7737518e-14
5472.1773 3.7505161e-14
5474.9149 3.7147605e-14
5477.6524 3.6773567e-14
5480.39 3.6345947e-14
5483.1275 3.5891826e-14
5485.8649 3.5595514e-14
5488.6024 3.5188769e-14
5491.3398 3.4869738e-14
5494.0771 3.2103363e-14
5496.8144 3.1817063e-14
5499.5517 3.1411941e-14
5502.9914 3.284278e-14
5507.8691 3.2621621e-14
5512.7469 3.2433308e-14
5517.6248 3.2538341e-14
5522.5026 3.2612097e-14
5527.3805 3.2983832e-14
5532.2585 3.335215e-14
5537.1364 3.3814325e-14
5542.0145 3.4509243e-14
5546.8925 3.5212876e-14
5551.7706 3.5893402e-14
5556.6487 3.6595428e-14
5561.5268 3.7176334e-14
5566.4049 3.7657997e-14
5571.2831 3.8142267e-14
5576.1614 3.8421534e-14
5581.0396 3.8793411e-14
5585.9179 3.9128673e-14
5590.7962 3.9201875e-14
5595.6746 3.9161745e-14
5600.553 3.9260844e-14
5605.4314 3.9172406e-14
5610.3099 3.9225165e-14
5615.1883 3.9213525e-14
5620.0668 3.9130141e-14
5624.9454 3.9142897e-14
5629.824 3.902425e-14
5634.7026 3.8925004e-14
5639.5812 3.8771861e-14
5644.4598 3.8658962e-14
5649.3385 3.8383499e-14
5654.2173 3.8159132e-14
5659.096 3.7879356e-14
5663.9748 3.7478754e-14
5668.8536 3.7189851e-14
5673.7325 3.6778916e-14
5678.6113 3.637581e-14
5683.4902 3.6055048e-14
5688.3692 3.5691652e-14
5693.2481 3.5363091e-14
5698.1271 3.5033492e-14
5703.0061 3.4704152e-14
5707.8852 3.4389539e-14
5712.7642 3.4139351e-14
5717.6433 3.3890787e-14
5722.5225 3.3645661e-14
5727.4016 3.3347715e-14
5732.2808 3.2957503e-14
5737.16 3.2564871e-14
5742.0393 3.2139339e-14
5746.9186 3.1703587e-14
5751.7979 3.1226405e-14
5756.6772 3.0630144e-14
5761.5565 3.0062378e-14
5766.4359 2.9346208e-14
5771.3153 2.8655381e-14
5776.1948 2.7989664e-14
5781.0742 2.7257437e-14
5785.9537 2.6677518e-14
5790.8332 2.6054833e-14
5795.7128 2.5539595e-14
5800.5924 2.5087431e-14
5805.472 2.4798551e-14
5810.3516 2.4567693e-14
5815.2312 2.4529845e-14
5820.1109 2.4626875e-14
5824.9906 2.4863789e-14
5829.8704 2.5237047e-14
5834.7501 2.5695499e-14
5839.6299 2.6167224e-14
5844.5097 2.6766397e-14
5849.3895 2.7395012e-14
5854.2694 2.7970897e-14
5859.1493 2.8623615e-14
5864.0292 2.9321238e-14
5868.9091 2.9943084e-14
5873.7891 3.0584733e-14
5878.6691 3.11065e-14
5883.5491 3.1550374e-14
5888.4291 3.1937601e-14
5893.3092 3.2197564e-14
5898.1892 3.2575419e-14
5903.0693 3.2942071e-14
5907.9495 3.3137471e-14
5912.8296 3.3276929e-14
5917.7098 3.3269223e-14
5922.59 3.3195603e-14
5927.4702 3.3179119e-14
5932.3505 3.3127878e-14
5937.2308 3.3141011e-14
5942.111 3.3103634e-14
5946.9914 3.2912488e-14
5951.8717 3.2739824e-14
5956.7521 3.266943e-14
5961.6325 3.2542224e-14
5966.5129 3.2468587e-14
5971.3933 3.2393209e-14
5976.2738 3.2331527e-14
5981.1542 3.2303889e-14
5986.0347 3.2325814e-14
5990.9153 3.2234211e-14
5995.7958 3.2180372e-14
6000.6764 3.2086811e-14
6005.557 3.1828943e-14
6010.4376 3.1681887e-14
6015.3182 3.1489469e-14
6020.1989 3.1299854e-14
6025.0795 3.1084934e-14
6029.9602 3.0778042e-14
6034.841 3.0444175e-14
6039.7217 3.0358009e-14
6044.6025 3.0091142e-14
6049.4832 2.9828499e-14
6054.364 2.9634113e-14
6059.2449 2.939782e-14
6064.1257 2.9279839e-14
6069.0066 2.9088232e-14
6073.8874 2.8817675e-14
6078.7684 2.849917e-14
6083.6493 2.8064192e-14
6088.5302 2.7349108e-14
6093.4112 2.6662615e-14
6098.2922 2.5864483e-14
6103.1732 2.4955125e-14
6108.0542 2.3909495e-14
6112.9352 2.314487e-14
6117.8163 2.1935268e-14
6122.6974 2.0794061e-14
6127.5785 1.9683092e-14
6132.4596 1.8590578e-14
6137.3407 1.7606492e-14
6142.2219 1.6717737e-14
6147.1031 1.5915822e-14
6151.9842 1.5267141e-14
6156.8655 1.4692441e-14
6161.7467 1.3802923e-14
6166.6279 1.3460846e-14
6171.5092 1.3115699e-14
6176.3905 1.2925569e-14
6181.2718 1.2843163e-14
6186.1531 1.2863708e-14
6191.0344 1.2989271e-14
6195.9158 1.3194618e-14
6200.7972 1.3424558e-14
6205.6785 1.37584e-14
6210.56 1.4155904e-14
6215.4414 1.4588982e-14
6220.3228 1.5126258e-14
6225.2043 1.5609175e-14
6230.0857 1.6149261e-14
6234.9672 1.6726875e-14
6239.8487 1.7319384e-14
6244.7303 1.7932906e-14
6249.6118 1.8558125e-14
6254.4933 1.921994e-14
6259.3749 1.986561e-14
6264.2565 2.0484202e-14
6269.1381 2.1071494e-14
6274.0197 2.1676659e-14
6278.9014 2.2192528e-14
6283.783 2.271237e-14
6288.6647 2.3231105e-14
6293.5463 2.3695349e-14
6298.428 2.4192116e-14
6303.3097 2.4638645e-14
6308.1915 2.5060352e-14
6313.0732 2.5406659e-14
6317.9549 2.5797955e-14
6322.8367 2.6166272e-14
6327.7185 2.6581493e-14
6332.6003 2.6980544e-14
6337.4821 2.7326854e-14
6342.3639 2.7706131e-14
6347.2458 2.797205e-14
6352.1276 2.816804e-14
6357.0095 2.8323205e-14
6361.8913 2.8572623e-14
6366.7732 2.8785328e-14
6371.6551 2.901682e-14
6376.5371 2.9137203e-14
6381.419 2.9241162e-14
6386.3009 2.9317148e-14
6391.1829 2.929364e-14
6396.0649 2.9314166e-14
6400.9468 2.9356747e-14
6405.8288 2.9426951e-14
6410.7108 2.9518384e-14
6415.5929 2.9516412e-14
6420.4749 2.9484349e-14
6425.3569 2.9538592e-14
6430.239 2.9559368e-14
6435.1211 2.9501485e-14
6440.0031 2.9511745e-14
6444.8852 2.9451668e-14
6449.7673 2.9397869e-14
6454.6494 2.9414019e-14
6459.5316 2.9300526e-14
6464.4137 2.9235202e-14
6469.2958 2.9023634e-14
6474.178 2.8923777e-14
6479.0602 2.8752189e-14
6483.9424 2.8653004e-14
6488.8245 2.8524686e-14
6493.7067 2.8459421e-14
6498.5889 2.8384441e-14
6503.4712 2.8244342e-14
6508.3534 2.8138787e-14
6513.2356 2.7944435e-14
6518.1179 2.7927889e-14
6523.0001 2.7764795e-14
6527.8824 2.7612561e-14
6532.7647 2.7470605e-14
6537.647 2.7294221e-14
6542.5293 2.7105848e-14
6547.4116 2.6912926e-14
6552.2939 2.6721036e-14
6557.1762 2.6502397e-14
6562.0586 2.6335497e-14
6566.9409 2.6131204e-14
6571.8233 2.587289e-14
6576.7056 2.5668904e-14
6581.588 2.5405585e-14
6586.4704 2.5143872e-14
6591.3527 2.491855e-14
6596.2351 2.4753211e-14
6601.1175 2.4452962e-14
6605.9999 2.4201986e-14
6610.8824 2.3923965e-14
6615.7648 2.3657163e-14
6620.6472 2.3506135e-14
6625.5297 2.3273668e-14
6630.4121 2.304364e-14
6635.2946 2.2872073e-14
6640.177 2.2653505e-14
6645.0595 2.2333481e-14
6649.942 2.2117029e-14
6654.8244 2.1914257e-14
6659.7069 2.1726625e-14
6664.5894 2.1471326e-14
6669.4719 2.1188578e-14
6674.3544 2.0968036e-14
6679.2369 2.0769003e-14
6684.1194 2.0538051e-14
6689.002 2.0251225e-14
6693.8845 2.003512e-14
6698.767 1.9848262e-14
6703.6496 1.964494e-14
6708.5321 1.9455681e-14
6713.4147 1.9295414e-14
6718.2972 1.910124e-14
6723.1798 1.8889771e-14
6728.0624 1.8728121e-14
6732.9449 1.8626476e-14
6737.8275 1.8601785e-14
6742.7101 1.8531013e-14
6747.5927 1.843715e-14
6752.4753 1.8344588e-14
6757.3578 1.8235539e-14
6762.2404 1.8133532e-14
6767.123 1.8055585e-14
6772.0057 1.7989743e-14
6776.8883 1.791105e-14
6781.7709 1.7770129e-14
6786.6535 1.7606402e-14
6791.5361 1.7445472e-14
6796.4187 1.7282277e-14
6801.3014 1.7124522e-14
6806.184 1.6964266e-14
6811.0666 1.6816665e-14
6815.9493 1.669578e-14
6820.8319 1.6543166e-14
6825.7145 1.6418404e-14
6830.5972 1.6280831e-14
6835.4798 1.6198158e-14
6840.3625 1.6135429e-14
6845.2451 1.6090396e-14
6850.1278 1.5999904e-14
6855.0104 1.593361e-14
6859.8931 1.5862152e-14
6864.7757 1.5782118e-14
6869.6584 1.5744686e-14
6874.5411 1.5674534e-14
6879.4237 1.5593859e-14
6884.3064 1.5493741e-14
6889.1891 1.5382825e-14
6894.0717 1.5256773e-14
6898.9544 1.5171345e-14
6903.8371 1.5100048e-14
6908.7197 1.4981085e-14
6913.6024 1.4903303e-14
6918.4851 1.4795916e-14
6923.3677 1.4640649e-14
6928.2504 1.4574737e-14
6933.1331 1.4500296e-14
6938.0157 1.4411015e-14
6942.8984 1.4321469e-14
6947.7811 1.4188381e-14
6952.6638 1.4088595e-14
6957.5464 1.401005e-14
6962.4291 1.3885138e-14
6967.3118 1.3787231e-14
6972.1944 1.3696391e-14
6977.0771 1.3564952e-14
6981.9598 1.3465404e-14
6986.8424 1.3369995e-14
6991.7251 1.3300705e-14
6996.6077 1.3295749e-14
7001.4904 1.3216112e-14
7006.3731 1.3157614e-14
7011.2557 1.3105316e-14
7016.1384 1.3073052e-14
7021.021 1.304103e-14
7025.9037 1.3001272e-14
7030.7863 1.2928448e-14
7035.669 1.2871398e-14
7040.5516 1.2784508e-14
7045.4343 1.2691017e-14
7050.3169 1.2640898e-14
7055.1995 1.26008e-14
7060.0822 1.2542662e-14
7064.9648 1.2432385e-14
7069.8474 1.2404173e-14
7074.73 1.2361578e-14
7079.6127 1.23335e-14
7084.4953 1.230243e-14
7089.3779 1.2326653e-14
7094.2605 1.2287107e-14
7099.1431 1.225902e-14
7104.0257 1.2237813e-14
7108.9083 1.2207618e-14
7113.7909 1.2217948e-14
7118.6735 1.2206217e-14
7123.5561 1.2248148e-14
7128.4387 1.2303536e-14
7133.3212 1.2332105e-14
7138.2038 1.2340949e-14
7143.0864 1.2390142e-14
7147.9689 1.2409118e-14
7152.8515 1.2466112e-14
7157.7341 1.2535926e-14
7162.6166 1.2601096e-14
7167.4991 1.265615e-14
7172.3817 1.2670808e-14
7177.2642 1.2682063e-14
7182.1467 1.2744672e-14
7187.0293 1.2746493e-14
7191.9118 1.2743673e-14
7196.7943 1.2759799e-14
7201.6768 1.2744525e-14
7206.5593 1.2775786e-14
7211.4418 1.2774623e-14
7216.3242 1.281028e-14
7221.2067 1.2820673e-14
7226.0892 1.2828485e-14
7230.9716 1.2797356e-14
7235.8541 1.2789228e-14
7240.7365 1.2747564e-14
7245.619 1.2763351e-14
7250.5014 1.2748704e-14
7255.3838 1.268934e-14
7260.2663 1.2701115e-14
7265.1487 1.2676937e-14
7270.0311 1.2686433e-14
7274.9135 1.2661093e-14
7279.7959 1.2602671e-14
7284.6782 1.2615858e-14
7289.5606 1.2665325e-14
7294.443 1.2640489e-14
7299.3253 1.2624863e-14
7304.2077 1.2653681e-14
7309.09 1.2599354e-14
7313.9723 1.2600616e-14
7318.8546 1.2582736e-14
7323.737 1.259516e-14
7328.6193 1.2596768e-14
7333.5015 1.2554327e-14
7338.3838 1.2495661e-14
7343.2661 1.2455723e-14
7348.1484 1.2465964e-14
7353.0306 1.2399809e-14
7357.9129 1.2334346e-14
7362.7951 1.2215721e-14
7367.6773 1.2044287e-14
7372.5595 1.1899337e-14
7377.4417 1.1773447e-14
7382.3239 1.1656591e-14
7387.2061 1.154901e-14
7392.0883 1.1399196e-14
7396.9704 1.1208248e-14
7401.8526 1.1096432e-14
7406.7347 1.1031486e-14
7411.6168 1.089924e-14
7416.499 1.083928e-14
7421.3811 1.0740394e-14
7426.2632 1.0674311e-14
7431.1452 1.0534849e-14
7436.0273 1.0446508e-14
7440.9094 1.0434899e-14
7445.7914 1.0390357e-14
7450.6734 1.0307394e-14
7455.5555 1.0215613e-14
7460.4375 1.0144544e-14
7465.3195 1.005147e-14
7470.2015 9.9948557e-15
7475.0834 9.9304613e-15
7479.9654 9.8415784e-15
7484.8473 9.7244135e-15
7489.7293 9.52512e-15
7494.6112 9.3255095e-15
7499.4931 9.1552594e-15
7504.375 8.924387e-15
7509.2569 8.7005003e-15
7514.1387 8.5046317e-15
7519.0206 8.3115352e-15
7523.9024 8.1086286e-15
7528.7843 7.985361e-15
7533.6661 7.8003953e-15
7538.5479 7.706787e-15
7543.4296 7.6665233e-15
7548.3114 7.6188981e-15
7553.1932 7.6231413e-15
7558.0749 7.6788245e-15
7562.9566 7.7675886e-15
7567.8383 7.8555023e-15
7572.72 7.9137421e-15
7577.6017 7.9855673e-15
7582.4834 8.1113701e-15
7587.365 8.1597108e-15
7592.2467 8.1872659e-15
7597.1283 8.1896762e-15
7602.0099 8.2749517e-15
7606.8915 8.3533705e-15
7611.7731 8.374609e-15
7616.6546 8.4141915e-15
7621.5362 8.4882734e-15
7626.4177 8.574804e-15
7631.2992 8.6375758e-15
7636.1807 8.7243538e-15
7641.0622 8.8176669e-15
7645.9436 8.9403235e-15
7650.8251 9.0117907e-15
7655.7065 9.0715061e-15
7660.5879 9.2029082e-15
7665.4693 9.2926651e-15
7670.3507 9.3556155e-15
7675.232 9.3799626e-15
7680.1134 9.3710043e-15
7684.9947 9.4273887e-15
7689.876 9.5271853e-15
7694.7573 9.6448813e-15
7699.6385 9.7938066e-15
7704.5198 9.869506e-15
7709.401 9.9103733e-15
7714.2822 9.8744666e-15
7719.1634 9.8981201e-15
7724.0446 9.9086462e-15
7728.9258 9.975879e-15
7733.8069 1.0053493e-14
7738.688 1.0117804e-14
7743.5692 1.0188535e-14
7748.4502 1.0220354e-14
7753.3313 1.03004e-14
7758.2123 1.0376205e-14
7763.0934 1.0502282e-14
7767.9744 1.0613764e-14
7772.8554 1.0702201e-14
7777.7363 1.0802831e-14
7782.6173 1.0867642e-14
7787.4982 1.0927759e-14
7792.3791 1.0916105e-14
7797.26 1.0972668e-14
7802.1409 1.1122245e-14
7807.0217 1.125434e-14
7811.9026 1.1353861e-14
7816.7834 1.1456316e-14
7821.6641 1.1528913e-14
7826.5449 1.1641712e-14
7831.4257 1.1703573e-14
7836.3064 1.1737609e-14
7841.1871 1.17768e-14
7846.0678 1.1723861e-14
7850.9484 1.1612281e-14
7855.8291 1.15031e-14
7860.7097 1.144409e-14
7865.5903 1.1449332e-14
7870.4708 1.1581737e-14
7875.3514 1.1592512e-14
7880.2319 1.165216e-14
7885.1124 1.1728208e-14
7889.9929 1.1768085e-14
7894.8734 1.1794567e-14
7899.7538 1.1776156e-14
7904.6342 1.1783959e-14
7909.5146 1.1882633e-14
7914.395 1.1905904e-14
7919.2753 1.1831488e-14
7924.1557 1.1829773e-14
7929.036 1.1769849e-14
7933.9162 1.1623713e-14
7938.7965 1.153787e-14
7943.6767 1.1426051e-14
7948.5569 1.1387284e-14
7953.4371 1.133545e-14
7958.3173 1.1245129e-14
7963.1974 1.1163217e-14
7968.0775 1.1086248e-14
7972.9576 1.1022839e-14
7977.8377 1.0966359e-14
7982.7177 1.093937e-14
7987.5977 1.0870845e-14
7992.4777 1.0828885e-14
7997.3577 1.0718806e-14
8002.2376 1.0594682e-14
8007.1175 1.0453557e-14
8011.9974 1.0324856e-14
8016.8773 1.0224528e-14
8021.7571 1.009562e-14
8026.6369 1.0024287e-14
8031.5167 9.9530251e-15
8036.3965 9.8899654e-15
8041.2762 9.8282062e-15
8046.1559 9.7690755e-15
8051.0356 9.6712312e-15
8055.9153 9.5478522e-15
8060.7949 9.4092596e-15
8065.6745 9.2307575e-15
8070.5541 9.0058075e-15
8075.4336 8.7705644e-15
8080.3132 8.5552481e-15
8085.1927 8.4049152e-15
8090.0721 8.2292736e-15
8094.9516 8.1430269e-15
8099.831 8.0307157e-15
8104.7104 7.9384939e-15
8109.5898 7.8212314e-15
8114.4691 7.7770738e-15
8119.3484 7.7187465e-15
8124.2277 7.621757e-15
8129.1069 7.5555308e-15
8133.9861 7.4472385e-15
8138.8653 7.3901664e-15
8143.7445 7.2732804e-15
8148.6237 7.1908478e-15
8153.5028 7.1008036e-15
8158.3818 6.9749004e-15
8163.2609 6.785583e-15
8168.1399 6.6432521e-15
8173.0189 6.4774459e-15
8177.8979 6.3152456e-15
8182.7768 6.1223657e-15
8187.6557 5.9510417e-15
8192.5346 5.758097e-15
8197.4135 5.5456157e-15
8202.2923 5.3597904e-15
8207.1711 5.2126173e-15
8212.0498 5.0384449e-15
8216.9286 4.8705248e-15
8221.8073 4.7551757e-15
8226.6859 4.5986282e-15
8231.5646 4.4552829e-15
8236.4432 4.262998e-15
8241.3217 4.1156331e-15
8246.2003 4.0431468e-15
8251.0788 3.9280919e-15
8255.9573 3.8253106e-15
8260.8358 3.7722561e-15
8265.7142 3.7235382e-15
8270.5926 3.6870899e-15
8275.4709 3.6311153e-15
8280.3493 3.6416389e-15
8285.2276 3.6740245e-15
8290.1058 3.7034451e-15
8294.9841 3.7090549e-15
8299.8623 3.7139951e-15
8304.7404 3.7482384e-15
8309.6186 3.811919e-15
8314.4967 3.9330297e-15
8319.3748 3.9968585e-15
8324.2528 4.1023387e-15
8329.1308 4.1836449e-15
8334.0088 4.2085899e-15
8338.8867 4.2267958e-15
8343.7646 4.2249295e-15
8348.6425 4.2534137e-15
8353.5204 4.2295451e-15
8358.3982 4.2725215e-15
8363.276 4.2855127e-15
8368.1537 4.3239588e-15
8373.0314 4.3788674e-15
8377.9091 4.5017005e-15
8382.7867 4.6381486e-15
8387.6644 4.7007587e-15
8392.5419 4.7697441e-15
8397.4195 4.8417005e-15
8402.297 4.9717353e-15
8407.1745 5.0204935e-15
8412.0519 5.1097843e-15
8416.9293 5.2032777e-15
8421.8067 5.3169799e-15
8426.684 5.3273296e-15
8431.5613 5.4032779e-15
8436.4386 5.5981554e-15
8441.3158 5.7761479e-15
8446.193 6.005931e-15
8451.0702 6.2197926e-15
8455.9473 6.4187178e-15
8460.8244 6.5588087e-15
8465.7014 6.7575221e-15
8470.5784 6.9088098e-15
8475.4554 7.1027799e-15
8480.3324 7.3632347e-15
8485.2093 7.5562241e-15
8490.0861 7.7524369e-15
8494.963 7.9942786e-15
8499.8398 8.2506886e-15
8504.7165 8.5720959e-15
8509.5933 8.8781809e-15
8514.47 9.1716832e-15
8519.3466 9.4759297e-15
8524.2232 9.7282944e-15
8529.0998 9.9346087e-15
8533.9763 1.0099088e-14
8538.8528 1.0282251e-14
8543.7293 1.0253193e-14
8548.6057 1.0180084e-14
8553.4821 1.0115092e-14
8558.3585 1.0048e-14
8563.2348 1.001845e-14
8568.1111 1.0015569e-14
8572.9873 1.000958e-14
8577.8635 1.0048917e-14
8582.7397 1.0136642e-14
8587.6158 1.0163016e-14
8592.4919 1.0345885e-14
8597.3679 1.0615697e-14
8602.2439 1.0779189e-14
8607.1199 1.0979153e-14
8611.9958 1.1085902e-14
8616.8717 1.1137162e-14
8621.7476 1.1110444e-14
8626.6234 1.1004582e-14
8631.4991 1.0963328e-14
8636.3749 1.0964468e-14
8641.2506 1.0911572e-14
8646.1262 1.0719292e-14
8651.0018 1.0653875e-14
8655.8774 1.062271e-14
8660.7529 1.0639365e-14
8665.6284 1.073159e-14
8670.5039 1.0879207e-14
8675.3793 1.1007601e-14
8680.2546 1.0977646e-14
8685.13 1.0961272e-14
8690.0053 1.0903727e-14
8694.8805 1.0938184e-14
8699.7557 1.0925944e-14
8704.6309 1.0824781e-14
8709.506 1.0730945e-14
8714.3811 1.0562445e-14
8719.2561 1.0520419e-14
8724.1311 1.0517336e-14
8729.0061 1.0565645e-14
8733.881 1.0575099e-14
8738.7558 1.0529141e-14
8743.6307 1.0492159e-14
8748.5055 1.045449e-14
8753.3802 1.0405252e-14
8758.2549 1.0305209e-14
8763.1296 1.0258683e-14
8768.0042 1.0146201e-14
8772.8788 1.0004417e-14
8777.7533 9.9265516e-15
8782.6278 9.8666745e-15
8787.5022 9.9877028e-15
8792.3766 1.0027184e-14
8797.251 1.0021358e-14
8802.1253 1.0027628e-14
8806.9996 9.9734508e-15
8811.8738 9.8512053e-15
8816.748 9.8294893e-15
8821.6221 9.7841424e-15
8826.4962 9.6818776e-15
8831.3703 9.5536492e-15
8836.2443 9.3289539e-15
8841.1182 9.1753266e-15
8845.9921 9.0352227e-15
8850.866 8.9377888e-15
8855.7398 8.8768465e-15
8860.6136 8.8689409e-15
8865.4874 8.7593424e-15
8870.3611 8.6084302e-15
8875.2347 8.436477e-15
8880.1083 8.3287013e-15
8884.9819 8.2303758e-15
8889.8554 8.1093281e-15
8894.7288 8.0080502e-15
8899.6023 7.8852361e-15
8904.4756 7.7556136e-15
8909.349 7.601367e-15
8914.2222 7.3537384e-15
8919.0955 7.1808513e-15
8923.9687 6.9961922e-15
8928.8418 6.8797647e-15
8933.7149 6.7168017e-15
8938.588 6.5991711e-15
8943.461 6.4940345e-15
8948.3339 6.3372537e-15
8953.2068 6.225272e-15
8958.0797 6.1406978e-15
8962.9525 6.1123109e-15
8967.8253 6.14955e-15
8972.698 6.1890571e-15
8977.5707 6.1895873e-15
8982.4433 6.2063911e-15
8987.3159 6.1431922e-15
8992.1884 6.0344492e-15
8997.0609 6.000265e-15
9001.9333 6.0157057e-15
9006.8057 5.9961946e-15
9011.678 6.0071281e-15
9016.5503 5.9708055e-15
9021.4226 6.0483612e-15
9026.2947 6.0865688e-15
9031.1669 6.1931782e-15
9036.039 6.2865889e-15
9040.911 6.4088386e-15
9045.783 6.3810483e-15
9050.655 6.3449713e-15
9055.5269 6.33458e-15
9060.3987 6.3145465e-15
9065.2705 6.2535008e-15
9070.1422 6.1742337e-15
9075.0139 6.1171632e-15
9079.8856 6.0078998e-15
9084.7572 5.9402988e-15
9089.6287 5.8676505e-15
9094.5002 5.9708026e-15
9099.3717 6.0992485e-15
9104.2431 6.2473691e-15
9109.1144 6.3510137e-15
9113.9857 6.467663e-15
9118.857 6.5732522e-15
9123.7282 6.608089e-15
9128.5993 6.5931505e-15
9133.4704 6.5257167e-15
9138.3414 6.4580732e-15
9143.2124 6.3283421e-15
9148.0833 6.1701737e-15
9152.9542 5.992261e-15
9157.8251 5.9135612e-15
9162.6958 5.8540142e-15
9167.5666 5.8294506e-15
9172.4373 5.847636e-15
9177.3079 5.8992955e-15
9182.1785 5.9500352e-15
9187.049 5.9752563e-15
9191.9194 5.9843617e-15
9196.7899 5.9379531e-15
9201.6602 5.9228226e-15
9206.5305 5.8315584e-15
9211.4008 5.7486812e-15
9216.271 5.6488073e-15
9221.1411 5.6424436e-15
9226.0112 5.5790013e-15
9230.8813 5.6542824e-15
9235.7513 5.7599081e-15
9240.6212 5.9559076e-15
9245.4911 6.1362522e-15
9250.3609 6.1801313e-15
9255.2307 6.294987e-15
9260.1004 6.3211555e-15
9264.9701 6.2683661e-15
9269.8397 6.1523067e-15
9274.7093 6.0610284e-15
9279.5788 5.8831998e-15
9284.4482 5.7051673e-15
9289.3176 5.4958722e-15
9294.1869 5.3251954e-15
9299.0562 5.2248345e-15
9303.9255 5.1621691e-15
9308.7946 5.1800712e-15
9313.6638 5.2216059e-15
9318.5328 5.3328463e-15
9323.4018 5.4524128e-15
9328.2708 5.6219457e-15
9333.1397 5.8293911e-15
9338.0085 5.9757813e-15
9342.8773 6.1343569e-15
9347.746 6.2539642e-15
9352.6147 6.2165456e-15
9357.4833 6.137298e-15
9362.3519 6.0082966e-15
9367.2204 5.7884175e-15
9372.0888 5.6803285e-15
9376.9572 5.5033636e-15
9381.8256 5.3474506e-15
9386.6938 5.2854699e-15
9391.562 5.2700486e-15
9396.4302 5.3224682e-15
9401.2983 5.4673796e-15
9406.1664 5.5450841e-15
9411.0344 5.6223594e-15
9415.9023 5.6916238e-15
9420.7702 5.6403433e-15
9425.638 5.5620615e-15
9430.5057 5.4738932e-15
9435.3734 5.3485175e-15
9440.2411 5.1597882e-15
9445.1087 4.9599997e-15
9449.9762 4.768547e-15
9454.8437 4.648997e-15
9459.7111 4.6775395e-15
9464.5784 4.6854447e-15
9469.4457 4.8001095e-15
9474.3129 4.972355e-15
9479.1801 5.1055329e-15
9484.0472 5.2160852e-15
9488.9143 5.3561236e-15
9493.7813 5.4940727e-15
9498.6482 5.6066191e-15
9503.5151 5.7172308e-15
9508.3819 5.6901144e-15
9513.2487 5.6476253e-15
9518.1153 5.5299567e-15
9522.982 5.4069833e-15
9527.8486 5.2326288e-15
9532.7151 5.0096956e-15
9537.5815 4.7770658e-15
9542.4479 4.5515461e-15
9547.3143 4.3288e-15
9552.1805 4.1257696e-15
9557.0467 4.0055747e-15
9561.9129 3.8936375e-15
9566.779 3.850113e-15
9571.645 3.7944358e-15
9576.511 3.820483e-15
9581.3769 3.9513674e-15
9586.2427 4.0606815e-15
9591.1085 4.2691099e-15
9595.9742 4.3838901e-15
9600.8399 4.4758847e-15
9605.7055 4.5648067e-15
9610.571 4.6850482e-15
9615.4365 4.6993386e-15
9620.3019 4.7395572e-15
9625.1673 4.6878605e-15
9630.0326 4.5794825e-15
9634.8978 4.4395314e-15
9639.7629 4.1659676e-15
9644.628 4.0355247e-15
9649.4931 3.8644831e-15
9654.358 3.7156597e-15
9659.223 3.5724329e-15
9664.0878 3.4839057e-15
9668.9526 3.4615233e-15
9673.8173 3.4989871e-15
9678.682 3.4182989e-15
9683.5466 3.5206589e-15
9688.4111 3.6825801e-15
9693.2755 3.7349083e-15
9698.1399 3.7614074e-15
9703.0043 3.7486864e-15
9707.8685 3.7079318e-15
9712.7328 3.6764953e-15
9717.5969 3.5578657e-15
9722.461 3.4513624e-15
9727.325 3.4762197e-15
9732.1889 3.3349776e-15
9737.0528 3.1894912e-15
9741.9166 3.1463979e-15
9746.7804 3.1520751e-15
9751.6441 3.1703963e-15
9756.5077 3.1865222e-15
9761.3713 3.2815658e-15
9766.2348 3.4298989e-15
9771.0982 3.5417777e-15
9775.9615 3.6194673e-15
9780.8248 3.7127572e-15
9785.6881 3.8140107e-15
9790.5512 3.7890735e-15
9795.4143 3.7382635e-15
9800.2773 3.6321039e-15
9805.1403 3.6167865e-15
9810.0032 3.4835319e-15
9814.866 3.2930361e-15
9819.7288 3.1497055e-15
9878.0767 3.4088849e-15
9882.9386 3.3415707e-15
9887.8004 3.2396537e-15
9892.6621 3.1490324e-15
9897.5238 2.9473252e-15
9902.3854 2.8611565e-15
9907.247 2.8067493e-15
9912.1084 2.8016172e-15
9916.9698 2.7632844e-15
9921.8312 2.8104625e-15
9926.6924 2.9835485e-15
9931.5536 3.0546357e-15
9936.4148 3.1454857e-15
9941.2758 3.1719142e-15
9946.1368 3.20828e-15
9950.9977 3.2776537e-15
9955.8586 3.2473761e-15
9960.7193 3.2254495e-15
9965.58 3.2243874e-15
9970.4407 3.11408e-15
9975.3013 3.0330315e-15
9980.1617 3.0390629e-15
9985.0222 3.0614506e-15
9989.8825 3.149406e-15
9994.7428 3.1394856e-15
9999.603 3.1355868e-15
10004.463 3.1323726e-15
