1260.0 nan
1270.0 1.742511370081862e-17
1280.0 3.185809417047488e-17
1290.0 4.199755935432306e-17
1300.0 5.4160685596969203e-17
1310.0 8.541086514301396e-17
1320.0 1.3049496766844317e-16
1330.0 1.5221974534046057e-16
1340.0 2.816293681890198e-16
1350.0 3.98240536075877e-16
1360.0 4.896123763633533e-16
1370.0 5.098598599001751e-16
1380.0 4.4051625852382617e-16
1390.0 3.2978990184804792e-16
1400.0 2.485337751442893e-16
1410.0 2.088967497366956e-16
1420.0 1.8415229896031014e-16
1430.0 1.5228843376432198e-16
1440.0 1.6911673918882606e-16
1450.0 2.3308729653964335e-16
1460.0 2.9281855643717175e-16
1470.0 4.487595384374772e-16
1480.0 6.055443501512817e-16
1490.0 8.103037197647499e-16
1500.0 9.643784092453691e-16
1510.0 1.125079951980043e-15
1520.0 1.292572618891845e-15
1530.0 1.4107467589715495e-15
1540.0 1.428877612945751e-15
1550.0 1.1870162123986791e-15
1560.0 1.1756671270970052e-15
1570.0 1.0395774088822958e-15
1580.0 9.89184143536129e-16
1590.0 9.928620799533276e-16
1600.0 1.2754413863666398e-15
1610.0 1.4783386242923359e-15
1620.0 1.8952532824011013e-15
1630.0 1.9676363263336392e-15
1640.0 2.0900582224016813e-15
1650.0 2.122959883610553e-15
1660.0 2.163761738191557e-15
1670.0 2.2343278349859517e-15
1680.0 2.1120869762843524e-15
1690.0 1.892806118286011e-15
1700.0 1.8061513207956803e-15
1710.0 1.578366944058901e-15
1720.0 3.5191470423072933e-15
1730.0 6.814319850875924e-15
1740.0 1.0110514084297016e-14
1750.0 1.3401128065887844e-14
1760.0 1.6691926922838877e-14
1770.0 1.9982910655150055e-14
1780.0 1.6428974391197626e-14
1790.0 1.9821615385560353e-14
1800.0 1.3718504502274199e-14
1810.0 1.4439053823922393e-14
1820.0 1.544947487405881e-14
1830.0 1.969357218214639e-14
1850.0 2.2929368842306834e-14
1860.0 2.2673920324619097e-14
1870.0 2.6210279642545433e-14
1880.0 3.028789128626361e-14
1890.0 3.0006363879790644e-14
1900.0 3.116908055615487e-14
1910.0 3.0219894065697065e-14
1920.0 2.7958011470741496e-14
1930.0 2.52783102106726e-14
1940.0 2.4471937914534848e-14
1950.0 2.5154674995861314e-14
1960.0 2.6421387099675875e-14
1970.0 2.6475692544851975e-14
1980.0 2.940380571192364e-14
1990.0 3.246204854451624e-14
2000.0 3.531337915151816e-14
2010.0 3.668174477900967e-14
2020.0 3.85475480974696e-14
2030.0 3.5582607180988505e-14
2040.0 3.331195061303913e-14
2050.0 3.268327246844354e-14
2060.0 2.9920318716363635e-14
2070.0 2.6503509381113622e-14
2080.0 2.4264715300884176e-14
2090.0 2.1998238198866084e-14
2100.0 2.106361128681316e-14
2110.0 1.949927935172527e-14
2120.0 1.8239088291757445e-14
2130.0 1.7556576600599062e-14
2140.0 1.652682343084956e-14
2150.0 1.6370790538654926e-14
2160.0 1.516694452655262e-14
2170.0 1.4900065176154466e-14
2180.0 1.3312174915070194e-14
2190.0 1.3446919678542604e-14
2200.0 1.2644560134949515e-14
2210.0 1.2535157130896796e-14
2220.0 1.2141394435239971e-14
2230.0 1.1431876157697152e-14
2240.0 1.1823841465211931e-14
2250.0 1.1316544202752932e-14
2260.0 1.1637119442769938e-14
2270.0 1.2650317085851082e-14
2280.0 1.4354208644989378e-14
2290.0 1.6011157268867705e-14
2300.0 1.8219064163806274e-14
2310.0 2.1424126746721635e-14
2320.0 2.5520828102063907e-14
2330.0 2.873430770629018e-14
2340.0 3.055748088864349e-14
2350.0 3.298713956234193e-14
2360.0 3.453444775724913e-14
2370.0 3.5831867947879905e-14
2380.0 3.6101356450014186e-14
2390.0 3.587294387887346e-14
2400.0 3.477138071230309e-14
2410.0 3.1814512766729596e-14
2420.0 3.0060249650229096e-14
2430.0 2.8231859048293108e-14
2440.0 2.6714944258845802e-14
2450.0 2.5868030329061405e-14
2460.0 2.5192793737934743e-14
2470.0 2.5219079191756234e-14
2480.0 2.7406742473879048e-14
2490.0 3.002279867606851e-14
2500.0 3.24808955106155e-14
2510.0 3.544501375168954e-14
2520.0 4.362476965056701e-14
2530.0 5.4200758708798075e-14
2540.0 5.920117440749042e-14
2550.0 6.288960881677298e-14
2560.0 6.34172300810928e-14
2570.0 6.088525247249799e-14
2580.0 5.4584573154753724e-14
2590.0 4.935741677329425e-14
2600.0 4.166066307017547e-14
2610.0 3.7280687329950656e-14
2620.0 3.604160975835635e-14
2630.0 3.567896966641816e-14
2640.0 3.5274793949496524e-14
2650.0 3.718690432240071e-14
2660.0 4.05284262660081e-14
2670.0 4.615534340811591e-14
2680.0 5.381158472199174e-14
2690.0 6.577993152959642e-14
2700.0 7.775965548627274e-14
2710.0 8.948044696109303e-14
2720.0 1.0007605751134297e-13
2730.0 1.1098949138380731e-13
2740.0 1.2252922931507106e-13
2750.0 1.3402402878457738e-13
2760.0 1.4310287180934527e-13
2770.0 1.5229700650704832e-13
2780.0 1.6306267066122816e-13
2790.0 1.7048713999316543e-13
2800.0 1.6241970668846243e-13
2810.0 1.592136664155221e-13
2820.0 1.6352577722279318e-13
2830.0 1.7121590809041548e-13
2840.0 1.845097205496998e-13
2850.0 1.9860079165067272e-13
2860.0 2.1283303890324208e-13
2870.0 2.3440735261781524e-13
2880.0 2.657527377922145e-13
2890.0 3.139445629800831e-13
2900.0 3.686919773832242e-13
2910.0 4.00669567056327e-13
2920.0 4.2892760736767696e-13
2930.0 4.575453708370472e-13
2940.0 4.746112103177044e-13
2950.0 4.924716564633239e-13
2960.0 5.027440649511394e-13
2970.0 5.039440837300011e-13
2980.0 4.898949316506723e-13
2990.0 4.419218751987396e-13
3000.0 4.0012322135618954e-13
3010.0 3.7548386636879965e-13
3020.0 3.667267526038663e-13
3030.0 3.749334471423778e-13
3040.0 3.852662922067855e-13
3050.0 3.7935644658886233e-13
3060.0 3.739769246885504e-13
3070.0 3.704024037252848e-13
3080.0 3.644072592035605e-13
3090.0 3.626302448452647e-13
3100.0 3.762413758791149e-13
3110.0 4.1083064532859725e-13
3120.0 4.478885904686239e-13
3130.0 4.968540322077052e-13
3140.0 5.245247246849532e-13
3150.0 5.51159087124871e-13
3160.0 5.706855239732456e-13
3170.0 5.818082922933566e-13
3180.0 5.951854306617083e-13
3190.0 6.000352301652672e-13
3200.0 5.872597259497764e-13
3210.0 5.619170373983318e-13
3220.0 5.269740486038037e-13
3230.0 4.8622995587064e-13
3240.0 4.4800646254367357e-13
3250.0 4.2183826859808696e-13
3260.0 4.0638317453475397e-13
3270.0 3.938774832070616e-13
3280.0 3.883870561245161e-13
3290.0 3.883320089482053e-13
3300.0 3.9437684970855447e-13
3310.0 4.037277035201305e-13
3320.0 4.285539860520944e-13
3330.0 4.697865926029071e-13
3340.0 5.200510994919289e-13
3350.0 5.411601805549936e-13
3360.0 5.313252762287924e-13
3370.0 5.150693258129262e-13
3380.0 5.08671337763798e-13
3390.0 5.246374287617557e-13
3400.0 5.470504246221238e-13
3410.0 5.606276170254721e-13
3420.0 5.682725413386438e-13
3430.0 5.754626841727249e-13
3440.0 5.950334592302998e-13
3450.0 6.266202208253369e-13
3460.0 6.436252391826573e-13
3470.0 6.425359452618496e-13
3480.0 6.39268620390406e-13
3490.0 6.478154910665436e-13
3500.0 6.796658795177479e-13
3510.0 7.235318710760961e-13
3520.0 7.510440847256007e-13
3530.0 7.599929774049266e-13
3540.0 7.707017209162626e-13
3550.0 7.977269324208539e-13
3560.0 8.158068171558475e-13
3570.0 8.335515076410568e-13
3580.0 8.537485260753557e-13
3590.0 8.613644587880544e-13
3600.0 8.35001671635486e-13
3610.0 8.043795479292646e-13
3620.0 8.012970970394603e-13
3630.0 8.17840273867531e-13
3640.0 8.285699437515836e-13
3650.0 8.136706331102191e-13
3660.0 8.030417996958844e-13
3670.0 7.917598840612557e-13
3680.0 7.387038119692201e-13
3690.0 6.578621774495286e-13
3700.0 5.677277449349486e-13
3710.0 4.989428403965204e-13
3720.0 4.4672508794677053e-13
3730.0 4.041730829011877e-13
3740.0 3.948448383267056e-13
3750.0 4.1619621964784324e-13
3760.0 4.2309388281609563e-13
3770.0 4.2080830298931646e-13
3780.0 4.1077658768809866e-13
3790.0 3.976744655191626e-13
3800.0 3.9177341967793894e-13
3810.0 3.9473596007182235e-13
3820.0 4.135336173839031e-13
3830.0 4.4473163985127957e-13
3840.0 4.930660315783323e-13
3850.0 5.596662751043766e-13
3860.0 6.47392935480553e-13
3870.0 7.347323944160098e-13
3880.0 8.123152041454673e-13
3890.0 8.693425802397284e-13
3900.0 9.070320380764273e-13
3910.0 9.383541846752415e-13
3920.0 9.66384301012586e-13
3930.0 9.960156229357198e-13
3940.0 1.0344946008255781e-12
3950.0 1.0662097920919577e-12
3960.0 1.0301135495259403e-12
3970.0 9.592193403298136e-13
3980.0 9.14506104983433e-13
3990.0 8.55174584305579e-13
4000.0 8.123099519196974e-13
4010.0 7.910557404378076e-13
4020.0 8.030066401263785e-13
4030.0 8.347134537203297e-13
4040.0 8.81301437744374e-13
4050.0 9.137805204293748e-13
4060.0 9.36560586055251e-13
4070.0 9.634876737336394e-13
4080.0 9.74072460079976e-13
4090.0 9.835134648150488e-13
4100.0 9.757046447089742e-13
4110.0 9.654317147536183e-13
4120.0 9.50001676963679e-13
4130.0 9.060062632878797e-13
4140.0 8.821189777627213e-13
4150.0 8.806783921053863e-13
4160.0 8.616436379146353e-13
4170.0 8.438162450422267e-13
4180.0 8.363929276825827e-13
4190.0 8.219992696608721e-13
4200.0 7.912636899251421e-13
4210.0 7.523052728648584e-13
4220.0 7.165576558423008e-13
4230.0 6.865898535623744e-13
4240.0 6.582825023732937e-13
4250.0 6.33819701152712e-13
4260.0 6.105420373862217e-13
4270.0 5.872325225595028e-13
4280.0 5.562247107568329e-13
4290.0 5.251763511256143e-13
4300.0 5.038157341674892e-13
4310.0 4.952749021501912e-13
4320.0 4.999821634345196e-13
4330.0 5.106985651388289e-13
4340.0 5.329159477579228e-13
4350.0 5.525779037219261e-13
4360.0 5.78192351762905e-13
4370.0 5.957503325184951e-13
4380.0 6.062337182562028e-13
4390.0 6.143878436442313e-13
4400.0 6.189223268442964e-13
4410.0 5.985685414459558e-13
4420.0 5.727639356859497e-13
4430.0 5.50413565429873e-13
4440.0 5.40192932613938e-13
4450.0 5.55660300057714e-13
4460.0 5.863161730913967e-13
4470.0 6.267907426689368e-13
4480.0 6.602238439218476e-13
4490.0 6.808501595570354e-13
4500.0 6.882844189549606e-13
4510.0 7.017761451606907e-13
4520.0 7.114348774794261e-13
4530.0 7.08549472162101e-13
4540.0 6.993568224444731e-13
4550.0 6.886552420271695e-13
4560.0 6.800851583845791e-13
4570.0 6.807815280379377e-13
4580.0 6.769921142673293e-13
4590.0 6.769703532753261e-13
4600.0 6.825560766600459e-13
4610.0 6.825930104960006e-13
4620.0 6.7137029893018e-13
4630.0 6.517524778214729e-13
4640.0 6.184955651216801e-13
4650.0 5.817232890412122e-13
4660.0 5.494211855267571e-13
4670.0 5.251939325138584e-13
4680.0 5.171624981454108e-13
4690.0 5.185969194894903e-13
4710.0 5.199835679876587e-13
4720.0 5.064799974945762e-13
4730.0 4.915956569161206e-13
4740.0 4.71432692088801e-13
4750.0 4.535441190778988e-13
4760.0 4.421490460323902e-13
4770.0 4.406001503915257e-13
4780.0 4.4503073318655885e-13
4790.0 4.5295148632127743e-13
4800.0 4.552144978532858e-13
4810.0 4.4823860515737324e-13
4820.0 4.26653029796041e-13
4830.0 4.066338058770353e-13
4840.0 3.8241728434114946e-13
4850.0 3.5736991887454407e-13
4860.0 3.3536295641276484e-13
4870.0 3.2733608307924435e-13
4880.0 3.2944226410186207e-13
4890.0 3.384535574291891e-13
4900.0 3.558243098057958e-13
4910.0 3.6939467310346537e-13
4920.0 3.76305300257713e-13
4930.0 3.819249667092855e-13
4940.0 3.852541457435819e-13
4950.0 3.831856860783134e-13
4960.0 3.73695535282192e-13
4970.0 3.6342864934556607e-13
4980.0 3.6632579370054497e-13
4990.0 3.6566183467322363e-13
5000.0 3.6657401595042203e-13
5010.0 3.746728196386103e-13
5020.0 3.8323505804485194e-13
5030.0 3.82510713471888e-13
5040.0 3.938257117218966e-13
5050.0 4.058119988563801e-13
5060.0 4.203070389796606e-13
5070.0 4.310680726961523e-13
5080.0 4.432921096941464e-13
5090.0 4.560203301181855e-13
5100.0 4.664691672142598e-13
5110.0 4.79551148684898e-13
5120.0 4.901158111589479e-13
5130.0 4.855953640640125e-13
5140.0 4.762644834603583e-13
5150.0 4.673020918553485e-13
5160.0 4.597665340378728e-13
5170.0 4.5472612812266983e-13
5180.0 4.584543531979292e-13
5190.0 4.686971399598923e-13
5200.0 4.751033279161352e-13
5210.0 4.737396995364725e-13
5220.0 4.651439720555667e-13
5230.0 4.410530751553934e-13
5240.0 4.111251676875955e-13
5250.0 3.7485189895198433e-13
5260.0 3.464952667501337e-13
5270.0 3.2472571717840947e-13
5280.0 3.062791465347453e-13
5290.0 3.007370532838198e-13
5300.0 3.0102955010479564e-13
5310.0 3.042609532391558e-13
5320.0 3.064212696115722e-13
5330.0 3.14671206996495e-13
5340.0 3.2329336675101233e-13
5350.0 3.3477236572697556e-13
5360.0 3.4417782196048436e-13
5370.0 3.5117246923727316e-13
5380.0 3.513876834169928e-13
5390.0 3.472798388151329e-13
5400.0 3.4255198832900353e-13
5410.0 3.332490730959708e-13
5420.0 3.230282445592135e-13
5430.0 3.071967965946168e-13
5440.0 2.8922474869432975e-13
5450.0 2.744180471113829e-13
5460.0 2.6582810966211145e-13
5470.0 2.6470486595687073e-13
5480.0 2.7063854668320725e-13
5490.0 2.8377700886992876e-13
5500.0 3.032552544117338e-13
5510.0 3.2351640088646616e-13
5520.0 3.4428866309850973e-13
5530.0 3.608488562112459e-13
5540.0 3.7662943841503403e-13
5550.0 3.851148220144812e-13
5560.0 3.8459059759113664e-13
5570.0 3.7842252339914713e-13
5580.0 3.7449192904582717e-13
5590.0 3.762368518765113e-13
5600.0 3.811442241470263e-13
5610.0 3.8162950048015404e-13
5620.0 3.8279892426531057e-13
5630.0 3.8094346247710826e-13
5640.0 3.801293364730759e-13
5650.0 3.786508564802299e-13
5660.0 3.77997130057074e-13
5670.0 3.7471651939588584e-13
5680.0 3.7390078837126943e-13
5690.0 3.7559150225898373e-13
5700.0 3.69687270606532e-13
5710.0 3.6620587215141025e-13
5720.0 3.5634838240100927e-13
5730.0 3.4669641154449797e-13
5740.0 3.37751457749969e-13
5750.0 3.2786121698942006e-13
5760.0 3.2132544558494933e-13
5770.0 3.163662834163734e-13
5780.0 3.113138881217301e-13
5790.0 3.108346644158898e-13
5800.0 3.1267167305766176e-13
5810.0 3.184627601212829e-13
5820.0 3.229580986578992e-13
5830.0 3.279671493398707e-13
5840.0 3.3109195544606135e-13
5850.0 3.3281499554152465e-13
5860.0 3.34247276313384e-13
5870.0 3.3424625718606263e-13
5880.0 3.3694984985615555e-13
5890.0 3.3651514817876427e-13
5900.0 3.3911351151688046e-13
5910.0 3.4221681746719626e-13
5920.0 3.4169867676036443e-13
5930.0 3.387269882628168e-13
5940.0 3.414549410190806e-13
5950.0 3.399399702451432e-13
5960.0 3.387678622122812e-13
5970.0 3.35463029927978e-13
5980.0 3.3328651106736205e-13
5990.0 3.3153157621216503e-13
6000.0 3.262541355645861e-13
6010.0 3.25641076637923e-13
6020.0 3.1926644172833063e-13
6030.0 3.1033324571842253e-13
6040.0 2.9884689003527107e-13
6050.0 2.783646025681928e-13
6060.0 2.524097993025217e-13
6070.0 2.244924828666126e-13
6080.0 1.9560529796407915e-13
6090.0 1.6882448496310812e-13
6100.0 1.483848211181606e-13
6110.0 1.3152579418159776e-13
6120.0 1.2011141577859348e-13
6130.0 1.1435911282762675e-13
6140.0 1.1232743321735327e-13
6150.0 1.1571977608602678e-13
6160.0 1.226473680195725e-13
6170.0 1.3378815513401282e-13
6180.0 1.472110800248611e-13
6190.0 1.6500210540793226e-13
6200.0 1.8524786165357153e-13
6210.0 2.0500024512945521e-13
6220.0 2.2270111327326856e-13
6230.0 2.369903261841281e-13
6240.0 2.4998105169859566e-13
6250.0 2.6163245109442035e-13
6260.0 2.724721749713042e-13
6270.0 2.839746575951734e-13
6280.0 2.913033296290784e-13
6290.0 2.978517224081842e-13
6300.0 2.972256668987734e-13
6310.0 2.982597988459477e-13
6320.0 2.97259046789801e-13
6330.0 2.9761826189042025e-13
6340.0 2.967861186871754e-13
6350.0 2.9382898093642624e-13
6360.0 2.9216378341219605e-13
6370.0 2.9037854681362156e-13
6380.0 2.8733311886217535e-13
6390.0 2.8433779159589695e-13
6400.0 2.846255515287711e-13
6410.0 2.8402564623372845e-13
6420.0 2.8114968447290396e-13
6430.0 2.7412046374942523e-13
6440.0 2.684296351115295e-13
6450.0 2.643530454624886e-13
6460.0 2.6190374936640915e-13
6470.0 2.5738650822190985e-13
6480.0 2.5246277177529227e-13
6490.0 2.501297989518831e-13
6500.0 2.4840874363341866e-13
6510.0 2.4316750829011404e-13
6520.0 2.3802961561972175e-13
6530.0 2.378719802351309e-13
6540.0 2.349566192458262e-13
6550.0 2.313918145620915e-13
6560.0 2.2635471830460289e-13
6570.0 2.229442664367246e-13
6580.0 2.210114704504978e-13
6590.0 2.16701899254739e-13
6610.0 2.1161704815526319e-13
6620.0 2.0679089052743543e-13
6630.0 2.0370687398405667e-13
6640.0 2.0048667680061224e-13
6650.0 1.9758576232786845e-13
6660.0 1.94353521038805e-13
6670.0 1.8820681615541106e-13
6680.0 1.8821629178510486e-13
6690.0 1.8649486418741336e-13
6700.0 1.8235623604787718e-13
6710.0 1.7855033471724764e-13
6720.0 1.7417064430373958e-13
6730.0 1.71513078552464e-13
6740.0 1.6979911514918027e-13
6750.0 1.6687156889878477e-13
6760.0 1.6482655730808386e-13
6770.0 1.6009944264009783e-13
6780.0 1.5996809440236046e-13
6790.0 1.5658747140297196e-13
6800.0 1.563072718996528e-13
6810.0 1.5412482177848988e-13
6820.0 1.522250259707196e-13
6830.0 1.5257300825620184e-13
6840.0 1.5205292003017573e-13
6850.0 1.501198370838246e-13
6860.0 1.4862138100317344e-13
6870.0 1.4706520466349064e-13
6880.0 1.4647418600099505e-13
6890.0 1.4420977950565746e-13
6900.0 1.4201172014546298e-13
6910.0 1.4202702033545027e-13
6920.0 1.4039290831503475e-13
6930.0 1.4245198300372506e-13
6940.0 1.43604915999796e-13
6950.0 1.4157714589344171e-13
6960.0 1.4108061303404055e-13
6970.0 1.3866847449082937e-13
6980.0 1.383977441070379e-13
6990.0 1.3744829883032056e-13
7000.0 1.3453897349708832e-13
7010.0 1.3460594884720697e-13
7020.0 1.3511304033413141e-13
7030.0 1.354002049802759e-13
7040.0 1.361471211778133e-13
7050.0 1.3492082498930844e-13
7060.0 1.3489712553199226e-13
7070.0 1.345854122305267e-13
7080.0 1.3413755945194067e-13
7090.0 1.3464776480419736e-13
7100.0 1.333456357949809e-13
7110.0 1.320361148537576e-13
7120.0 1.333032714846265e-13
7130.0 1.3131009912268545e-13
7140.0 1.304475396698054e-13
7150.0 1.301879324975919e-13
7160.0 1.3067173344387103e-13
7170.0 1.3062067417410402e-13
7180.0 1.2752705666703962e-13
7190.0 1.2575925933923134e-13
7200.0 1.2584652157957e-13
7210.0 1.25993003202565e-13
7220.0 1.2355366293030417e-13
7230.0 1.235062177617793e-13
7240.0 1.2344351946774785e-13
7250.0 1.2102295580341397e-13
7260.0 1.2091131204409637e-13
7270.0 1.193699950763387e-13
7280.0 1.1940349904806537e-13
7290.0 1.1656520843413884e-13
7300.0 1.1435336957074496e-13
7310.0 1.140350512318096e-13
7320.0 1.0919365884312e-13
7330.0 1.0810138473450442e-13
7340.0 1.0674316187405312e-13
7350.0 1.0473656134383968e-13
7360.0 1.0434859715492765e-13
7370.0 1.0346285203072725e-13
7380.0 1.0263827415094264e-13
7390.0 1.0179271296958864e-13
7400.0 9.866580460260351e-14
7410.0 9.947189214967172e-14
7420.0 1.0015553411734959e-13
7430.0 9.716486242814752e-14
7440.0 9.306045073946962e-14
7450.0 8.989185423522678e-14
7460.0 8.655342980318227e-14
7470.0 8.396540777694714e-14
7480.0 8.187120053913846e-14
7490.0 8.046548920915191e-14
7500.0 7.877587236689309e-14
7510.0 7.956291498222231e-14
7520.0 7.993653731426728e-14
7530.0 8.101122881171937e-14
7540.0 8.242130225785683e-14
7550.0 8.575503851807982e-14
7560.0 8.698121307596689e-14
7570.0 8.863265871373016e-14
7580.0 8.824087994017999e-14
7590.0 9.051092136465085e-14
7600.0 9.083233516309287e-14
7610.0 9.020480705316526e-14
7620.0 9.205985992038422e-14
7630.0 9.336416262816701e-14
7640.0 9.542051294546355e-14
7650.0 9.40419100917662e-14
7660.0 9.510690576022897e-14
7670.0 9.378614141137338e-14
7680.0 9.230358511906464e-14
7690.0 9.43285945463806e-14
7700.0 9.515782478012479e-14
7710.0 9.701590563411831e-14
7720.0 9.668810399477607e-14
7730.0 9.730095879748293e-14
7740.0 9.985255915253676e-14
7750.0 1.0093223228780883e-13
7760.0 1.0154583128540593e-13
7770.0 1.0372345092617518e-13
7780.0 1.0604848389534834e-13
7790.0 1.0551309327404794e-13
7800.0 1.0551360945999402e-13
7810.0 1.0862474973617169e-13
7820.0 1.1056927652107707e-13
7830.0 1.1010926602607497e-13
7840.0 1.081250623020292e-13
7850.0 1.0905309570133593e-13
7860.0 1.1052089093201014e-13
7870.0 1.0933998913865245e-13
7880.0 1.0717834603239025e-13
7890.0 1.06758886344539e-13
7900.0 1.0631298246457849e-13
7910.0 1.0770487250810347e-13
7920.0 1.0799642518051484e-13
7930.0 1.0645652836675304e-13
7940.0 1.0629752664553681e-13
7950.0 1.0505108695952462e-13
7960.0 1.0433677500377681e-13
7970.0 1.0369676237960676e-13
7980.0 1.0115820060815099e-13
7990.0 9.989300273183552e-14
8000.0 9.828581042306391e-14
8010.0 9.437303605189815e-14
8020.0 9.198490157799131e-14
8030.0 9.073130495444464e-14
8040.0 9.08137573564174e-14
8050.0 8.946656731294048e-14
8060.0 8.943328422928764e-14
8070.0 9.06700962271851e-14
8080.0 9.056528878754663e-14
8090.0 9.029849869160795e-14
8100.0 9.034003567686763e-14
8110.0 9.167426967284713e-14
8120.0 9.21100827764437e-14
8130.0 9.068260387133936e-14
8140.0 8.793936050445026e-14
8150.0 8.554396704675065e-14
8160.0 8.154275772789483e-14
8170.0 7.626085774044441e-14
8180.0 7.295543750093341e-14
8190.0 6.946778397041914e-14
8200.0 6.449727758016978e-14
8210.0 6.34377765297342e-14
8220.0 6.166987145270808e-14
8230.0 6.030478778860597e-14
8240.0 5.916848609008363e-14
8250.0 5.87973953915573e-14
8260.0 5.964690824852813e-14
8270.0 6.141588116758118e-14
8280.0 6.081909426863599e-14
8290.0 6.015099312794513e-14
8300.0 6.023168277281883e-14
8310.0 6.201834915314511e-14
8320.0 6.175640782678737e-14
8330.0 6.22969556869557e-14
8340.0 6.485484914471576e-14
8350.0 6.623939935453887e-14
8360.0 6.752386863182417e-14
8370.0 7.06910608161244e-14
8380.0 7.400451155455005e-14
8390.0 7.717659879897352e-14
8400.0 7.791820955758351e-14
8410.0 8.123326195165907e-14
8420.0 8.374558109361694e-14
8430.0 8.709252551735609e-14
8440.0 9.019915940009873e-14
8450.0 9.377512792142303e-14
8460.0 9.492969283711921e-14
8470.0 9.76261396267802e-14
8480.0 9.862311163036518e-14
8490.0 9.844484268483733e-14
8500.0 1.005945133286516e-13
8510.0 1.0035089068748714e-13
8520.0 1.0100154893721467e-13
8530.0 1.0192221289619201e-13
8540.0 1.0158059248336314e-13
8550.0 1.0276348550049752e-13
8560.0 1.0162112435218078e-13
8570.0 1.0124189122057847e-13
8580.0 1.0049929872722306e-13
8590.0 1.0097750692359343e-13
8600.0 1.0035136436619319e-13
8610.0 9.836883261447395e-14
8620.0 9.913215528081421e-14
8630.0 9.866348244363919e-14
8640.0 9.864476269236746e-14
8650.0 9.837387690581197e-14
8660.0 1.0010047029935143e-13
8670.0 9.974870759881933e-14
8680.0 1.0106706191881723e-13
8690.0 1.0099017081758265e-13
8700.0 9.976552032951863e-14
8710.0 9.86596303897027e-14
8720.0 9.834816338222103e-14
8730.0 9.93675217280467e-14
8740.0 9.743247830553446e-14
8750.0 9.735180679817827e-14
8760.0 9.452950027377618e-14
8770.0 9.387856744062984e-14
8780.0 9.352874352656085e-14
8790.0 9.092188552977406e-14
8800.0 9.082470061110472e-14
8810.0 8.864143325123026e-14
8820.0 8.603463781725841e-14
8830.0 8.424111472535304e-14
8840.0 8.120487613346846e-14
8850.0 7.871036962823494e-14
8860.0 7.607146944698909e-14
8870.0 7.465260407321311e-14
8880.0 7.296405114199404e-14
8890.0 7.193332771705143e-14
8900.0 7.056296723772098e-14
8910.0 6.879718098757008e-14
8920.0 6.866601370988525e-14
8930.0 6.722130904219063e-14
8940.0 6.585391857945804e-14
8950.0 6.699845212398433e-14
8960.0 6.828270885470864e-14
8970.0 6.847705760956587e-14
8980.0 6.792241137128532e-14
8990.0 6.915375131738495e-14
9000.0 6.947661403070714e-14
9010.0 6.971327659897828e-14
9020.0 6.90517980707072e-14
9030.0 6.89709126787541e-14
9040.0 6.808728861197998e-14
9050.0 6.796452186303835e-14
9060.0 6.818600679635569e-14
9070.0 6.882839673907367e-14
9080.0 6.760802126749714e-14
9090.0 6.767700140481046e-14
9100.0 6.686066010615454e-14
9110.0 6.67364141407347e-14
9120.0 6.58256790505633e-14
9130.0 6.580873669099652e-14
9140.0 6.64651051905267e-14
9150.0 6.671869799765383e-14
9160.0 6.624018712924817e-14
9170.0 6.552746753364302e-14
9180.0 6.60468705523201e-14
9190.0 6.639055789516817e-14
9200.0 6.615505681733511e-14
9210.0 6.629813953326314e-14
9220.0 6.665565127309249e-14
9230.0 6.697454731297235e-14
9240.0 6.718923515892039e-14
9250.0 6.785177611714989e-14
9260.0 6.697952045331192e-14
9270.0 6.631982638234439e-14
9280.0 6.593939387530418e-14
9290.0 6.652424337176528e-14
9300.0 6.749431487176312e-14
9310.0 6.592536978928103e-14
9320.0 6.430576357771551e-14
9330.0 6.434437182802632e-14
9340.0 6.342260152365885e-14
9350.0 6.295285396548767e-14
9360.0 6.286311439939864e-14
9370.0 6.220689975528477e-14
9380.0 6.140356128971917e-14
9390.0 6.165894681319037e-14
9400.0 6.176612733372782e-14
9410.0 6.009460399268584e-14
9420.0 6.052159618684181e-14
9430.0 5.951901072384217e-14
9440.0 5.852128658930213e-14
9450.0 5.739114593319824e-14
9460.0 5.615392656018157e-14
9470.0 5.624412009367671e-14
9480.0 5.575961257894261e-14
9490.0 5.5053882330869933e-14
9500.0 5.478259424664547e-14
9510.0 5.367950962954168e-14
9520.0 5.3527902176965507e-14
9530.0 5.3759940540904543e-14
9540.0 5.151016824514671e-14
9550.0 5.233220148128065e-14
9560.0 5.005237861736358e-14
9570.0 4.997303308142255e-14
9580.0 4.906243181215106e-14
9590.0 4.9290569100251513e-14
9600.0 4.811125488643127e-14
9610.0 4.764607055146066e-14
9620.0 4.6261923371169706e-14
9630.0 4.658783381797847e-14
9640.0 4.6226815023641096e-14
9650.0 4.5556575757858673e-14
9660.0 4.480754475395782e-14
9670.0 4.4105373198672335e-14
9680.0 4.360499586231467e-14
9690.0 4.3755068357668524e-14
9700.0 4.319888921840033e-14
9710.0 4.259334947020599e-14
9720.0 4.219868525564636e-14
9730.0 4.170040918258523e-14
9740.0 4.09523343989193e-14
9750.0 4.0289386725105017e-14
9760.0 4.050945150173273e-14
9770.0 3.995429064208771e-14
9780.0 3.975083324105822e-14
9790.0 3.981663906392059e-14
9800.0 3.9186224102553546e-14
9810.0 3.894647497766597e-14
9820.0 3.8416114417935896e-14
9830.0 3.767668113604663e-14
9840.0 3.7783280156438237e-14
9850.0 3.750715539288407e-14
9860.0 3.668168476271079e-14
9870.0 3.695381380821425e-14
9880.0 3.664582533037826e-14
9890.0 3.6216186509222464e-14
9900.0 3.5416706527535864e-14
9910.0 3.492148214376436e-14
9920.0 3.504030061677211e-14
9930.0 3.446268483809809e-14
9940.0 3.4266319062829435e-14
9950.0 3.373311004667052e-14
9960.0 3.3704971521228836e-14
9970.0 3.3781080017381985e-14
9980.0 3.3592889514438394e-14
9990.0 3.3265796715761305e-14
10000.0 3.343850461270638e-14
10010.0 3.310254478110784e-14
10020.0 3.276687162078886e-14
10030.0 3.3025051446660877e-14
10040.0 3.2422476523896756e-14
10050.0 3.232624229161745e-14
10060.0 3.2200252307260795e-14
10070.0 3.159915165829474e-14
10080.0 3.151261201545956e-14
10090.0 3.131044914805098e-14
10100.0 3.083572416619036e-14
10110.0 3.080398843356141e-14
10120.0 3.0956583349379135e-14
10130.0 3.0298517514264403e-14
10140.0 3.016214517773907e-14
10150.0 3.022450214692994e-14
10160.0 2.940544629069016e-14
10170.0 2.900575799814755e-14
10180.0 2.8998571156406323e-14
10190.0 2.862098240639929e-14
10200.0 2.8283025705380904e-14
10210.0 2.8304197928477464e-14
10220.0 2.841631214618445e-14
10230.0 2.8126684134873546e-14
10240.0 2.8035477837418743e-14
10250.0 2.7794961707906772e-14
10260.0 2.756361297225431e-14
10270.0 2.745011027928345e-14
10280.0 2.7140766142897104e-14
10290.0 2.6872202842996227e-14
10300.0 2.6845603560713174e-14
10310.0 2.6861747193354544e-14
10320.0 2.6777181995383674e-14
10330.0 2.639399967456965e-14
10340.0 2.610231426721515e-14
10350.0 2.5908953240834368e-14
10360.0 2.581407171935563e-14
10370.0 2.5595291626240488e-14
10380.0 2.5364618900977598e-14
10390.0 2.531782129594007e-14
10400.0 2.4999803503681038e-14
10410.0 2.4690289195179058e-14
10420.0 2.4418039504422437e-14
10430.0 2.426399599677059e-14
10440.0 2.3973576390751847e-14
10450.0 2.373694134566209e-14
10460.0 2.343442286402333e-14
10470.0 2.3146812573359022e-14
10480.0 2.294625816293498e-14
10490.0 2.2739396157519333e-14
10500.0 2.257324743204063e-14
10510.0 2.2275887278995704e-14
10520.0 2.22943034644426e-14
10530.0 2.2218758736613737e-14
10540.0 2.2442516867244755e-14
10550.0 2.2516573670638827e-14
10560.0 2.270771036460889e-14
10570.0 2.308749518617426e-14
10580.0 2.326118462241158e-14
10590.0 2.3385384460639646e-14
10600.0 2.365071013359458e-14
10610.0 2.3868639612583504e-14
10620.0 2.4145392172805068e-14
10630.0 2.432712449859914e-14
10640.0 2.4389411592459657e-14
10650.0 2.4692140466191245e-14
10660.0 2.4783752642703258e-14
10670.0 2.5050542688018858e-14
10680.0 2.527893557591897e-14
10690.0 2.545900832968293e-14
10700.0 2.5600577557020153e-14
10710.0 2.5504072158758343e-14
10720.0 2.5801201092309798e-14
10730.0 2.5889497998639088e-14
10740.0 2.592744325505092e-14
10750.0 2.5870110181737854e-14
10760.0 2.577506546167881e-14
10770.0 2.5843352647249653e-14
10780.0 2.6024716530215713e-14
10790.0 2.593286131936724e-14
10800.0 2.599498494636713e-14
10810.0 2.604758025951534e-14
10820.0 2.609914276262686e-14
10830.0 2.6023419567801502e-14
10840.0 2.571730988121346e-14
10850.0 2.5621875814816874e-14
10860.0 2.5705295472012502e-14
10870.0 2.575743665322487e-14
10880.0 2.60340071547376e-14
10890.0 2.6022955356543338e-14
10900.0 2.594218744331758e-14
10910.0 2.5873193561890247e-14
10920.0 2.599694973897387e-14
10930.0 2.6051121021416772e-14
10940.0 2.595627444584552e-14
10950.0 2.588784337388736e-14
10960.0 2.604310019252717e-14
10970.0 2.583924183261657e-14
10980.0 2.570810947684666e-14
10990.0 2.5273959636335255e-14
11000.0 2.5098249769407398e-14
11010.0 2.5168812222335256e-14
11020.0 2.490388237869753e-14
11030.0 2.5021061998547185e-14
11040.0 2.4842489557759545e-14
11050.0 2.4840831370743916e-14
11060.0 2.489796955434431e-14
11070.0 2.47263873984916e-14
11080.0 2.4654653707716996e-14
11090.0 2.466100867442177e-14
11100.0 2.451057063047507e-14
11110.0 2.4408289040461473e-14
11120.0 2.4451173695612734e-14
11130.0 2.4375887519362422e-14
11140.0 2.4082024505269772e-14
11150.0 2.403680026675752e-14
11160.0 2.3868229263316315e-14
11170.0 2.386877550510788e-14
11180.0 2.3701428291343755e-14
11190.0 2.360315352705022e-14
11200.0 2.349195269368628e-14
11210.0 2.3216401584789792e-14
11220.0 2.324560829890569e-14
11230.0 2.3144922788224238e-14
11240.0 2.3060020378599527e-14
11250.0 2.3003553671644017e-14
11260.0 2.283785446428266e-14
11270.0 2.2778607358056133e-14
11280.0 2.303876499928061e-14
11290.0 2.264157381539438e-14
11300.0 2.238458299189248e-14
11310.0 2.2243388263552102e-14
11320.0 2.2282781948127708e-14
11330.0 2.2186672866127614e-14
11340.0 2.217474388610353e-14
11350.0 2.19325735192545e-14
11360.0 2.184632287013042e-14
11370.0 2.2019224506514777e-14
11380.0 2.1926353326605408e-14
11390.0 2.207641539716269e-14
11400.0 2.1987355841339542e-14
11410.0 2.170278456974392e-14
11420.0 2.161582156137864e-14
11430.0 2.1392450577435727e-14
11440.0 2.1578471920753692e-14
11450.0 2.14174439405358e-14
11460.0 2.1368081151276362e-14
11470.0 2.150192643034601e-14
11480.0 2.1546789854672804e-14
11490.0 2.138150803777164e-14
11500.0 2.1304186757566902e-14
11510.0 2.1326533857142845e-14
11520.0 2.132188096403092e-14
11530.0 2.099149157416439e-14
11540.0 2.1195432258574133e-14
11550.0 2.1031274689189883e-14
11560.0 2.101459059855279e-14
11570.0 2.088608678636976e-14
11580.0 2.085381133892951e-14
11590.0 2.0942068963057704e-14
11600.0 2.0910784910567915e-14
11610.0 2.078647382150749e-14
11620.0 2.0724304440273997e-14
11630.0 2.0522612248722006e-14
11640.0 2.0467641890639924e-14
11650.0 2.0625359922732124e-14
11660.0 2.0543940520805263e-14
11670.0 2.0276877950913452e-14
11680.0 2.0160483973395386e-14
11690.0 2.011451773473927e-14
11700.0 2.0045275749837117e-14
11710.0 1.9943229668622433e-14
11720.0 1.9917501761219974e-14
11730.0 1.9891775048493012e-14
11740.0 1.9889850384818602e-14
11750.0 1.9861795902098713e-14
11760.0 1.9821541750676457e-14
11770.0 1.9828345969652398e-14
11780.0 1.980906039218469e-14
11790.0 1.966561516675392e-14
11800.0 1.961140157514558e-14
11810.0 1.970304937432108e-14
11820.0 1.9858031785816206e-14
11830.0 1.9817607620243335e-14
11840.0 1.9656236208708183e-14
11850.0 1.9548483197908876e-14
11860.0 1.9482862092813375e-14
11870.0 1.9523095278230307e-14
11880.0 1.9610983226022285e-14
11890.0 1.9554266376507288e-14
11900.0 1.9330819981464857e-14
11910.0 1.9234666238720063e-14
11920.0 1.921967881401753e-14
11930.0 1.9230998694503622e-14
11940.0 1.926828605605693e-14
11950.0 1.913638048186455e-14
11960.0 1.9100295483998868e-14
11970.0 1.9091933708418436e-14
11980.0 1.9060112916926786e-14
11990.0 1.896785002756782e-14
12000.0 1.8852963831313622e-14
12010.0 1.885558168092254e-14
12020.0 1.8983238045791188e-14
12030.0 1.894108571652991e-14
12040.0 1.8779320819135385e-14
12050.0 1.870338305834309e-14
12060.0 1.8691324407184616e-14
12070.0 1.8806998585437317e-14
12080.0 1.879577465824477e-14
12090.0 1.8764440977823825e-14
12100.0 1.8694413940268015e-14
12110.0 1.860587320128217e-14
12120.0 1.8633330829790848e-14
12130.0 1.873608507548334e-14
12140.0 1.883065926695737e-14
12150.0 1.892595253972007e-14
12160.0 1.9094918233222488e-14
12170.0 1.916362071307069e-14
12180.0 1.93020828821288e-14
12190.0 1.9413742883257864e-14
12200.0 1.9523892862666424e-14
12210.0 1.9670343028347213e-14
12220.0 1.9770503592359738e-14
12230.0 1.9933843102445657e-14
12240.0 2.00737877492536e-14
12250.0 2.0263930019122644e-14
12260.0 2.0445847579645963e-14
12270.0 2.0504794852676454e-14
12280.0 2.0596099483848995e-14
12290.0 2.0777382908353685e-14
12300.0 2.0880156809101475e-14
12310.0 2.0874414612271735e-14
12320.0 2.0932050402184667e-14
12330.0 2.104685799180459e-14
12340.0 2.1059329019959956e-14
12350.0 2.11532551615661e-14
12360.0 2.123526294997223e-14
12370.0 2.129528520479335e-14
12380.0 2.1311307394816566e-14
12390.0 2.131745846008608e-14
12400.0 2.1316837735288824e-14
12410.0 2.140437611957987e-14
12420.0 2.1436440547182066e-14
12430.0 2.1450791998846924e-14
12440.0 2.150663035368964e-14
12450.0 2.158417853314335e-14
12460.0 2.1620343457983784e-14
12470.0 2.1635025891277413e-14
12480.0 2.162826453883678e-14
12490.0 2.1623861220772496e-14
12500.0 2.16378138810956e-14
12510.0 2.1656693510151837e-14
12520.0 2.167040360653035e-14
12530.0 2.169937573236718e-14
12540.0 2.1765654023377206e-14
12550.0 2.180336776479111e-14
12560.0 2.1773585070631213e-14
12570.0 2.1691853034070604e-14
12580.0 2.1578784668744333e-14
12590.0 2.1491564312692584e-14
12600.0 2.1441558456596893e-14
12610.0 2.1340930621498315e-14
12620.0 2.1172325896327358e-14
12630.0 2.1052171446922677e-14
12640.0 2.0937723293961626e-14
12650.0 2.0793390882776245e-14
12660.0 2.0678167593091164e-14
12670.0 2.042610052032362e-14
12680.0 2.0220476469256722e-14
12690.0 2.0135955575645175e-14
12700.0 2.0075436329716907e-14
12710.0 2.0046046046456646e-14
12720.0 2.0021114042419898e-14
12730.0 1.9968016599835724e-14
12740.0 1.9898515603644662e-14
12750.0 1.9823783182924934e-14
12760.0 1.9695779934162912e-14
12770.0 1.9566801422220537e-14
12780.0 1.9487722707679012e-14
12790.0 1.941486737617556e-14
12800.0 1.935180976489103e-14
12810.0 1.9219331203808128e-14
12820.0 1.9059934585812982e-14
12830.0 1.8915026046714427e-14
12840.0 1.8801519153398667e-14
12850.0 1.8616484754541353e-14
12860.0 1.840936751589522e-14
12870.0 1.8292613516796477e-14
12880.0 1.790060356763358e-14
12890.0 1.7593959283074416e-14
12900.0 1.752027138646328e-14
12910.0 1.7383860056126835e-14
12920.0 1.7283719258626062e-14
12930.0 1.7292965527963517e-14
12940.0 1.7224129329676947e-14
12950.0 1.699336130265665e-14
12960.0 1.6747204831367548e-14
12970.0 1.6660194584591986e-14
12980.0 1.6608322797800577e-14
12990.0 1.6317799204181785e-14
13000.0 1.6152630358733574e-14
13010.0 1.6292299872808285e-14
13020.0 1.6274311696216235e-14
13030.0 1.6040789269035708e-14
13040.0 1.5871054379970492e-14
13050.0 1.584839295577356e-14
13060.0 1.5818882203971995e-14
13070.0 1.5639392009530335e-14
13080.0 1.547826697589339e-14
13090.0 1.5433614683008857e-14
13100.0 1.541830458927022e-14
13110.0 1.533250986235066e-14
13120.0 1.5151058966514933e-14
13130.0 1.4952633034682085e-14
13140.0 1.479773683818609e-14
13150.0 1.4804391194889316e-14
13160.0 1.4899892954740395e-14
13170.0 1.487998827756284e-14
13180.0 1.477407949561551e-14
13190.0 1.4691297941039392e-14
13200.0 1.4718129925132204e-14
13210.0 1.4795480701825724e-14
13220.0 1.4860860457256372e-14
13230.0 1.4920455051348715e-14
13240.0 1.4997735248951855e-14
13250.0 1.506672499127302e-14
13260.0 1.504617670139009e-14
13270.0 1.4935905775020867e-14
13280.0 1.485978266690581e-14
13290.0 1.5010765549326366e-14
13300.0 1.514153593551585e-14
13310.0 1.5001622628414773e-14
13320.0 1.4924147537445895e-14
13330.0 1.4906522985925312e-14
13340.0 1.4872697583584793e-14
13350.0 1.4841277183800227e-14
13360.0 1.4805614249805153e-14
13370.0 1.4852585408895264e-14
13380.0 1.4901790644174088e-14
13390.0 1.4874166168270713e-14
13400.0 1.4877585909193007e-14
13410.0 1.4893455883389757e-14
13420.0 1.4833291082293827e-14
13430.0 1.4813884290816186e-14
13440.0 1.4904400696346136e-14
13450.0 1.499887248690454e-14
13460.0 1.495800053641272e-14
13470.0 1.4960310291955286e-14
13480.0 1.515204251063946e-14
13490.0 1.5229321075025678e-14
13500.0 1.5236653110950797e-14
13510.0 1.523326004550941e-14
13520.0 1.521840266302293e-14
13530.0 1.5155992649771577e-14
13540.0 1.5251434184543664e-14
13550.0 1.5418351928937146e-14
13560.0 1.520347352883877e-14
13570.0 1.5000031742465045e-14
13580.0 1.495700451487004e-14
13590.0 1.4999866219425578e-14
13600.0 1.459556655806125e-14
13610.0 1.451622254997786e-14
13620.0 1.4979879510435635e-14
13630.0 1.454312307405452e-14
13640.0 1.4272892588436923e-14
13650.0 1.4695675591924092e-14
13660.0 1.4444423214179754e-14
13670.0 1.4242040607413626e-14
13680.0 1.4397085544076573e-14
13690.0 1.4167842667900994e-14
13700.0 1.3858379951976592e-14
13710.0 1.3824942428929143e-14
13720.0 1.3813785545611338e-14
13730.0 1.3679479972096419e-14
13740.0 1.3587091978109585e-14
13750.0 1.348926209682814e-14
13760.0 1.3458486878479705e-14
13770.0 1.339460943573567e-14
13780.0 1.3358265627225703e-14
13790.0 1.3116561751367875e-14
13800.0 1.2984084681238277e-14
13810.0 1.2766029103682651e-14
13820.0 1.259934544383318e-14
13830.0 1.2682274068778668e-14
13840.0 1.2470161525505475e-14
13850.0 1.2512158388427715e-14
13860.0 1.2388477476590839e-14
13870.0 1.2105423821911148e-14
13880.0 1.2002713725392765e-14
13890.0 1.199245743020413e-14
13900.0 1.1954401872976132e-14
13910.0 1.169196766343458e-14
13920.0 1.1794537646238432e-14
13930.0 1.1740488855176386e-14
13940.0 1.1228885845514174e-14
13950.0 1.099953947748209e-14
13960.0 1.1234642721555908e-14
13970.0 1.143147860000957e-14
13980.0 1.1222676120652966e-14
13990.0 1.0728015717175363e-14
14000.0 1.0545158130411193e-14
14010.0 1.0892193449678482e-14
14020.0 1.0984075439800345e-14
14030.0 1.0570319457150419e-14
14040.0 1.0500330817015111e-14
14050.0 1.0737072175500904e-14
14060.0 1.0684555871920955e-14
14070.0 1.049911294125721e-14
14080.0 1.0244283761567682e-14
14090.0 1.0067215343010225e-14
14100.0 9.994719744876911e-15
14110.0 1.0088951727889009e-14
14120.0 1.0248342829317229e-14
14130.0 1.0057155657569705e-14
14140.0 9.80383228027346e-15
14150.0 9.844371742512821e-15
14160.0 9.896415003065344e-15
14170.0 9.831476704181027e-15
14180.0 9.603466581691123e-15
14190.0 9.519481805789152e-15
14200.0 9.597401653228415e-15
14210.0 9.629795279356188e-15
14220.0 9.47727949785052e-15
14230.0 9.382461345780794e-15
14240.0 9.376489627802047e-15
14250.0 9.384978629074235e-15
14260.0 9.434021662565697e-15
14270.0 9.348787894688669e-15
14280.0 9.266596828950328e-15
14290.0 9.329394063611257e-15
14300.0 9.215900933259818e-15
14310.0 9.031497110100074e-15
14320.0 9.047808498961832e-15
14330.0 9.073626033286633e-15
14340.0 9.075613121221147e-15
14350.0 9.112024592958258e-15
14360.0 9.024422972279683e-15
14370.0 8.963704718134231e-15
14380.0 9.047999364159613e-15
14390.0 9.125656220530705e-15
14400.0 9.130122207861477e-15
14410.0 9.062804001067341e-15
14420.0 9.053822951678661e-15
14430.0 9.142533551528371e-15
14440.0 8.982479073903738e-15
14450.0 8.795956537938494e-15
14460.0 8.818567574642793e-15
14470.0 8.920168834529247e-15
14480.0 9.038611813260327e-15
14490.0 8.924991226519065e-15
14500.0 8.734384611328288e-15
14510.0 8.687184531418747e-15
14520.0 8.764674190143924e-15
14530.0 8.913701144316997e-15
14540.0 8.917024981367775e-15
14550.0 8.875326775354816e-15
14560.0 8.866512429524062e-15
14570.0 8.855022924047665e-15
14580.0 8.928628875193162e-15
14590.0 9.013514103453225e-15
14600.0 9.020801162148232e-15
14610.0 8.98183930899197e-15
14620.0 8.899312775785052e-15
14630.0 8.887310534439113e-15
14640.0 8.892064166363043e-15
14650.0 8.818805112683995e-15
14660.0 8.749771665395222e-15
14670.0 8.772238472828457e-15
14680.0 8.798352702093116e-15
14690.0 8.734826120350235e-15
14700.0 8.66766481403951e-15
14710.0 8.613991406971997e-15
14720.0 8.530300876484497e-15
14730.0 8.568954391014826e-15
14740.0 8.638880823005902e-15
14750.0 8.602629058374867e-15
14760.0 8.50064550953391e-15
14770.0 8.460763415646623e-15
14780.0 8.523612445485028e-15
14790.0 8.467004314589855e-15
14800.0 8.354799399352725e-15
14810.0 8.287243185442297e-15
14820.0 8.278335593411698e-15
14830.0 8.265235423797065e-15
14840.0 8.259435618420789e-15
14850.0 8.263602041711059e-15
14860.0 8.214706652898865e-15
14870.0 8.141728204243586e-15
14880.0 8.048008820109432e-15
14890.0 8.021570640816384e-15
14900.0 8.015221823845423e-15
14910.0 7.939348977919549e-15
14920.0 7.881250771209944e-15
14930.0 7.849977538230661e-15
14940.0 7.803067192124334e-15
14950.0 7.74039069333595e-15
14960.0 7.715959964659414e-15
14970.0 7.674787545053175e-15
14980.0 7.639501592457063e-15
14990.0 7.6219574155411e-15
15000.0 7.602226788141335e-15
15010.0 7.596510536721277e-15
15020.0 7.578727493297986e-15
15030.0 7.531804584853182e-15
15040.0 7.456892121367807e-15
15050.0 7.420094642528806e-15
15060.0 7.403062057342095e-15
15070.0 7.388641503603702e-15
15080.0 7.379887197873706e-15
15090.0 7.359309936386541e-15
15100.0 7.345935682192717e-15
15110.0 7.322550726206728e-15
15120.0 7.285130408266754e-15
15130.0 7.246467422617806e-15
15140.0 7.209812567308283e-15
15150.0 7.17851042281506e-15
15160.0 7.134900530469497e-15
15170.0 7.10755259911331e-15
15180.0 7.082350806120076e-15
15190.0 7.064299284015851e-15
15200.0 7.052137156276752e-15
15210.0 7.004260583441514e-15
15220.0 6.9456138421195255e-15
15230.0 6.887110458979175e-15
15240.0 6.883720929249083e-15
15250.0 6.9024568205149064e-15
15260.0 6.8697897930376004e-15
15270.0 6.8142154567045996e-15
15280.0 6.7647618667067664e-15
15290.0 6.734788652523173e-15
15300.0 6.697964199224021e-15
15310.0 6.645245314122436e-15
15320.0 6.6000750189571526e-15
15330.0 6.567010496893897e-15
15340.0 6.5530021107679405e-15
15350.0 6.51690142454167e-15
15360.0 6.490815192614336e-15
15370.0 6.453103105747375e-15
15380.0 6.371453335599982e-15
15390.0 6.335103432612779e-15
15400.0 6.3203849776377744e-15
15410.0 6.284252943906493e-15
15420.0 6.2475280199393685e-15
15430.0 6.214197335141948e-15
15440.0 6.192131591636122e-15
15450.0 6.183001026127589e-15
15460.0 6.1205678369400925e-15
15470.0 6.0937029227623005e-15
15480.0 6.06058594385573e-15
15490.0 6.007314475574838e-15
15500.0 5.988274369258513e-15
15510.0 5.944429310861064e-15
15520.0 5.929575351644079e-15
15530.0 5.89305865030435e-15
15540.0 5.840409661179211e-15
15550.0 5.85144748215355e-15
15560.0 5.810990334247667e-15
15570.0 5.772426447701444e-15
15580.0 5.734433304534553e-15
15590.0 5.682021628534653e-15
15600.0 5.643235303299942e-15
15610.0 5.577427116834868e-15
15620.0 5.5554279195057155e-15
15630.0 5.509489857799313e-15
15640.0 5.447205936438699e-15
15650.0 5.4261019349748795e-15
15660.0 5.36500456651153e-15
15670.0 5.290350794828752e-15
15680.0 5.173041442565549e-15
15690.0 4.997523825688127e-15
15700.0 4.879991840794203e-15
15710.0 4.828386224760685e-15
15720.0 4.8679659110365254e-15
15730.0 4.971114032693323e-15
15740.0 4.969056500276775e-15
15750.0 4.92159369032938e-15
15760.0 4.827230380390753e-15
15770.0 4.762396803789153e-15
15780.0 4.751901721315261e-15
15790.0 4.722159836181908e-15
15800.0 4.755198922216544e-15
15810.0 4.744650845878513e-15
15820.0 4.732434709653443e-15
15830.0 4.777980959589896e-15
15840.0 4.830309072282083e-15
15850.0 4.8830474265466636e-15
15860.0 4.877054516202761e-15
15870.0 4.835863997696851e-15
15880.0 4.8316258061564495e-15
15890.0 4.778289146807772e-15
15900.0 4.734990955186627e-15
15910.0 4.698334967324859e-15
15920.0 4.6432842643848305e-15
15930.0 4.614796864467369e-15
15940.0 4.559782584537022e-15
15950.0 4.502085326164561e-15
15960.0 4.4523334452106405e-15
15970.0 4.38551925394902e-15
15980.0 4.312356119431784e-15
15990.0 4.176518566483126e-15
16000.0 4.0430011802091e-15
16010.0 3.991280332798226e-15
16020.0 3.94554980400038e-15
16030.0 4.04964278216117e-15
16040.0 4.185508140076185e-15
16050.0 4.173424869996512e-15
16060.0 4.104549972346826e-15
16070.0 4.02293201154232e-15
16080.0 4.046952663945593e-15
16090.0 4.044898467025505e-15
16100.0 4.01257537367896e-15
16110.0 3.990638807428626e-15
16120.0 3.9954796444012964e-15
16130.0 4.103818196503828e-15
16140.0 4.190813057794343e-15
16150.0 4.281799511968388e-15
16160.0 4.273776074184562e-15
16170.0 4.086660435021419e-15
16180.0 4.010040776538064e-15
16190.0 3.9997944750262764e-15
16200.0 3.991352554131481e-15
16210.0 4.035772608678023e-15
16220.0 4.04668002953126e-15
16230.0 4.19629313898029e-15
16240.0 4.272161099510787e-15
16250.0 4.191950547061158e-15
16260.0 4.230791760367076e-15
16270.0 4.2963997796899345e-15
16280.0 4.3676380471708826e-15
16290.0 4.387035280968901e-15
16300.0 4.385562112886637e-15
16310.0 4.423277159382464e-15
16320.0 4.48777717124073e-15
16330.0 4.539094003746794e-15
16340.0 4.6037298004080766e-15
16350.0 4.687649515487542e-15
16360.0 4.7757712513459305e-15
16370.0 4.8083497151306355e-15
16380.0 4.784357862503348e-15
16390.0 4.65654786681971e-15
16400.0 4.5147101639951375e-15
16410.0 4.619985211060301e-15
16420.0 4.682607096388118e-15
16430.0 4.6537221450389845e-15
16440.0 4.676251750666854e-15
16450.0 4.691790719360234e-15
16460.0 4.740915578372794e-15
16470.0 4.802409771905981e-15
16480.0 4.813468018679768e-15
16490.0 4.855222688692693e-15
16500.0 4.888939843908095e-15
16510.0 4.9626007351255674e-15
16520.0 5.005776960940004e-15
16530.0 5.0335580066905905e-15
16540.0 5.1014911874520895e-15
16550.0 5.095296838674491e-15
16560.0 5.200304096784221e-15
16570.0 5.263389879364394e-15
16580.0 5.242326415831054e-15
16590.0 5.28836930009332e-15
16600.0 5.305196049242409e-15
16610.0 5.31795541445759e-15
16620.0 5.321947349182462e-15
16630.0 5.166603320914659e-15
16640.0 5.059488840538612e-15
16650.0 5.096041043543159e-15
16660.0 5.209870922960963e-15
16670.0 5.192717860501972e-15
16680.0 5.0611588711312145e-15
16690.0 5.067154511586081e-15
16700.0 5.112147214748143e-15
16710.0 5.143662096972848e-15
16720.0 5.223707869770076e-15
16730.0 5.1765612387924185e-15
16740.0 5.104839060147633e-15
16750.0 5.003189835177767e-15
16760.0 4.9719813142998605e-15
16770.0 5.091969002788556e-15
16780.0 5.08569089895422e-15
16790.0 5.045827210487971e-15
16800.0 5.02970130603416e-15
16810.0 5.0294569914560574e-15
16820.0 5.041444830342807e-15
16830.0 5.004612403182624e-15
16840.0 5.015456330685135e-15
16850.0 5.015703981715309e-15
16860.0 5.026550392203846e-15
16870.0 5.044548386048019e-15
16880.0 4.9608464440875435e-15
16890.0 4.9367671176304374e-15
16900.0 4.989517988329163e-15
16910.0 5.043872313565689e-15
16920.0 5.082483299807749e-15
16930.0 5.080039992677487e-15
16940.0 5.094717874268297e-15
16950.0 5.108439652540554e-15
16960.0 5.10783858288156e-15
16970.0 5.168035654057918e-15
16980.0 5.134977585271276e-15
16990.0 5.088932085107771e-15
17000.0 5.116140831032238e-15
17010.0 5.153656686047638e-15
17020.0 5.2391241680962355e-15
17030.0 5.244963691410129e-15
17040.0 5.22893773349606e-15
17050.0 5.240932882430328e-15
17060.0 5.210584073070043e-15
17070.0 5.259671128880984e-15
17080.0 5.297539208668628e-15
17090.0 5.3155631369148985e-15
17100.0 5.345486460594883e-15
17110.0 5.300520763834059e-15
17120.0 5.308366773486332e-15
17130.0 5.3464223301173756e-15
17140.0 5.388703240725051e-15
17150.0 5.4508121304878784e-15
17160.0 5.438543354698023e-15
17170.0 5.4327471156786005e-15
17180.0 5.433464525111017e-15
17190.0 5.387455309530139e-15
17200.0 5.4052965178920054e-15
17210.0 5.440358679459304e-15
17220.0 5.494298911683822e-15
17230.0 5.503947451143287e-15
17240.0 5.454008799136692e-15
17250.0 5.487761427624378e-15
17260.0 5.507515486063211e-15
17270.0 5.502383273471729e-15
17280.0 5.500630281864181e-15
17290.0 5.463237001080116e-15
17300.0 5.421011817609845e-15
17310.0 5.405632264448779e-15
17320.0 5.449454380940318e-15
17330.0 5.462129495025406e-15
17340.0 5.384148716303466e-15
17350.0 5.367500480376189e-15
17360.0 5.4202409426678705e-15
17370.0 5.446889344680878e-15
17380.0 5.414996000886499e-15
17390.0 5.356740742937463e-15
17400.0 5.375784521861841e-15
17410.0 5.430904176565025e-15
17420.0 5.43331828968969e-15
17430.0 5.431337157803926e-15
17440.0 5.426149571722147e-15
17450.0 5.378831512615242e-15
17460.0 5.342577980905159e-15
17470.0 5.391663974194973e-15
17480.0 5.447608547751594e-15
17490.0 5.445997632252881e-15
17500.0 5.431717703146472e-15
17510.0 5.463856855721185e-15
17520.0 5.484292207572913e-15
17530.0 5.4948227587121955e-15
17540.0 5.5231493027010155e-15
17550.0 5.5343642203774245e-15
17560.0 5.516685451736204e-15
17570.0 5.5255300428069916e-15
17580.0 5.566420269484135e-15
17590.0 5.6192020572673266e-15
17600.0 5.660768213968371e-15
17610.0 5.6445084495395744e-15
17620.0 5.63536415041347e-15
17630.0 5.613986370212936e-15
17640.0 5.535865904108143e-15
17650.0 5.512356568497722e-15
17660.0 5.588950217659385e-15
17670.0 5.65309334087314e-15
17680.0 5.680240633436119e-15
17690.0 5.6770271789181526e-15
17700.0 5.684199762237169e-15
17710.0 5.708310803953413e-15
17720.0 5.726068518989534e-15
17730.0 5.733549508964795e-15
17740.0 5.740347699739408e-15
17750.0 5.747545184757065e-15
17760.0 5.761943860233564e-15
17770.0 5.7229515726238225e-15
17780.0 5.7295330151484274e-15
17790.0 5.750566698561551e-15
17800.0 5.727179748325343e-15
17810.0 5.762235731639156e-15
17820.0 5.805450037083987e-15
17830.0 5.761003118552483e-15
17840.0 5.719138906895055e-15
17850.0 5.7084820007583806e-15
17860.0 5.6227172147625494e-15
17870.0 5.63568123893566e-15
17880.0 5.723435349982411e-15
17890.0 5.753204690843365e-15
17900.0 5.750626357998369e-15
17910.0 5.7464208628704446e-15
17920.0 5.7129122526638724e-15
17930.0 5.725837218781904e-15
17940.0 5.727427276707136e-15
17950.0 5.676156436374162e-15
17960.0 5.640370522482526e-15
17970.0 5.708165346460387e-15
17980.0 5.824103494436286e-15
17990.0 5.808687437654149e-15
18000.0 5.699277733649761e-15
18010.0 5.6305346348959386e-15
18020.0 5.6015031963693066e-15
18030.0 5.726890784515315e-15
18040.0 5.856989117481307e-15
18050.0 5.761594783223146e-15
18060.0 5.674289139797201e-15
18070.0 5.710587891538977e-15
18080.0 5.822499951439275e-15
18090.0 5.874262340051394e-15
18100.0 5.8894448840064546e-15
18110.0 5.7905571411599155e-15
18120.0 5.743775284946235e-15
18130.0 6.013166213358325e-15
18140.0 6.278543753639414e-15
18150.0 6.1892000430253325e-15
18160.0 5.6475923301389905e-15
18170.0 5.7846455515589294e-15
18180.0 6.158684229742129e-15
18190.0 6.1545497423041584e-15
18200.0 5.812427984453759e-15
18210.0 5.4204522545336116e-15
18220.0 5.607209719422466e-15
18230.0 5.889127274482525e-15
18240.0 5.9082958012040204e-15
18250.0 5.786583592853136e-15
18260.0 5.897217603326967e-15
18270.0 5.9228296850140726e-15
18280.0 5.826192363040957e-15
18290.0 5.675576309607264e-15
18300.0 5.603269760941577e-15
18310.0 5.9200110947901736e-15
18320.0 6.1029129289185544e-15
18330.0 5.942677036807667e-15
18340.0 5.84397933943689e-15
18350.0 5.9410679784848685e-15
18360.0 5.967328532729671e-15
18370.0 6.1278511298979405e-15
18380.0 6.401021882514146e-15
18390.0 6.649605948115893e-15
18400.0 6.606710334487541e-15
18410.0 6.225553822939818e-15
18420.0 5.873321055084794e-15
18430.0 5.977411002712329e-15
18440.0 6.235917245591994e-15
18450.0 6.464338896944198e-15
18460.0 6.360284479940622e-15
18470.0 6.038739960550922e-15
18480.0 6.2254642333327835e-15
18490.0 6.1095980677141005e-15
18500.0 6.018980882784806e-15
18510.0 6.198394951314773e-15
18520.0 6.1169957376657004e-15
18530.0 6.100683387774385e-15
18540.0 6.29308818106863e-15
18550.0 6.2748539951700925e-15
18560.0 5.91643738294262e-15
18570.0 5.8599356163214835e-15
18580.0 5.932562019841473e-15
18590.0 5.8849873566019295e-15
18600.0 6.2888127066786716e-15
18610.0 6.367080993147599e-15
18620.0 5.75317914532739e-15
18630.0 5.545417580569061e-15
18640.0 5.620390671307949e-15
18650.0 6.021017240181062e-15
18660.0 5.542791435598615e-15
18670.0 5.8554134097022614e-15
18680.0 6.197562189727756e-15
18690.0 5.964206119840594e-15
18700.0 5.8866361266975195e-15
18710.0 5.707140512784328e-15
18720.0 5.415192175065057e-15
18730.0 5.469983615163268e-15
18740.0 5.952219653993082e-15
18750.0 6.388879327767076e-15
18760.0 6.288245975382856e-15
18770.0 5.906119701622228e-15
18780.0 5.710859182027711e-15
18790.0 5.625337727809201e-15
18800.0 5.6848607649621715e-15
18810.0 5.50910066229361e-15
18820.0 5.182925759015122e-15
18830.0 5.205459874563209e-15
18840.0 5.281458999233795e-15
18850.0 5.388400716732735e-15
18860.0 5.478787044900006e-15
18870.0 5.151953477849093e-15
18880.0 4.806459049856031e-15
18890.0 4.929651809289372e-15
18900.0 5.178707291799679e-15
18910.0 5.702298716754046e-15
18920.0 5.7054527000193215e-15
18930.0 5.225042637126102e-15
18940.0 5.006486732612792e-15
18950.0 4.7871285550009226e-15
18960.0 4.998957008264419e-15
18970.0 4.718510010667388e-15
18980.0 4.687224571483756e-15
18990.0 5.094568928222487e-15
19000.0 5.413180715440223e-15
19010.0 5.012303702995766e-15
19020.0 4.5748371204307785e-15
19030.0 4.472463900410662e-15
19040.0 4.673870812244555e-15
19050.0 5.082658379304668e-15
19060.0 5.023985479290141e-15
19070.0 4.650115159586535e-15
19080.0 4.5239763688914166e-15
19090.0 4.532311488739013e-15
19100.0 4.719938522551518e-15
19110.0 4.703497319589304e-15
19120.0 4.623517421095546e-15
19130.0 4.7765545500151775e-15
19140.0 4.555012945087551e-15
19150.0 4.504795862224812e-15
19160.0 4.617853231684485e-15
19170.0 4.488882955191439e-15
19180.0 4.2860265732080005e-15
19190.0 4.463662263131495e-15
19200.0 4.691092926176768e-15
19210.0 4.5179154461225616e-15
19220.0 4.276572108915843e-15
19230.0 4.351635007098495e-15
19240.0 4.3969796893514214e-15
19250.0 4.26667136931524e-15
19260.0 4.293643032721088e-15
19270.0 4.3916186039001035e-15
19280.0 4.3609454051022806e-15
19290.0 4.282720732241694e-15
19300.0 4.335375972201952e-15
19310.0 4.321364709341496e-15
19320.0 4.2245302403339335e-15
19330.0 4.233516410454995e-15
19340.0 4.2029948958369735e-15
19350.0 4.194947858606057e-15
19360.0 4.253834342749622e-15
19370.0 4.229708720386981e-15
19380.0 4.2808850656156706e-15
19390.0 4.27124498369974e-15
19400.0 4.2555808214931254e-15
19410.0 4.237960404675631e-15
19420.0 4.254150728183957e-15
19430.0 4.239920812734966e-15
19440.0 4.232016657640467e-15
19450.0 4.229984171695362e-15
19460.0 4.198400041517204e-15
19470.0 4.123115163860654e-15
19480.0 4.127015656904449e-15
19490.0 4.15226232987377e-15
19500.0 4.1013322373065815e-15
19510.0 4.05254376408708e-15
19520.0 4.042218882225293e-15
19530.0 4.062613366930008e-15
19540.0 4.039415855699817e-15
19550.0 4.0241350768799794e-15
19560.0 4.032170042187465e-15
19570.0 4.0042134668806316e-15
19580.0 4.0150369456940694e-15
19590.0 4.0051122158910244e-15
19600.0 3.967776025278465e-15
19610.0 3.937853079900151e-15
19620.0 3.941698781385548e-15
19630.0 3.964325937072593e-15
19640.0 3.963153399013597e-15
19650.0 3.9607828440981465e-15
19660.0 3.957067197636497e-15
19670.0 3.951419734449901e-15
19680.0 3.9364535272488875e-15
19690.0 3.9394275057082195e-15
19700.0 3.9626159139294026e-15
19710.0 3.978809993388522e-15
19720.0 3.932724001401903e-15
19730.0 3.909498582149955e-15
19740.0 3.8972140456495064e-15
19750.0 3.896215226363014e-15
19760.0 3.9070260963149694e-15
19770.0 3.895017806710813e-15
19780.0 3.885708682227475e-15
19790.0 3.898683665224945e-15
19800.0 3.877399343913507e-15
19810.0 3.838049021713135e-15
19820.0 3.8434012532399936e-15
19830.0 3.847820039270221e-15
19840.0 3.849003701029563e-15
19850.0 3.815091847893706e-15
19860.0 3.801391594698661e-15
19870.0 3.801046730194727e-15
19880.0 3.792650109650022e-15
19890.0 3.859478432284661e-15
19900.0 3.864929339254664e-15
19910.0 3.790238430116589e-15
19920.0 3.754797535746069e-15
19930.0 3.754084791977063e-15
19940.0 3.7459725168056915e-15
19950.0 3.750465411965981e-15
19960.0 3.7413786781757445e-15
19970.0 3.748894684472476e-15
19980.0 3.73329480991184e-15
19990.0 3.734248372438764e-15
20000.0 3.746075559514149e-15
20010.0 3.673050998067384e-15
20020.0 3.702421571112826e-15
20030.0 3.7298861804860545e-15
20040.0 3.734394998091733e-15
20050.0 3.6686396591230774e-15
20060.0 3.621120198729814e-15
20070.0 3.63577055342704e-15
20080.0 3.632557266809296e-15
20090.0 3.609534494558374e-15
20100.0 3.610249426165363e-15
20110.0 3.584619591910097e-15
20120.0 3.548905708387652e-15
20130.0 3.533169454342712e-15
20140.0 3.525728497848331e-15
20150.0 3.5097172605295385e-15
20160.0 3.477409741407509e-15
20170.0 3.4456168185746596e-15
20180.0 3.42617226783187e-15
20190.0 3.4079413856389518e-15
20200.0 3.411785423845831e-15
20210.0 3.3651377303418e-15
20220.0 3.34455542455685e-15
20230.0 3.317257674736124e-15
20240.0 3.280741806647241e-15
20250.0 3.263263300043564e-15
20260.0 3.2500019776098067e-15
20270.0 3.2376342082575594e-15
20280.0 3.2290531427020688e-15
20290.0 3.2280563091936103e-15
20300.0 3.2179058508387246e-15
20310.0 3.189760985196708e-15
20320.0 3.181293673638796e-15
20330.0 3.1621353917398404e-15
20340.0 3.1661465108360894e-15
20350.0 3.169015559758353e-15
20360.0 3.1704313514951926e-15
20370.0 3.1638090519953986e-15
20380.0 3.1207320367376718e-15
20390.0 3.0854140853585655e-15
20400.0 3.0766190675896584e-15
20410.0 3.0769550220618626e-15
20420.0 3.085171506039146e-15
20430.0 3.08572788515314e-15
20440.0 3.089040726384987e-15
20450.0 3.0883810423005883e-15
20460.0 3.0886447538373117e-15
20470.0 3.0791612172035704e-15
20480.0 3.0712219483407414e-15
20490.0 3.070266066784715e-15
20500.0 3.0657098667105663e-15
20510.0 3.071507351236206e-15
20520.0 3.0683076470871398e-15
20530.0 3.050344020040294e-15
20540.0 3.0282215520489655e-15
20550.0 3.017239888798606e-15
20560.0 3.0079234614595847e-15
20570.0 3.0175621594058375e-15
20580.0 3.045669255225389e-15
20590.0 3.0664535664595537e-15
20600.0 3.0777720606322522e-15
20610.0 3.0766596988169487e-15
20620.0 3.074272923474122e-15
20630.0 3.079795776425346e-15
20640.0 3.0838154813717586e-15
20650.0 3.0912743444039066e-15
20660.0 3.101847855059735e-15
20670.0 3.105501877790858e-15
20680.0 3.109423549594326e-15
20690.0 3.113959915382229e-15
20700.0 3.1098301523237415e-15
20710.0 3.1178744614366107e-15
20720.0 3.1308410698386543e-15
20730.0 3.1446218339970697e-15
20740.0 3.1645912301629453e-15
20750.0 3.1839348634829585e-15
20760.0 3.1745078269939015e-15
20770.0 3.1792339415723744e-15
20780.0 3.1883189928577436e-15
20790.0 3.1907589905829666e-15
20800.0 3.201111539138926e-15
20810.0 3.217442935798204e-15
20820.0 3.2143416417816074e-15
20830.0 3.207344903150267e-15
20840.0 3.2117906733688052e-15
20850.0 3.2166488434232814e-15
20860.0 3.2249187532050135e-15
20870.0 3.227281347564941e-15
20880.0 3.2172074790170802e-15
20890.0 3.2311870044366367e-15
20900.0 3.2330913270686402e-15
20910.0 3.2327230598342963e-15
20920.0 3.2397711202369253e-15
20930.0 3.2248943456932678e-15
20940.0 3.215624254214226e-15
20950.0 3.2483247339915082e-15
20960.0 3.214546575264088e-15
20970.0 3.211396645164289e-15
20980.0 3.213180063544505e-15
20990.0 3.2056470626810046e-15
21000.0 3.1974771157537406e-15
21010.0 3.1906167343597754e-15
21020.0 3.1794709570835037e-15
21030.0 3.1757863654945268e-15
21040.0 3.1639582367178706e-15
21050.0 3.148176568808268e-15
21060.0 3.1499361334363183e-15
21070.0 3.1279266014776104e-15
21080.0 3.10800289221545e-15
21090.0 3.0982491223704087e-15
21100.0 3.0802909450685552e-15
21110.0 3.0623342545533476e-15
21120.0 3.0625417512390153e-15
21130.0 3.051868374729123e-15
21140.0 3.0369263372886256e-15
21150.0 3.0230632688226713e-15
21160.0 3.005007263752546e-15
21170.0 2.9962702681618086e-15
21180.0 2.9975089296977447e-15
21190.0 2.963931993449067e-15
21200.0 2.9533530779569248e-15
21210.0 2.9462580042040076e-15
21220.0 2.9152940109402115e-15
21230.0 2.9007028862676425e-15
21240.0 2.897114788003246e-15
21250.0 2.8855348311793325e-15
21260.0 2.877036431695099e-15
21270.0 2.862240301023163e-15
21280.0 2.8409636670089164e-15
21290.0 2.828270802209026e-15
21300.0 2.8147483837898343e-15
21310.0 2.808346222225124e-15
21320.0 2.8011045217021485e-15
21330.0 2.7849939159129984e-15
21340.0 2.7729873815078703e-15
21350.0 2.7818471422022876e-15
21360.0 2.7653439874522906e-15
21370.0 2.7491471502194345e-15
21380.0 2.7461852051250856e-15
21390.0 2.73137592072354e-15
21400.0 2.7176267620719074e-15
21410.0 2.7122169548457113e-15
21420.0 2.69746002430967e-15
21430.0 2.6982582235378788e-15
21440.0 2.687220525246294e-15
21450.0 2.674437760431213e-15
21460.0 2.6616665915587903e-15
21470.0 2.63485629181518e-15
21480.0 2.61253733074948e-15
21490.0 2.6069671934502484e-15
21500.0 2.5878428093059043e-15
21510.0 2.5869065629277893e-15
21520.0 2.5990504169385825e-15
21530.0 2.593683616389428e-15
21540.0 2.5896945155926645e-15
21550.0 2.5940779360498134e-15
21560.0 2.5842444625369514e-15
21570.0 2.554493072128607e-15
21580.0 2.5320550700446673e-15
21590.0 2.52798569531356e-15
21600.0 2.521717246965035e-15
21610.0 2.509756901054754e-15
21620.0 2.499823638537217e-15
21630.0 2.489585742181679e-15
21640.0 2.482470058361468e-15
21650.0 2.475971538137336e-15
21660.0 2.468299294380921e-15
21670.0 2.456704719556067e-15
21680.0 2.43673274582795e-15
21690.0 2.428022041153506e-15
21700.0 2.4167908664659617e-15
21710.0 2.4165287232547025e-15
21720.0 2.404603292582764e-15
21730.0 2.4004842221202064e-15
21740.0 2.381923903796529e-15
21750.0 2.3831242459568528e-15
21760.0 2.358248771107827e-15
21770.0 2.324963063279725e-15
21780.0 2.30985230106215e-15
21790.0 2.2909679031930248e-15
21800.0 2.2892495688180714e-15
21810.0 2.3026970194673724e-15
21820.0 2.2716859333597846e-15
21830.0 2.260004163344889e-15
21840.0 2.2511046459424716e-15
21850.0 2.240370783123768e-15
21860.0 2.2367177916525186e-15
21870.0 2.2192460508587096e-15
21880.0 2.204128672956154e-15
21890.0 2.2044778349175296e-15
21900.0 2.1854796118568644e-15
21910.0 2.1527121101798006e-15
21920.0 2.1532391787580734e-15
21930.0 2.1370398268330305e-15
21940.0 2.1210132278466128e-15
21950.0 2.121816011023534e-15
21960.0 2.128194513485948e-15
21970.0 2.117489897256797e-15
21980.0 2.122313517508315e-15
21990.0 2.0952426331495485e-15
22000.0 2.0781655075461373e-15
22010.0 2.0739757380438125e-15
22020.0 2.0738100003942822e-15
22030.0 2.065714696252615e-15
22040.0 2.0592397092119993e-15
22050.0 2.0431796627991178e-15
22060.0 2.030779133898365e-15
22070.0 2.0210420510733386e-15
22080.0 2.003955136501852e-15
22090.0 2.0010731844746855e-15
22100.0 1.984351977871787e-15
22110.0 1.954585881511283e-15
22120.0 1.9517197507727793e-15
22130.0 1.9688009802454724e-15
22140.0 1.9415857095754876e-15
22150.0 1.9381767163016927e-15
22160.0 1.941141945230432e-15
22170.0 1.931623570150001e-15
22180.0 1.92865466705109e-15
22190.0 1.911181329196337e-15
22200.0 1.9114390821417675e-15
22210.0 1.8979411174805597e-15
22220.0 1.896927005996963e-15
22230.0 1.8878644680317016e-15
22240.0 1.8840068666798053e-15
22250.0 1.8793470069390254e-15
22260.0 1.8733520271030136e-15
22270.0 1.8754199647783254e-15
22280.0 1.854724877787467e-15
22290.0 1.841025384833806e-15
22300.0 1.8390956118011133e-15
22310.0 1.8414556083255036e-15
22320.0 1.849025384186116e-15
22330.0 1.842560519567667e-15
22340.0 1.8337538337526693e-15
22350.0 1.8324113202253408e-15
22360.0 1.819070152293754e-15
22370.0 1.8087524165566766e-15
22380.0 1.8140724885184256e-15
22390.0 1.805808720859627e-15
22400.0 1.804964561514741e-15
22410.0 1.8079471008726993e-15
22420.0 1.7860474451356994e-15
22430.0 1.7863372759541283e-15
22440.0 1.7711028768448222e-15
22450.0 1.7660161085725185e-15
22460.0 1.7764463645311194e-15
22470.0 1.777094975467935e-15
22480.0 1.756224437664715e-15
22490.0 1.7516958624637797e-15
22500.0 1.7518013451772795e-15
22510.0 1.7444921726911647e-15
22520.0 1.750840436839193e-15
22530.0 1.7522828116092692e-15
22540.0 1.7371700169128003e-15
22550.0 1.7493163667671246e-15
22560.0 1.7799476167457323e-15
22570.0 1.783358120273509e-15
22580.0 1.7446353801703442e-15
22590.0 1.7054672124332042e-15
22600.0 1.713357430969702e-15
22610.0 1.7184977839269155e-15
22620.0 1.6966967787285068e-15
22630.0 1.676738790167705e-15
22640.0 1.6828917005017947e-15
22650.0 1.6916636993357323e-15
22660.0 1.6880156063570807e-15
22670.0 1.6813012378181883e-15
22680.0 1.6723096350078596e-15
22690.0 1.6714882235039093e-15
22700.0 1.6667746761265985e-15
22710.0 1.665971896995418e-15
22720.0 1.6718295449450632e-15
22730.0 1.663014216600251e-15
22740.0 1.6497299601456495e-15
22750.0 1.6499169362708452e-15
22760.0 1.6520645856897074e-15
22770.0 1.6507432194373691e-15
22780.0 1.659590361590678e-15
22790.0 1.6560657358405832e-15
22800.0 1.6497127342085012e-15
22810.0 1.6429281584288238e-15
22820.0 1.6358050701979587e-15
22830.0 1.6286580700620621e-15
22840.0 1.6366115909454696e-15
22850.0 1.6351121234151612e-15
22860.0 1.6411256683506462e-15
22870.0 1.6349523901179495e-15
22880.0 1.62368908883717e-15
22890.0 1.6300850197485217e-15
22900.0 1.6359941236176045e-15
22910.0 1.6283240751625756e-15
22920.0 1.6262905513836959e-15
22930.0 1.6188902800328583e-15
22940.0 1.6146567074136417e-15
22950.0 1.6183434304289362e-15
22960.0 1.6124300146528182e-15
22970.0 1.6060016186406163e-15
22980.0 1.6006816597082034e-15
22990.0 1.5983816822045097e-15
23000.0 1.5974885752029348e-15
23010.0 1.6027080493643043e-15
23020.0 1.5913657748600143e-15
23030.0 1.5899357863325868e-15
23040.0 1.5910272641981843e-15
23050.0 1.5754073193316575e-15
23060.0 1.5740020617885182e-15
23070.0 1.5761276127173701e-15
23080.0 1.575603065725747e-15
23090.0 1.5728422403151887e-15
23100.0 1.5726838948817165e-15
23110.0 1.5731725814353275e-15
23120.0 1.5912950517913593e-15
23130.0 1.612870089837759e-15
23140.0 1.6127572804501129e-15
23150.0 1.583295011747571e-15
23160.0 1.5708552010371696e-15
23170.0 1.5753325310326535e-15
23180.0 1.5907089486698633e-15
23190.0 1.6053455873809472e-15
23200.0 1.6092565539146533e-15
23210.0 1.616770161275738e-15
23220.0 1.6249751614420031e-15
23230.0 1.6411193436081372e-15
23240.0 1.6481576969744326e-15
23250.0 1.6553605196701803e-15
23260.0 1.6557894229363534e-15
23270.0 1.6702947535135761e-15
23280.0 1.6853256877698292e-15
23290.0 1.696799701177054e-15
23300.0 1.7043476960797484e-15
23310.0 1.7178701317912268e-15
23320.0 1.7311531565599257e-15
23330.0 1.7458250205758623e-15
23340.0 1.7516463980819475e-15
23350.0 1.7604541206450016e-15
23360.0 1.772296997553759e-15
23370.0 1.7813474921631017e-15
23380.0 1.7813028315482404e-15
23390.0 1.785591582791641e-15
23400.0 1.794710101811547e-15
23410.0 1.8071164735978265e-15
23420.0 1.8169580010031942e-15
23430.0 1.8213589132327605e-15
23440.0 1.8083933518574972e-15
23450.0 1.8220253593844564e-15
23460.0 1.8307595279009676e-15
23470.0 1.8484944063181185e-15
23480.0 1.8509189843927466e-15
23490.0 1.8544442856691223e-15
23500.0 1.8514988286405726e-15
23510.0 1.852554550074935e-15
23520.0 1.8769544603508804e-15
23530.0 1.8862242173794227e-15
23540.0 1.8719681559514103e-15
23550.0 1.8786964295910085e-15
23560.0 1.87594918119472e-15
23570.0 1.8849184055731297e-15
23580.0 1.9027955890815747e-15
23590.0 1.9020986327124956e-15
23600.0 1.914459936742859e-15
23610.0 1.9198354516017183e-15
23620.0 1.9228058820156667e-15
23630.0 1.9274694767562898e-15
23640.0 1.9291351537473864e-15
23650.0 1.9274801654621726e-15
23660.0 1.955891694214831e-15
23670.0 1.992959174440961e-15
23680.0 1.9761363781291833e-15
23690.0 1.965172901898674e-15
23700.0 1.956076138862354e-15
23710.0 1.957634023367608e-15
23720.0 1.9631663512541872e-15
23730.0 1.974270757462401e-15
23740.0 2.0041852065998908e-15
23750.0 2.002253979921332e-15
23760.0 1.981880278219312e-15
23770.0 1.9802698207724973e-15
23780.0 1.9848334676310248e-15
23790.0 2.0029743171288306e-15
23800.0 2.0158848933081756e-15
23810.0 2.0020921880634022e-15
23820.0 2.0052502261084028e-15
23830.0 2.0148006549292362e-15
23840.0 2.013178397679867e-15
23850.0 2.000066379800235e-15
23860.0 2.0104408730670445e-15
23870.0 2.0116347684601587e-15
23880.0 2.007056944306179e-15
23890.0 2.0086074962809896e-15
23900.0 2.0079207259163625e-15
23910.0 2.006300758573706e-15
23920.0 2.0032591978129584e-15
23930.0 2.008217314532716e-15
23940.0 2.00444054717508e-15
23950.0 2.0017742245276843e-15
23960.0 1.9977528428865194e-15
23970.0 1.9946606211675822e-15
23980.0 1.9963997999808164e-15
23990.0 1.9951904719179827e-15
24000.0 1.998380162928613e-15
24010.0 1.9883577068095253e-15
24020.0 1.9799627859283057e-15
24030.0 1.99596966955748e-15
24040.0 1.99924768332561e-15
24050.0 1.981975422550068e-15
24060.0 1.9843749718730136e-15
24070.0 1.974101107299722e-15
24080.0 1.9813584488227464e-15
24090.0 2.0038115644080015e-15
24100.0 2.0083723923681375e-15
24110.0 1.981753300822941e-15
24120.0 1.991179081181941e-15
24130.0 1.9730960007829665e-15
24140.0 1.9630021116540336e-15
24150.0 1.9766655347232816e-15
24160.0 1.9693037799463243e-15
24170.0 1.9635407738068457e-15
24180.0 1.9855653851171676e-15
24190.0 2.0094254909087007e-15
24200.0 1.9972022641961888e-15
24210.0 1.948008729137573e-15
24220.0 1.938156450047541e-15
24230.0 1.968377892597977e-15
24240.0 1.9374568872136773e-15
24250.0 1.9815721616296616e-15
24260.0 1.996563134166923e-15
24270.0 1.9657481942348546e-15
24280.0 1.9261183002595918e-15
24290.0 1.9180477436123354e-15
24300.0 1.9462133354976643e-15
24310.0 1.989239992793997e-15
24320.0 1.988420387078994e-15
24330.0 1.92728814099824e-15
24340.0 1.876679499601721e-15
24350.0 1.870189716106846e-15
24360.0 1.87957131053933e-15
24370.0 1.9087176508001432e-15
24380.0 1.966467803716809e-15
24390.0 1.9867385425789664e-15
24400.0 1.9664548580327585e-15
24410.0 1.926461270585045e-15
24420.0 1.898980108310529e-15
24430.0 1.8815929057182047e-15
24440.0 1.8777747734649406e-15
24450.0 1.9253041699955047e-15
24460.0 1.9438844934716474e-15
24470.0 1.9299013280854238e-15
24480.0 1.8884737915619586e-15
24490.0 1.825144269671792e-15
24500.0 1.8029350921325294e-15
24510.0 1.8028557591314498e-15
24520.0 1.8277067740322768e-15
24530.0 1.8502942069250407e-15
24540.0 1.8107438799351253e-15
24550.0 1.772080973199754e-15
24560.0 1.7767879983027624e-15
24570.0 1.8216218698320534e-15
24580.0 1.7913565506234934e-15
24590.0 1.7504569599306118e-15
24600.0 1.7323404471816749e-15
24610.0 1.7507330468631193e-15
24620.0 1.785581815660605e-15
24630.0 1.7921200285020892e-15
24640.0 1.7744432367294638e-15
24650.0 1.743612207059138e-15
24660.0 1.7297289863767532e-15
24670.0 1.734311435221879e-15
24680.0 1.7656980623492623e-15
24690.0 1.7741897260006912e-15
24700.0 1.7111677115133726e-15
24710.0 1.6861456418703456e-15
24720.0 1.7097067894376837e-15
24730.0 1.7087043729309552e-15
24740.0 1.7097265377552422e-15
24750.0 1.6735172131898085e-15
24760.0 1.6799436549650122e-15
24770.0 1.6861936516278851e-15
24780.0 1.652525366271142e-15
24790.0 1.6266780679347783e-15
24800.0 1.6606669778298166e-15
24810.0 1.6871372120065546e-15
24820.0 1.6572733647407347e-15
24830.0 1.6128099351019911e-15
24840.0 1.628269819542489e-15
24850.0 1.6100961012252215e-15
24860.0 1.601729332239273e-15
24870.0 1.6414252171162533e-15
24880.0 1.6644795798090391e-15
24890.0 1.5993017532290097e-15
24900.0 1.5288861739135878e-15
24910.0 1.5486251266367678e-15
24920.0 1.6066596891491315e-15
24930.0 1.6188448970018097e-15
24940.0 1.6423395364928537e-15
24950.0 1.5600922766857694e-15
