1260.0 nan
1270.0 2.1781392126023275e-18
1280.0 3.98226177130936e-18
1290.0 5.249694919290383e-18
1300.0 6.7700856996211504e-18
1310.0 1.0676358142876745e-17
1320.0 1.6311870958555396e-17
1330.0 1.902746816755757e-17
1340.0 3.520367102362747e-17
1350.0 4.9780067009484624e-17
1360.0 6.120154704541917e-17
1370.0 6.373248248752188e-17
1380.0 5.506453231547827e-17
1390.0 4.122373773100599e-17
1400.0 3.106672189303616e-17
1410.0 2.611209371708695e-17
1420.0 2.3019037370038768e-17
1430.0 1.9036054220540248e-17
1440.0 2.1139592398603258e-17
1450.0 2.913591206745542e-17
1460.0 3.660231955464647e-17
1470.0 5.609494230468465e-17
1480.0 7.569304376891021e-17
1490.0 1.0128796497059374e-16
1500.0 1.2054730115567114e-16
1510.0 1.4063499399750537e-16
1520.0 1.6157157736148063e-16
1530.0 1.763433448714437e-16
1540.0 1.7860970161821888e-16
1550.0 1.4837702654983489e-16
1560.0 1.4695839088712565e-16
1570.0 1.2994717611028698e-16
1580.0 1.2364801794201613e-16
1590.0 1.2410775999416595e-16
1600.0 1.5943017329582998e-16
1610.0 1.8479232803654199e-16
1620.0 2.3690666030013766e-16
1630.0 2.459545407917049e-16
1640.0 2.6125727780021016e-16
1650.0 2.653699854513191e-16
1660.0 2.704702172739446e-16
1670.0 2.7929097937324397e-16
1680.0 2.6401087203554406e-16
1690.0 2.366007647857514e-16
1700.0 2.2576891509946004e-16
1720.0 1.37380435189143e-16
1730.0 1.2644881935822387e-16
1740.0 8.308972601176356e-17
1750.0 1.000551997749156e-16
1760.0 6.704734015674841e-17
1770.0 1.8426761954424823e-16
1780.0 2.817986356111072e-16
1790.0 3.705193835220374e-16
1800.0 4.618048408383536e-16
1810.0 4.557956479725895e-16
1820.0 4.71270972334871e-16
1830.0 4.652781905446025e-16
1840.0 4.646982575963434e-16
1850.0 4.741877336247094e-16
1860.0 5.897950578361462e-16
1870.0 7.329774411314585e-16
1880.0 8.363841892831557e-16
1890.0 8.645223696998902e-16
1900.0 7.807017754392321e-16
1910.0 6.661130805873547e-16
1920.0 6.087563937295143e-16
1930.0 5.664171355951173e-16
1940.0 5.934340038264353e-16
1950.0 6.735933071915995e-16
1960.0 7.394596117248224e-16
1970.0 8.42437690276947e-16
1980.0 1.0495407546720156e-15
1990.0 1.1941361062957757e-15
2000.0 1.2391482150641817e-15
2010.0 1.2523226946926122e-15
2020.0 1.2068255006164447e-15
2030.0 1.0947831562422144e-15
2040.0 1.0294284359614877e-15
2050.0 9.54649445841157e-16
2060.0 7.965609177458032e-16
2070.0 6.587022377496101e-16
2080.0 6.311479113077106e-16
2090.0 5.825366664756189e-16
2100.0 5.266303570395472e-16
2110.0 5.146679775900287e-16
2120.0 5.308644473371454e-16
2130.0 5.118363869305274e-16
2140.0 4.868444853697617e-16
2150.0 4.4329044877810403e-16
2160.0 3.9727957943365925e-16
2170.0 3.4895153208505985e-16
2180.0 3.174573148406335e-16
2190.0 3.048062229039347e-16
2200.0 2.9974764324458793e-16
2210.0 3.000839367064931e-16
2220.0 2.8982583548413067e-16
2230.0 2.8660893887074195e-16
2240.0 2.764962505625609e-16
2250.0 2.8528648892699065e-16
2260.0 3.340240138924326e-16
2270.0 4.04809732316995e-16
2280.0 4.877731135362906e-16
2290.0 6.106354560212662e-16
2300.0 7.829728288999809e-16
2310.0 9.760266819219827e-16
2320.0 1.0969214096424725e-15
2330.0 1.2022875736221086e-15
2340.0 1.2166800830669656e-15
2350.0 1.307388747428087e-15
2360.0 1.3528145892708818e-15
2370.0 1.2200548095886225e-15
2380.0 1.0970295405259376e-15
2390.0 1.1845300422345676e-15
2400.0 1.185146449733755e-15
2410.0 1.0685881783944018e-15
2420.0 1.0447771250720953e-15
2430.0 1.0040986996795337e-15
2440.0 9.273258148524818e-16
2450.0 9.01657047872319e-16
2460.0 9.20137789890305e-16
2470.0 1.0038403638307475e-15
2480.0 1.1080014202497981e-15
2490.0 1.3380798599960613e-15
2500.0 1.5975761220246807e-15
2510.0 1.953274556821644e-15
2520.0 2.4327230525618018e-15
2530.0 2.806902473218516e-15
2540.0 2.8971623305946046e-15
2550.0 2.9233302266532687e-15
2560.0 2.8994562405157414e-15
2570.0 2.7420703680651214e-15
2580.0 2.4353949470227828e-15
2590.0 2.0531407401966215e-15
2600.0 1.7633928825920519e-15
2610.0 1.715948278556807e-15
2620.0 1.6525304739153302e-15
2630.0 1.698136146404116e-15
2640.0 1.7789258853859524e-15
2650.0 1.9622582007574603e-15
2660.0 2.191165761400565e-15
2670.0 2.6158566752111667e-15
2680.0 3.262264040512782e-15
2690.0 3.8776833056740246e-15
2700.0 4.3563635084058926e-15
2710.0 4.7811999270403285e-15
2720.0 5.23513058622948e-15
2730.0 5.70536117232939e-15
2740.0 6.23473366837523e-15
2750.0 6.9759377038841775e-15
2760.0 7.900173664278453e-15
2770.0 9.000673254169295e-15
2780.0 9.88647294503059e-15
2790.0 9.087619385536455e-15
2800.0 8.135057930386648e-15
2810.0 9.253553917129937e-15
2820.0 1.0317297983449939e-14
2830.0 1.0987323732681497e-14
2840.0 1.1628111500177936e-14
2850.0 1.1861466871116045e-14
2860.0 1.3256639827310785e-14
2870.0 1.5457754541962962e-14
2880.0 1.808316690845626e-14
2890.0 2.1326995560156454e-14
2900.0 2.4166455670575186e-14
2910.0 2.6223186012400545e-14
2920.0 2.8137707877127224e-14
2930.0 3.005251846255646e-14
2940.0 3.17830540919783e-14
2950.0 3.3132111498270086e-14
2960.0 3.370578868366578e-14
2970.0 3.2772543399869906e-14
2980.0 2.9486268565327795e-14
2990.0 2.68474584038264e-14
3000.0 2.470209280790914e-14
3010.0 2.389486358421066e-14
3020.0 2.436469618811993e-14
3030.0 2.5999426435049572e-14
3040.0 2.6671089188908626e-14
3050.0 2.646310248943315e-14
3060.0 2.6249941584238518e-14
3070.0 2.5461784711798494e-14
3080.0 2.614399963336837e-14
3090.0 2.689951036340271e-14
3100.0 2.8994716550776986e-14
3110.0 3.0709218666082826e-14
3120.0 3.3516080807036485e-14
3130.0 3.5654419204508597e-14
3140.0 3.773361864114516e-14
3150.0 3.894217042397734e-14
3160.0 3.958662651561151e-14
3170.0 4.001096536071262e-14
3180.0 3.9483161638449905e-14
3190.0 3.898696620895487e-14
3200.0 3.7773734018607464e-14
3210.0 3.417886292506585e-14
3220.0 3.148836642245012e-14
3230.0 2.9032371614763285e-14
3240.0 2.6969377722824282e-14
3250.0 2.5511105249912816e-14
3260.0 2.467690427549182e-14
3270.0 2.4436787112784506e-14
3280.0 2.41062622225084e-14
3290.0 2.4467881666139176e-14
3300.0 2.5372907564342945e-14
3310.0 2.6530064095080776e-14
3320.0 2.966463350970292e-14
3330.0 3.309376308066779e-14
3340.0 3.512698302091182e-14
3350.0 3.386442131804563e-14
3360.0 3.262270888728727e-14
3370.0 3.152766035309319e-14
3380.0 3.271396226032828e-14
3390.0 3.363570288412797e-14
3400.0 3.4700227960363775e-14
3410.0 3.450969639165486e-14
3420.0 3.5043652240775457e-14
3430.0 3.598718383579851e-14
3440.0 3.8223961419471523e-14
3450.0 3.944876293554674e-14
3460.0 3.968770235602328e-14
3470.0 3.932693332799753e-14
3480.0 3.9764971055558534e-14
3490.0 4.1492704964151283e-14
3500.0 4.374403945752634e-14
3510.0 4.5426734182304035e-14
3520.0 4.582011901200211e-14
3530.0 4.686887541478413e-14
3540.0 4.817465604245885e-14
3550.0 4.979643513074323e-14
3560.0 5.094354496787179e-14
3570.0 5.1966926212230105e-14
3580.0 5.295035605659609e-14
3590.0 5.1952558356928935e-14
3600.0 5.088746051156957e-14
3610.0 4.97415531457431e-14
3620.0 5.0145157282647134e-14
3630.0 5.099950518795613e-14
3640.0 5.002344783428416e-14
3650.0 4.90547525003261e-14
3660.0 4.80421196743373e-14
3670.0 4.677191135010097e-14
3680.0 4.483905167367914e-14
3690.0 4.0526270715558695e-14
3700.0 3.629041970224508e-14
3710.0 3.2320887160993604e-14
3720.0 3.0029053329810595e-14
3730.0 2.869483541645966e-14
3740.0 2.8665404057408324e-14
3750.0 2.923374856446977e-14
3760.0 2.8250270014911158e-14
3770.0 2.693852166141682e-14
3780.0 2.4916926015087483e-14
3790.0 2.4250960300474293e-14
3800.0 2.4528436675690855e-14
3810.0 2.46688103293298e-14
3820.0 2.610297820574592e-14
3830.0 2.8653236498759485e-14
3840.0 3.253997485030509e-14
3850.0 3.730643187550056e-14
3860.0 4.3093201135139156e-14
3870.0 4.787198676415262e-14
3880.0 5.1385668492658605e-14
3890.0 5.436109663026196e-14
3900.0 5.6323428640484494e-14
3910.0 5.819300892576335e-14
3920.0 5.943017396451186e-14
3930.0 6.134192959224883e-14
3940.0 6.223952477817607e-14
3950.0 6.542950032572746e-14
3960.0 6.233624218516533e-14
3970.0 5.797343846896275e-14
3980.0 5.579150664105601e-14
3990.0 5.381722529456371e-14
4000.0 5.149575703327143e-14
4010.0 5.150794302381588e-14
4020.0 5.2661963970644396e-14
4030.0 5.455923909138113e-14
4040.0 5.700039482927637e-14
4050.0 5.847679324620915e-14
4060.0 6.010736781588352e-14
4070.0 6.188783131466341e-14
4080.0 6.25989495545696e-14
4090.0 6.193016169223202e-14
4100.0 6.188183002810465e-14
4110.0 6.139203088802849e-14
4120.0 5.848149440762425e-14
4130.0 5.6652314965444765e-14
4140.0 5.56290550468387e-14
4150.0 5.4737224144485766e-14
4160.0 5.354633191087244e-14
4170.0 5.2645659241476773e-14
4180.0 5.1972262294398537e-14
4190.0 5.036251893861424e-14
4200.0 4.8660785454621665e-14
4210.0 4.619091451019498e-14
4220.0 4.419078131718308e-14
4230.0 4.2424086115044786e-14
4240.0 4.107963406756175e-14
4250.0 4.00909597007946e-14
4260.0 3.859589699672747e-14
4270.0 3.7110199990952865e-14
4280.0 3.5748828958917495e-14
4290.0 3.477214930592325e-14
4300.0 3.419463632200998e-14
4310.0 3.431561425890554e-14
4320.0 3.507147917594404e-14
4330.0 3.627047919153393e-14
4340.0 3.675225990662797e-14
4350.0 3.740940007484274e-14
4360.0 3.8230726351703796e-14
4370.0 3.908947744814591e-14
4380.0 3.993196297105026e-14
4390.0 4.035373162686079e-14
4400.0 3.9283991843826094e-14
4410.0 3.73848210052504e-14
4420.0 3.582876377238748e-14
4430.0 3.4528825641134826e-14
4440.0 3.4430602442240204e-14
4450.0 3.6214473682467854e-14
4460.0 3.8675688453332146e-14
4470.0 4.111611254903055e-14
4480.0 4.277982912370153e-14
4490.0 4.378178765197879e-14
4500.0 4.4233137094748153e-14
4510.0 4.4701184739128775e-14
4520.0 4.497809729966739e-14
4530.0 4.450253641894203e-14
4540.0 4.388598199450726e-14
4550.0 4.372364705380702e-14
4560.0 4.362028296903446e-14
4570.0 4.354174500504658e-14
4580.0 4.386360941047325e-14
4590.0 4.400602608829181e-14
4600.0 4.412528347818903e-14
4610.0 4.3648143788603246e-14
4620.0 4.288709764476983e-14
4630.0 4.0952870215291834e-14
4640.0 3.857459860525867e-14
4650.0 3.6669029609585974e-14
4660.0 3.5332068561784056e-14
4670.0 3.480967329988927e-14
4680.0 3.437779115454493e-14
4690.0 3.445033990890745e-14
4710.0 3.4525108526047745e-14
4720.0 3.418849557021241e-14
4730.0 3.2925567908752757e-14
4740.0 3.171369480588181e-14
4750.0 3.036440868734771e-14
4760.0 3.010212749848209e-14
4770.0 3.0285264119768993e-14
4780.0 3.077501385877492e-14
4790.0 3.0787511925829253e-14
4800.0 3.062088948303164e-14
4810.0 3.025086494066323e-14
4820.0 2.8868084137401065e-14
4830.0 2.7489941125020802e-14
4840.0 2.5641940100641397e-14
4850.0 2.442231187835092e-14
4860.0 2.334613164185577e-14
4870.0 2.323417106413445e-14
4880.0 2.3531139177923146e-14
4890.0 2.4331814700083664e-14
4900.0 2.4991185412657132e-14
4910.0 2.5361593103725256e-14
4920.0 2.547261428331082e-14
4930.0 2.5813055867908332e-14
4940.0 2.581569161608712e-14
4950.0 2.583418932999407e-14
4960.0 2.5125720015035007e-14
4970.0 2.474881370646006e-14
4980.0 2.4720499286162593e-14
4990.0 2.491014411943521e-14
5000.0 2.535562056462711e-14
5010.0 2.5860427236498295e-14
5020.0 2.568528676032003e-14
5030.0 2.6353711724393214e-14
5040.0 2.7087238995689178e-14
5050.0 2.8382232194819932e-14
5060.0 2.9011702270666107e-14
5070.0 2.944542800224524e-14
5080.0 3.033551616986973e-14
5090.0 3.1213114580765016e-14
5100.0 3.182769010487523e-14
5110.0 3.2798839696026256e-14
5120.0 3.253227844296014e-14
5130.0 3.196496528519244e-14
5140.0 3.13222757471468e-14
5150.0 3.0763184308066757e-14
5160.0 3.0588228078002834e-14
5170.0 3.065697247576482e-14
5180.0 3.110867553592384e-14
5190.0 3.160833505363988e-14
5200.0 3.148540491708485e-14
5210.0 3.124697012026896e-14
5220.0 3.007304030723485e-14
5230.0 2.7853172552358686e-14
5240.0 2.568691724466018e-14
5250.0 2.36203363873899e-14
5260.0 2.2272822932418096e-14
5270.0 2.1101011887888136e-14
5280.0 2.0530624307447244e-14
5290.0 2.050325039892426e-14
5300.0 2.053908875654144e-14
5310.0 2.0570151587223428e-14
5320.0 2.110120600234773e-14
5330.0 2.1598263395867487e-14
5340.0 2.2635672233438648e-14
5350.0 2.3527027728526407e-14
5360.0 2.3787216765060247e-14
5370.0 2.3797934113209977e-14
5380.0 2.3934790353329273e-14
5390.0 2.3728092509653354e-14
5410.0 2.266603905072379e-14
5420.0 2.1648479059720775e-14
5430.0 2.0450698898359492e-14
5440.0 1.9318446906921196e-14
5450.0 1.8376197146248217e-14
5460.0 1.8370452129959516e-14
5470.0 1.8516463067344505e-14
5480.0 1.93748627156344e-14
5490.0 2.04836514135936e-14
5500.0 2.1866307828510943e-14
5510.0 2.312659471719149e-14
5520.0 2.4210716322794214e-14
5530.0 2.5342637846818918e-14
5540.0 2.6040870409483316e-14
5550.0 2.6240607369600742e-14
5560.0 2.564016998326258e-14
5570.0 2.5313864265528107e-14
5580.0 2.5535418254215774e-14
5590.0 2.552888377130316e-14
5600.0 2.5942805542462777e-14
5610.0 2.5914618056552736e-14
5620.0 2.572891897114254e-14
5630.0 2.5775915218551174e-14
5640.0 2.5605393441490862e-14
5650.0 2.5570376218219115e-14
5660.0 2.538251600915847e-14
5670.0 2.5267031703200292e-14
5680.0 2.53375719675438e-14
5690.0 2.5345241596695625e-14
5700.0 2.5132009658588132e-14
5710.0 2.4716095873172608e-14
5720.0 2.4202829235643076e-14
5730.0 2.386844381909232e-14
5740.0 2.3391900359652536e-14
5750.0 2.2938637342116356e-14
5760.0 2.2526617036647312e-14
5770.0 2.2340041950178156e-14
5780.0 2.216350053119979e-14
5790.0 2.2395776385279153e-14
5800.0 2.27065505306613e-14
5810.0 2.3052174083884512e-14
5820.0 2.3342795716949197e-14
5830.0 2.3393453674176823e-14
5840.0 2.3289366307806913e-14
5850.0 2.3312984254534355e-14
5860.0 2.3418786179740986e-14
5870.0 2.3453262557885443e-14
5880.0 2.345246088537787e-14
5890.0 2.2888560646477092e-14
5900.0 2.3579773695715553e-14
5910.0 2.4093171254453593e-14
5920.0 2.398648899476788e-14
5930.0 2.3737880584351185e-14
5940.0 2.3852563772200633e-14
5950.0 2.3761292195293768e-14
5960.0 2.3756162229082715e-14
5970.0 2.3635126676770452e-14
5980.0 2.35999531653235e-14
5990.0 2.347062783503999e-14
6000.0 2.3359592317055127e-14
6010.0 2.3100931086787776e-14
6020.0 2.276848320876003e-14
6030.0 2.2367504473534283e-14
6040.0 2.1568785091562218e-14
6050.0 2.0189448365095605e-14
6060.0 1.8430758098194423e-14
6070.0 1.639811385992624e-14
6080.0 1.458196046364438e-14
6090.0 1.2755910699336802e-14
6100.0 1.133709508622243e-14
6110.0 1.0261666794280134e-14
6120.0 9.493563611501278e-15
6130.0 9.068954193655947e-15
6140.0 8.864989022662821e-15
6150.0 9.067667976323051e-15
6160.0 9.508604041587732e-15
6170.0 1.0193107636685857e-14
6180.0 1.111904899057223e-14
6190.0 1.2310736897744662e-14
6200.0 1.343493136255117e-14
6210.0 1.454357333877783e-14
6220.0 1.556273858864992e-14
6230.0 1.649878699980702e-14
6240.0 1.7469219208584973e-14
6250.0 1.8066933497738398e-14
6260.0 1.869915497626247e-14
6270.0 1.9366695192031548e-14
6280.0 1.9564333665673484e-14
6290.0 1.9915110258936318e-14
6300.0 2.0380999930963772e-14
6310.0 2.049370102813949e-14
6320.0 2.043531629815935e-14
6330.0 2.035674286571028e-14
6340.0 2.0330756503562877e-14
6350.0 2.0156399364359666e-14
6360.0 2.0015356975172095e-14
6370.0 1.9651348955235306e-14
6380.0 1.939763537468478e-14
6390.0 1.9246638093527613e-14
6400.0 1.9057551337490023e-14
6410.0 1.8794958499555772e-14
6420.0 1.879428584932288e-14
6430.0 1.8455130155662455e-14
6440.0 1.8118952949532007e-14
6450.0 1.7759651754422183e-14
6460.0 1.7481347467624545e-14
6470.0 1.7181466617808078e-14
6480.0 1.7064324342686248e-14
6490.0 1.68770561056342e-14
6500.0 1.653865014626168e-14
6510.0 1.658359816242923e-14
6520.0 1.627384760127708e-14
6530.0 1.6075029629331323e-14
6540.0 1.581977385505759e-14
6550.0 1.5771952006470604e-14
6560.0 1.5567064633661514e-14
6570.0 1.5457596127935788e-14
6580.0 1.5169305626576148e-14
6590.0 1.4971590808287055e-14
6600.0 1.474985498981396e-14
6610.0 1.448420602055608e-14
6620.0 1.424337150286735e-14
6630.0 1.4026894563413718e-14
6640.0 1.3982376139759672e-14
6650.0 1.3725661112813788e-14
6660.0 1.3470165429115037e-14
6670.0 1.330473702699974e-14
6680.0 1.3264784066047728e-14
6690.0 1.292184010995993e-14
6700.0 1.2730107872575769e-14
6710.0 1.2448037619921593e-14
6720.0 1.2255987750477906e-14
6730.0 1.2043403260385735e-14
6740.0 1.1842365444057558e-14
6750.0 1.159961957965754e-14
6760.0 1.150432681679486e-14
6770.0 1.13478061898373e-14
6780.0 1.12016296243056e-14
6790.0 1.1073962611687473e-14
6800.0 1.0971775878310471e-14
6810.0 1.0887459190142438e-14
6820.0 1.068577585143188e-14
6830.0 1.0660261852333816e-14
6840.0 1.0553799666467757e-14
6850.0 1.0296663496926215e-14
6860.0 1.055312188138648e-14
6870.0 1.031132745823724e-14
6880.0 1.0220740998815376e-14
6890.0 1.0150285508824168e-14
6900.0 1.0005670020421447e-14
6910.0 9.898157600482834e-15
6920.0 9.887503982248467e-15
6930.0 9.88779114146931e-15
6940.0 9.783226853148256e-15
6950.0 9.79160439996366e-15
6960.0 9.709889916077342e-15
6970.0 9.704284145272242e-15
6980.0 9.702374269068548e-15
6990.0 9.531104504956164e-15
7000.0 9.537996607303434e-15
7010.0 9.44907494449059e-15
7020.0 9.310823817914424e-15
7030.0 9.308855819132708e-15
7040.0 9.210506765992537e-15
7050.0 9.317293055920008e-15
7060.0 9.292134434522158e-15
7070.0 9.31434247762885e-15
7080.0 9.239671071490757e-15
7090.0 9.200100206525346e-15
7100.0 9.17013348856202e-15
7110.0 9.127070161159326e-15
7120.0 9.09867115848942e-15
7130.0 9.047367437849444e-15
7140.0 9.037561393033112e-15
7150.0 8.904250897013288e-15
7160.0 8.961639461524136e-15
7170.0 8.970491695733534e-15
7180.0 8.90733193399042e-15
7190.0 8.780677201912468e-15
7200.0 8.689201727664769e-15
7210.0 8.68315740395729e-15
7220.0 8.672575006389845e-15
7230.0 8.462432519683298e-15
7240.0 8.414092597108423e-15
7250.0 8.495182056308164e-15
7260.0 8.427504212971282e-15
7270.0 8.235298174807287e-15
7280.0 8.182159884063114e-15
7290.0 8.020023074093365e-15
7300.0 7.897115568201607e-15
7310.0 7.722819859358605e-15
7320.0 7.622657125077411e-15
7330.0 7.480145548154844e-15
7340.0 7.412166474875938e-15
7350.0 7.228333616560634e-15
7360.0 7.132258718990912e-15
7370.0 7.079067214611362e-15
7380.0 7.077943999804804e-15
7390.0 6.927453748178184e-15
7400.0 7.003339033640864e-15
7410.0 6.876740508669358e-15
7420.0 6.71265336320641e-15
7430.0 6.5323457433880516e-15
7440.0 6.454040091203229e-15
7450.0 6.1285355303853696e-15
7460.0 5.891606552561331e-15
7470.0 5.756908049036595e-15
7480.0 5.65018905840147e-15
7490.0 5.607975831737373e-15
7500.0 5.568767217148902e-15
7510.0 5.5195349897601065e-15
7520.0 5.555191593350356e-15
7530.0 5.630462294304787e-15
7540.0 5.63094051559092e-15
7550.0 5.7044000891413195e-15
7560.0 5.765589512586712e-15
7570.0 5.8400938607002804e-15
7580.0 6.094452865458971e-15
7590.0 6.1782555514237965e-15
7600.0 6.226682387717974e-15
7610.0 6.265976391381799e-15
7620.0 6.298606529483425e-15
7630.0 6.305020105939313e-15
7640.0 6.2895595255997264e-15
7650.0 6.291142423207566e-15
7660.0 6.334877904773975e-15
7670.0 6.336637119149756e-15
7680.0 6.365539002782084e-15
7690.0 6.47548979873595e-15
7700.0 6.328205247686816e-15
7710.0 6.533922218230307e-15
7720.0 6.673587210290131e-15
7730.0 6.8318804020659265e-15
7740.0 6.850517543025916e-15
7750.0 7.120886265236426e-15
7760.0 7.140468724166944e-15
7770.0 7.308336942273859e-15
7780.0 7.315605055994047e-15
7790.0 7.522669886881093e-15
7800.0 7.500191329208823e-15
7810.0 7.511670728447761e-15
7820.0 7.660353000242304e-15
7830.0 7.802423356850231e-15
7840.0 7.581252691553674e-15
7850.0 7.630302411738172e-15
7860.0 7.76995774712816e-15
7870.0 7.606675157031076e-15
7880.0 7.591786802756497e-15
7890.0 7.732253966832553e-15
7900.0 7.553354674634517e-15
7910.0 7.578661598995304e-15
7920.0 7.482639522458649e-15
7930.0 7.458855022005444e-15
7940.0 7.486991559965265e-15
7950.0 7.344685231718959e-15
7960.0 7.4292642134716e-15
7970.0 7.393060266006015e-15
7980.0 7.118565073651361e-15
7990.0 7.121956268229435e-15
8000.0 7.0255494843619725e-15
8010.0 6.791529031305264e-15
8020.0 6.764013169848859e-15
8030.0 6.754856338957354e-15
8040.0 6.665348218315594e-15
8050.0 6.573095240020362e-15
8060.0 6.6634834069480495e-15
8070.0 6.6860405620585664e-15
8080.0 6.688865259631872e-15
8090.0 6.687984976273707e-15
8100.0 6.757165055751752e-15
8110.0 6.742342264543159e-15
8120.0 6.676892961279589e-15
8130.0 6.5289261860321204e-15
8140.0 6.389601480763206e-15
8150.0 6.099447871218379e-15
8160.0 6.003819387659673e-15
8170.0 5.508211570384658e-15
8180.0 5.179560999306758e-15
8190.0 4.960643356383553e-15
8200.0 4.827462875310749e-15
8210.0 4.7040304029028e-15
8220.0 4.524745030318054e-15
8230.0 4.446020170405291e-15
8240.0 4.442507754384038e-15
8250.0 4.541584404524928e-15
8260.0 4.5867567132988445e-15
8270.0 4.56889523664597e-15
8280.0 4.425863000619213e-15
8290.0 4.616170983132456e-15
8300.0 4.6519238997482525e-15
8310.0 4.8049055535193446e-15
8320.0 4.956272649016906e-15
8330.0 4.5986222392239085e-15
8340.0 4.818050173317468e-15
8350.0 5.016482783569067e-15
8360.0 5.183837240094409e-15
8370.0 5.5095665588210804e-15
8380.0 5.33915856771028e-15
8390.0 5.687457157298083e-15
8400.0 6.0183865642662554e-15
8410.0 6.034212779407131e-15
8420.0 6.331339245600219e-15
8430.0 6.605058115640727e-15
8440.0 6.689900848073171e-15
8450.0 6.681657916615714e-15
8460.0 7.105875978003526e-15
8470.0 7.181581956399718e-15
8480.0 7.21664059667313e-15
8490.0 7.157285313790624e-15
8500.0 7.236043571899093e-15
8510.0 7.331883653634205e-15
8520.0 7.463643719040274e-15
8530.0 7.301467208255193e-15
8540.0 7.388589444275186e-15
8550.0 7.330184543364726e-15
8560.0 7.314107223114688e-15
8570.0 7.374842743186107e-15
8580.0 7.306407777702014e-15
8590.0 7.316164511175453e-15
8600.0 7.242657643932808e-15
8610.0 7.0875053935311874e-15
8620.0 7.208761396355905e-15
8630.0 7.364242551363225e-15
8640.0 7.199264378402472e-15
8650.0 7.084673025276636e-15
8660.0 7.061076025842025e-15
8670.0 7.118293014668795e-15
8680.0 7.126827546804194e-15
8690.0 7.079113735521919e-15
8700.0 6.982480205024368e-15
8710.0 7.0626198107213735e-15
8720.0 7.0617803769934445e-15
8730.0 7.311407350372905e-15
8740.0 7.101590498166996e-15
8750.0 6.8279545029795434e-15
8760.0 6.6161712657951136e-15
8770.0 6.648270798625999e-15
8780.0 6.728682339908641e-15
8790.0 6.810047549947465e-15
8800.0 6.939768656802239e-15
8810.0 6.289329530333828e-15
8820.0 6.234152941668082e-15
8830.0 6.398345025817326e-15
8840.0 6.52060011568338e-15
8850.0 5.987890128431639e-15
8860.0 6.117623692000113e-15
8870.0 5.504062671367835e-15
8880.0 5.625614654747003e-15
8890.0 5.901487144406182e-15
8900.0 5.283237596071764e-15
8910.0 5.3757152631408834e-15
8920.0 5.30203330339371e-15
8930.0 5.567034188820928e-15
8940.0 5.058663114137467e-15
8950.0 5.3222779899216524e-15
8960.0 5.4716877515436004e-15
8970.0 5.453524399553058e-15
8980.0 5.304515369869966e-15
8990.0 5.451881721573314e-15
9000.0 5.324301677140667e-15
9010.0 5.237166523391996e-15
9020.0 5.229934794381077e-15
9030.0 4.998104783124792e-15
9040.0 4.9877349870543115e-15
9050.0 4.81585905433377e-15
9060.0 4.851115859731027e-15
9070.0 4.93288646677869e-15
9080.0 4.909688409941052e-15
9090.0 4.808272676539312e-15
9100.0 4.903317133520164e-15
9110.0 4.974807367868655e-15
9120.0 4.924904498914089e-15
9130.0 4.801222333355034e-15
9140.0 4.784347876789304e-15
9150.0 4.904539918657521e-15
9160.0 4.821077556595359e-15
9170.0 4.854967199381663e-15
9180.0 4.8814578313155674e-15
9190.0 5.0574843860554236e-15
9200.0 5.115175061107277e-15
9210.0 5.049451014612706e-15
9220.0 4.943749266780044e-15
9230.0 4.946194951154121e-15
9240.0 4.818883102360748e-15
9250.0 4.8652165672862085e-15
9260.0 4.974417197447663e-15
9270.0 5.1015135234547955e-15
9280.0 5.298034244453851e-15
9290.0 4.796270904035801e-15
9300.0 4.891022202210944e-15
9310.0 4.889635638404489e-15
9320.0 4.8054882938762876e-15
9330.0 4.911219841714763e-15
9340.0 4.8831496088044085e-15
9350.0 4.655537990067501e-15
9360.0 4.479134959139186e-15
9370.0 4.7005367119459505e-15
9380.0 4.743009823590799e-15
9390.0 4.711884261931577e-15
9400.0 4.619353831876491e-15
9410.0 4.730349324385031e-15
9420.0 4.395985743735756e-15
9430.0 4.5033713955415595e-15
9440.0 4.3132468905717855e-15
9450.0 4.530382669916376e-15
9460.0 4.1253764491774696e-15
9470.0 4.590192299723176e-15
9480.0 4.070873468614059e-15
9490.0 4.2760197222980375e-15
9500.0 3.783942130832334e-15
9510.0 4.1007736009988296e-15
9520.0 4.184741315181695e-15
9530.0 4.208643750953554e-15
9540.0 3.8031433100302906e-15
9550.0 3.702709395323829e-15
9560.0 3.907179711975122e-15
9570.0 3.740795620107794e-15
9580.0 3.5722249167549104e-15
9590.0 3.630877120744966e-15
9600.0 3.4793925198941982e-15
9610.0 3.574488030318034e-15
9620.0 3.500097450485488e-15
9630.0 3.5262239956944978e-15
9640.0 3.4055226300111384e-15
9650.0 3.2628842740875217e-15
9660.0 3.214649017664008e-15
9670.0 3.3657973527960024e-15
9680.0 3.2516662635065776e-15
9690.0 3.1705160318751133e-15
9700.0 3.172665681212826e-15
9710.0 3.0110050731196286e-15
9720.0 2.8820224136834055e-15
9730.0 2.9008989415985143e-15
9740.0 2.9301248480956143e-15
9750.0 3.0815134878619925e-15
9760.0 3.031744500511557e-15
9770.0 2.7414402063031964e-15
9780.0 2.841663876021963e-15
9790.0 2.779359005997206e-15
9800.0 2.6970951598468017e-15
9810.0 2.9070502121253874e-15
9820.0 2.671070016008244e-15
9830.0 2.7768172677985863e-15
9840.0 2.7815158682837343e-15
9850.0 2.6955456100361328e-15
9860.0 2.6627310663461276e-15
9870.0 2.7542531702167923e-15
9880.0 2.6951577322978558e-15
9890.0 2.386938610002547e-15
9900.0 2.8142000186535003e-15
9910.0 2.7309096641410998e-15
9920.0 2.6169266781996363e-15
9930.0 2.2852632429213967e-15
9940.0 2.1777985274013418e-15
9950.0 2.3579969343381814e-15
9960.0 2.4306618344229652e-15
9970.0 2.478132731297164e-15
9980.0 2.5208325002243705e-15
9990.0 2.4374465855066716e-15
10000.0 2.476363151830332e-15
10010.0 2.222567603740602e-15
10020.0 2.498589039590907e-15
10030.0 2.3846083927885344e-15
10040.0 2.355515044280098e-15
10050.0 2.1148388543418755e-15
10060.0 2.4557740350947088e-15
10070.0 2.612342375391488e-15
10080.0 2.5469151786483954e-15
10090.0 2.3555430838575526e-15
10100.0 2.4832122495692093e-15
10110.0 2.6828938429420727e-15
10120.0 2.6462704299765367e-15
10130.0 2.285790200169165e-15
10140.0 2.4438496097893435e-15
10150.0 2.5046395868572946e-15
