      3401.86  2.82244e-16
      3405.22  5.03405e-16
      3408.58  3.18915e-16
      3411.94  4.17245e-16
      3415.30  2.31566e-16
      3418.66  3.30211e-16
      3422.02  3.44775e-16
      3425.38  4.13333e-16
      3428.74  3.99004e-16
      3432.10  3.67904e-16
      3435.46  3.99455e-16
      3438.82  2.79199e-16
      3442.18  4.12229e-16
      3445.54  4.46679e-16
      3448.90  5.35358e-16
      3452.26  4.17883e-16
      3455.62  4.40641e-16
      3458.98  4.44750e-16
      3462.34  3.54329e-16
      3465.70  4.66602e-16
      3469.06  4.49399e-16
      3472.42  5.21717e-16
      3475.78  4.69408e-16
      3479.14  6.93136e-16
      3482.50  6.69523e-16
      3485.86  6.52997e-16
      3489.22  6.01339e-16
      3492.58  5.31114e-16
      3495.94  7.10506e-16
      3499.30  5.59061e-16
      3502.66  6.37178e-16
      3506.02  6.91300e-16
      3509.38  6.04012e-16
      3512.74  7.13893e-16
      3516.10  5.39034e-16
      3519.46  5.43425e-16
      3522.82  6.78852e-16
      3526.18  7.99617e-16
      3529.54  7.80378e-16
      3532.90  6.94823e-16
      3536.26  7.66753e-16
      3539.62  8.11363e-16
      3542.98  6.57601e-16
      3546.34  7.57717e-16
      3549.70  7.22245e-16
      3553.06  8.40354e-16
      3556.42  7.51592e-16
      3559.78  6.09350e-16
      3563.14  7.60389e-16
      3566.50  7.59033e-16
      3569.86  7.94803e-16
      3573.22  7.67282e-16
      3576.58  7.31198e-16
      3579.94  7.71697e-16
      3583.30  7.52239e-16
      3586.66  7.60105e-16
      3590.02  7.27232e-16
      3593.38  7.34105e-16
      3596.74  7.57967e-16
      3600.10  6.49569e-16
      3603.46  7.67626e-16
      3606.82  8.28838e-16
      3610.18  6.99666e-16
      3613.54  7.99333e-16
      3616.90  7.69982e-16
      3620.26  7.60685e-16
      3623.62  6.73887e-16
      3626.98  7.78869e-16
      3630.34  8.11937e-16
      3633.70  7.53468e-16
      3637.06  7.82373e-16
      3640.42  8.08199e-16
      3643.78  7.96529e-16
      3647.14  8.12174e-16
      3650.50  6.95724e-16
      3653.86  8.36610e-16
      3657.22  8.33847e-16
      3660.58  7.78282e-16
      3663.94  8.30256e-16
      3667.30  8.33231e-16
      3670.66  8.12345e-16
      3674.02  8.45431e-16
      3677.38  9.32505e-16
      3680.74  8.83241e-16
      3684.10  9.34301e-16
      3687.46  8.79352e-16
      3690.82  8.60500e-16
      3694.18  8.07559e-16
      3697.54  8.59246e-16
      3700.90  9.03018e-16
      3704.26  9.19790e-16
      3707.62  9.38561e-16
      3710.98  8.98354e-16
      3714.34  9.01960e-16
      3717.70  9.32816e-16
      3721.06  9.89986e-16
      3724.42  1.00021e-15
      3727.78  9.61010e-16
      3731.14  9.72454e-16
      3734.50  9.41014e-16
      3737.86  9.44019e-16
      3741.22  9.52643e-16
      3744.58  8.60913e-16
      3747.94  9.43069e-16
      3751.30  9.51277e-16
      3754.66  8.71906e-16
      3758.02  9.07657e-16
      3761.38  8.71363e-16
      3764.74  8.76967e-16
      3768.10  9.46502e-16
      3771.46  9.07765e-16
      3774.82  9.04573e-16
      3778.18  9.07797e-16
      3781.54  8.96641e-16
      3784.90  9.36101e-16
      3788.26  9.59306e-16
      3791.62  9.80027e-16
      3794.98  1.06151e-15
      3798.34  1.03431e-15
      3801.70  1.04464e-15
      3805.06  1.03026e-15
      3808.42  1.11588e-15
      3811.78  1.09181e-15
      3815.14  1.04785e-15
      3818.50  1.01653e-15
      3821.86  1.06818e-15
      3825.22  1.01341e-15
      3828.58  9.63484e-16
      3831.94  9.49770e-16
      3835.30  9.30794e-16
      3838.66  9.17780e-16
      3842.02  9.23975e-16
      3845.38  8.55029e-16
      3848.74  8.57956e-16
      3852.10  8.36864e-16
      3855.46  8.19274e-16
      3858.82  8.35929e-16
      3862.18  8.16405e-16
      3865.54  8.39582e-16
      3868.90  8.04409e-16
      3872.26  8.29850e-16
      3875.62  8.53678e-16
      3878.98  8.45186e-16
      3882.34  8.75273e-16
      3885.70  9.17479e-16
      3889.06  9.38117e-16
      3892.42  9.69727e-16
      3895.78  9.73854e-16
      3899.14  9.73450e-16
      3902.50  1.01715e-15
      3905.86  9.83065e-16
      3909.22  9.57902e-16
      3912.58  9.63878e-16
      3915.94  9.12046e-16
      3919.30  9.11652e-16
      3922.66  8.75595e-16
      3926.02  8.76329e-16
      3929.38  8.38059e-16
      3932.74  8.25327e-16
      3936.10  7.79832e-16
      3939.46  7.51090e-16
      3942.82  7.68093e-16
      3946.18  7.16316e-16
      3949.54  7.61228e-16
      3952.90  7.36764e-16
      3956.26  7.65171e-16
      3959.62  7.39957e-16
      3962.98  7.52809e-16
      3966.34  7.30839e-16
      3969.70  7.49464e-16
      3973.06  7.71450e-16
      3976.42  7.28413e-16
      3979.78  7.41412e-16
      3983.14  7.79655e-16
      3986.50  7.93919e-16
      3989.86  7.89050e-16
      3993.22  7.85900e-16
      3996.58  8.07517e-16
      3999.94  8.35770e-16
      4003.30  8.96587e-16
      4006.66  9.04796e-16
      4010.02  8.93139e-16
      4013.38  9.44053e-16
      4016.74  9.64700e-16
      4020.10  9.65163e-16
      4023.46  9.39808e-16
      4026.82  9.48978e-16
      4030.18  9.50169e-16
      4033.54  1.01191e-15
      4036.90  1.01186e-15
      4040.26  1.01844e-15
      4043.62  1.05550e-15
      4046.98  1.02873e-15
      4050.34  1.05106e-15
      4053.70  1.08947e-15
      4057.06  1.09141e-15
      4060.42  1.12364e-15
      4063.78  1.09320e-15
      4067.14  1.11539e-15
      4070.50  1.11118e-15
      4073.86  1.16378e-15
      4077.22  1.16610e-15
      4080.58  1.14366e-15
      4083.94  1.13668e-15
      4087.30  1.13913e-15
      4090.66  1.15999e-15
      4094.02  1.15649e-15
      4097.38  1.11929e-15
      4100.74  1.15683e-15
      4104.10  1.14838e-15
      4107.46  1.13558e-15
      4110.82  1.09553e-15
      4114.18  1.09792e-15
      4117.54  1.11902e-15
      4120.90  1.09028e-15
      4124.26  1.06778e-15
      4127.62  1.04676e-15
      4130.98  1.03229e-15
      4134.34  9.85812e-16
      4137.70  1.00683e-15
      4141.06  1.02014e-15
      4144.42  1.00169e-15
      4147.78  9.93102e-16
      4151.14  9.81714e-16
      4154.50  1.01139e-15
      4157.86  9.84351e-16
      4161.22  9.64926e-16
      4164.58  9.50691e-16
      4167.94  9.48825e-16
      4171.30  9.68517e-16
      4174.66  9.23470e-16
      4178.02  9.29761e-16
      4181.38  9.16214e-16
      4184.74  9.24539e-16
      4188.10  9.38387e-16
      4191.46  9.53402e-16
      4194.82  9.57585e-16
      4198.18  9.47138e-16
      4201.54  9.54809e-16
      4204.90  9.69375e-16
      4208.26  1.00019e-15
      4211.62  1.02514e-15
      4214.98  1.01229e-15
      4218.34  1.00480e-15
      4221.70  1.03985e-15
      4225.06  1.02218e-15
      4228.42  1.02758e-15
      4231.78  1.01036e-15
      4235.14  1.03277e-15
      4238.50  1.02397e-15
      4241.86  1.04734e-15
      4245.22  1.03617e-15
      4248.58  1.03924e-15
      4251.94  1.04342e-15
      4255.30  1.03100e-15
      4258.66  1.01832e-15
      4262.02  1.05382e-15
      4265.38  1.06980e-15
      4268.74  1.03141e-15
      4272.10  1.02448e-15
      4275.46  1.02455e-15
      4278.82  1.03561e-15
      4282.18  1.01735e-15
      4285.54  1.00083e-15
      4288.90  1.01189e-15
      4292.26  1.01700e-15
      4295.62  1.01671e-15
      4298.98  1.02776e-15
      4302.34  1.02554e-15
      4305.70  1.03217e-15
      4309.06  1.05149e-15
      4312.42  1.07034e-15
      4315.78  1.05758e-15
      4319.14  1.04303e-15
      4322.50  1.06961e-15
      4325.86  1.07531e-15
      4329.22  1.04410e-15
      4332.58  1.05048e-15
      4335.94  1.04135e-15
      4339.30  1.04257e-15
      4342.66  1.02164e-15
      4346.02  1.01107e-15
      4349.38  1.05623e-15
      4352.74  1.04307e-15
      4356.10  1.03295e-15
      4359.46  1.02552e-15
      4362.82  1.02176e-15
      4366.18  1.03770e-15
      4369.54  1.03336e-15
      4372.90  1.06457e-15
      4376.26  1.06502e-15
      4379.62  1.04210e-15
      4382.98  1.02045e-15
      4386.34  1.01197e-15
      4389.70  1.03230e-15
      4393.06  1.00759e-15
      4396.42  9.68092e-16
      4399.78  9.76468e-16
      4403.14  9.54778e-16
      4406.50  9.59089e-16
      4409.86  9.57789e-16
      4413.22  9.50052e-16
      4416.58  9.43386e-16
      4419.94  9.54165e-16
      4423.30  9.37819e-16
      4426.66  9.22766e-16
      4430.02  9.20440e-16
      4433.38  8.99549e-16
      4436.74  8.77311e-16
      4440.10  8.91806e-16
      4443.46  8.86992e-16
      4446.82  8.93799e-16
      4450.18  8.85028e-16
      4453.54  8.69630e-16
      4456.90  8.67025e-16
      4460.26  8.52447e-16
      4463.62  8.45977e-16
      4466.98  8.24415e-16
      4470.34  8.26832e-16
      4473.70  8.01630e-16
      4477.06  7.82791e-16
      4480.42  7.56952e-16
      4483.78  7.43655e-16
      4487.14  7.44989e-16
      4490.50  7.49045e-16
      4493.86  7.54029e-16
      4497.22  7.48784e-16
      4500.58  7.15710e-16
      4503.94  7.14636e-16
      4507.30  7.18410e-16
      4510.66  7.07701e-16
      4514.02  7.41422e-16
      4517.38  7.26529e-16
      4520.74  7.02875e-16
      4524.10  6.91589e-16
      4527.46  7.01791e-16
      4530.82  6.89990e-16
      4534.18  7.02583e-16
      4537.54  7.08426e-16
      4540.90  7.22832e-16
      4544.26  7.16096e-16
      4547.62  6.93241e-16
      4550.98  7.02505e-16
      4554.34  6.91998e-16
      4557.70  6.91563e-16
      4561.06  6.94158e-16
      4564.42  7.11513e-16
      4567.78  7.09338e-16
      4571.14  6.87599e-16
      4574.50  7.00175e-16
      4577.86  6.88298e-16
      4581.22  6.87026e-16
      4584.58  6.95544e-16
      4587.94  6.93156e-16
      4591.30  6.97217e-16
      4594.66  7.22533e-16
      4598.02  7.25544e-16
      4601.38  7.15517e-16
      4604.74  7.29447e-16
      4608.10  7.67320e-16
      4611.46  7.52515e-16
      4614.82  7.63772e-16
      4618.18  7.96588e-16
      4621.54  7.84789e-16
      4624.90  7.85572e-16
      4628.26  8.07969e-16
      4631.62  8.12492e-16
      4634.98  8.16283e-16
      4638.34  8.42047e-16
      4641.70  8.37849e-16
      4645.06  8.18557e-16
      4648.42  8.29573e-16
      4651.78  8.46858e-16
      4655.14  8.56174e-16
      4658.50  8.51380e-16
      4661.86  8.17664e-16
      4665.22  8.53007e-16
      4668.58  8.57738e-16
      4671.94  8.56738e-16
      4675.30  8.56472e-16
      4678.66  8.83956e-16
      4682.02  8.79771e-16
      4685.38  8.85039e-16
      4688.74  8.93934e-16
      4692.10  9.17560e-16
      4695.46  9.28484e-16
      4698.82  9.25051e-16
      4702.18  9.47742e-16
      4705.54  9.64339e-16
      4708.90  9.70613e-16
      4712.26  9.68170e-16
      4715.62  9.84811e-16
      4718.98  9.87057e-16
      4722.34  1.00049e-15
      4725.70  1.01095e-15
      4729.06  1.00489e-15
      4732.42  1.01424e-15
      4735.78  1.01146e-15
      4739.14  1.02163e-15
      4742.50  1.01105e-15
      4745.86  1.02189e-15
      4749.22  1.01409e-15
      4752.58  9.98958e-16
      4755.94  1.03165e-15
      4759.30  1.01873e-15
      4762.66  1.00386e-15
      4766.02  1.00683e-15
      4769.38  1.00129e-15
      4772.74  1.01720e-15
      4776.10  9.98404e-16
      4779.46  9.85982e-16
      4782.82  9.86622e-16
      4786.18  1.00285e-15
      4789.54  1.01349e-15
      4792.90  1.01125e-15
      4796.26  1.02263e-15
      4799.62  9.96760e-16
      4802.98  9.78923e-16
      4806.34  9.85268e-16
      4809.70  9.85195e-16
      4813.06  9.62414e-16
      4816.42  9.46053e-16
      4819.78  9.34777e-16
      4823.14  9.33650e-16
      4826.50  9.59390e-16
      4829.86  9.35465e-16
      4833.22  9.11321e-16
      4836.58  9.08361e-16
      4839.94  8.86406e-16
      4843.30  8.68665e-16
      4846.66  8.64720e-16
      4850.02  8.64363e-16
      4853.38  8.61062e-16
      4856.74  8.55309e-16
      4860.10  8.42830e-16
      4863.46  8.50488e-16
      4866.82  8.39166e-16
      4870.18  8.25645e-16
      4873.54  8.33989e-16
      4876.90  8.24995e-16
      4880.26  8.19665e-16
      4883.62  8.44255e-16
      4886.98  8.12604e-16
      4890.34  8.02328e-16
      4893.70  7.99362e-16
      4897.06  8.00990e-16
      4900.42  7.91594e-16
      4903.78  7.96541e-16
      4907.14  7.88524e-16
      4910.50  7.70198e-16
      4913.86  7.43321e-16
      4917.22  7.38238e-16
      4920.58  7.12713e-16
      4923.94  7.12245e-16
      4927.30  6.91630e-16
      4930.66  7.07879e-16
      4934.02  7.04078e-16
      4937.38  6.69307e-16
      4940.74  6.60014e-16
      4944.10  6.75990e-16
      4947.46  6.71773e-16
      4950.82  6.86435e-16
      4954.18  6.81549e-16
      4957.54  6.86182e-16
      4960.90  6.91170e-16
      4964.26  6.83611e-16
      4967.62  7.07585e-16
      4970.98  7.00494e-16
      4974.34  7.06279e-16
      4977.70  7.19584e-16
      4981.06  7.10934e-16
      4984.42  6.88901e-16
      4987.78  6.81910e-16
      4991.14  6.84953e-16
      4994.50  6.85460e-16
      4997.86  6.80861e-16
      5001.22  6.77031e-16
      5004.58  6.68533e-16
      5007.94  6.68274e-16
      5011.30  6.60126e-16
      5014.66  6.43516e-16
      5018.02  6.48332e-16
      5021.38  6.48017e-16
      5024.74  6.16065e-16
      5028.10  6.15416e-16
      5031.46  6.21969e-16
      5034.82  5.85539e-16
      5038.18  6.04300e-16
      5041.54  5.95420e-16
      5044.90  5.75686e-16
      5048.26  5.86532e-16
      5051.62  5.83557e-16
      5054.98  5.80305e-16
      5058.34  5.87762e-16
      5061.70  5.81375e-16
      5065.06  5.89634e-16
      5068.42  6.07207e-16
      5071.78  6.15339e-16
      5075.14  6.16591e-16
      5078.50  6.25456e-16
      5081.86  6.19976e-16
      5085.22  6.35175e-16
      5088.58  6.28770e-16
      5091.94  6.34542e-16
      5095.30  6.46822e-16
      5098.66  6.52369e-16
      5102.02  6.60369e-16
      5105.38  6.77410e-16
      5108.74  6.73825e-16
      5112.10  6.64467e-16
      5115.46  6.56952e-16
      5118.82  6.66982e-16
      5122.18  6.61305e-16
      5125.54  6.52972e-16
      5128.90  6.55045e-16
      5132.26  6.36300e-16
      5135.62  6.38314e-16
      5138.98  6.21020e-16
      5142.34  6.11091e-16
      5145.70  6.17188e-16
      5149.06  6.14478e-16
      5152.42  6.06665e-16
      5155.78  5.90980e-16
      5159.14  5.85959e-16
      5162.50  5.71796e-16
      5165.86  5.57928e-16
      5169.22  5.63334e-16
      5172.58  5.62276e-16
      5175.94  5.55314e-16
      5179.30  5.54817e-16
      5182.66  5.55731e-16
      5186.02  5.48992e-16
      5189.38  5.48018e-16
      5192.74  5.67220e-16
      5196.10  5.66295e-16
      5199.46  5.50314e-16
      5202.82  5.50779e-16
      5206.18  5.50123e-16
      5209.54  5.48202e-16
      5212.90  5.53139e-16
      5216.26  5.60614e-16
      5219.62  5.48515e-16
      5222.98  5.51313e-16
      5226.34  5.61111e-16
      5229.70  5.57483e-16
      5233.06  5.62432e-16
      5236.42  5.68673e-16
      5239.78  5.73441e-16
      5243.14  5.70514e-16
      5246.50  5.71816e-16
      5249.86  5.98489e-16
      5253.22  6.04088e-16
      5256.58  5.91300e-16
      5259.94  5.98077e-16
      5263.30  5.81946e-16
      5266.66  5.87441e-16
      5270.02  5.97756e-16
      5273.38  5.93131e-16
      5276.74  6.07734e-16
      5280.10  6.08652e-16
      5283.46  6.15736e-16
      5286.82  6.00955e-16
      5290.18  6.00874e-16
      5293.54  5.99466e-16
      5296.90  6.01352e-16
      5300.26  6.04848e-16
      5303.62  6.11069e-16
      5306.98  6.04309e-16
      5310.34  6.16259e-16
      5313.70  6.21188e-16
      5317.06  6.26115e-16
      5320.42  6.32375e-16
      5323.78  6.37751e-16
      5327.14  6.41650e-16
      5330.50  6.54368e-16
      5333.86  6.45016e-16
      5337.22  6.58592e-16
      5340.58  6.69067e-16
      5343.94  6.72799e-16
      5347.30  6.84694e-16
      5350.66  6.79312e-16
      5354.02  6.84381e-16
      5357.38  6.94437e-16
      5360.74  6.96417e-16
      5364.10  6.96787e-16
      5367.46  7.11216e-16
      5370.82  7.16119e-16
      5374.18  7.06333e-16
      5377.54  7.19973e-16
      5380.90  7.14300e-16
      5384.26  7.10919e-16
      5387.62  7.18738e-16
      5390.98  7.14243e-16
      5394.34  7.11796e-16
      5397.70  7.17923e-16
      5401.06  7.22883e-16
      5404.42  7.18171e-16
      5407.78  7.26956e-16
      5411.14  7.29199e-16
      5414.50  7.26325e-16
      5417.86  7.13372e-16
      5421.22  7.04512e-16
      5424.58  7.17681e-16
      5427.94  7.05078e-16
      5431.30  6.90598e-16
      5434.66  7.13601e-16
      5438.02  7.07978e-16
      5441.38  7.04366e-16
      5444.74  7.15824e-16
      5448.10  7.11297e-16
      5451.46  7.16781e-16
      5454.82  7.20870e-16
      5458.18  7.16088e-16
      5461.54  7.08118e-16
      5464.90  6.89902e-16
      5468.26  6.94086e-16
      5471.62  6.99289e-16
      5474.98  6.88211e-16
      5478.34  6.87854e-16
      5481.70  6.85138e-16
      5485.06  6.72984e-16
      5488.42  6.66085e-16
      5491.78  6.62516e-16
      5495.14  6.56991e-16
      5498.50  6.51914e-16
      5501.86  6.39900e-16
      5505.22  6.28616e-16
      5508.58  6.39757e-16
      5511.94  6.47458e-16
      5515.30  6.38314e-16
      5518.66  6.37723e-16
      5522.02  6.23619e-16
      5525.38  6.12241e-16
      5528.74  6.16138e-16
      5532.10  6.18003e-16
      5535.46  5.96285e-16
      5538.82  6.04992e-16
      5542.18  5.91141e-16
      5545.54  5.90328e-16
      5548.90  5.95357e-16
      5552.26  5.81610e-16
      5555.62  5.72975e-16
      5558.98  5.77594e-16
      5562.34  5.83312e-16
      5565.70  5.84686e-16
      5569.06  5.73572e-16
      5572.42  5.62580e-16
      5575.78  5.64377e-16
      5579.14  5.58129e-16
      5582.50  5.58310e-16
      5585.86  5.59388e-16
      5589.22  5.58429e-16
      5592.58  5.63459e-16
      5595.94  5.44926e-16
      5599.30  5.45566e-16
      5602.66  5.54828e-16
      5606.02  5.35542e-16
      5609.38  5.35942e-16
      5612.74  5.46427e-16
      5616.10  5.43899e-16
      5619.46  5.54346e-16
      5622.82  5.53288e-16
      5626.18  5.43887e-16
      5629.54  5.54347e-16
      5632.90  5.48503e-16
      5636.26  5.47409e-16
      5639.62  5.45331e-16
      5642.98  5.47354e-16
      5646.34  5.43021e-16
      5649.70  5.31448e-16
      5653.06  5.39103e-16
      5656.42  5.29271e-16
      5659.78  5.32785e-16
      5663.14  5.31976e-16
      5666.50  5.14477e-16
      5669.86  5.22290e-16
      5673.22  5.31663e-16
      5676.58  5.17960e-16
      5679.94  5.13749e-16
      5683.30  5.18697e-16
      5686.66  5.07725e-16
      5690.02  4.89073e-16
      5693.38  4.84907e-16
      5696.74  4.96718e-16
      5700.10  4.93890e-16
      5703.46  4.92116e-16
      5706.82  4.83907e-16
      5710.18  4.85819e-16
      5713.54  4.80573e-16
      5716.90  4.88825e-16
      5720.26  4.78656e-16
      5723.62  4.74156e-16
      5726.98  4.83915e-16
      5730.34  4.81182e-16
      5733.70  4.81330e-16
      5737.06  4.78399e-16
      5740.42  4.71297e-16
      5743.78  4.63064e-16
      5747.14  4.67127e-16
      5750.50  4.68877e-16
      5753.86  4.74967e-16
      5757.22  4.67721e-16
      5760.58  4.59433e-16
      5763.94  4.73657e-16
      5767.30  4.77980e-16
      5770.66  4.74238e-16
      5774.02  4.71344e-16
      5777.38  4.67874e-16
      5780.74  4.61142e-16
      5784.10  4.63896e-16
      5787.46  4.56356e-16
      5790.82  4.58495e-16
      5794.18  4.69337e-16
      5797.54  4.62880e-16
      5800.90  4.67927e-16
      5804.26  4.60363e-16
      5807.62  4.53377e-16
      5810.98  4.65801e-16
      5814.34  4.71732e-16
      5817.70  4.76565e-16
      5821.06  4.65351e-16
      5824.42  4.71512e-16
      5827.78  4.77160e-16
      5831.14  4.77966e-16
      5834.50  4.82456e-16
      5837.86  4.84620e-16
      5841.22  4.83206e-16
      5844.58  4.75003e-16
      5847.94  4.80392e-16
      5851.30  4.84358e-16
      5854.66  4.73871e-16
      5858.02  4.74268e-16
      5861.38  4.67579e-16
      5864.74  4.83038e-16
      5868.10  4.73760e-16
      5871.46  4.68755e-16
      5874.82  4.60423e-16
      5878.18  4.53975e-16
      5881.54  4.56612e-16
      5884.90  4.52367e-16
      5888.26  4.43119e-16
      5891.62  4.42388e-16
      5894.98  4.37568e-16
      5898.34  4.33416e-16
      5901.70  4.46565e-16
      5905.06  4.46802e-16
      5908.42  4.39571e-16
      5911.78  4.36179e-16
      5915.14  4.25796e-16
      5918.50  4.29187e-16
      5921.86  4.36141e-16
      5925.22  4.30057e-16
      5928.58  4.28921e-16
      5931.94  4.25529e-16
      5935.30  4.22618e-16
      5938.66  4.17030e-16
      5942.02  4.22005e-16
      5945.38  4.20971e-16
      5948.74  4.28919e-16
      5952.10  4.21714e-16
      5955.46  4.09202e-16
      5958.82  4.04962e-16
      5962.18  4.13858e-16
      5965.54  4.16719e-16
      5968.90  4.10990e-16
      5972.26  4.10587e-16
      5975.62  4.14144e-16
      5978.98  4.10100e-16
      5982.34  4.05910e-16
      5985.70  4.17631e-16
      5989.06  4.25963e-16
      5992.42  4.22733e-16
      5995.78  4.29898e-16
      5999.14  4.26939e-16
      6002.50  4.27053e-16
      6005.86  4.41740e-16
      6009.22  4.35719e-16
      6012.58  4.30545e-16
      6015.94  4.42038e-16
      6019.30  4.54472e-16
      6022.66  4.51474e-16
      6026.02  4.44788e-16
      6029.38  4.44602e-16
      6032.74  4.53256e-16
      6036.10  4.50181e-16
      6039.46  4.51450e-16
      6042.82  4.62364e-16
      6046.18  4.75171e-16
      6049.54  4.78915e-16
      6052.90  4.76578e-16
      6056.26  4.80680e-16
      6059.62  4.81998e-16
      6062.98  4.88761e-16
      6066.34  4.81209e-16
      6069.70  4.81320e-16
      6073.06  4.76192e-16
      6076.42  4.86180e-16
      6079.78  4.90627e-16
      6083.14  4.89952e-16
      6086.50  4.82907e-16
      6089.86  4.89349e-16
      6093.22  4.91980e-16
      6096.58  4.82270e-16
      6099.94  4.84242e-16
      6103.30  4.88865e-16
      6106.66  4.86208e-16
      6110.02  4.85175e-16
      6113.38  4.90524e-16
      6116.74  4.92159e-16
      6120.10  4.88902e-16
      6123.46  4.93121e-16
      6126.82  4.93509e-16
      6130.18  4.93856e-16
      6133.54  4.87064e-16
      6136.90  4.95127e-16
      6140.26  4.85994e-16
      6143.62  4.94285e-16
      6146.98  5.02590e-16
      6150.34  4.96185e-16
      6153.70  4.87828e-16
      6157.06  4.82742e-16
      6160.42  4.91583e-16
      6163.78  4.98331e-16
      6167.14  4.97644e-16
      6170.50  4.98041e-16
      6173.86  5.04399e-16
      6177.22  5.11523e-16
      6180.58  5.02325e-16
      6183.94  4.91361e-16
      6187.30  4.97885e-16
      6190.66  4.94029e-16
      6194.02  4.85323e-16
      6197.38  4.86137e-16
      6200.74  4.94990e-16
      6204.10  5.04866e-16
      6207.46  4.90998e-16
      6210.82  4.85503e-16
      6214.18  4.97194e-16
      6217.54  4.79064e-16
      6220.90  4.90913e-16
      6224.26  4.92491e-16
      6227.62  4.83434e-16
      6230.98  4.84652e-16
      6234.34  4.67608e-16
      6237.70  4.60831e-16
      6241.06  4.64955e-16
      6244.42  4.58325e-16
      6247.78  4.51009e-16
      6251.14  4.44722e-16
      6254.50  4.47190e-16
      6257.86  4.33077e-16
      6261.22  4.40419e-16
      6264.58  4.41104e-16
      6267.94  4.19340e-16
      6271.30  4.22218e-16
      6274.66  4.17423e-16
      6278.02  4.12822e-16
      6281.38  4.09283e-16
      6284.74  3.98404e-16
      6288.10  3.89306e-16
      6291.46  3.84403e-16
      6294.82  3.79364e-16
      6298.18  3.69762e-16
      6301.54  3.61609e-16
      6304.90  3.60448e-16
      6308.26  3.55128e-16
      6311.62  3.46050e-16
      6314.98  3.34000e-16
      6318.34  3.21236e-16
      6321.70  3.26456e-16
      6325.06  3.19773e-16
      6328.42  3.07903e-16
      6331.78  3.08432e-16
      6335.14  2.99668e-16
      6338.50  2.90871e-16
      6341.86  2.84386e-16
      6345.22  2.78776e-16
      6348.58  2.77619e-16
      6351.94  2.80147e-16
      6355.30  2.75615e-16
      6358.66  2.57003e-16
      6362.02  2.58866e-16
      6365.38  2.51633e-16
      6368.74  2.67346e-16
      6372.10  2.67658e-16
      6375.46  2.63490e-16
      6378.82  2.64537e-16
      6382.18  2.59796e-16
      6385.54  2.60230e-16
      6388.90  2.75794e-16
      6392.26  2.87679e-16
      6395.62  2.81155e-16
      6398.98  2.80291e-16
      6402.34  2.89561e-16
      6405.70  3.03106e-16
      6409.06  3.06556e-16
      6412.42  2.89414e-16
      6415.78  3.03921e-16
      6419.14  3.13355e-16
      6422.50  3.14789e-16
      6425.86  3.11476e-16
      6429.22  3.12815e-16
      6432.58  3.17167e-16
      6435.94  3.23031e-16
      6439.30  3.25612e-16
      6442.66  3.33655e-16
      6446.02  3.32262e-16
      6449.38  3.34324e-16
      6452.74  3.44490e-16
      6456.10  3.41892e-16
      6459.46  3.33619e-16
      6462.82  3.34553e-16
      6466.18  3.39992e-16
      6469.54  3.42461e-16
      6472.90  3.39515e-16
      6476.26  3.37670e-16
      6479.62  3.51195e-16
      6482.98  3.49215e-16
      6486.34  3.55721e-16
      6489.70  3.62472e-16
      6493.06  3.61828e-16
      6496.42  3.61364e-16
      6499.78  3.61777e-16
      6503.14  3.70285e-16
      6506.50  3.79976e-16
      6509.86  3.75333e-16
      6513.22  3.68997e-16
      6516.58  3.73460e-16
      6519.94  3.80842e-16
      6523.30  3.84261e-16
      6526.66  3.80872e-16
      6530.02  3.92730e-16
      6533.38  3.93361e-16
      6536.74  3.86052e-16
      6540.10  3.92876e-16
      6543.46  3.90981e-16
      6546.82  3.94185e-16
      6550.18  3.99148e-16
      6553.54  4.04202e-16
      6556.90  4.07150e-16
      6560.26  4.04849e-16
      6563.62  4.05337e-16
      6566.98  4.16780e-16
      6570.34  4.23106e-16
      6573.70  4.05310e-16
      6577.06  4.12439e-16
      6580.42  4.16353e-16
      6583.78  4.20610e-16
      6587.14  4.23001e-16
      6590.50  4.28618e-16
      6593.86  4.27277e-16
      6597.22  4.33126e-16
      6600.58  4.22543e-16
      6603.94  4.13976e-16
      6607.30  4.23873e-16
      6610.66  4.28769e-16
      6614.02  4.24010e-16
      6617.38  4.15656e-16
      6620.74  4.13764e-16
      6624.10  4.22695e-16
      6627.46  4.14998e-16
      6630.82  4.16016e-16
      6634.18  4.17070e-16
      6637.54  4.07861e-16
      6640.90  4.09202e-16
      6644.26  4.04182e-16
      6647.62  3.94459e-16
      6650.98  3.92568e-16
      6654.34  3.95477e-16
      6657.70  3.96973e-16
      6661.06  3.92523e-16
      6664.42  3.89511e-16
      6667.78  3.93736e-16
      6671.14  3.89630e-16
      6674.50  3.82920e-16
      6677.86  3.89092e-16
      6681.22  3.85343e-16
      6684.58  3.83104e-16
      6687.94  3.87846e-16
      6691.30  3.76221e-16
      6694.66  3.75630e-16
      6698.02  3.80335e-16
      6701.38  3.78506e-16
      6704.74  3.80843e-16
      6708.10  3.82504e-16
      6711.46  3.77087e-16
      6714.82  3.70750e-16
      6718.18  3.67974e-16
      6721.54  3.72533e-16
      6724.90  3.75126e-16
      6728.26  3.76136e-16
      6731.62  3.76323e-16
      6734.98  3.71372e-16
      6738.34  3.75554e-16
      6741.70  3.78814e-16
      6745.06  3.73907e-16
      6748.42  3.71195e-16
      6751.78  3.75457e-16
      6755.14  3.76700e-16
      6758.50  3.79482e-16
      6761.86  3.78811e-16
      6765.22  3.71334e-16
      6768.58  3.79983e-16
      6771.94  3.80086e-16
      6775.30  3.73759e-16
      6778.66  3.76329e-16
      6782.02  3.76027e-16
      6785.38  3.70028e-16
      6788.74  3.70430e-16
      6792.10  3.68411e-16
      6795.46  3.74933e-16
      6798.82  3.68080e-16
      6802.18  3.60436e-16
      6805.54  3.65426e-16
      6808.90  3.64367e-16
      6812.26  3.65583e-16
      6815.62  3.68368e-16
      6818.98  3.64336e-16
      6822.34  3.62133e-16
      6825.70  3.61208e-16
      6829.06  3.43632e-16
      6832.42  3.39925e-16
      6835.78  3.46309e-16
      6839.14  3.44710e-16
      6842.50  3.46830e-16
      6845.86  3.46442e-16
      6849.22  3.42591e-16
      6852.58  3.45113e-16
      6855.94  3.44839e-16
      6859.30  3.49695e-16
      6862.66  3.56473e-16
      6866.02  3.47909e-16
      6869.38  3.63265e-16
      6872.74  3.56882e-16
      6876.10  3.63074e-16
      6879.46  3.51546e-16
      6882.82  3.50599e-16
      6886.18  3.51733e-16
      6889.54  3.47178e-16
      6892.90  3.41561e-16
      6896.26  3.43681e-16
      6899.62  3.44638e-16
      6902.98  3.33789e-16
      6906.34  3.28937e-16
      6909.70  3.33102e-16
      6913.06  3.27816e-16
      6916.42  3.26411e-16
      6919.78  3.24021e-16
      6923.14  3.18803e-16
      6926.50  3.26114e-16
      6929.86  3.20317e-16
      6933.22  3.15385e-16
      6936.58  3.11586e-16
      6939.94  3.07508e-16
      6943.30  3.07991e-16
      6946.66  3.12174e-16
      6950.02  3.04485e-16
      6953.38  2.84603e-16
      6956.74  2.97815e-16
      6960.10  3.05134e-16
      6963.46  3.01295e-16
      6966.82  2.91769e-16
      6970.18  2.83098e-16
      6973.54  2.98645e-16
      6976.90  2.96457e-16
      6980.26  2.94304e-16
      6983.62  2.97160e-16
      6986.98  2.83204e-16
      6990.34  2.80350e-16
      6993.70  2.89922e-16
      6997.06  2.86925e-16
      7000.42  2.89181e-16
      7003.78  2.82675e-16
      7007.14  2.93423e-16
      7010.50  2.92237e-16
      7013.86  2.91107e-16
      7017.22  2.89031e-16
      7020.58  2.83812e-16
      7023.94  2.84490e-16
      7027.30  2.89783e-16
      7030.66  2.88450e-16
      7034.02  2.83592e-16
      7037.38  2.88150e-16
      7040.74  2.90969e-16
      7044.10  2.83035e-16
      7047.46  2.83890e-16
      7050.82  2.83285e-16
      7054.18  2.86136e-16
      7057.54  2.77629e-16
      7060.90  2.75608e-16
      7064.26  2.70562e-16
      7067.62  2.80094e-16
      7070.98  2.80809e-16
      7074.34  2.78539e-16
      7077.70  2.79826e-16
      7081.06  2.72729e-16
      7084.42  2.72939e-16
      7087.78  2.79153e-16
      7091.14  2.71513e-16
      7094.50  2.59849e-16
      7097.86  2.66575e-16
      7101.22  2.67429e-16
      7104.58  2.66451e-16
      7107.94  2.62318e-16
      7111.30  2.60140e-16
      7114.66  2.63241e-16
      7118.02  2.67443e-16
      7121.38  2.69339e-16
      7124.74  2.60890e-16
      7128.10  2.55240e-16
      7131.46  2.63694e-16
      7134.82  2.62697e-16
      7138.18  2.72191e-16
      7141.54  2.65302e-16
      7144.90  2.61594e-16
      7148.26  2.62237e-16
      7151.62  2.57258e-16
      7154.98  2.54889e-16
      7158.34  2.66431e-16
      7161.70  2.76162e-16
      7165.06  2.79034e-16
      7168.42  2.85335e-16
      7171.78  2.87909e-16
      7175.14  2.87867e-16
      7178.50  2.82725e-16
      7181.86  2.70793e-16
      7185.22  2.64433e-16
      7188.58  2.66782e-16
      7191.94  2.65317e-16
      7195.30  2.70568e-16
      7198.66  2.71564e-16
      7202.02  2.64644e-16
      7205.38  2.54432e-16
      7208.74  2.52393e-16
      7212.10  2.60752e-16
      7215.46  2.64391e-16
      7218.82  2.66139e-16
      7222.18  2.62917e-16
      7225.54  2.60897e-16
      7228.90  2.56206e-16
      7232.26  2.58612e-16
      7235.62  2.54310e-16
      7238.98  2.48941e-16
      7242.34  2.51114e-16
      7245.70  2.64058e-16
      7249.06  2.72209e-16
      7252.42  2.65340e-16
      7255.78  2.61408e-16
      7259.14  2.61387e-16
      7262.50  2.58385e-16
      7265.86  2.61394e-16
      7269.22  2.55200e-16
      7272.58  2.45483e-16
      7275.94  2.42081e-16
      7279.30  2.45347e-16
      7282.66  2.36625e-16
      7286.02  2.39685e-16
      7289.38  2.43437e-16
      7292.74  2.33935e-16
      7296.10  2.28658e-16
      7299.46  2.32878e-16
      7302.82  2.39039e-16
      7306.18  2.29969e-16
      7309.54  2.27874e-16
      7312.90  2.26976e-16
      7316.26  2.22605e-16
      7319.62  2.31078e-16
      7322.98  2.37545e-16
      7326.34  2.35544e-16
      7329.70  2.31487e-16
      7333.06  2.26133e-16
      7336.42  2.24826e-16
      7339.78  2.27220e-16
      7343.14  2.29043e-16
      7346.50  2.27859e-16
      7349.86  2.22504e-16
      7353.22  2.31016e-16
      7356.58  2.24848e-16
      7359.94  2.26058e-16
      7363.30  2.26177e-16
      7366.66  2.25050e-16
      7370.02  2.32192e-16
      7373.38  2.37450e-16
      7376.74  2.32461e-16
      7380.10  2.29743e-16
      7383.46  2.29302e-16
      7386.82  2.24497e-16
      7390.18  2.32231e-16
      7393.54  2.31893e-16
      7396.90  2.25671e-16
      7400.26  2.25679e-16
      7403.62  2.21613e-16
      7406.98  2.24549e-16
      7410.34  2.24026e-16
      7413.70  2.24950e-16
      7417.06  2.28288e-16
      7420.42  2.24939e-16
      7423.78  2.24436e-16
      7427.14  2.25756e-16
      7430.50  2.24305e-16
      7433.86  2.28236e-16
      7437.22  2.24439e-16
      7440.58  2.22119e-16
      7443.94  2.27698e-16
      7447.30  2.33197e-16
      7450.66  2.26512e-16
      7454.02  2.29267e-16
      7457.38  2.30709e-16
      7460.74  2.21883e-16
      7464.10  2.25051e-16
      7467.46  2.27090e-16
      7470.82  2.21682e-16
      7474.18  2.19290e-16
      7477.54  2.30890e-16
      7480.90  2.27535e-16
      7484.26  2.23545e-16
      7487.62  2.23313e-16
      7490.98  2.20750e-16
      7494.34  2.26943e-16
      7497.70  2.30137e-16
      7501.06  2.24469e-16
      7504.42  2.25085e-16
      7507.78  2.22367e-16
      7511.14  2.19072e-16
      7514.50  2.26534e-16
      7517.86  2.22491e-16
      7521.22  2.27817e-16
      7524.58  2.31756e-16
      7527.94  2.25502e-16
      7531.30  2.25075e-16
      7534.66  2.30471e-16
      7538.02  2.26657e-16
      7541.38  2.23092e-16
      7544.74  2.28921e-16
      7548.10  2.27628e-16
      7551.46  2.22115e-16
      7554.82  2.20299e-16
      7558.18  2.26300e-16
      7561.54  2.23045e-16
      7564.90  2.19401e-16
      7568.26  2.18278e-16
      7571.62  2.18925e-16
      7574.98  2.24199e-16
      7578.34  2.25541e-16
      7581.70  2.22154e-16
      7585.06  2.25430e-16
      7588.42  2.31606e-16
      7591.78  2.38670e-16
      7595.14  2.29300e-16
      7598.50  2.19673e-16
      7601.86  2.27249e-16
      7605.22  2.36246e-16
      7608.58  2.33662e-16
      7611.94  2.28779e-16
      7615.30  2.25829e-16
      7618.66  2.24775e-16
      7622.02  2.25507e-16
      7625.38  2.25590e-16
      7628.74  2.27859e-16
      7632.10  2.31018e-16
      7635.46  2.27447e-16
      7638.82  2.33069e-16
      7642.18  2.23476e-16
      7645.54  2.13906e-16
      7648.90  2.14648e-16
      7652.26  2.13267e-16
      7655.62  2.09683e-16
      7658.98  2.07175e-16
      7662.34  2.04487e-16
      7665.70  2.09009e-16
      7669.06  2.10881e-16
      7672.42  1.98596e-16
      7675.78  1.98720e-16
      7679.14  2.03532e-16
      7682.50  2.04054e-16
      7685.86  1.98832e-16
      7689.22  1.94278e-16
      7692.58  1.89758e-16
      7695.94  1.88561e-16
      7699.30  1.89149e-16
      7702.66  1.84307e-16
      7706.02  1.83992e-16
      7709.38  1.84633e-16
      7712.74  1.77768e-16
      7716.10  1.79757e-16
      7719.46  1.82440e-16
      7722.82  1.75151e-16
      7726.18  1.80642e-16
      7729.54  1.76571e-16
      7732.90  1.74557e-16
      7736.26  1.79297e-16
      7739.62  1.72803e-16
      7742.98  1.74097e-16
      7746.34  1.70921e-16
      7749.70  1.67948e-16
      7753.06  1.65890e-16
      7756.42  1.65297e-16
      7759.78  1.66605e-16
      7763.14  1.68694e-16
      7766.50  1.63776e-16
      7769.86  1.59938e-16
      7773.22  1.59876e-16
      7776.58  1.53120e-16
      7779.94  1.50136e-16
      7783.30  1.58059e-16
      7786.66  1.55586e-16
      7790.02  1.61867e-16
      7793.38  1.63599e-16
      7796.74  1.54039e-16
      7800.10  1.51233e-16
      7803.46  1.52326e-16
      7806.82  1.53172e-16
      7810.18  1.53935e-16
      7813.54  1.55428e-16
      7816.90  1.54686e-16
      7820.26  1.47350e-16
      7823.62  1.48250e-16
      7826.98  1.53600e-16
      7830.34  1.53496e-16
      7833.70  1.49616e-16
      7837.06  1.50283e-16
      7840.42  1.52738e-16
      7843.78  1.50250e-16
      7847.14  1.44419e-16
      7850.50  1.42321e-16
      7853.86  1.50435e-16
      7857.22  1.59406e-16
      7860.58  1.51349e-16
      7863.94  1.46545e-16
      7867.30  1.53039e-16
      7870.66  1.58677e-16
      7874.02  1.52028e-16
      7877.38  1.52999e-16
      7880.74  1.54387e-16
      7884.10  1.49122e-16
      7887.46  1.47034e-16
      7890.82  1.50488e-16
      7894.18  1.53901e-16
      7897.54  1.51553e-16
      7900.90  1.50843e-16
      7904.26  1.49369e-16
      7907.62  1.46635e-16
      7910.98  1.43928e-16
      7914.34  1.47429e-16
      7917.70  1.43428e-16
      7921.06  1.42361e-16
      7924.42  1.49447e-16
      7927.78  1.48232e-16
      7931.14  1.45142e-16
      7934.50  1.47215e-16
      7937.86  1.47367e-16
      7941.22  1.46116e-16
      7944.58  1.51088e-16
      7947.94  1.44088e-16
      7951.30  1.48017e-16
      7954.66  1.47887e-16
      7958.02  1.49675e-16
      7961.38  1.58590e-16
      7964.74  1.58276e-16
      7968.10  1.61614e-16
      7971.46  1.62669e-16
      7974.82  1.52679e-16
      7978.18  1.58955e-16
      7981.54  1.60013e-16
      7984.90  1.59777e-16
      7988.26  1.60443e-16
      7991.62  1.62456e-16
      7994.98  1.62181e-16
      7998.34  1.60303e-16
      8001.70  1.64559e-16
      8005.06  1.69241e-16
      8008.42  1.64438e-16
      8011.78  1.60791e-16
      8015.14  1.64015e-16
      8018.50  1.71636e-16
      8021.86  1.65086e-16
      8025.22  1.65130e-16
      8028.58  1.67510e-16
      8031.94  1.67247e-16
      8035.30  1.71863e-16
      8038.66  1.71643e-16
      8042.02  1.71404e-16
      8045.38  1.80678e-16
      8048.74  1.68115e-16
      8052.10  1.76780e-16
      8055.46  1.77363e-16
      8058.82  1.72531e-16
      8062.18  1.71484e-16
      8065.54  1.73553e-16
      8068.90  1.76882e-16
      8072.26  1.81480e-16
      8075.62  1.84906e-16
      8078.98  1.84747e-16
      8082.34  1.86358e-16
      8085.70  1.83376e-16
      8089.06  1.85589e-16
      8092.42  1.85511e-16
      8095.78  1.84180e-16
      8099.14  1.82266e-16
      8102.50  1.87057e-16
      8105.86  1.87188e-16
      8109.22  1.83960e-16
      8112.58  1.86148e-16
      8115.94  1.78520e-16
      8119.30  1.88350e-16
      8122.66  1.88383e-16
      8126.02  1.94403e-16
      8129.38  1.90957e-16
      8132.74  1.87769e-16
      8136.10  1.85412e-16
      8139.46  1.86233e-16
      8142.82  1.89803e-16
      8146.18  1.89299e-16
      8149.54  1.89990e-16
      8152.90  1.91031e-16
      8156.26  1.92964e-16
      8159.62  1.93481e-16
      8162.98  1.92411e-16
      8166.34  1.93923e-16
      8169.70  1.99255e-16
      8173.06  2.01557e-16
      8176.42  2.05844e-16
      8179.78  2.05240e-16
      8183.14  1.97102e-16
      8186.50  2.01655e-16
      8189.86  1.96583e-16
      8193.22  1.90547e-16
      8196.58  1.94866e-16
      8199.94  2.02658e-16
      8203.30  1.98192e-16
      8206.66  1.95235e-16
      8210.02  1.95866e-16
      8213.38  1.93915e-16
      8216.74  1.86862e-16
      8220.10  1.78189e-16
      8223.46  1.85462e-16
      8226.82  1.87045e-16
      8230.18  1.90383e-16
      8233.54  1.98700e-16
      8236.90  1.95716e-16
      8240.26  1.91258e-16
      8243.62  1.92468e-16
      8246.98  1.98716e-16
      8250.34  1.98382e-16
      8253.70  1.93833e-16
      8257.06  2.00887e-16
      8260.42  1.90670e-16
      8263.78  1.94151e-16
      8267.14  2.01134e-16
      8270.50  1.85194e-16
      8273.86  1.80150e-16
      8277.22  1.84598e-16
      8280.58  1.86899e-16
      8283.94  1.88232e-16
      8287.30  1.91532e-16
      8290.66  1.94533e-16
      8294.02  1.80735e-16
      8297.38  1.84688e-16
      8300.74  1.91742e-16
      8304.10  1.78125e-16
      8307.46  1.77571e-16
      8310.82  1.79544e-16
      8314.18  1.83888e-16
      8317.54  1.81909e-16
      8320.90  1.72832e-16
      8324.26  1.78831e-16
      8327.62  1.74223e-16
      8330.98  1.77922e-16
      8334.34  1.78160e-16
      8337.70  1.77202e-16
      8341.06  1.78194e-16
      8344.42  1.80020e-16
      8347.78  1.76696e-16
      8351.14  1.77561e-16
      8354.50  1.79324e-16
      8357.86  1.73262e-16
      8361.22  1.74818e-16
      8364.58  1.68990e-16
      8367.94  1.72658e-16
      8371.30  1.72795e-16
      8374.66  1.76594e-16
      8378.02  1.67523e-16
      8381.38  1.65013e-16
      8384.74  1.77152e-16
      8388.10  1.81071e-16
      8391.46  1.74741e-16
      8394.82  1.71093e-16
      8398.18  1.76667e-16
      8401.54  1.77074e-16
      8404.90  1.71704e-16
      8408.26  1.78187e-16
      8411.62  1.77446e-16
      8414.98  1.71128e-16
      8418.34  1.66085e-16
      8421.70  1.60672e-16
      8425.06  1.63025e-16
      8428.42  1.70558e-16
      8431.78  1.68883e-16
      8435.14  1.61378e-16
      8438.50  1.60692e-16
      8441.86  1.65675e-16
      8445.22  1.60386e-16
      8448.58  1.59410e-16
      8451.94  1.59834e-16
      8455.30  1.54037e-16
      8458.66  1.55703e-16
      8462.02  1.56536e-16
      8465.38  1.50714e-16
      8468.74  1.58947e-16
      8472.10  1.57044e-16
      8475.46  1.47661e-16
      8478.82  1.44824e-16
      8482.18  1.49951e-16
      8485.54  1.48428e-16
      8488.90  1.45437e-16
      8492.26  1.50076e-16
      8495.62  1.45972e-16
      8498.98  1.42551e-16
      8502.34  1.43404e-16
      8505.70  1.41568e-16
      8509.06  1.30518e-16
      8512.42  1.31568e-16
      8515.78  1.38439e-16
      8519.14  1.43230e-16
      8522.50  1.42215e-16
      8525.86  1.30843e-16
      8529.22  1.29261e-16
      8532.58  1.38067e-16
      8535.94  1.36481e-16
      8539.30  1.29913e-16
      8542.66  1.31616e-16
      8546.02  1.31251e-16
      8549.38  1.30299e-16
      8552.74  1.28368e-16
      8556.10  1.29640e-16
      8559.46  1.38237e-16
      8562.82  1.30955e-16
      8566.18  1.19520e-16
      8569.54  1.27672e-16
      8572.90  1.25152e-16
      8576.26  1.26223e-16
      8579.62  1.30332e-16
      8582.98  1.35756e-16
      8586.34  1.37646e-16
      8589.70  1.32547e-16
      8593.06  1.33064e-16
      8596.42  1.32938e-16
      8599.78  1.25739e-16
      8603.14  1.32114e-16
      8606.50  1.33299e-16
      8609.86  1.34213e-16
      8613.22  1.31655e-16
      8616.58  1.25585e-16
      8619.94  1.27100e-16
      8623.30  1.29965e-16
      8626.66  1.26578e-16
      8630.02  1.30766e-16
      8633.38  1.31097e-16
      8636.74  1.36898e-16
      8640.10  1.36823e-16
      8643.46  1.35471e-16
      8646.82  1.30339e-16
      8650.18  1.24710e-16
      8653.54  1.28365e-16
      8656.90  1.35258e-16
      8660.26  1.33031e-16
      8663.62  1.22773e-16
      8666.98  1.28840e-16
      8670.34  1.39368e-16
      8673.70  1.34083e-16
      8677.06  1.27719e-16
      8680.42  1.24489e-16
      8683.78  1.20214e-16
      8687.14  1.21985e-16
      8690.50  1.29606e-16
      8693.86  1.33510e-16
      8697.22  1.31407e-16
      8700.58  1.33260e-16
      8703.94  1.34218e-16
      8707.30  1.30888e-16
      8710.66  1.31697e-16
      8714.02  1.34491e-16
      8717.38  1.33790e-16
      8720.74  1.36575e-16
      8724.10  1.43869e-16
      8727.46  1.45428e-16
      8730.82  1.44489e-16
      8734.18  1.46958e-16
      8737.54  1.47316e-16
      8740.90  1.51146e-16
      8744.26  1.49255e-16
      8747.62  1.40937e-16
      8750.98  1.44107e-16
      8754.34  1.52820e-16
      8757.70  1.47629e-16
      8761.06  1.46613e-16
      8764.42  1.62444e-16
      8767.78  1.67480e-16
      8771.14  1.55578e-16
      8774.50  1.57744e-16
      8777.86  1.64031e-16
      8781.22  1.57309e-16
      8784.58  1.54777e-16
      8787.94  1.58617e-16
      8791.30  1.67881e-16
      8794.66  1.66530e-16
      8798.02  1.60776e-16
      8801.38  1.56636e-16
      8804.74  1.66971e-16
      8808.10  1.68502e-16
      8811.46  1.68705e-16
      8814.82  1.78521e-16
      8818.18  1.65661e-16
      8821.54  1.63400e-16
      8824.90  1.66444e-16
      8828.26  1.71488e-16
      8831.62  1.67867e-16
      8834.98  1.63191e-16
      8838.34  1.73230e-16
      8841.70  1.81289e-16
      8845.06  1.72992e-16
      8848.42  1.65378e-16
      8851.78  1.62556e-16
      8855.14  1.69314e-16
      8858.50  1.77853e-16
      8861.86  1.63048e-16
      8865.22  1.67464e-16
      8868.58  1.74273e-16
      8871.94  1.74643e-16
      8875.30  1.76152e-16
      8878.66  1.64816e-16
      8882.02  1.66241e-16
      8885.38  1.71671e-16
      8888.74  1.69777e-16
      8892.10  1.73185e-16
      8895.46  1.74427e-16
      8898.82  1.77077e-16
      8902.18  1.76411e-16
      8905.54  1.71419e-16
      8908.90  1.71281e-16
      8912.26  1.71490e-16
      8915.62  1.76930e-16
      8918.98  1.64213e-16
      8922.34  1.63620e-16
      8925.70  1.70763e-16
      8929.06  1.64771e-16
      8932.42  1.63115e-16
      8935.78  1.61858e-16
      8939.14  1.53307e-16
      8942.50  1.69499e-16
      8945.86  1.74475e-16
      8949.22  1.60662e-16
      8952.58  1.62691e-16
      8955.94  1.66185e-16
      8959.30  1.54744e-16
      8962.66  1.52479e-16
      8966.02  1.60089e-16
      8969.38  1.61952e-16
      8972.74  1.67104e-16
      8976.10  1.54495e-16
      8979.46  1.46600e-16
      8982.82  1.54585e-16
      8986.18  1.53577e-16
      8989.54  1.52868e-16
      8992.90  1.53967e-16
      8996.26  1.54172e-16
      8999.62  1.59259e-16
      9002.98  1.54335e-16
      9006.34  1.43520e-16
      9009.70  1.47220e-16
      9013.06  1.50727e-16
      9016.42  1.58429e-16
      9019.78  1.54909e-16
      9023.14  1.53822e-16
      9026.50  1.58832e-16
      9029.86  1.51359e-16
      9033.22  1.51156e-16
      9036.58  1.52065e-16
      9039.94  1.50343e-16
      9043.30  1.56106e-16
      9046.66  1.51203e-16
      9050.02  1.48340e-16
      9053.38  1.49393e-16
      9056.74  1.44297e-16
      9060.10  1.39570e-16
      9063.46  1.36472e-16
      9066.82  1.41319e-16
      9070.18  1.38204e-16
      9073.54  1.43589e-16
      9076.90  1.46549e-16
      9080.26  1.38765e-16
      9083.62  1.34518e-16
      9086.98  1.39522e-16
      9090.34  1.42427e-16
      9093.70  1.38119e-16
      9097.06  1.32201e-16
      9100.42  1.43092e-16
      9103.78  1.41603e-16
      9107.14  1.40446e-16
      9110.50  1.38998e-16
      9113.86  1.34022e-16
      9117.22  1.32445e-16
      9120.58  1.30018e-16
      9123.94  1.34092e-16
      9127.30  1.37093e-16
      9130.66  1.45506e-16
      9134.02  1.45693e-16
      9137.38  1.38614e-16
      9140.74  1.34536e-16
      9144.10  1.31045e-16
      9147.46  1.25477e-16
      9150.82  1.27612e-16
      9154.18  1.35614e-16
      9157.54  1.32245e-16
      9160.90  1.32174e-16
      9164.26  1.28923e-16
      9167.62  1.22292e-16
      9170.98  1.17887e-16
      9174.34  1.19020e-16
      9177.70  1.23518e-16
      9181.06  1.20601e-16
      9184.42  1.18392e-16
      9187.78  1.25354e-16
      9191.14  1.22993e-16
      9194.50  1.19281e-16
      9197.86  1.19041e-16
      9201.22  1.15270e-16
      9204.58  1.13197e-16
      9207.94  1.16943e-16
      9211.30  1.14517e-16
      9214.66  1.16434e-16
      9218.02  1.23444e-16
      9221.38  1.14435e-16
      9224.74  1.12988e-16
      9228.10  1.13494e-16
      9231.46  1.06673e-16
      9234.82  1.08066e-16
      9238.18  1.07620e-16
      9241.54  1.17459e-16
      9244.90  1.13133e-16
      9248.26  1.10426e-16
      9251.62  1.11270e-16
      9254.98  1.10258e-16
      9258.34  1.08132e-16
      9261.70  1.04221e-16
      9265.06  1.01566e-16
      9268.42  1.04835e-16
      9271.78  1.01573e-16
      9275.14  9.82953e-17
      9278.50  1.03519e-16
      9281.86  1.06099e-16
      9285.22  9.98643e-17
      9288.58  1.00497e-16
      9291.94  1.03316e-16
      9295.30  9.35861e-17
      9298.66  9.88159e-17
      9302.02  9.90270e-17
      9305.38  1.05312e-16
      9308.74  1.11263e-16
      9312.10  1.08638e-16
      9315.46  1.05077e-16
      9318.82  1.11443e-16
      9322.18  1.14364e-16
      9325.54  9.54030e-17
      9328.90  1.11751e-16
      9332.26  1.02405e-16
      9335.62  9.40200e-17
      9338.98  1.01885e-16
      9342.34  1.05744e-16
      9345.70  1.07996e-16
      9349.06  1.08441e-16
      9352.42  9.79697e-17
      9355.78  9.56268e-17
      9359.14  1.05687e-16
      9362.50  1.00518e-16
      9365.86  1.04036e-16
      9369.22  1.15642e-16
      9372.58  1.10301e-16
      9375.94  9.77410e-17
      9379.30  9.00859e-17
      9382.66  1.01011e-16
      9386.02  9.61899e-17
      9389.38  9.68265e-17
      9392.74  9.55396e-17
      9396.10  9.63016e-17
      9399.46  9.69159e-17
      9402.82  8.61756e-17
      9406.18  9.17195e-17
      9409.54  9.39191e-17
      9412.90  8.77299e-17
      9416.26  8.33782e-17
      9419.62  8.64724e-17
      9422.98  8.93926e-17
      9426.34  9.03591e-17
      9429.70  9.69687e-17
      9433.06  1.04810e-16
      9436.42  9.48528e-17
      9439.78  9.04754e-17
      9443.14  9.66434e-17
      9446.50  1.00570e-16
      9449.86  8.82319e-17
      9453.22  7.96789e-17
      9456.58  8.28055e-17
      9459.94  6.90158e-17
      9463.30  7.03515e-17
      9466.66  9.08348e-17
      9470.02  8.37253e-17
      9473.38  7.73134e-17
      9476.74  7.75164e-17
      9480.10  8.05954e-17
      9483.46  8.41749e-17
      9486.82  7.43410e-17
      9490.18  8.07851e-17
      9493.54  8.18570e-17
      9496.90  8.11341e-17
      9500.26  7.66573e-17
      9503.62  7.60481e-17
      9506.98  7.53562e-17
      9510.34  7.44690e-17
      9513.70  9.24680e-17
      9517.06  1.02057e-16
      9520.42  8.48487e-17
      9523.78  8.02462e-17
      9527.14  8.61982e-17
      9530.50  9.13088e-17
      9533.86  8.69748e-17
      9537.22  7.96277e-17
      9540.58  8.28422e-17
      9543.94  8.19207e-17
      9547.30  7.96228e-17
      9550.66  7.20414e-17
      9554.02  7.54764e-17
      9557.38  8.17951e-17
      9560.74  7.87431e-17
      9564.10  7.12396e-17
      9567.46  6.56616e-17
      9570.82  7.20685e-17
      9574.18  6.67378e-17
      9577.54  6.12898e-17
      9580.90  6.35651e-17
      9584.26  6.65351e-17
      9587.62  7.08735e-17
      9590.98  7.08335e-17
      9594.34  5.89214e-17
      9597.70  6.86960e-17
      9601.06  6.51169e-17
      9604.42  6.84588e-17
      9607.78  6.94657e-17
      9611.14  6.41942e-17
      9614.50  6.35027e-17
      9617.86  6.04448e-17
      9621.22  5.48817e-17
      9624.58  5.82824e-17
      9627.94  5.97797e-17
      9631.30  6.10443e-17
      9634.66  5.36359e-17
      9638.02  4.90564e-17
      9641.38  5.48902e-17
      9644.74  5.61617e-17
      9648.10  6.16502e-17
      9651.46  5.90301e-17
      9654.82  5.88219e-17
      9658.18  5.27209e-17
      9661.54  4.86822e-17
      9664.90  4.86829e-17
      9668.26  4.71687e-17
      9671.62  5.32677e-17
      9674.98  5.25060e-17
      9678.34  4.67463e-17
      9681.70  4.36574e-17
      9685.06  4.73464e-17
      9688.42  4.98576e-17
      9691.78  4.79833e-17
      9695.14  4.72477e-17
      9698.50  4.62960e-17
