

  2.888310141111230E+03  -1.7697219E-14   1.2843094E-14  18960
  2.891055003277588E+03  -1.0273591E-14   6.8913182E-15  18944
  2.893799888080744E+03  -8.4506521E-15   5.2632340E-15  16896
  2.896544795457105E+03   6.7450635E-15   4.3321873E-15    528
  2.899289725343070E+03   8.4577150E-16   3.4531591E-15    512
  2.902034677675033E+03   1.2099280E-15   2.9690447E-15    512
  2.904779652389386E+03   9.7929270E-16   2.5642510E-15    512
  2.907524649422512E+03   3.2768522E-15   2.3596053E-15    512
  2.910269668710789E+03  -5.8308339E-17   4.0664743E-15    528
  2.913014710190593E+03   1.1475552E-15   1.8126600E-15    512
  2.915759773798292E+03   4.7664772E-15   1.7149500E-15    512
  2.918504859470250E+03  -7.5206831E-17   1.4059251E-15  16896
  2.921249967142826E+03  -1.0308645E-15   1.3758840E-15  16912
  2.923995096752372E+03   2.1417520E-15   1.1776172E-15    512
  2.926740248235238E+03   7.7615773E-16   1.2266398E-15    528
  2.929485421527766E+03   1.9019310E-15   9.6247528E-16    512
  2.932230616566295E+03  -7.2223371E-16   1.3092738E-15  16912
  2.934975833287158E+03   3.1421788E-15   9.3031513E-16    528
  2.937721071626684E+03   3.2099802E-15   2.3692109E-15    528
  2.940466331521194E+03   1.3312413E-15   5.5504153E-16    512
  2.943211612907007E+03   1.7212983E-16   4.8082741E-16    512
  2.945956915720436E+03   1.6151761E-15   4.7138463E-16    528
  2.948702239897790E+03   3.4601156E-16   4.1052823E-16    528
  2.951447585375371E+03   4.0972132E-16   3.5849518E-16    512
  2.954192952089476E+03   1.6568914E-15   3.4144285E-16    512
  2.956938339976401E+03   1.2385553E-15   3.1549336E-16    512
  2.959683748972433E+03   3.7875618E-17   3.7330134E-16  16912
  2.962429179013854E+03   1.3636605E-15   2.6299055E-16    512
  2.965174630036944E+03   8.1850790E-16   2.4411947E-16    512
  2.967920101977975E+03   1.0311237E-15   2.4110623E-16    512
  2.970665594773217E+03   9.9946256E-16   2.2839963E-16      0
  2.973411108358933E+03   1.0291069E-15   2.1225188E-16      0
  2.976156642671383E+03   9.1687685E-16   2.1194874E-16      0
  2.978902197646820E+03   1.2032503E-15   2.0318207E-16      0
  2.981647773221493E+03   1.2729855E-15   2.3124254E-16     16
  2.984393369331648E+03   1.1620437E-15   2.2002582E-16     16
  2.987138985913523E+03   1.1281963E-15   2.3558961E-16     16
  2.989884622903354E+03   9.8124267E-16   2.0374283E-16      0
  2.992630280237371E+03   7.7688517E-16   1.8823843E-16      0
  2.995375957851799E+03   9.2409706E-16   2.0837311E-16     16
  2.998121655682859E+03   8.8485662E-16   1.8063315E-16      0
  3.000867373666768E+03   1.3118136E-15   1.8676965E-16      0
  3.003613111739735E+03   1.0545071E-15   1.9091739E-16      0
  3.006358869837969E+03   2.1193467E-15   4.3157337E-16     16
  3.009104647897670E+03   9.6666979E-16   1.7613130E-16      0
  3.011850445855036E+03   9.1336156E-16   1.7505130E-16      0
  3.014596263646260E+03   9.8156391E-16   1.7443842E-16      0
  3.017342101207531E+03   9.8904628E-16   4.3412482E-16     16
  3.020087958475030E+03   1.0351296E-15   1.6702453E-16      0
  3.022833835384936E+03   1.0478137E-15   1.6233295E-16      0
  3.025579731873426E+03   1.1948405E-15   1.6542874E-16      0
  3.028325647876667E+03   1.0964971E-15   1.5866019E-16      0
  3.031071583330826E+03   1.2773065E-15   1.5711183E-16      0
  3.033817538172062E+03   1.1402484E-15   1.5758697E-16      0
  3.036563512336531E+03   1.1378092E-15   1.7814617E-16     16
  3.039309505760386E+03   1.0064278E-15   1.8863291E-16     16
  3.042055518379773E+03   1.4707186E-15   2.2166639E-16     16
  3.044801550130835E+03   1.3568019E-15   1.4910141E-16      0
  3.047547600949711E+03   1.1931772E-15   1.4382806E-16      0
  3.050293670772532E+03   1.4521127E-15   1.4970725E-16      0
  3.053039759535429E+03   1.1947530E-15   1.4504926E-16      0
  3.055785867174528E+03   1.2111115E-15   1.3950821E-16      0
  3.058531993625947E+03   1.3141069E-15   1.4121698E-16      0
  3.061278138825804E+03   1.2211529E-15   1.3710239E-16      0
  3.064024302710209E+03   1.5020607E-15   1.5960536E-16     16
  3.066770485215270E+03   1.2421857E-15   1.3514167E-16      0
  3.069516686277090E+03   1.4751119E-15   1.3701303E-16      0
  3.072262905831769E+03   1.3069904E-15   1.3885888E-16      0
  3.075009143815399E+03   1.2668959E-15   1.3899357E-16      0
  3.077755400164071E+03   1.1004274E-15   1.4145904E-16      0
  3.080501674813870E+03   1.2229832E-15   1.3508929E-16     16
  3.083247967700878E+03   1.1804397E-15   1.2174620E-16      0
  3.085994278761173E+03   1.4920193E-15   1.2938336E-16      0
  3.088740607930827E+03   1.3924592E-15   1.4359853E-16     16
  3.091486955145909E+03   1.4784698E-15   1.3216136E-16      0
  3.094233320342483E+03   1.1178966E-15   1.7593896E-16     16
  3.096979703456610E+03   1.4302124E-15   1.3834854E-16     16
  3.099726104424346E+03   1.5469567E-15   1.2460021E-16      0
  3.102472523181743E+03   1.7111545E-15   1.3007521E-16      0
  3.105218959664848E+03   1.2189257E-15   1.6346678E-16      0
  3.107965413809705E+03   1.5245937E-15   1.6601173E-16      0
  3.110711885552354E+03   1.4775179E-15   1.2624528E-16      0
  3.113458374828831E+03   1.4174047E-15   1.2374903E-16      0
  3.116204881575165E+03   1.3971273E-15   1.4604115E-16     16
  3.118951405727386E+03   1.4806996E-15   1.2120934E-16      0
  3.121697947221516E+03   1.3091946E-15   1.2291838E-16      0
  3.124444505993573E+03   1.3048308E-15   1.2446892E-16     16
  3.127191081979573E+03   1.2608179E-15   1.1979508E-16      0
  3.129937675115528E+03   1.2826459E-15   1.2771082E-16      0
  3.132684285337446E+03   1.3616705E-15   1.1689720E-16      0
  3.135430912581326E+03   1.5082225E-15   1.2580365E-16     16
  3.138177556783171E+03   1.3876943E-15   1.2929532E-16     16
  3.140924217878973E+03   1.3224034E-15   1.2948738E-16     16
  3.143670895804726E+03   1.4046576E-15   1.2641912E-16     16
  3.146417590496416E+03   1.0766956E-15   1.2972190E-16      0
  3.149164301890026E+03   1.4056554E-15   1.2365455E-16     16
  3.151911029921537E+03   1.3356434E-15   1.1466386E-16      0
  3.154657774526923E+03   1.9491297E-15   1.2556432E-16      0
  3.157404535642156E+03   1.2541943E-15   1.1183082E-16      0
  3.160151313203204E+03   1.6054030E-15   1.5133400E-16     16
  3.162898107146032E+03   1.9997544E-15   2.6238418E-16     16
  3.165644917406598E+03   1.3238908E-15   1.1039365E-16      0
  3.168391743920859E+03   1.2960922E-15   1.1348734E-16      0
  3.171138586624770E+03   1.4067341E-15   1.2255357E-16     16
  3.173885445454277E+03   1.3267782E-15   1.1051036E-16      0
  3.176632320345325E+03   1.2504694E-15   1.1001991E-16      0
  3.179379211233856E+03   1.5544888E-15   1.2155669E-16     16
  3.182126118055809E+03   1.3369710E-15   1.1372619E-16     16
  3.184873040747115E+03   1.4468001E-15   1.0846676E-16      0
  3.187619979243706E+03   1.4587481E-15   1.3615722E-16     16
  3.190366933481508E+03   1.2045951E-15   1.0279765E-16      0
  3.193113903396443E+03   1.2750898E-15   1.0268593E-16      0
  3.195860888924431E+03   1.4557945E-15   1.1223333E-16     16
  3.198607890001387E+03   1.2288479E-15   1.0158330E-16      0
  3.201354906563223E+03   1.5519231E-15   1.0827015E-16      0
  3.204101938545846E+03   1.2108851E-15   1.0418850E-16      0
  3.206848985885162E+03   1.4482480E-15   1.0492382E-16      0
  3.209596048517069E+03   1.4956266E-15   1.1460321E-16     16
  3.212343126377470E+03   1.4106428E-15   1.9164005E-16     16
  3.215090219402254E+03   1.4325929E-15   1.0503355E-16     16
  3.217837327527312E+03   1.2718971E-15   9.8046519E-17      0
  3.220584450688531E+03   1.3510251E-15   1.0096717E-16      0
  3.223331588821796E+03   1.3957848E-15   1.0146207E-16      0
  3.226078741862985E+03   1.3495522E-15   1.0222342E-16     16
  3.228825909747974E+03   1.6117293E-15   1.0195580E-16      0
  3.231573092412636E+03   1.4275428E-15   9.9063693E-17      0
  3.234320289792841E+03   1.4857211E-15   1.5006214E-16     16
  3.237067501824455E+03   1.2851696E-15   9.6725134E-17      0
  3.239814728443338E+03   1.4244732E-15   1.3564836E-16     16
  3.242561969585352E+03   1.6544857E-15   1.1363679E-16     16
  3.245309225186351E+03   1.2206326E-15   1.0482409E-16      0
  3.248056495182188E+03   1.4915044E-15   1.1101320E-16      0
  3.250803779508712E+03   1.4187310E-15   1.0405992E-16      0
  3.253551078101767E+03   1.5048566E-15   9.7782072E-17      0
  3.256298390897196E+03   1.5754864E-15   1.2158602E-16     16
  3.259045717830839E+03   1.3833863E-15   9.3746794E-17      0
  3.261793058838530E+03   1.3072133E-15   9.2706585E-17      0
  3.264540413856102E+03   1.3342014E-15   9.6766248E-17      0
  3.267287782819383E+03   1.4096514E-15   9.7841868E-17      0
  3.270035165664201E+03   1.5049814E-15   9.5183911E-17      0
  3.272782562326376E+03   1.4590014E-15   1.0887061E-16     16
  3.275529972741728E+03   1.5375158E-15   1.0054459E-16     16
  3.278277396846073E+03   1.3686110E-15   9.1337879E-17      0
  3.281024834575225E+03   1.4595720E-15   9.3438640E-17      0
  3.283772285864992E+03   1.3885609E-15   1.0228767E-16     16
  3.286519750651181E+03   1.7380671E-15   1.0598422E-16     16
  3.289267228869595E+03   1.4166927E-15   9.0615247E-17      0
  3.292014720456036E+03   1.1783920E-15   8.7335721E-17      0
  3.294762225346298E+03   1.4962519E-15   9.4308807E-17     16
  3.297509743476177E+03   1.5081969E-15   9.0777626E-17      0
  3.300257274781463E+03   1.2989760E-15   8.7540015E-17      0
  3.303004819197944E+03   1.3448435E-15   8.9181571E-17      0
  3.305752376661404E+03   1.4321158E-15   9.2549513E-17     16
  3.308499947107626E+03   1.4936507E-15   9.1438821E-17      0
  3.311247530472388E+03   1.4498194E-15   8.9224585E-17      0
  3.313995126691465E+03   1.3688357E-15   8.8326796E-17      0
  3.316742735700628E+03   1.2807738E-15   8.6081576E-17      0
  3.319490357435650E+03   1.3350133E-15   8.6333595E-17      0
  3.322237991832295E+03   1.5339147E-15   9.0175498E-17      0
  3.324985638826328E+03   9.9777580E-16   9.7041885E-17     16
  3.327733298353510E+03   1.3664934E-15   8.8008550E-17      0
  3.330480970349597E+03   1.4286399E-15   9.5577332E-17     16
  3.333228654750344E+03   1.3505960E-15   8.6121896E-17      0
  3.335976351491504E+03   1.3419611E-15   8.6235021E-17      0
  3.338724060508825E+03   1.2759399E-15   8.3616902E-17      0
  3.341471781738054E+03   1.1814185E-15   8.2358807E-17      0
  3.344219515114934E+03   1.3044622E-15   8.4803767E-17      0
  3.346967260575204E+03   1.6194328E-15   9.9162352E-17     16
  3.349715018054605E+03   5.0158181E-14   5.8288863E-16     16
  3.352462787488867E+03   1.2271624E-15   8.4201401E-17      0
  3.355210568813727E+03   1.1700986E-15   9.3234465E-17     16
  3.357958361964911E+03   1.2971020E-15   9.1920161E-17     16
  3.360706166878145E+03   1.2416303E-15   8.1805661E-17      0
  3.363453983489155E+03   1.3559752E-15   9.0535256E-17     16
  3.366201811733660E+03   1.3452710E-15   8.1563324E-17      0
  3.368949651547379E+03   1.2598325E-15   7.9682189E-17      0
  3.371697502866028E+03   1.2204601E-15   8.1065910E-17      0
  3.374445365625318E+03   1.2100189E-15   7.9449904E-17      0
  3.377193239760961E+03   1.1184414E-15   7.8111896E-17      0
  3.379941125208665E+03   1.2659662E-15   8.0315068E-17      0
  3.382689021904132E+03   1.3114337E-15   8.0966814E-17     16
  3.385436929783066E+03   1.3719427E-15   8.3090299E-17      0
  3.388184848781167E+03   1.2564381E-15   8.6056245E-17     16
  3.390932778834130E+03   1.3145300E-15   1.9093007E-16     16
  3.393680719877651E+03   1.2410482E-15   1.1485482E-16     16
  3.396428671847422E+03   1.3294987E-15   8.3595488E-17     16
  3.399176634679131E+03   1.2569748E-15   9.5414404E-17     16
  3.401924608308465E+03   1.2116064E-15   8.2957090E-17     16
  3.404672592671109E+03   1.2309771E-15   1.0059676E-16     16
  3.407420587702743E+03   1.1581372E-15   7.5674916E-17      0
  3.410168593339048E+03   1.2299591E-15   7.7117737E-17      0
  3.412916609515700E+03   1.2320291E-15   1.1521101E-16     16
  3.415664636168372E+03   1.2473535E-15   7.6066728E-17      0
  3.418412673232737E+03   1.2087441E-15   8.1881993E-17     16
  3.421160720644465E+03   1.2542540E-15   1.1905358E-16     16
  3.423908778339220E+03   1.1304350E-15   7.5837229E-17     16
  3.426656846252669E+03   1.4025712E-15   7.8359481E-17      0
  3.429404924320474E+03   1.2532098E-15   7.7251800E-17      0
  3.432153012478293E+03   1.3275015E-15   8.8238049E-17     16
  3.434901110661785E+03   1.3919145E-15   9.8357909E-17     16
  3.437649218806603E+03   1.4324390E-15   9.9099149E-17     16
  3.440397336848402E+03   1.4028870E-15   7.5913296E-17      0
  3.443145464722830E+03   1.3285209E-15   7.4905248E-17      0
  3.445893602365537E+03   1.3027722E-15   7.4467868E-17      0
  3.448641749712168E+03   1.3330317E-15   7.7022493E-17     16
  3.451389906698366E+03   1.2143656E-15   9.6390338E-17     16
  3.454138073259772E+03   1.3061323E-15   7.5876206E-17      0
  3.456886249332026E+03   1.2201294E-15   7.4850707E-17      0
  3.459634434850765E+03   1.2795576E-15   7.3496605E-17      0
  3.462382629751621E+03   1.2684366E-15   7.2656230E-17      0
  3.465130833970228E+03   1.3609454E-15   7.3222643E-17      0
  3.467879047442216E+03   1.2887491E-15   7.2556353E-17      0
  3.470627270103214E+03   1.4479882E-15   7.5572127E-17      0
  3.473375501888846E+03   1.3797688E-15   7.3385968E-17      0
  3.476123742734736E+03   1.5296465E-15   7.7349805E-17      0
  3.478871992576506E+03   1.4258265E-15   7.3376009E-17      0
  3.481620251349776E+03   1.4571463E-15   7.3648211E-17      0
  3.484368518990162E+03   1.4387994E-15   7.3245242E-17      0
  3.487116795433280E+03   1.3671936E-15   7.1467928E-17      0
  3.489865080614743E+03   1.4490250E-15   7.3276231E-17      0
  3.492613374470162E+03   1.4321563E-15   7.6530704E-17     16
  3.495361676935146E+03   1.4462098E-15   7.3189622E-17      0
  3.498109987945303E+03   1.4951254E-15   7.7807864E-17     16
  3.500858307436236E+03   1.5808526E-15   7.5597525E-17      0
  3.503606635343551E+03   1.4243737E-15   7.3254069E-17      0
  3.506354971602846E+03   1.4318946E-15   7.5032369E-17     16
  3.509103316149723E+03   1.2683479E-15   6.9422933E-17      0
  3.511851668919777E+03   1.3794610E-15   7.1464739E-17      0
  3.514600029848606E+03   1.4456643E-15   7.2269672E-17      0
  3.517348398871799E+03   1.4351053E-15   7.4430770E-17     16
  3.520096775924952E+03   1.2992558E-15   6.9793947E-17      0
  3.522845160943652E+03   1.3436329E-15   7.0872881E-17      0
  3.525593553863487E+03   1.3180822E-15   7.1608212E-17      0
  3.528341954620043E+03   1.4345807E-15   7.2747180E-17      0
  3.531090363148905E+03   1.2591020E-15   7.0296786E-17     16
  3.533838779385654E+03   1.3143146E-15   7.0423477E-17      0
  3.536587203265871E+03   1.5838250E-15   9.6717742E-17     16
  3.539335634725135E+03   1.2492296E-15   6.8834616E-17      0
  3.542084073699022E+03   1.5806313E-15   7.2447085E-17      0
  3.544832520123106E+03   1.2289620E-15   6.9400268E-17      0
  3.547580973932963E+03   1.5680888E-15   7.8006573E-17     16
  3.550329435064164E+03   1.2895956E-15   6.8582756E-17      0
  3.553077903452277E+03   1.5045178E-15   7.1474731E-17      0
  3.555826379032870E+03   1.3031879E-15   7.2212219E-17     16
  3.558574861741513E+03   1.4642608E-15   7.0495971E-17      0
  3.561323351513768E+03   1.3787120E-15   7.0195281E-17      0
  3.564071848285198E+03   1.4420125E-15   7.3667111E-17     16
  3.566820351991366E+03   1.3213883E-15   7.3045302E-17     16
  3.569568862567830E+03   1.3457359E-15   6.8447124E-17      0
  3.572317379950151E+03   1.3065565E-15   6.8717732E-17      0
  3.575065904073882E+03   1.4021183E-15   9.0093237E-17     16
  3.577814434874582E+03   1.4241768E-15   7.0377658E-17      0
  3.580562972287802E+03   1.4729475E-15   7.8150952E-17     16
  3.583311516249094E+03   1.4149738E-15   7.0881649E-17      0
  3.586060066694010E+03   1.3906920E-15   6.9826815E-17      0
  3.588808623558098E+03   1.4193449E-15   6.9582565E-17      0
  3.591557186776905E+03   1.4290569E-15   6.8301951E-17      0
  3.594305756285978E+03   1.4853416E-15   7.0074864E-17      0
  3.597054332020860E+03   1.3251278E-15   6.7602335E-17      0
  3.599802913917095E+03   1.3490719E-15   6.8592033E-17      0
  3.602551501910225E+03   1.4509968E-15   7.0327346E-17      0
  3.605300095935789E+03   1.4867337E-15   7.0260642E-17      0
  3.608048695929326E+03   1.4583769E-15   6.9634757E-17      0
  3.610797301826374E+03   1.5318625E-15   7.2571599E-17     16
  3.613545913562468E+03   1.3839610E-15   1.3417118E-16     16
  3.616294531073143E+03   1.2604301E-15   7.3843141E-17     16
  3.619043154293932E+03   1.3766397E-15   6.6893613E-17      0
  3.621791783160367E+03   1.2799993E-15   7.0876951E-17      0
  3.624540417607978E+03   1.4934717E-15   7.3734410E-17     16
  3.627289057572295E+03   1.3344769E-15   6.8279286E-17      0
  3.630037702988846E+03   1.5138309E-15   6.9304772E-17      0
  3.632786353793157E+03   1.4640578E-15   8.7735607E-17     16
  3.635535009920754E+03   1.2974012E-15   6.4992037E-17      0
  3.638283671307160E+03   1.4286214E-15   6.6894533E-17   1024
  3.641032337887898E+03   1.4717496E-15   6.7128168E-17   1024
  3.643781009598492E+03   1.5658032E-15   6.9582175E-17   1024
  3.646529686374460E+03   1.4773349E-15   6.6760636E-17   1024
  3.649278368151322E+03   1.4552523E-15   6.6566069E-17   1024
  3.652027054864596E+03   1.4855245E-15   7.2954696E-17   1024
  3.654775746449799E+03   1.5640056E-15   9.1062838E-17   1040
  3.657524442842448E+03   1.5379914E-15   6.7203257E-17   1024
  3.660273143978055E+03   1.5204721E-15   6.7117355E-17   1024
  3.663021849792136E+03   1.3792589E-15   6.6723181E-17   1024
  3.665770560220204E+03   1.4841731E-15   7.0809314E-17   1040
  3.668519275197767E+03   1.4754226E-15   6.5593907E-17   1024
  3.671267994660338E+03   1.4575409E-15   6.5615493E-17   1024
  3.674016718543426E+03   1.3889998E-15   1.0352273E-16   1040
  3.676765446782539E+03   1.4696193E-15   1.0240665E-16   1040
  3.679514179313183E+03   1.2508388E-15   6.2433581E-17   1024
  3.682262916070866E+03   1.3266477E-15   6.4157538E-17   1024
  3.685011656991092E+03   1.5418044E-15   7.8967055E-17   1040
  3.687760402009366E+03   1.2162561E-15   6.1718043E-17   1024
  3.690509151061191E+03   1.3586303E-15   6.9609446E-17   1040
  3.693257904082069E+03   1.4116499E-15   6.5907164E-17   1024
  3.696006661007503E+03   1.5395240E-15   6.5036176E-17   1024
  3.698755421772991E+03   1.4717799E-15   6.8344686E-17   1040
  3.701504186314034E+03   9.3251373E-15   1.8117574E-16   1040
  3.704252954566130E+03   1.3626236E-15   6.5715562E-17   1040
  3.707001726464777E+03   1.5711201E-15   6.8626292E-17   1040
  3.709750501945472E+03   1.4154970E-15   6.1060521E-17   1024
  3.712499280943713E+03   1.4110892E-15   6.1421668E-17   1024
  3.715248063394992E+03   1.3980662E-15   6.0727862E-17   1024
  3.717996849234807E+03   1.4557314E-15   6.1711638E-17   1024
  3.720745638398648E+03   1.5463413E-15   6.3289792E-17   1024
  3.723494430822010E+03   1.5011340E-15   6.2907211E-17      0
  3.726243226440385E+03   1.3597698E-15   6.0375403E-17      0
  3.728992025189264E+03   1.3837790E-15   5.9504773E-17      0
  3.731740827004138E+03   1.6007877E-15   6.2872940E-17      0
  3.734489631820497E+03   1.4374870E-15   6.4666578E-17     16
  3.737238439573830E+03   1.3893585E-15   5.8234005E-17      0
  3.739987250199626E+03   1.3664734E-15   5.8319496E-17      0
  3.742736063633371E+03   1.4103087E-15   5.9316950E-17      0
  3.745484879810555E+03   1.4007386E-15   6.1222708E-17      0
  3.748233698666663E+03   1.3171255E-15   5.7563373E-17      0
  3.750982520137181E+03   1.4750193E-15   5.9193832E-17      0
  3.753731344157595E+03   1.4608943E-15   6.1735030E-17     16
  3.756480170663389E+03   1.4299874E-15   8.3503042E-17     16
  3.759228999590047E+03   1.3411149E-15   5.6367058E-17      0
  3.761977830873054E+03   1.5053224E-15   7.2857797E-17     16
  3.764726664447892E+03   1.4964022E-15   5.8180410E-17      0
  3.767475500250042E+03   1.4707565E-15   6.2408097E-17     16
  3.770224338214989E+03   1.4836695E-15   5.8454008E-17      0
  3.772973178278212E+03   1.5225801E-15   5.7360648E-17      0
  3.775722020375193E+03   1.4618966E-15   5.7962756E-17      0
  3.778470864441412E+03   1.4139237E-15   6.0768360E-17      0
  3.781219710412350E+03   1.5533000E-15   5.9220772E-17      0
  3.783968558223485E+03   1.5529167E-15   5.9134434E-17     16
  3.786717407810298E+03   1.6739112E-15   6.5221186E-17     16
  3.789466259108267E+03   1.5314704E-15   6.0295359E-17     16
  3.792215112052870E+03   1.4298693E-15   5.9854081E-17     16
  3.794963966579584E+03   1.4176153E-15   6.0616993E-17     16
  3.797712822623888E+03   1.4639460E-15   5.4891990E-17      0
  3.800461680121260E+03   1.3980552E-15   5.3462672E-17      0
  3.803210539007175E+03   1.4271441E-15   5.4823688E-17      0
  3.805959399217111E+03   1.4719806E-15   5.4557048E-17      0
  3.808708260686542E+03   1.4060473E-15   5.4453409E-17      0
  3.811457123350946E+03   1.2721407E-15   5.3442935E-17     16
  3.814205987145799E+03   1.2906593E-15   5.1978177E-17      0
  3.816954852006575E+03   1.3177206E-15   8.3726520E-17     16
  3.819703717868749E+03   1.3206001E-15   5.1919871E-17      0
  3.822452584667798E+03   1.2902226E-15   6.1696715E-17     16
  3.825201452339194E+03   1.2324317E-15   5.0278774E-17      0
  3.827950320818412E+03   1.1689299E-15   5.0092695E-17      0
  3.830699190040928E+03   1.0820256E-15   5.5997619E-17     16
  3.833448059942216E+03   1.2515737E-15   5.0971660E-17      0
  3.836196930457748E+03   1.3450900E-15   5.3278230E-17     16
  3.838945801522999E+03   1.1469398E-15   4.8672723E-17      0
  3.841694673073443E+03   1.0918939E-15   4.7493144E-17      0
  3.844443545044553E+03   1.1832181E-15   4.8506467E-17      0
  3.847192417371802E+03   1.1806661E-15   4.8631305E-17     16
  3.849941289990665E+03   1.0796962E-15   4.9739485E-17     16
  3.852690162836613E+03   1.0939618E-15   5.3813532E-17     16
  3.855439035845121E+03   1.0609790E-15   4.6426051E-17      0
  3.858187908951663E+03   1.1526998E-15   4.7743475E-17      0
  3.860936782091710E+03   1.1888628E-15   4.9472405E-17     16
  3.863685655200736E+03   1.0287547E-15   5.2378555E-17      0
  3.866434528214215E+03   1.1180289E-15   5.1674413E-17      0
  3.869183401067619E+03   1.1391258E-15   4.6839304E-17      0
  3.871932273696423E+03   1.2366556E-15   1.2166839E-16     16
  3.874681146036099E+03   1.1823182E-15   4.5878616E-17      0
  3.877430018022120E+03   1.2752250E-15   5.0677544E-17     16
  3.880178889589961E+03   1.2316540E-15   6.8562043E-17     16
  3.882927760675094E+03   1.2387579E-15   5.2795051E-17      0
  3.885676631212994E+03   1.2308586E-15   5.2354640E-17      0
  3.888425501139132E+03   1.1737526E-15   5.2473539E-17      0
  3.891174370388987E+03   1.3251486E-15   5.9081984E-17     16
  3.893923238898029E+03   1.1736286E-15   4.4736379E-17      0
  3.896672106601734E+03   1.2992457E-15   4.6338608E-17      0
  3.899420973435575E+03   1.2021775E-15   4.7015199E-17      0
  3.902169839335028E+03   1.3555671E-15   4.6336219E-17      0
  3.904918704235568E+03   1.2673138E-15   4.5282755E-17      0
  3.907667568072669E+03   1.2923159E-15   4.6103388E-17      0
  3.910416430781807E+03   1.2710774E-15   4.7583449E-17     16
  3.913165292298459E+03   1.3021055E-15   4.5567613E-17      0
  3.915914152558099E+03   1.2723877E-15   4.6427732E-17      0
  3.918663011496204E+03   1.2184492E-15   4.6064980E-17     16
  3.921411869048249E+03   1.2483775E-15   4.5072837E-17      0
  3.924160725149714E+03   1.1894216E-15   4.4387921E-17      0
  3.926909579736074E+03   1.2796775E-15   4.4900452E-17      0
  3.929658432742807E+03   1.2711217E-15   4.4215421E-17     16
  3.932407284105390E+03   1.2556480E-15   4.3993803E-17      0
  3.935156133759304E+03   1.2422860E-15   4.4121777E-17      0
  3.937904981640025E+03   1.1500018E-15   4.3479680E-17      0
  3.940653827683032E+03   1.0220000E-15   4.2328559E-17      0
  3.943402671823807E+03   1.1405393E-15   4.5481911E-17      0
  3.946151513997829E+03   1.2282654E-15   4.8885669E-17      0
  3.948900354140577E+03   1.1176786E-15   4.6989421E-17      0
  3.951649192187533E+03   1.2212384E-15   4.5750890E-17     16
  3.954398028074180E+03   1.1414603E-15   4.1654440E-17      0
  3.957146861735997E+03   1.0778413E-15   4.0697167E-17      0
  3.959895693108468E+03   1.1359689E-15   4.1824062E-17      0
  3.962644522127076E+03   1.0677798E-15   4.0894430E-17      0
  3.965393348727306E+03   1.1117828E-15   4.0931792E-17      0
  3.968142172844638E+03   1.0657589E-15   4.1403874E-17      0
  3.970890994414562E+03   1.1553924E-15   4.2340047E-17     16
  3.973639813372558E+03   1.0961556E-15   4.1626994E-17     16
  3.976388629654116E+03   1.0692822E-15   4.6360257E-17     16
  3.979137443194721E+03   1.1201949E-15   4.1420947E-17     16
  3.981886253929860E+03   1.0488875E-15   3.9821706E-17      0
  3.984635061795022E+03   1.2165482E-15   6.1813851E-17     16
  3.987383866725692E+03   1.2294485E-15   5.1830734E-17     16
  3.990132668657364E+03   1.0697326E-15   4.6554774E-17      0
  3.992881467525525E+03   1.1888622E-15   4.8509134E-17     16
  3.995630263265667E+03   1.1112827E-15   4.0571101E-17      0
  3.998379055813280E+03   1.2355969E-15   4.4349136E-17     16
  4.001127845103857E+03   1.2154127E-15   4.1771393E-17      0
  4.003876631072891E+03   1.2819923E-15   4.1841485E-17      0
  4.006625413655875E+03   1.1983056E-15   4.7876840E-17      0
  4.009374192788304E+03   1.3392876E-15   4.4198454E-17      0
  4.012122968405673E+03   1.4513335E-15   4.7905401E-17     16
  4.014871740443478E+03   1.4176232E-15   4.4228199E-17     16
  4.017620508837217E+03   1.3169338E-15   4.5608188E-17      0
  4.020369273522386E+03   1.3899383E-15   4.5691320E-17     16
  4.023118034434485E+03   1.3765345E-15   4.3078322E-17      0
  4.025866791509013E+03   1.5061647E-15   4.3427426E-17      0
  4.028615544681470E+03   1.4649686E-15   5.0543468E-17     16
  4.031364293887359E+03   1.5340654E-15   4.3970116E-17      0
  4.034113039062180E+03   1.4644553E-15   4.2626705E-17      0
  4.036861780141438E+03   1.4756177E-15   4.3464252E-17      0
  4.039610517060636E+03   1.5347284E-15   4.3382807E-17      0
  4.042359249755280E+03   1.5619623E-15   4.3838303E-17      0
  4.045107978160876E+03   1.5020982E-15   4.3517512E-17     16
  4.047856702212932E+03   1.5501010E-15   4.3551479E-17     16
  4.050605421846954E+03   1.6057322E-15   6.4680998E-17     16
  4.053354136998453E+03   1.5977876E-15   4.8404790E-17     16
  4.056102847602939E+03   1.4709049E-15   4.2651385E-17      0
  4.058851553595923E+03   1.4932385E-15   4.9848402E-17     16
  4.061600254912918E+03   1.3951635E-15   4.9238062E-17     16
  4.064348951489436E+03   1.3479099E-15   4.5903270E-17      0
  4.067097643260993E+03   1.4765220E-15   4.2283362E-17      0
  4.069846330163105E+03   1.4994931E-15   4.2255337E-17      0
  4.072595012131288E+03   1.5652725E-15   4.3008743E-17      0
  4.075343689101061E+03   1.4775884E-15   4.2061429E-17      0
  4.078092361007942E+03   1.5139200E-15   4.2051202E-17      0
  4.080841027787452E+03   1.4070235E-15   4.2641587E-17      0
  4.083589689375113E+03   1.4238965E-15   4.1681975E-17      0
  4.086338345706448E+03   1.5645241E-15   6.3560631E-17     16
  4.089086996716980E+03   1.4554558E-15   4.1324081E-17      0
  4.091835642342236E+03   1.4160703E-15   4.3891821E-17      0
  4.094584282517741E+03   1.4021172E-15   4.5880109E-17     16
  4.097332917179023E+03   1.4303272E-15   4.4234347E-17     16
  4.100081546261612E+03   1.4487791E-15   4.8818466E-17      0
  4.102830169701037E+03   1.5153226E-15   4.4784442E-17      0
  4.105578787432833E+03   1.4610522E-15   4.2997123E-17     16
  4.108327399392530E+03   1.5006948E-15   4.4119246E-17      0
  4.111076005515663E+03   1.4002085E-15   4.3722249E-17      0
  4.113824605737769E+03   1.4684941E-15   4.1538443E-17      0
  4.116573199994385E+03   1.4682574E-15   4.2247168E-17      0
  4.119321788221049E+03   1.4726502E-15   4.2639232E-17     16
  4.122070370353301E+03   1.3972827E-15   4.0799972E-17      0
  4.124818946326683E+03   1.3751472E-15   4.4237659E-17     16
  4.127567516076738E+03   1.2615153E-15   4.1262389E-17      0
  4.130316079539009E+03   1.2291163E-15   4.1712925E-17      0
  4.133064636649045E+03   1.2321297E-15   3.9256007E-17      0
  4.135813187342390E+03   1.3177479E-15   4.2578394E-17      0
  4.138561731554593E+03   1.2619088E-15   4.5010844E-17     16
  4.141310269221207E+03   1.3526677E-15   3.9715879E-17      0
  4.144058800277783E+03   1.3129273E-15   3.9953300E-17      0
  4.146807324659873E+03   1.3333689E-15   4.5320064E-17     16
  4.149555842303033E+03   1.3101522E-15   4.2975881E-17     16
  4.152304353142821E+03   1.3420950E-15   3.9667099E-17      0
  4.155052857114793E+03   1.4765145E-15   4.1709127E-17     16
  4.157801354154510E+03   1.3149735E-15   3.8825684E-17      0
  4.160549844197532E+03   1.4073450E-15   4.0013135E-17      0
  4.163298327179424E+03   1.4074196E-15   4.3067268E-17     16
  4.166046803035751E+03   1.3272022E-15   3.8992146E-17      0
  4.168795271702075E+03   1.4140667E-15   4.0185384E-17      0
  4.171543733113970E+03   1.3736914E-15   3.9121527E-17      0
  4.174292187207004E+03   1.4102934E-15   3.9806839E-17      0
  4.177040633916747E+03   1.4140584E-15   4.0159129E-17      0
  4.179789073178772E+03   1.4419947E-15   4.4872993E-17     16
  4.182537504928656E+03   1.3272071E-15   3.8445939E-17      0
  4.185285929101975E+03   1.4939963E-15   4.2294731E-17     16
  4.188034345634306E+03   1.4757098E-15   4.0362053E-17      0
  4.190782754461233E+03   1.4187130E-15   4.0821856E-17     16
  4.193531155518333E+03   1.3335950E-15   4.1089677E-17      0
  4.196279548741195E+03   1.4844440E-15   4.0305874E-17      0
  4.199027934065402E+03   1.4240631E-15   4.1206184E-17     16
  4.201776311426542E+03   1.3643688E-15   3.8903376E-17      0
  4.204524680760205E+03   1.3087685E-15   4.9607600E-17      0
  4.207273042001981E+03   1.5092201E-15   4.2960055E-17     16
  4.210021395087466E+03   1.5742333E-15   4.1334248E-17      0
  4.212769739952252E+03   1.5307584E-15   5.0913003E-17     16
  4.215518076531939E+03   1.4061393E-15   4.0884295E-17     16
  4.218266404762124E+03   1.5461904E-15   4.1130484E-17      0
  4.221014724578409E+03   1.5183756E-15   4.3111658E-17     16
  4.223763035916398E+03   1.5204293E-15   4.0057141E-17      0
  4.226511338711693E+03   1.5176109E-15   3.9740119E-17      0
  4.229259632899903E+03   1.4454041E-15   3.9026911E-17      0
  4.232007918416639E+03   1.4368278E-15   4.0044664E-17      0
  4.234756195197509E+03   1.4545872E-15   3.9546986E-17      0
  4.237504463178126E+03   1.4554424E-15   4.6692036E-17     16
  4.240252722294106E+03   1.4552351E-15   3.9591084E-17      0
  4.243000972481067E+03   1.4639653E-15   4.0252518E-17     16
  4.245749213674628E+03   1.4531794E-15   4.0214517E-17     16
  4.248497445810410E+03   1.4016711E-15   4.0881013E-17      0
  4.251245668824037E+03   1.4054798E-15   3.9686773E-17      0
  4.253993882651134E+03   1.4205342E-15   3.9226638E-17      0
  4.256742087227330E+03   1.3416403E-15   3.7814850E-17      0
  4.259490282488253E+03   1.3807596E-15   3.8175782E-17      0
  4.262238468369537E+03   1.3480660E-15   3.7906266E-17      0
  4.264986644806817E+03   1.4561707E-15   4.7407964E-17     16
  4.267734811735727E+03   1.4015195E-15   3.8703582E-17      0
  4.270482969091909E+03   1.3538966E-15   3.7665295E-17      0
  4.273231116811002E+03   1.4191843E-15   4.0636310E-17     16
  4.275979254828649E+03   1.4540446E-15   3.8609522E-17      0
  4.278727383080496E+03   1.3355829E-15   3.7349190E-17      0
  4.281475501502193E+03   1.3892896E-15   3.7872746E-17      0
  4.284223610029387E+03   1.3862028E-15   3.8105074E-17      0
  4.286971708597734E+03   1.4247606E-15   4.1153374E-17     16
  4.289719797142886E+03   1.4597492E-15   3.8440463E-17      0
  4.292467875600500E+03   1.2745713E-15   3.6758742E-17      0
  4.295215943906238E+03   1.3450581E-15   3.7122159E-17      0
  4.297964001995760E+03   1.3733742E-15   3.7470041E-17      0
  4.300712049804732E+03   1.3540859E-15   3.7381334E-17      0
  4.303460087268820E+03   1.3612505E-15   3.9281891E-17     16
  4.306208114323691E+03   1.2974079E-15   3.6924502E-17      0
  4.308956130905020E+03   1.3641021E-15   3.8361100E-17     16
  4.311704136948480E+03   1.3760057E-15   3.8014263E-17      0
  4.314452132389748E+03   1.3448341E-15   3.7168504E-17      0
  4.317200117164502E+03   1.3131750E-15   4.8062473E-17     16
  4.319948091208423E+03   1.3843954E-15   4.6376463E-17     16
  4.322696054457196E+03   1.4013674E-15   3.7359189E-17      0
  4.325444006846507E+03   1.3413526E-15   3.7202693E-17      0
  4.328191948312045E+03   1.3085270E-15   3.7777693E-17     16
  4.330939878789504E+03   1.2999477E-15   3.6745461E-17     16
  4.333687798214575E+03   1.3787595E-15   3.7181441E-17      0
  4.336435706522958E+03   1.4145200E-15   3.7468817E-17      0
  4.339183603650350E+03   1.3515595E-15   3.7076320E-17     16
  4.341931489532453E+03   1.3894176E-15   3.8601776E-17      0
  4.344679364104974E+03   1.4093948E-15   3.7075069E-17      0
  4.347427227303618E+03   1.3780741E-15   3.6632054E-17      0
  4.350175079064096E+03   1.3890099E-15   3.7356294E-17      0
  4.352922919322121E+03   1.3094562E-15   3.5781994E-17      0
  4.355670748013407E+03   1.3309868E-15   3.6582149E-17      0
  4.358418565073674E+03   1.3080169E-15   3.6138604E-17      0
  4.361166370438641E+03   1.3104224E-15   3.6089609E-17      0
  4.363914164044034E+03   1.3454032E-15   3.8062541E-17     16
  4.366661945825576E+03   1.2580672E-15   3.8407174E-17      0
  4.369409715718999E+03   1.2440967E-15   3.5446496E-17      0
  4.372157473660033E+03   1.2261256E-15   3.6308481E-17     16
  4.374905219584412E+03   1.2841779E-15   3.5644453E-17      0
  4.377652953427877E+03   1.2145188E-15   3.5182126E-17      0
  4.380400675126166E+03   1.2233452E-15   3.5351863E-17     16
  4.383148384615021E+03   1.2488762E-15   3.8307657E-17     16
  4.385896081830190E+03   1.2144981E-15   3.4476388E-17      0
  4.388643766707421E+03   1.2341816E-15   3.4973157E-17      0
  4.391391439182466E+03   1.2098457E-15   3.4130299E-17      0
  4.394139099191079E+03   1.1631036E-15   3.4311677E-17      0
  4.396886746669020E+03   1.1662672E-15   3.6135137E-17     16
  4.399634381552046E+03   1.1273398E-15   3.3246533E-17      0
  4.402382003775922E+03   1.1441910E-15   3.4085496E-17     16
  4.405129613276415E+03   1.1879321E-15   3.4165537E-17      0
  4.407877209989295E+03   1.1491575E-15   3.3854812E-17     16
  4.410624793850332E+03   1.1506362E-15   3.3757605E-17      0
  4.413372364795303E+03   1.0938235E-15   3.3107140E-17      0
  4.416119922759987E+03   1.1295105E-15   3.3398139E-17      0
  4.418867467680165E+03   1.1112822E-15   3.3137954E-17      0
  4.421614999491621E+03   1.1944062E-15   3.5641684E-17     16
  4.424362518130142E+03   1.1206122E-15   3.2986904E-17      0
  4.427110023531521E+03   1.0494996E-15   3.3027730E-17     16
  4.429857515631550E+03   1.0955686E-15   3.4638790E-17     16
  4.432604994366025E+03   1.0147743E-15   3.4377927E-17     16
  4.435352459670748E+03   1.0452245E-15   3.2512503E-17     16
  4.438099911481522E+03   1.0997910E-15   3.5332199E-17      0
  4.440847349734153E+03   1.0390911E-15   3.6977604E-17      0
  4.443594774364449E+03   1.1248798E-15   5.7020412E-17     16
  4.446342185308225E+03   9.6707297E-16   3.3201064E-17     16
  4.449089582501296E+03   9.7537114E-16   3.1088273E-17      0
  4.451836965879480E+03   9.2380283E-16   3.0490003E-17      0
  4.454584335378599E+03   9.8125114E-16   3.1040776E-17      0
  4.457331690934483E+03   9.7477039E-16   3.3120067E-17     16
  4.460079032482956E+03   1.0320450E-15   5.4785499E-17     16
  4.462826359959852E+03   8.8962621E-16   3.0650023E-17      0
  4.465573673301006E+03   9.3858122E-16   3.0551393E-17      0
  4.468320972442257E+03   9.6480780E-16   3.1314206E-17      0
  4.471068257319447E+03   1.0014040E-15   3.2906565E-17   1040
  4.473815527868422E+03   9.4800563E-16   3.0582856E-17   1024
  4.476562784025029E+03   9.4340243E-16   3.1918111E-17   1040
  4.479310025725123E+03   9.4870242E-16   3.0454762E-17   1024
  4.482057252904557E+03   9.0548129E-16   3.0034121E-17   1024
  4.484804465499189E+03   9.5120138E-16   3.1104631E-17   1024
  4.487551663444883E+03   9.2614932E-16   3.0285580E-17   1024
  4.490298846677507E+03   9.3471367E-16   3.0321546E-17   1024
  4.493046015132926E+03   8.6704045E-16   2.9611630E-17   1024
  4.495793168747015E+03   9.2792650E-16   3.0260341E-17   1024
  4.498540307455648E+03   9.4600028E-16   3.0519514E-17   1024
  4.501287431194707E+03   9.7067361E-16   3.0509882E-17   1024
  4.504034539900074E+03   9.7730799E-16   3.2589070E-17   1040
  4.506781633507636E+03   9.8864256E-16   3.6616675E-17   1040
  4.509528711953282E+03   9.1042595E-16   3.0161655E-17   1024
  4.512275775172907E+03   9.6933328E-16   3.0927734E-17   1024
  4.515022823102407E+03   9.2577101E-16   2.9988381E-17   1024
  4.517769855677684E+03   1.0484994E-15   3.1433886E-17   1024
  4.520516872834642E+03   1.0263279E-15   3.2230636E-17   1024
  4.523263874509188E+03   1.0048707E-15   3.1138063E-17      0
  4.526010860637235E+03   1.0374574E-15   3.1331610E-17      0
  4.528757831154696E+03   9.4722710E-16   3.0490718E-17      0
  4.531504785997493E+03   8.9933247E-16   3.0749830E-17     16
  4.534251725101547E+03   1.0025864E-15   3.1049961E-17      0
  4.536998648402784E+03   9.2916645E-16   3.0985028E-17     16
  4.539745555837135E+03   1.0258111E-15   3.5017063E-17     16
  4.542492447340533E+03   1.0618632E-15   3.4628742E-17     16
  4.545239322848915E+03   1.0443742E-15   3.4478827E-17     16
  4.547986182298220E+03   1.0447236E-15   3.2489775E-17     16
  4.550733025624399E+03   9.8090068E-16   3.6377190E-17      0
  4.553479852763394E+03   1.0149671E-15   3.1036879E-17      0
  4.556226663651161E+03   1.0101259E-15   3.1651887E-17      0
  4.558973458223656E+03   1.0388052E-15   3.2895742E-17      0
  4.561720236416838E+03   1.0837718E-15   3.3132908E-17      0
  4.564466998166671E+03   1.0860522E-15   3.3212443E-17     16
  4.567213743409124E+03   1.0814131E-15   3.2171999E-17      0
  4.569960472080166E+03   1.1004581E-15   3.1953117E-17      0
  4.572707184115775E+03   1.1135582E-15   3.2552121E-17      0
  4.575453879451929E+03   1.0496727E-15   3.8007761E-17     16
  4.578200558024611E+03   1.1162762E-15   3.2407798E-17      0
  4.580947219769810E+03   1.0586487E-15   3.2279337E-17     16
  4.583693864623514E+03   1.0570181E-15   3.1604308E-17      0
  4.586440492521719E+03   1.0603816E-15   3.1389036E-17      0
  4.589187103400425E+03   1.1093289E-15   3.1916926E-17      0
  4.591933697195635E+03   1.0953205E-15   3.1767054E-17      0
  4.594680273843355E+03   1.1123492E-15   3.9060656E-17     16
  4.597426833279597E+03   1.0417620E-15   3.0998273E-17      0
  4.600173375440375E+03   1.0895736E-15   3.1808129E-17      0
  4.602919900261708E+03   1.0383445E-15   3.1748039E-17      0
  4.605666407679619E+03   1.0376122E-15   3.1026999E-17      0
  4.608412897630136E+03   1.0159129E-15   3.0796563E-17      0
  4.611159370049289E+03   1.0886567E-15   3.1762521E-17      0
  4.613905824873113E+03   1.0271446E-15   3.1413226E-17      0
  4.616652262037650E+03   1.1011955E-15   3.1708248E-17      0
  4.619398681478940E+03   1.0944538E-15   3.2188294E-17      0
  4.622145083133033E+03   1.1187727E-15   3.3690643E-17     16
  4.624891466935979E+03   1.1279434E-15   3.2294517E-17      0
  4.627637832823837E+03   1.0569110E-15   3.4325391E-17     16
  4.630384180732664E+03   1.0545831E-15   3.2070805E-17     16
  4.633130510598527E+03   1.1284812E-15   3.2143137E-17      0
  4.635876822357492E+03   1.0901810E-15   3.2216458E-17     16
  4.638623115945633E+03   1.1143481E-15   3.3458596E-17      0
  4.641369391299025E+03   1.9989448E-15   1.1150598E-16     16
  4.644115648353752E+03   1.1348183E-15   3.2531432E-17      0
  4.646861887045900E+03   1.0612483E-15   3.1415373E-17      0
  4.649608107311557E+03   1.1200202E-15   3.1956313E-17      0
  4.652354309086818E+03   9.9174196E-16   3.2057610E-17      0
  4.655100492307780E+03   1.0579847E-15   3.1217105E-17      0
  4.657846656910548E+03   1.1294071E-15   3.2315637E-17      0
  4.660592802831226E+03   1.1852369E-15   3.7222079E-17     16
  4.663338930005930E+03   1.1228934E-15   3.2444601E-17      0
  4.666085038370771E+03   1.2569596E-15   5.7058178E-17     16
  4.668831127861873E+03   1.1281472E-15   3.2887553E-17      0
  4.671577198415359E+03   1.1529008E-15   3.2612158E-17      0
  4.674323249967358E+03   1.1608399E-15   3.2446861E-17      0
  4.677069282454004E+03   1.1021002E-15   3.1697267E-17      0
  4.679815295811435E+03   1.1975359E-15   3.2863436E-17      0
  4.682561289975793E+03   1.1657778E-15   3.3622619E-17     16
  4.685307264883224E+03   1.1426972E-15   3.3491143E-17     16
  4.688053220469881E+03   1.2340168E-15   3.9554209E-17     16
  4.690799156671920E+03   1.1490075E-15   4.8435703E-17     16
  4.693545073425500E+03   1.1357921E-15   3.2516308E-17      0
  4.696290970666786E+03   1.1399653E-15   3.2390914E-17      0
  4.699036848331949E+03   1.0367618E-15   3.1318173E-17      0
  4.701782706357162E+03   1.1578228E-15   3.4542169E-17     16
  4.704528544678605E+03   1.1598007E-15   3.2492614E-17      0
  4.707274363232457E+03   1.0874174E-15   3.2027781E-17      0
  4.710020161954913E+03   1.0583922E-15   3.1537912E-17      0
  4.712765940782157E+03   1.0393887E-15   3.2429556E-17   1024
  4.715511699650393E+03   1.0664595E-15   3.4668523E-17   1040
  4.718257438495820E+03   1.0985022E-15   3.1870448E-17   1024
  4.721003157254645E+03   1.1929034E-15   3.3498360E-17   1040
  4.723748855863077E+03   1.1391352E-15   3.3508418E-17   1024
  4.726494534257336E+03   1.0663695E-15   3.1594915E-17   1024
  4.729240192373638E+03   1.0668321E-15   3.1855000E-17   1024
  4.731985830148211E+03   1.0580722E-15   3.1853720E-17   1024
  4.734731447517284E+03   1.1205036E-15   3.4402035E-17   1040
  4.737477044417093E+03   1.0857348E-15   3.1613354E-17   1024
  4.740222620783876E+03   1.0350031E-15   3.1206365E-17   1024
  4.742968176553877E+03   1.0996103E-15   3.2792801E-17   1040
  4.745713711663347E+03   1.1120184E-15   3.2157705E-17   1024
  4.748459226048539E+03   1.0387672E-15   3.1490237E-17   1024
  4.751204719645712E+03   1.0340476E-15   3.1382908E-17   1024
  4.753950192391128E+03   1.1059444E-15   3.2949290E-17     16
  4.756695644221057E+03   1.1612757E-15   3.3201842E-17      0
  4.759441075071772E+03   1.1013626E-15   3.2439155E-17      0
  4.762186484879551E+03   1.1065125E-15   3.2129809E-17      0
  4.764931873580678E+03   1.1150665E-15   3.3207391E-17     16
  4.767677241111440E+03   1.1019775E-15   3.4724288E-17     16
  4.770422587408129E+03   1.1016619E-15   3.2860891E-17      0
  4.773167912407046E+03   1.1443025E-15   3.2312517E-17      0
  4.775913216044491E+03   1.1319876E-15   3.3766416E-17     16
  4.778658498256775E+03   1.2141851E-15   4.3302442E-17     16
  4.781403758980206E+03   1.1452737E-15   3.2511083E-17      0
  4.784148998151106E+03   1.0990445E-15   3.2744074E-17      0
  4.786894215705796E+03   1.1227830E-15   3.2643250E-17      0
  4.789639411580604E+03   1.1238132E-15   3.2105480E-17      0
  4.792384585711864E+03   1.1238934E-15   3.2267852E-17      0
  4.795129738035913E+03   1.1230536E-15   3.3422782E-17     16
  4.797874868489093E+03   1.1473620E-15   3.3360459E-17     16
  4.800619977007756E+03   1.1204519E-15   3.2148894E-17      0
  4.803365063528251E+03   1.1335998E-15   3.2262535E-17      0
  4.806110127986939E+03   1.0861032E-15   3.1566926E-17      0
  4.808855170320181E+03   1.1129010E-15   3.6549108E-17     16
  4.811600190464350E+03   1.0497093E-15   3.1088759E-17      0
  4.814345188355815E+03   1.0395902E-15   3.1671730E-17      0
  4.817090163930960E+03   9.9952143E-16   3.3502803E-17     16
  4.819835117126163E+03   9.9884730E-16   3.0910916E-17      0
  4.822580047877819E+03   1.0600258E-15   3.3391273E-17     16
  4.825324956122320E+03   1.0101232E-15   3.3437727E-17     16
  4.828069841796067E+03   1.0691393E-15   3.1940894E-17      0
  4.830814704835465E+03   1.0581933E-15   3.1405110E-17      0
  4.833559545176923E+03   1.0122395E-15   3.0689946E-17      0
  4.836304362756858E+03   1.1065752E-15   3.2008650E-17      0
  4.839049157511691E+03   1.0599098E-15   3.1641220E-17      0
  4.841793929377848E+03   1.0536922E-15   3.5708844E-17     16
  4.844538678291760E+03   9.9454988E-16   3.4075186E-17     16
  4.847283404189866E+03   9.7927163E-16   3.1816857E-17      0
  4.850028107008606E+03   9.8823345E-16   3.2780102E-17     16
  4.852772786684429E+03   1.0067051E-15   3.0834521E-17      0
  4.855517443153787E+03   9.9205515E-16   3.0659582E-17      0
  4.858262076353140E+03   1.0634408E-15   3.2367170E-17     16
  4.861006686218951E+03   1.0346557E-15   3.5686497E-17     16
  4.863751272687688E+03   9.6941523E-16   3.1901590E-17     16
  4.866495835695830E+03   9.7448303E-16   3.0474300E-17      0
  4.869240375179851E+03   9.1683164E-16   3.0148933E-17      0
  4.871984891076242E+03   9.5501408E-16   3.1035509E-17     16
  4.874729383321492E+03   1.0012532E-15   3.0445292E-17      0
  4.877473851852097E+03   9.7470718E-16   3.0779523E-17     16
  4.880218296604560E+03   9.7066365E-16   3.0479237E-17      0
  4.882962717515391E+03   9.9584488E-16   3.0503046E-17      0
  4.885707114521098E+03   9.5554083E-16   2.9890727E-17      0
  4.888451487558204E+03   9.9625781E-16   3.0826537E-17      0
  4.891195836563233E+03   9.7379704E-16   3.0196013E-17      0
  4.893940161472712E+03   9.9331702E-16   3.0496925E-17      0
  4.896684462223181E+03   9.7230150E-16   3.0211303E-17      0
  4.899428738751177E+03   9.5918180E-16   3.0221719E-17      0
  4.902172990993249E+03   1.0191039E-15   3.9385345E-17     16
  4.904917218885948E+03   9.4177443E-16   2.9740108E-17      0
  4.907661422365835E+03   9.6397432E-16   2.9892617E-17      0
  4.910405601369472E+03   1.0368198E-15   3.0839226E-17      0
  4.913149755833428E+03   9.2178996E-16   2.9349463E-17      0
  4.915893885694278E+03   9.7586825E-16   3.0040540E-17      0
  4.918637990888603E+03   9.2916264E-16   3.0231380E-17     16
  4.921382071352991E+03   8.9994477E-16   2.9162358E-17      0
  4.924126127024032E+03   9.3754096E-16   2.9787055E-17      0
  4.926870157838327E+03   9.2531901E-16   2.9473802E-17      0
  4.929614163732478E+03   9.6794807E-16   3.1396778E-17     16
  4.932358144643095E+03   9.0805638E-16   3.0339800E-17      0
  4.935102100506793E+03   9.7153123E-16   2.9994572E-17      0
  4.937846031260196E+03   9.5181706E-16   2.9988530E-17      0
  4.940589936839926E+03   9.5157894E-16   5.0438754E-17     16
  4.943333817182621E+03   8.5888897E-16   2.8765060E-17      0
  4.946077672224917E+03   9.0151707E-16   3.0378737E-17     16
  4.948821501903460E+03   9.1731201E-16   2.9009624E-17      0
  4.951565306154899E+03   9.5148873E-16   3.2686475E-17      0
  4.954309084915893E+03   8.7692739E-16   3.2960759E-17     16
  4.957052838123102E+03   8.6923299E-16   2.8094442E-17      0
  4.959796565713196E+03   9.1144949E-16   2.8967263E-17      0
  4.962540267622849E+03   9.0456787E-16   2.9116073E-17      0
  4.965283943788740E+03   8.3787578E-16   2.8872835E-17     16
  4.968027594147556E+03   7.5735307E-16   4.0267754E-17     16
  4.970771218635989E+03   8.6657770E-16   2.8246941E-17      0
  4.973514817190739E+03   7.9313921E-16   3.4935503E-17      0
  4.976258389748508E+03   9.0823595E-16   2.8545464E-17      0
  4.979001936246008E+03   8.9784264E-16   2.9042454E-17      0
  4.981745456619953E+03   9.4412156E-16   3.0363411E-17     16
  4.984488950807067E+03   8.3537454E-16   2.9574466E-17      0
  4.987232418744079E+03   8.8210652E-16   2.8953068E-17      0
  4.989975860367722E+03   8.2657747E-16   2.8349716E-17     16
  4.992719275614738E+03   9.1042098E-16   2.9036164E-17      0
  4.995462664421872E+03   9.1823411E-16   3.0781296E-17     16
  4.998206026725880E+03   8.8536304E-16   2.8291178E-17      0
  5.000949362463519E+03   8.0523457E-16   2.7283707E-17      0
  5.003692671571553E+03   8.6552251E-16   2.8216666E-17      0
  5.006435953986756E+03   8.6871360E-16   2.8132313E-17      0
  5.009179209645903E+03   8.0444106E-16   2.7202888E-17      0
  5.011922438485780E+03   8.4076919E-16   2.7892656E-17      0
  5.014665640443176E+03   8.2955077E-16   2.7926514E-17      0
  5.017408815454886E+03   8.5301432E-16   2.9184772E-17      0
  5.020151963457716E+03   8.6992078E-16   3.0955511E-17     16
  5.022895084388471E+03   8.0417996E-16   2.7693274E-17      0
  5.025638178183968E+03   7.6669812E-16   2.6730459E-17      0
  5.028381244781028E+03   7.5096829E-16   2.6478306E-17      0
  5.031124284116479E+03   7.7810532E-16   2.7248175E-17      0
  5.033867296127153E+03   7.8046405E-16   2.8775109E-17     16
  5.036610280749893E+03   7.8314067E-16   2.7226529E-17     16
  5.039353237921543E+03   7.6155949E-16   2.6647610E-17      0
  5.042096167578959E+03   6.5189037E-16   2.6133311E-17      0
  5.044839069658997E+03   7.0817608E-16   2.5990936E-17      0
  5.047581944098525E+03   7.6662157E-16   2.8425486E-17     16
  5.050324790834414E+03   7.4433153E-16   2.6893371E-17      0
  5.053067609803543E+03   7.0018920E-16   2.6452601E-17      0
  5.055810400942797E+03   7.4631888E-16   2.8558434E-17     16
  5.058553164189068E+03   7.5859371E-16   2.8095064E-17     16
  5.061295899479253E+03   7.1688432E-16   2.6294034E-17      0
  5.064038606750256E+03   6.9004455E-16   2.5716527E-17      0
  5.066781285938989E+03   7.7486939E-16   3.6570148E-17     16
  5.069523936982368E+03   7.7869163E-16   2.9314027E-17     16
  5.072266559817320E+03   7.3455253E-16   2.6127843E-17      0
  5.075009154380770E+03   7.9970440E-16   2.6954165E-17      0
  5.077751720609662E+03   7.1679025E-16   2.6143756E-17      0
  5.080494258440933E+03   7.8563306E-16   2.6751287E-17      0
  5.083236767811535E+03   8.2738379E-16   2.8381298E-17     16
  5.085979248658428E+03   8.2780726E-16   2.8247454E-17     16
  5.088721700918572E+03   7.9194732E-16   4.5284310E-17     16
  5.091464124528937E+03   8.4022852E-16   2.7494362E-17      0
  5.094206519426500E+03   8.5356707E-16   2.8423239E-17      0
  5.096948885548243E+03   6.7025569E-16   3.3195109E-17      0
  5.099691222831159E+03   8.4996813E-16   2.7328080E-17      0
  5.102433531212243E+03   8.1920453E-16   2.8438681E-17     16
  5.105175810628498E+03   8.7042233E-16   3.9789356E-17     16
  5.107918061016931E+03   8.3771516E-16   2.7131901E-17      0
  5.110660282314565E+03   7.9859060E-16   2.8475971E-17      0
  5.113402474458418E+03   7.7744003E-16   2.6567635E-17      0
  5.116144637385521E+03   7.9484232E-16   2.7916671E-17     16
  5.118886771032914E+03   8.6788896E-16   4.2231829E-17     16
  5.121628875337636E+03   7.8324793E-16   2.6667651E-17      0
  5.124370950236740E+03   8.0377916E-16   2.6841880E-17      0
  5.127112995667284E+03   8.0916364E-16   2.7066362E-17      0
  5.129855011566330E+03   7.5242371E-16   2.6317271E-17      0
  5.132596997870951E+03   7.8970634E-16   2.6708745E-17      0
  5.135338954518222E+03   7.6301882E-16   2.8067519E-17   1040
  5.138080881445229E+03   7.4804428E-16   2.5892667E-17   1024
  5.140822778589065E+03   7.5837523E-16   2.8131622E-17   1040
  5.143564645886826E+03   7.8442149E-16   2.9554005E-17   1040
  5.146306483275618E+03   7.6303221E-16   2.6009052E-17   1024
  5.149048290692554E+03   6.8759620E-16   2.8234576E-17   1024
  5.151790068074750E+03   7.3175907E-16   2.6479325E-17   1024
  5.154531815359335E+03   7.5906291E-16   3.4356106E-17   1040
  5.157273532483442E+03   7.6016998E-16   2.7014607E-17   1024
  5.160015219384210E+03   7.3026903E-16   2.6105143E-17   1024
  5.162756875998785E+03   7.1000642E-16   2.5538047E-17   1024
  5.165498502264322E+03   7.6741979E-16   2.7476794E-17     16
  5.168240098117983E+03   6.9218426E-16   2.9137136E-17     16
  5.170981663496934E+03   7.1039272E-16   3.6684970E-17      0
  5.173723198338350E+03   7.4313959E-16   2.6515288E-17      0
  5.176464702579415E+03   7.1401055E-16   2.8285729E-17     16
  5.179206176157316E+03   7.2162480E-16   2.6049006E-17      0
  5.181947619009250E+03   6.9701076E-16   4.4239277E-17     16
  5.184689031072420E+03   6.5629092E-16   2.7918110E-17      0
  5.187430412284038E+03   7.4042210E-16   2.6887519E-17     16
  5.190171762581319E+03   7.1472338E-16   2.9105528E-17     16
  5.192913081901489E+03   6.6650317E-16   2.5597837E-17      0
  5.195654370181781E+03   7.4922701E-16   3.1576660E-17     16
  5.198395627359430E+03   6.9202147E-16   2.5511835E-17     16
  5.201136853371688E+03   7.3720475E-16   2.6880951E-17      0
  5.203878048155802E+03   7.3588370E-16   2.5940733E-17      0
  5.206619211649037E+03   6.8733261E-16   3.0393795E-17     16
  5.209360343788660E+03   7.4981972E-16   2.8677819E-17      0
  5.212101444511946E+03   7.4823391E-16   2.6234450E-17      0
  5.214842513756176E+03   7.1428001E-16   2.6506973E-17      0
  5.217583551458641E+03   7.3300659E-16   2.5863792E-17      0
  5.220324557556636E+03   6.8986699E-16   2.5536801E-17      0
  5.223065531987467E+03   7.4648130E-16   2.6362559E-17      0
  5.225806474688446E+03   7.0357558E-16   2.6850762E-17      0
  5.228547385596888E+03   7.3955659E-16   2.6044086E-17     16
  5.231288264650122E+03   7.8744794E-16   2.6692354E-17      0
  5.234029111785482E+03   7.7935200E-16   2.6480554E-17      0
  5.236769926940307E+03   7.8393715E-16   2.6692558E-17      0
  5.239510710051945E+03   7.7544686E-16   2.6503959E-17      0
  5.242251461057755E+03   7.6999027E-16   2.6637628E-17      0
  5.244992179895095E+03   7.8394572E-16   2.6460687E-17      0
  5.247732866501338E+03   7.3232685E-16   2.5811435E-17      0
  5.250473520813862E+03   7.7448394E-16   2.6456088E-17      0
  5.253214142770051E+03   7.8401846E-16   2.6684658E-17      0
  5.255954732307299E+03   7.8000056E-16   2.7075607E-17      0
  5.258695289363005E+03   7.5331897E-16   2.9027098E-17     16
  5.261435813874577E+03   7.8232715E-16   2.6599764E-17      0
  5.264176305779432E+03   8.3784672E-16   2.8020452E-17      0
  5.266916765014990E+03   7.9732196E-16   3.0031851E-17     16
  5.269657191518682E+03   8.3402024E-16   2.7173265E-17      0
  5.272397585227948E+03   7.6739464E-16   2.7136022E-17      0
  5.275137946080230E+03   8.3196233E-16   2.8096579E-17      0
  5.277878274012982E+03   8.4005710E-16   2.9592578E-17     16
  5.280618568963665E+03   8.5955162E-16   2.8006833E-17      0
  5.283358830869745E+03   7.9172238E-16   2.7575697E-17      0
  5.286099059668702E+03   7.9047391E-16   2.7469793E-17      0
  5.288839255298016E+03   8.0321196E-16   2.8700100E-17     16
  5.291579417695179E+03   8.2976067E-16   2.7672128E-17      0
  5.294319546797688E+03   8.1347091E-16   2.7318349E-17      0
  5.297059642543052E+03   8.5916812E-16   2.7873757E-17      0
  5.299799704868783E+03   8.5719147E-16   2.7812572E-17     16
  5.302539733712402E+03   8.9777911E-16   2.8365128E-17      0
  5.305279729011440E+03   8.6612391E-16   2.7732884E-17      0
  5.308019690703435E+03   8.0427012E-16   2.7126958E-17      0
  5.310759618725929E+03   8.7711961E-16   2.7926402E-17      0
  5.313499513016476E+03   8.4360326E-16   2.7623898E-17      0
  5.316239373512636E+03   9.1248191E-16   2.8418574E-17      0
  5.318979200151977E+03   8.3456716E-16   2.7944590E-17      0
  5.321718992872077E+03   8.8507468E-16   2.8986348E-17     16
  5.324458751610517E+03   9.5420515E-15   1.4773356E-16     16
  5.327198476304889E+03   8.5872311E-16   2.7775173E-17      0
  5.329938166892794E+03   8.3283329E-16   2.8524463E-17      0
  5.332677823311836E+03   8.2556262E-16   2.7669281E-17      0
  5.335417445499633E+03   8.6000388E-16   3.3206742E-17     16
  5.338157033393806E+03   8.5745246E-16   3.2342587E-17     16
  5.340896586931988E+03   8.4132792E-16   2.7950294E-17      0
  5.343636106051816E+03   8.0816673E-16   3.0836066E-17      0
  5.346375590690938E+03   7.8990756E-16   2.8904089E-17      0
  5.349115040787006E+03   8.5071759E-16   3.5935935E-17     16
  5.351854456277687E+03   8.1417045E-16   2.8320742E-17      0
  5.354593837100646E+03   9.1457779E-16   2.9346476E-17      0
  5.357333183193566E+03   8.3077235E-16   3.8815887E-17      0
  5.360072494494129E+03   8.0886225E-16   3.6776526E-17      0
  5.362811770940034E+03   8.5774553E-16   2.8283532E-17      0
  5.365551012468982E+03   8.1884898E-16   2.7660049E-17      0
  5.368290219018681E+03   8.6594650E-16   2.8421830E-17      0
  5.371029390526852E+03   7.5990846E-16   2.7201677E-17      0
  5.373768526931222E+03   8.3898815E-16   2.8235456E-17      0
  5.376507628169524E+03   8.1094860E-16   2.7732072E-17      0
  5.379246694179500E+03   8.1072848E-16   2.9760079E-17     16
  5.381985724898903E+03   7.8921527E-16   2.7798324E-17      0
  5.384724720265491E+03   8.0115367E-16   2.7334102E-17      0
  5.387463680217032E+03   8.4493919E-16   2.7972555E-17      0
  5.390202604691298E+03   8.1457989E-16   2.7838386E-17      0
  5.392941493626075E+03   7.8669694E-16   2.8428858E-17      0
  5.395680346959154E+03   8.6228483E-16   2.8440660E-17      0
  5.398419164628335E+03   8.0562198E-16   3.9846352E-17     16
  5.401157946571426E+03   8.6766630E-16   2.9519502E-17      0
  5.403896692726241E+03   8.4585907E-16   2.8617581E-17     16
  5.406635403030606E+03   8.0612618E-16   2.8972567E-17     16
  5.409374077422353E+03   7.9963552E-16   2.7424374E-17      0
  5.412112715839322E+03   7.7171817E-16   2.7482972E-17      0
  5.414851318219366E+03   8.3197418E-16   2.8256192E-17      0
  5.417589884500335E+03   8.0719349E-16   2.8702003E-17     16
  5.420328414620101E+03   7.3008141E-16   2.9450571E-17     16
  5.423066908516535E+03   8.4248539E-16   2.8754793E-17      0
  5.425805366127520E+03   7.7543828E-16   2.7817598E-17      0
  5.428543787390946E+03   7.7366941E-16   2.7570807E-17      0
  5.431282172244712E+03   8.0657426E-16   2.9330193E-17     16
  5.434020520626724E+03   8.0945306E-16   2.8320401E-17      0
  5.436758832474900E+03   7.5065320E-16   2.8292459E-17    256
  5.439497107727162E+03   8.2202541E-16   2.8103832E-17      0
  5.442235346321442E+03   7.2587928E-16   2.7093676E-17      0
  5.444973548195683E+03   7.6126626E-16   2.7639944E-17      0
  5.447711713287833E+03   7.1430712E-16   2.6965588E-17      0
  5.450449841535848E+03   7.3719750E-16   2.6900014E-17      0
  5.453187932877696E+03   6.9045409E-16   2.6659192E-17      0
  5.455925987251350E+03   6.8321116E-16   2.7440033E-17     16
  5.458664004594794E+03   7.1008037E-16   2.7267976E-17      0
  5.461401984846019E+03   6.5029393E-16   2.6785076E-17      0
  5.464139927943026E+03   6.1416665E-16   2.6622019E-17      0
  5.466877833823823E+03   7.2358261E-16   2.7832732E-17     16
  5.469615702426426E+03   6.9331685E-16   2.6930847E-17      0
  5.472353533688861E+03   6.2438552E-16   2.5886162E-17      0
  5.475091327549162E+03   6.3861811E-16   2.6003256E-17      0
  5.477829083945371E+03   6.6313812E-16   2.6416359E-17      0
  5.480566802815542E+03   6.2553197E-15   1.1622228E-16     16
  5.483304484097732E+03   6.8169317E-16   2.6492916E-17      0
  5.486042127730011E+03   6.4800937E-16   2.6005971E-17      0
  5.488779733650455E+03   6.2449431E-16   2.5899971E-17      0
  5.491517301797151E+03   6.2326108E-16   2.6770190E-17     16
  5.494254832108190E+03   6.8493366E-16   2.7049607E-17      0
  5.496992324521681E+03   7.1705114E-16   2.8389530E-17     16
  5.499729778975730E+03   6.6631153E-16   2.7387427E-17     16
  5.502467195408461E+03   7.1209229E-16   2.8843321E-17      0
  5.505204573758001E+03   6.7122422E-16   2.7708466E-17     16
  5.507941913962488E+03   6.5448060E-16   2.7751218E-17      0
  5.510679215960070E+03   6.4740682E-16   2.7051837E-17      0
  5.513416479688901E+03   6.6949744E-16   2.6615769E-17      0
  5.516153705087146E+03   6.5836774E-16   2.6261165E-17      0
  5.518890892092977E+03   6.2125796E-16   2.6744483E-17      0
  5.521628040644576E+03   6.2684340E-16   3.2067304E-17     16
  5.524365150680133E+03   6.7789963E-16   2.6521925E-17      0
  5.527102222137847E+03   6.8649342E-16   2.7291827E-17      0
  5.529839254955928E+03   6.1884412E-16   2.5897012E-17      0
  5.532576249072591E+03   6.4942212E-16   2.9519012E-17     16
  5.535313204426062E+03   6.8715553E-16   2.6682573E-17      0
  5.538050120954576E+03   6.5038123E-16   2.6578364E-17      0
  5.540786998596376E+03   6.2665430E-16   2.6997628E-17     16
  5.543523837289713E+03   6.6388875E-16   2.7583835E-17      0
  5.546260636972853E+03   6.4708997E-16   2.6170276E-17      0
  5.548997397584061E+03   6.2719386E-16   2.6745871E-17     16
  5.551734119061617E+03   6.6440889E-16   3.9429576E-17     16
  5.554470801343812E+03   6.5100395E-16   2.6111665E-17      0
  5.557207444368941E+03   6.4127350E-16   2.6558400E-17      0
  5.559944048075310E+03   6.5435085E-16   2.6648772E-17      0
  5.562680612401234E+03   6.0617860E-16   2.6462381E-17      0
  5.565417137285037E+03   6.6679651E-16   2.6985757E-17      0
  5.568153622665052E+03   6.6389828E-16   2.6575981E-17      0
  5.570890068479622E+03   5.9787609E-16   2.5545422E-17      0
  5.573626474667096E+03   6.8643042E-16   2.7584267E-17     16
  5.576362841165836E+03   7.0532677E-16   3.0353637E-17     16
  5.579099167914212E+03   6.7595569E-16   2.8103203E-17     16
  5.581835454850599E+03   6.5537009E-16   2.6889738E-17     16
  5.584571701913386E+03   7.0692533E-16   2.7252271E-17      0
  5.587307909040969E+03   6.8951531E-16   2.7769181E-17      0
  5.590044076171755E+03   6.3566525E-16   2.7001020E-17      0
  5.592780203244159E+03   6.3109889E-16   2.6301357E-17      0
  5.595516290196600E+03   6.0145782E-16   3.8256673E-17     16
  5.598252336967517E+03   6.7532989E-16   2.7625839E-17     16
  5.600988343495351E+03   6.0348731E-16   2.6045003E-17      0
  5.603724309718549E+03   6.3866766E-16   2.9149157E-17     16
  5.606460235575577E+03   6.0203327E-16   3.9533135E-17     16
  5.609196121004902E+03   6.1001936E-16   2.5852739E-17      0
  5.611931965945003E+03   6.4419942E-16   2.6244879E-17      0
  5.614667770334368E+03   6.9050496E-16   2.8556273E-17     16
  5.617403534111496E+03   1.1003243E-15   8.6642815E-17     16
  5.620139257214893E+03   6.1647376E-16   2.5998043E-17      0
  5.622874939583074E+03   6.3730044E-16   2.6460141E-17      0
  5.625610581154565E+03   6.1097201E-16   2.6376677E-17     16
  5.628346181867901E+03   6.4501294E-16   2.7035254E-17      0
  5.631081741661626E+03   6.9409014E-16   5.7508872E-17     16
  5.633817260474292E+03   6.4959920E-16   3.2709835E-17     16
  5.636552738244463E+03   5.8363762E-16   2.5642341E-17      0
  5.639288174910710E+03   6.0713633E-16   2.6974251E-17      0
  5.642023570411615E+03   6.2776603E-16   2.6335847E-17      0
  5.644758924685768E+03   6.6442058E-16   2.9007626E-17     16
  5.647494237671770E+03   6.1711909E-16   2.6193104E-17      0
  5.650229509308230E+03   5.5814103E-16   2.7370622E-17      0
  5.652964739533767E+03   5.6356961E-16   2.5577186E-17      0
  5.655699928287009E+03   5.3900455E-16   2.6590148E-17      0
  5.658435075506594E+03   5.7562670E-16   2.6518395E-17      0
  5.661170181131169E+03   5.8768363E-16   2.6732830E-17     16
  5.663905245099391E+03   6.0811555E-16   2.6319297E-17      0
  5.666640267349927E+03   5.9466896E-16   2.6311042E-17      0
  5.669375247821451E+03   5.7552114E-16   2.5796041E-17      0
  5.672110186452652E+03   5.6361541E-16   2.5848650E-17      0
  5.674845083182220E+03   5.4635266E-16   2.5703309E-17      0
  5.677579937948861E+03   5.9251839E-16   2.6433913E-17      0
  5.680314750691288E+03   5.3747417E-16   2.5754273E-17      0
  5.683049521348228E+03   6.2663984E-16   2.7300214E-17     16
  5.685784249858411E+03   6.2717432E-16   3.1568200E-17     16
  5.688518936160580E+03   5.6692677E-16   3.1457579E-17     16
  5.691253580193486E+03   6.6379653E-16   2.7427385E-17      0
  5.693988181895894E+03   5.9950811E-16   2.9825761E-17     16
  5.696722741206573E+03   8.6880175E-16   5.0103316E-17    512
