

  1.566817839835676E+03   0.0000000E+00   0.0000000E+00   2564
  1.568361506153120E+03   0.0000000E+00   0.0000000E+00   2564
  1.569905181545708E+03   0.0000000E+00   0.0000000E+00   2564
  1.571448866013598E+03   0.0000000E+00   0.0000000E+00   2564
  1.572992559556950E+03   0.0000000E+00   0.0000000E+00   2560
  1.574536262175926E+03   0.0000000E+00   0.0000000E+00    512
  1.576079973870685E+03   0.0000000E+00   0.0000000E+00    512
  1.577623694641386E+03   0.0000000E+00   0.0000000E+00    512
  1.579167424488191E+03   0.0000000E+00   0.0000000E+00    512
  1.580711163411258E+03  -1.4462017E-13   6.3262411E-14      0
  1.582254911410750E+03  -2.8780513E-14   2.4234187E-14      0
  1.583798668486824E+03  -3.7617631E-15   1.5248470E-14      0
  1.585342434639642E+03   1.7321941E-14   1.2102336E-14      0
  1.586886209869363E+03  -1.2394177E-16   8.7457761E-15      0
  1.588429994176148E+03   1.4328273E-15   7.2173797E-15      0
  1.589973787560157E+03   2.0737497E-15   6.2140082E-15      0
  1.591517590021550E+03   5.4866441E-15   5.6054214E-15      0
  1.593061401560487E+03   4.6938987E-15   4.9044432E-15      0
  1.594605222177128E+03  -3.5030240E-15   3.9437765E-15      0
  1.596149051871633E+03   1.4464130E-15   3.6188953E-15      0
  1.597692890644162E+03   1.1456646E-15   3.2860139E-15      0
  1.599236738494877E+03   2.2331700E-15   2.9696556E-15      0
  1.600780595423936E+03  -6.5330958E-16   2.4563210E-15      0
  1.602324461431500E+03   2.7550594E-15   2.4502342E-15      0
  1.603868336517729E+03   8.3305854E-16   2.0712895E-15      0
  1.605412220682783E+03  -1.4157848E-15   1.7374434E-15      0
  1.606956113926823E+03   2.1880335E-15   1.8400349E-15      0
  1.608500016250008E+03  -3.8888299E-16   1.5175781E-15      0
  1.610043927652499E+03   2.2309859E-15   1.5913667E-15      0
  1.611587848134455E+03  -5.3299077E-16   1.2465136E-15      0
  1.613131777696038E+03   8.7670557E-16   1.2429413E-15      0
  1.614675716337407E+03   2.1978953E-17   1.1221286E-15      0
  1.616219664058723E+03   3.3176571E-16   1.0684873E-15      0
  1.617763620860145E+03   1.2960057E-15   1.0352147E-15      0
  1.619307586741834E+03   8.0712340E-16   9.5896253E-16      0
  1.620851561703950E+03  -4.6838450E-16   8.1850032E-16      0
  1.622395545746654E+03   4.4502105E-16   8.2269171E-16      0
  1.623939538870105E+03   4.0180482E-16   7.5960088E-16      0
  1.625483541074463E+03   1.4600631E-17   7.1742314E-16      0
  1.627027552359890E+03  -3.2581670E-16   6.4074400E-16      0
  1.628571572726545E+03  -9.4349389E-19   6.2631771E-16      0
  1.630115602174589E+03  -4.9704565E-17   5.9600669E-16      0
  1.631659640704180E+03   1.3816104E-15   6.5816255E-16      0
  1.633203688315481E+03   2.9207274E-17   5.3863815E-16      0
  1.634747745008652E+03  -5.8159135E-16   4.7879564E-16      0
  1.636291810783851E+03   7.3915854E-17   5.0420319E-16      0
  1.637835885641241E+03   2.4427803E-16   4.9030762E-16      0
  1.639379969580980E+03  -4.5322547E-16   4.3449979E-16      0
  1.640924062603229E+03  -2.8229046E-16   4.2519765E-16      0
  1.642468164708150E+03   1.9315925E-16   4.3466806E-16      0
  1.644012275895900E+03  -2.7772262E-16   3.8542440E-16      0
  1.645556396166642E+03  -8.7002400E-17   3.9914757E-16      0
  1.647100525520536E+03  -2.8741207E-16   3.6920123E-16      0
  1.648644663957740E+03  -4.6950037E-17   3.7545392E-16      0
  1.650188811478418E+03   4.2897425E-16   3.9422224E-16      0
  1.651732968082727E+03   9.9618003E-17   3.5991364E-16      0
  1.653277133770829E+03   4.1344602E-16   3.7107690E-16      0
  1.654821308542883E+03   4.3160900E-16   3.5826259E-16      0
  1.656365492399051E+03  -3.9249495E-16   2.9482485E-16      0
  1.657909685339492E+03   4.7965125E-16   3.4781047E-16      0
  1.659453887364368E+03  -1.3608091E-16   3.0446684E-16      0
  1.660998098473837E+03   3.2507142E-16   3.2078586E-16      0
  1.662542318668061E+03  -4.1520655E-16   2.6288059E-16      0
  1.664086547947200E+03  -2.8998788E-17   2.9075155E-16      0
  1.665630786311414E+03  -2.0330997E-16   2.7275094E-16      0
  1.667175033760864E+03   1.8541664E-16   2.8565204E-16      0
  1.668719290295709E+03   4.7109193E-16   3.0071364E-16      0
  1.670263555916111E+03   1.5986589E-16   2.7790211E-16      0
  1.671807830622230E+03   4.1329962E-16   2.8485787E-16      0
  1.673352114414225E+03   1.0722989E-16   2.6356296E-16      0
  1.674896407292258E+03   7.4735872E-16   2.9879897E-16      0
  1.676440709256489E+03  -8.2891809E-17   2.3855878E-16      0
  1.677985020307078E+03  -2.6377260E-16   2.2698381E-16      0
  1.679529340444185E+03   3.4238086E-16   2.5521502E-16      0
  1.681073669667971E+03   2.6675130E-16   2.5400956E-16      0
  1.682618007978597E+03  -1.1738949E-16   2.2179867E-16      0
  1.684162355376222E+03  -2.8808353E-16   2.0812325E-16      0
  1.685706711861008E+03   4.0185167E-16   2.4669091E-16      0
  1.687251077433114E+03  -6.0798126E-17   2.1667438E-16      0
  1.688795452092701E+03   3.3836285E-16   2.3935690E-16      0
  1.690339835839930E+03   5.4388439E-17   2.1426445E-16      0
  1.691884228674960E+03   1.4732046E-16   2.2171919E-16      0
  1.693428630597953E+03  -4.2923143E-17   2.0664336E-16      0
  1.694973041609068E+03   2.8856626E-16   2.2220583E-16      0
  1.696517461708466E+03   5.1710340E-18   2.0058178E-16      0
  1.698061890896308E+03   2.0753002E-16   2.1257296E-16      0
  1.699606329172754E+03   4.1968770E-16   2.2355378E-16      0
  1.701150776537965E+03   1.3128389E-16   1.9997036E-16      0
  1.702695232992100E+03   2.6214709E-16   2.0706812E-16      0
  1.704239698535321E+03   4.7800134E-17   1.9180438E-16      0
  1.705784173167787E+03   3.1481208E-16   2.0907546E-16      0
  1.707328656889661E+03   4.2767504E-17   1.8794409E-16      0
  1.708873149701100E+03   4.3014378E-17   1.8600754E-16      0
  1.710417651602267E+03   3.2985816E-16   1.9714005E-16      0
  1.711962162593322E+03   1.3201433E-16   1.8799270E-16      0
  1.713506682674426E+03  -9.0349994E-17   1.6970350E-16      0
  1.715051211845738E+03  -1.1364629E-16   1.6536717E-16      0
  1.716595750107419E+03   7.4182993E-17   1.7460948E-16      0
  1.718140297459630E+03   1.1254220E-16   1.7620421E-16      0
  1.719684853902532E+03   6.7621102E-16   2.0554503E-16      0
  1.721229419436284E+03   2.0769990E-16   1.8091418E-16      0
  1.722773994061047E+03   2.1816391E-16   1.7539130E-16      0
  1.724318577776983E+03  -1.7088567E-16   1.5301953E-16      0
  1.725863170584251E+03   1.0073693E-16   1.6771780E-16      0
  1.727407772483012E+03   1.2783476E-16   1.6460058E-16      0
  1.728952383473426E+03   3.1791058E-16   1.7497333E-16      0
  1.730497003555654E+03   2.3264713E-16   1.7395113E-16      0
  1.732041632729857E+03   3.4985210E-17   1.5808748E-16      0
  1.733586270996195E+03   1.5043382E-16   1.6071881E-16      0
  1.735130918354829E+03   2.7486441E-16   1.7190377E-16      0
  1.736675574805919E+03  -9.9278771E-18   1.4648633E-16      0
  1.738220240349625E+03   4.0816341E-17   1.4792881E-16      0
  1.739764914986110E+03   2.0139381E-16   1.6128348E-16      0
  1.741309598715532E+03   3.9119018E-16   1.6850130E-16      0
  1.742854291538052E+03  -4.2476138E-17   1.4065584E-16      0
  1.744398993453832E+03  -6.8520346E-17   1.3902319E-16      0
  1.745943704463032E+03   8.8255943E-17   1.4801447E-16      0
  1.747488424565812E+03   4.2000060E-16   1.6684536E-16      0
  1.749033153762332E+03   1.1122973E-16   1.4507549E-16      0
  1.750577892052754E+03   3.3814875E-17   1.3915419E-16      0
  1.752122639437239E+03   2.1000213E-16   1.4847639E-16      0
  1.753667395915946E+03   8.6525018E-17   1.3910225E-16      0
  1.755212161489037E+03   1.6743580E-17   1.3191968E-16      0
  1.756756936156671E+03   3.8466053E-16   1.5514158E-16      0
  1.758301719919011E+03  -1.0126856E-16   1.2461885E-16      0
  1.759846512776215E+03   1.0676670E-16   1.3425680E-16      0
  1.761391314728445E+03   1.5815967E-16   1.3875665E-16      0
  1.762936125775862E+03   1.9407061E-16   1.3939048E-16      0
  1.764480945918626E+03   2.4711630E-16   1.4060304E-16      0
  1.766025775156898E+03   1.6505378E-16   1.3499038E-16      0
  1.767570613490838E+03   2.1632761E-16   1.3666945E-16      0
  1.769115460920608E+03   2.0700935E-18   1.2222314E-16      0
  1.770660317446368E+03   2.0229876E-16   1.3241383E-16      0
  1.772205183068278E+03   1.0875343E-17   1.2061739E-16      0
  1.773750057786499E+03   4.4231134E-17   1.2248725E-16      0
  1.775294941601192E+03   2.1069824E-16   1.2855066E-16      0
  1.776839834512517E+03   2.8170569E-16   1.3582384E-16      0
  1.778384736520636E+03  -1.4032345E-16   1.0468704E-16      0
  1.779929647625709E+03   3.4174209E-17   1.1691413E-16      0
  1.781474567827896E+03  -5.8641699E-17   1.0877041E-16      0
  1.783019497127359E+03   1.3269140E-16   1.1989406E-16      0
  1.784564435524258E+03   2.4094082E-16   1.2641755E-16      0
  1.786109383018754E+03   1.3799926E-16   1.2076665E-16      0
  1.787654339611007E+03   7.2081895E-17   1.1480585E-16      0
  1.789199305301178E+03   1.3201388E-16   1.1735951E-16      0
  1.790744280089428E+03   1.5621580E-16   1.1587944E-16      0
  1.792289263975918E+03   1.5375411E-16   1.1913722E-16      0
  1.793834256960808E+03   2.0979560E-16   1.1904273E-16      0
  1.795379259044260E+03  -9.7024805E-17   9.8525450E-17      0
  1.796924270226433E+03   9.7045134E-17   1.1121903E-16      0
  1.798469290507489E+03  -2.4720338E-18   1.0237316E-16      0
  1.800014319887589E+03   1.3030646E-16   1.1143859E-16      0
  1.801559358366893E+03   1.4104955E-16   1.1057026E-16      0
  1.803104405945561E+03   2.4509864E-16   1.1524844E-16      0
  1.804649462623756E+03   2.2462229E-16   1.1514529E-16      0
  1.806194528401636E+03   6.1838183E-17   1.0280550E-16      0
  1.807739603279365E+03   3.6356234E-18   9.9156675E-17      0
  1.809284687257101E+03   1.9755184E-16   1.0891620E-16      0
  1.810829780335006E+03   1.6180402E-16   1.0587709E-16      0
  1.812374882513240E+03  -2.0585440E-17   9.4768653E-17      0
  1.813919993791966E+03   1.3356017E-16   1.0349665E-16      0
  1.815465114171342E+03   6.9244493E-17   9.7313213E-17      0
  1.817010243651531E+03   1.8895037E-16   1.0748125E-16      0
  1.818555382232691E+03   3.7020872E-17   9.3686820E-17      0
  1.820100529914987E+03   1.6112135E-16   1.0252847E-16      0
  1.821645686698576E+03   3.7154190E-18   9.1706881E-17      0
  1.823190852583621E+03   5.3527010E-17   9.2834632E-17      0
  1.824736027570282E+03   2.6664274E-16   1.0654703E-16      0
  1.826281211658720E+03  -7.4603069E-17   8.3976746E-17      0
  1.827826404849096E+03   4.8697383E-17   9.0398930E-17      0
  1.829371607141571E+03   2.8997630E-17   9.0469809E-17      0
  1.830916818536305E+03   1.5202353E-16   9.8097327E-17      0
  1.832462039033459E+03   1.2370310E-16   9.4467957E-17      0
  1.834007268633196E+03   2.4592185E-18   8.6282363E-17      0
  1.835552507335673E+03  -7.7381646E-18   8.6142119E-17      0
  1.837097755141055E+03  -2.4794393E-17   8.4246301E-17      0
  1.838643012049499E+03   2.5206438E-17   8.6734632E-17      0
  1.840188278061169E+03  -6.7856498E-17   7.9492077E-17      0
  1.841733553176224E+03   9.7839161E-17   8.8013930E-17      0
  1.843278837394826E+03  -4.2580809E-18   8.1835744E-17      0
  1.844824130717136E+03   1.0050567E-16   8.8103020E-17      0
  1.846369433143313E+03   2.2769974E-17   8.2934438E-17      0
  1.847914744673521E+03  -1.1536501E-16   7.2157625E-17      0
  1.849460065307918E+03   1.1779966E-16   8.7593060E-17      0
  1.851005395046666E+03  -4.5988929E-17   7.6283827E-17      0
  1.852550733889926E+03   1.0554066E-16   8.6678463E-17      0
  1.854096081837859E+03   6.7584668E-18   7.9578640E-17      0
  1.855641438890626E+03  -9.1231536E-17   7.3077152E-17      0
  1.857186805048388E+03   8.7239563E-17   8.4762322E-17      0
  1.858732180311305E+03   1.2440477E-16   8.5646281E-17      0
  1.860277564679539E+03  -9.0291595E-18   7.7098163E-17      0
  1.861822958153251E+03   2.7983462E-16   9.3724004E-17      0
  1.863368360732601E+03   2.3587467E-17   7.8429163E-17      0
  1.864913772417751E+03   7.3528217E-17   8.0389601E-17      0
  1.866459193208861E+03  -2.1747230E-17   7.3785887E-17      0
  1.868004623106092E+03   9.1995130E-17   8.2653098E-17      0
  1.869550062109606E+03   1.2629181E-16   8.2184325E-17      0
  1.871095510219563E+03   8.8900072E-17   8.1738481E-17      0
  1.872640967436125E+03  -9.6250504E-17   6.7790714E-17      0
  1.874186433759452E+03   2.4080464E-16   8.8542663E-17      0
  1.875731909189706E+03   2.8732708E-17   7.5652212E-17      0
  1.877277393727047E+03   1.8100066E-16   8.4974670E-17      0
  1.878822887371635E+03   2.1919725E-17   7.4890358E-17      0
  1.880368390123634E+03   1.3563887E-16   8.1064838E-17      0
  1.881913901983203E+03   1.4202498E-16   8.1064560E-17      0
  1.883459422950503E+03   2.9462350E-17   7.4045006E-17      0
  1.885004953025695E+03   3.0011383E-17   7.2822837E-17      0
  1.886550492208941E+03   8.0249754E-17   7.5389896E-17      0
  1.888096040500401E+03   1.3680486E-16   7.9909412E-17      0
  1.889641597900237E+03   9.9001171E-17   7.5427708E-17      0
  1.891187164408609E+03   2.1610594E-16   8.4429127E-17      0
  1.892732740025679E+03   2.0225429E-16   8.1314150E-17      0
  1.894278324751607E+03   1.7679726E-16   8.0651202E-17      0
  1.895823918586555E+03   1.6458746E-16   7.9240812E-17      0
  1.897369521530683E+03   1.8881497E-16   7.9864917E-17      0
  1.898915133584154E+03   5.7444279E-17   7.2307550E-17      0
  1.900460754747127E+03   9.7029656E-17   7.3197537E-17      0
  1.902006385019764E+03   1.4488994E-16   7.6889661E-17      0
  1.903552024402226E+03   1.5679710E-16   7.5576184E-17      0
  1.905097672894674E+03   1.9774651E-16   7.9219584E-17      0
  1.906643330497269E+03  -2.3440973E-17   6.4148465E-17      0
  1.908188997210173E+03   1.0566163E-16   7.1940368E-17      0
  1.909734673033545E+03   9.4339175E-17   7.1227014E-17      0
  1.911280357967548E+03   2.2814385E-16   7.8884926E-17      0
  1.912826052012343E+03   1.2409223E-16   7.3346469E-17      0
  1.914371755168090E+03   2.2979059E-16   7.8336578E-17      0
  1.915917467434951E+03  -1.0677697E-17   6.4157697E-17      0
  1.917463188813087E+03   1.1363851E-16   7.0123528E-17      0
  1.919008919302658E+03   7.1606226E-17   6.7383244E-17      0
  1.920554658903827E+03   1.2038681E-16   7.0288713E-17      0
  1.922100407616754E+03   1.1176371E-16   7.0071866E-17      0
  1.923646165441600E+03   7.4809248E-17   6.7069988E-17      0
  1.925191932378527E+03  -7.7520538E-18   6.0160039E-17      0
  1.926737708427696E+03   1.5830747E-16   7.1820599E-17      0
  1.928283493589267E+03   1.6592138E-16   7.1779352E-17      0
  1.929829287863402E+03   4.6050237E-17   6.4625557E-17      0
  1.931375091250263E+03   6.1587958E-17   6.4534732E-17      0
  1.932920903750010E+03   1.7558507E-16   7.0785207E-17      0
  1.934466725362804E+03   1.2425683E-16   6.8662899E-17      0
  1.936012556088806E+03   1.7556583E-16   7.1854592E-17      0
  1.937558395928179E+03   1.7812873E-16   7.1707030E-17      0
  1.939104244881083E+03   2.1047701E-16   7.2037710E-17      0
  1.940650102947678E+03   2.1234592E-16   7.2306696E-17      0
  1.942195970128128E+03   6.1548134E-17   6.3159879E-17      0
  1.943741846422591E+03   1.3934677E-16   6.7225557E-17      0
  1.945287731831231E+03   2.0472266E-16   7.2457772E-17      0
  1.946833626354207E+03   2.7500878E-16   7.4202832E-17      0
  1.948379529991682E+03   8.3731682E-17   6.3653652E-17      0
  1.949925442743815E+03   1.2740056E-16   6.6592096E-17      0
  1.951471364610770E+03   1.6660839E-16   6.7588948E-17      0
  1.953017295592707E+03   2.1116501E-16   7.1740567E-17      0
  1.954563235689787E+03   2.2224609E-16   7.1319082E-17      0
  1.956109184902170E+03   2.9006590E-16   7.4365880E-17      0
  1.957655143230020E+03   2.0328747E-16   6.9069131E-17      0
  1.959201110673496E+03   2.6992550E-16   7.3117300E-17      0
  1.960747087232761E+03   1.2058267E-16   6.2855681E-17      0
  1.962293072907974E+03   2.5504207E-16   7.1540959E-17      0
  1.963839067699299E+03   1.4118088E-16   6.5296843E-17      0
  1.965385071606895E+03   2.6870016E-16   7.0101664E-17      0
  1.966931084630924E+03   2.3887983E-16   7.0390284E-17      0
  1.968477106771548E+03   2.5020202E-16   6.9496519E-17      0
  1.970023138028927E+03   1.1839276E-16   6.2315638E-17      0
  1.971569178403224E+03   1.3595758E-16   6.3571775E-17      0
  1.973115227894598E+03   2.4937187E-16   6.7964991E-17      0
  1.974661286503212E+03   3.0014713E-16   7.2048477E-17      0
  1.976207354229227E+03   7.6967164E-17   5.7458864E-17      0
  1.977753431072804E+03   1.3386460E-16   6.1725236E-17      0
  1.979299517034105E+03   2.1730456E-16   6.6536304E-17      0
  1.980845612113290E+03   1.6464003E-16   6.2807043E-17      0
  1.982391716310521E+03   1.6354819E-16   6.2514459E-17      0
  1.983937829625960E+03   9.9360240E-17   5.8736686E-17      0
  1.985483952059767E+03   1.6921306E-16   6.1997485E-17      0
  1.987030083612105E+03   1.8670468E-16   6.2469534E-17      0
  1.988576224283134E+03   2.1048783E-16   6.4593813E-17      0
  1.990122374073015E+03   1.0826074E-16   5.7622692E-17      0
  1.991668532981911E+03   1.4737239E-16   6.0005852E-17      0
  1.993214701009982E+03   2.1295245E-16   6.3132721E-17      0
  1.994760878157391E+03   1.2537184E-17   5.1036842E-17      0
  1.996307064424296E+03   1.2078874E-16   5.7259017E-17      0
  1.997853259810862E+03   2.0739039E-16   6.2817664E-17      0
  1.999399464317249E+03   1.5462315E-16   5.9158257E-17      0
  2.000945677943617E+03   8.5566613E-17   5.4588593E-17      0
  2.002491900690130E+03   1.0529052E-16   5.6503179E-17      0
  2.004038132556947E+03   9.8335417E-17   5.4640491E-17      0
  2.005584373544231E+03   1.8190220E-16   5.9817811E-17      0
  2.007130623652143E+03   5.2642072E-17   5.1304746E-17      0
  2.008676882880843E+03   5.8379311E-17   5.0169718E-17      0
  2.010223151230495E+03   1.0174230E-16   5.4522181E-17      0
  2.011769428701258E+03   1.0588688E-16   5.3774277E-17      0
  2.013315715293295E+03   1.3028420E-16   5.5152489E-17      0
  2.014862011006767E+03   1.6410524E-16   5.7111474E-17      0
  2.016408315841835E+03   1.4992463E-16   5.4905665E-17      0
  2.017954629798660E+03   4.4657364E-17   4.8999867E-17      0
  2.019500952877405E+03   1.5236589E-16   5.5743311E-17      0
  2.021047285078230E+03   1.0249891E-16   5.2320769E-17      0
  2.022593626401298E+03   8.4094688E-17   5.0789449E-17      0
  2.024139976846768E+03   1.3971509E-16   5.4474820E-17      0
  2.025686336414803E+03   1.0512382E-16   5.1511485E-17      0
  2.027232705105566E+03   7.9165896E-17   5.0654565E-17      0
  2.028779082919215E+03   6.8104010E-17   4.9574631E-17      0
  2.030325469855915E+03   1.2455655E-16   5.2306617E-17      0
  2.031871865915824E+03   1.6192783E-16   5.3978462E-17      0
  2.033418271099106E+03   1.4754721E-16   5.3507075E-17      0
  2.034964685405922E+03   5.4763102E-17   4.7906827E-17      0
  2.036511108836433E+03   1.2000690E-16   5.1310635E-17      0
  2.038057541390801E+03   7.8324091E-17   4.8487021E-17      0
  2.039603983069186E+03   1.4393186E-16   5.2110294E-17      0
  2.041150433871752E+03   1.6102280E-16   5.2960004E-17      0
  2.042696893798658E+03   1.2766928E-16   5.1380565E-17      0
  2.044243362850068E+03   9.4845396E-17   4.8463103E-17      0
  2.045789841026141E+03   8.0337647E-17   4.9101057E-17      0
  2.047336328327040E+03   1.1271845E-16   4.8982205E-17      0
  2.048882824752926E+03   1.4796042E-16   5.1175150E-17      0
  2.050429330303961E+03   8.1586637E-17   4.7779600E-17      0
  2.051975844980307E+03   2.2187628E-16   5.4699479E-17      0
  2.053522368782124E+03   2.1203474E-16   5.5290956E-17      0
  2.055068901709574E+03   2.2771279E-16   5.5580026E-17      0
  2.056615443762820E+03   2.0044811E-16   5.2428064E-17      0
  2.058161994942022E+03   1.6861959E-16   5.1486888E-17      0
  2.059708555247342E+03   1.5552912E-16   5.1043099E-17      0
  2.061255124678941E+03   2.7978200E-16   5.6870765E-17      0
  2.062801703236981E+03   2.1097089E-16   5.2741929E-17      0
  2.064348290921625E+03   3.0456663E-16   5.7417955E-17      0
  2.065894887733033E+03   1.6691286E-16   5.0548570E-17      0
  2.067441493671366E+03   1.8816284E-16   5.2010311E-17      0
  2.068988108736787E+03   2.0899826E-16   5.2760035E-17      0
  2.070534732929457E+03   2.5704705E-16   5.4455192E-17      0
  2.072081366249537E+03   2.7490597E-16   5.4973222E-17      0
  2.073628008697190E+03   3.1681465E-16   5.7209968E-17      0
  2.075174660272577E+03   2.3259125E-16   5.2426148E-17      0
  2.076721320975859E+03   2.4990320E-16   5.3663398E-17      0
  2.078267990807198E+03   2.1642163E-16   5.1600298E-17      0
  2.079814669766755E+03   2.2182222E-16   5.1445029E-17      0
  2.081361357854694E+03   2.8113153E-16   5.4564231E-17      0
  2.082908055071173E+03   2.0380791E-16   4.9847700E-17      0
  2.084454761416357E+03   1.7737520E-16   4.8778364E-17      0
  2.086001476890406E+03   2.1389648E-16   4.9976975E-17      0
  2.087548201493481E+03   2.5116705E-16   5.1854206E-17      0
  2.089094935225745E+03   2.2449605E-16   5.0899123E-17      0
  2.090641678087359E+03   2.1483487E-16   4.8986225E-17      0
  2.092188430078485E+03   2.1633135E-16   5.0271763E-17      0
  2.093735191199285E+03   1.7289703E-16   4.6730179E-17      0
  2.095281961449919E+03   1.6655935E-16   4.6516998E-17      0
  2.096828740830550E+03   1.8601775E-16   4.7673261E-17      0
  2.098375529341340E+03   1.1451650E-16   4.3161629E-17      0
  2.099922326982449E+03   1.4688809E-16   4.4954067E-17      0
  2.101469133754041E+03   2.2554574E-16   4.8863018E-17      0
  2.103015949656276E+03   1.7765036E-16   4.6304320E-17      0
  2.104562774689316E+03   1.8916239E-16   4.7139485E-17      0
  2.106109608853323E+03   2.2416073E-16   4.8344693E-17      0
  2.107656452148459E+03   2.8636569E-16   5.1527059E-17      0
  2.109203304574885E+03   1.4578345E-16   4.4377558E-17      0
  2.110750166132763E+03   2.0750380E-16   4.7497746E-17      0
  2.112297036822255E+03   2.7134282E-16   5.0773842E-17      0
  2.113843916643522E+03   2.4223131E-16   4.8689962E-17      0
  2.115390805596726E+03   1.9865736E-16   4.5715262E-17      0
  2.116937703682030E+03   2.4871884E-16   4.8811170E-17      0
  2.118484610899593E+03   1.1928629E-16   4.1949691E-17      0
  2.120031527249580E+03   2.6861792E-16   4.9491344E-17      0
  2.121578452732150E+03   3.0901999E-16   5.1169151E-17      0
  2.123125387347467E+03   2.5564661E-16   4.8565895E-17      0
  2.124672331095691E+03   2.7694984E-16   5.0212431E-17      0
  2.126219283976984E+03   1.8497991E-16   4.4695652E-17      0
  2.127766245991509E+03   2.6262026E-16   4.8800377E-17      0
  2.129313217139426E+03   2.6075512E-16   4.8377595E-17      0
  2.130860197420899E+03   2.3897899E-16   4.6914816E-17      0
  2.132407186836087E+03   3.1917395E-16   5.1534964E-17      0
  2.133954185385154E+03   3.0169627E-16   5.0016644E-17      0
  2.135501193068261E+03   3.2893736E-16   5.1474698E-17      0
  2.137048209885570E+03   2.7442994E-16   4.8413485E-17      0
  2.138595235837243E+03   3.2241054E-16   4.9895250E-17      0
  2.140142270923441E+03   2.3178765E-16   4.6265002E-17      0
  2.141689315144326E+03   2.3259265E-16   4.5962830E-17      0
  2.143236368500061E+03   2.1750035E-16   4.5418042E-17      0
  2.144783430990806E+03   2.5627387E-16   4.7163056E-17      0
  2.146330502616724E+03   2.2826349E-16   4.5352894E-17      0
  2.147877583377976E+03   1.7918618E-16   4.2814475E-17      0
  2.149424673274726E+03   2.6248394E-16   4.6270349E-17      0
  2.150971772307133E+03   3.2024002E-16   4.9849474E-17      0
  2.152518880475360E+03   3.3079064E-16   4.9728090E-17      0
  2.154065997779569E+03   3.5357810E-16   5.1104019E-17      0
  2.155613124219922E+03   2.4346334E-16   4.5674773E-17      0
  2.157160259796581E+03   2.8793315E-16   4.7240315E-17      0
  2.158707404509707E+03   3.3499751E-16   4.9503153E-17      0
  2.160254558359462E+03   2.9946035E-16   4.8369572E-17      0
  2.161801721346008E+03   3.1364950E-16   4.8252727E-17      0
  2.163348893469508E+03   3.2664944E-16   4.8434403E-17      0
  2.164896074730123E+03   2.6357479E-16   4.6833464E-17      0
  2.166443265128014E+03   3.6049291E-16   4.9323380E-17      0
  2.167990464663345E+03   3.0372142E-16   4.7688640E-17      0
  2.169537673336275E+03   2.6086492E-16   4.5409817E-17      0
  2.171084891146969E+03   2.9026236E-16   4.5826200E-17      0
  2.172632118095587E+03   2.4624436E-16   4.4749151E-17      0
  2.174179354182291E+03   3.6688674E-16   4.9730469E-17      0
  2.175726599407243E+03   2.9493941E-16   4.6077117E-17      0
  2.177273853770606E+03   2.4867588E-16   4.4556243E-17      0
  2.178821117272541E+03   2.9904956E-16   4.6459029E-17      0
  2.180368389913210E+03   3.3389517E-16   4.8131443E-17      0
  2.181915671692775E+03   3.5725279E-16   4.8801548E-17      0
  2.183462962611397E+03   2.3049635E-16   4.3032387E-17      0
  2.185010262669240E+03   3.3173744E-16   4.6898272E-17      0
  2.186557571866464E+03   2.9657924E-16   4.6087936E-17      0
  2.188104890203232E+03   2.6425292E-16   4.3557521E-17      0
  2.189652217679706E+03   2.6642741E-16   4.4314560E-17      0
  2.191199554296047E+03   3.3962220E-16   4.7279612E-17      0
  2.192746900052418E+03   2.9869950E-16   4.4998030E-17      0
  2.194294254948981E+03   3.4573198E-16   4.7686913E-17      0
  2.195841618985897E+03   2.8313998E-16   4.4149935E-17      0
  2.197388992163329E+03   2.3947943E-16   4.2598955E-17      0
  2.198936374481438E+03   2.5756787E-16   4.2860535E-17      0
  2.200483765940387E+03   3.3564101E-16   4.6612326E-17      0
  2.202031166540337E+03   3.3768157E-16   4.6889570E-17      0
  2.203578576281451E+03   2.7705484E-16   4.3854271E-17      0
  2.205125995163890E+03   1.8960289E-16   3.9062880E-17      0
  2.206673423187818E+03   2.5681046E-16   4.2238572E-17      0
  2.208220860353394E+03   3.1088431E-16   4.5234302E-17      0
  2.209768306660781E+03   2.9814220E-16   4.4065533E-17      0
  2.211315762110144E+03   3.1015379E-16   4.4983448E-17      0
  2.212863226701641E+03   3.3174847E-16   4.5774345E-17      0
  2.214410700435436E+03   3.7774440E-16   4.7575544E-17      0
  2.215958183311690E+03   2.9787007E-16   4.3682462E-17      0
  2.217505675330567E+03   2.9451251E-16   4.4301805E-17      0
  2.219053176492227E+03   3.3527735E-16   4.4712285E-17      0
  2.220600686796833E+03   2.8747274E-16   4.2818303E-17      0
  2.222148206244547E+03   2.9308558E-16   4.3062679E-17      0
  2.223695734835530E+03   3.2606668E-16   4.4825735E-17      0
  2.225243272569946E+03   3.0556023E-16   4.3519497E-17      0
  2.226790819447956E+03   2.5890428E-16   4.1379187E-17      0
  2.228338375469722E+03   3.0691034E-16   4.3692616E-17      0
  2.229885940635406E+03   3.0901072E-16   4.3650536E-17      0
  2.231433514945171E+03   3.2213661E-16   4.4093068E-17      0
  2.232981098399178E+03   3.7165884E-16   4.6303367E-17      0
  2.234528690997590E+03   2.8073756E-16   4.1817123E-17      0
  2.236076292740568E+03   3.5372279E-16   4.4452524E-17      0
  2.237623903628275E+03   2.9274660E-16   4.2567369E-17      0
  2.239171523660873E+03   2.9665471E-16   4.2775627E-17      0
  2.240719152838523E+03   2.5973715E-16   4.0334653E-17      0
  2.242266791161389E+03   2.9399277E-16   4.2267384E-17      0
  2.243814438629632E+03   3.1929301E-16   4.3669700E-17      0
  2.245362095243414E+03   2.8715338E-16   4.1300585E-17      0
  2.246909761002898E+03   2.1057971E-16   3.8216165E-17      0
  2.248457435908245E+03   3.2071751E-16   4.2895294E-17      0
  2.250005119959619E+03   3.1168120E-16   4.2390965E-17      0
  2.251552813157179E+03   3.5066050E-16   4.5021287E-17      0
  2.253100515501091E+03   3.3412488E-16   4.3336492E-17      0
  2.254648226991514E+03   2.7960960E-16   4.1069239E-17      0
  2.256195947628611E+03   3.0030314E-16   4.2372883E-17      0
  2.257743677412545E+03   3.4366035E-16   4.3366098E-17      0
  2.259291416343478E+03   2.7854591E-16   4.1278556E-17      0
  2.260839164421572E+03   2.7970129E-16   4.1215545E-17      0
  2.262386921646988E+03   3.3815403E-16   4.2816109E-17      0
  2.263934688019890E+03   2.7145257E-16   4.0662257E-17      0
  2.265482463540439E+03   3.2618519E-16   4.3068002E-17      0
  2.267030248208798E+03   2.8410893E-16   4.0762865E-17      0
  2.268578042025129E+03   3.3820133E-16   4.3964008E-17      0
  2.270125844989594E+03   3.4378968E-16   4.3279416E-17      0
  2.271673657102355E+03   3.2461251E-16   4.2179005E-17      0
  2.273221478363575E+03   1.8030662E-16   3.6389290E-17      0
  2.274769308773415E+03   3.4047437E-16   4.2663107E-17      0
  2.276317148332038E+03   2.7185957E-16   4.0547553E-17      0
  2.277864997039606E+03   2.8798530E-16   4.0609125E-17      0
  2.279412854896282E+03   2.3444570E-16   3.8708767E-17      0
  2.280960721902227E+03   3.1113460E-16   4.1366224E-17      0
  2.282508598057604E+03   2.6137536E-16   3.9302110E-17      0
  2.284056483362575E+03   3.1398161E-16   4.2106600E-17      0
  2.285604377817303E+03   2.6310794E-16   3.9415428E-17      0
  2.287152281421949E+03   2.6468093E-16   3.9966336E-17      0
  2.288700194176676E+03   2.1748206E-16   3.7070761E-17      0
  2.290248116081646E+03   2.6029195E-16   3.9312473E-17      0
  2.291796047137022E+03   2.4982122E-16   3.8841917E-17      0
  2.293343987342965E+03   1.7493910E-16   3.4429348E-17      0
  2.294891936699637E+03   2.0858945E-16   3.7072286E-17      0
  2.296439895207203E+03   2.8412325E-16   3.9847497E-17      0
  2.297987862865823E+03   2.2758542E-16   3.7483365E-17      0
  2.299535839675660E+03   2.8035695E-16   3.9806677E-17      0
  2.301083825636877E+03   2.1810614E-16   3.6568421E-17      0
  2.302631820749634E+03   1.9179178E-16   3.5676230E-17      0
  2.304179825014095E+03   1.9075034E-16   3.5310279E-17      0
  2.305727838430422E+03   2.6846511E-16   3.8483886E-17      0
  2.307275860998778E+03   1.0200419E-16   3.0673181E-17      0
  2.308823892719324E+03   2.4698364E-16   3.7409180E-17      0
  2.310371933592223E+03   2.9208409E-16   3.9944859E-17      0
  2.311919983617639E+03   1.8489060E-16   3.5129524E-17      0
  2.313468042795731E+03   2.4654331E-16   3.7017947E-17      0
  2.315016111126664E+03   1.5076309E-16   3.3186953E-17      0
  2.316564188610599E+03   1.4039189E-16   3.2218969E-17      0
  2.318112275247699E+03   1.3386255E-16   3.1932583E-17      0
  2.319660371038126E+03   2.0377013E-16   3.5442565E-17      0
  2.321208475982042E+03   2.2485705E-16   3.6299448E-17      0
  2.322756590079611E+03   1.1742726E-16   3.1475672E-17      0
  2.324304713330993E+03   1.7527653E-16   3.3453371E-17      0
  2.325852845736353E+03   1.9446459E-16   3.4994131E-17      0
  2.327400987295851E+03   1.2692848E-16   3.1025824E-17      0
  2.328949138009651E+03   2.2524626E-16   3.6559845E-17      0
  2.330497297877914E+03   1.3343873E-16   3.1465590E-17      0
  2.332045466900804E+03   1.4771300E-16   3.2256510E-17      0
  2.333593645078482E+03   1.9459641E-16   3.4926748E-17      0
  2.335141832411111E+03   1.8595452E-16   3.4576808E-17      0
  2.336690028898854E+03   2.4743346E-16   3.6664384E-17      0
  2.338238234541872E+03   1.6145300E-16   3.2946773E-17      0
  2.339786449340329E+03   2.0467038E-16   3.4974407E-17      0
  2.341334673294386E+03   1.7622670E-16   3.3123515E-17      0
  2.342882906404206E+03   1.5291257E-16   3.3022539E-17      0
  2.344431148669953E+03   1.0997221E-16   2.9673050E-17      0
  2.345979400091786E+03   1.3820726E-16   3.1593942E-17      0
  2.347527660669871E+03   1.9554830E-16   3.4132152E-17      0
  2.349075930404368E+03   1.7187761E-16   3.2916299E-17      0
  2.350624209295440E+03   1.1897416E-16   3.0588669E-17      0
  2.352172497343251E+03   1.8816187E-16   3.3948640E-17      0
  2.353720794547962E+03   1.9707016E-16   3.4564155E-17      0
  2.355269100909735E+03   1.6541324E-16   3.2707410E-17      0
  2.356817416428733E+03   1.9141090E-16   3.3862250E-17      0
  2.358365741105119E+03   2.1933627E-16   3.4964329E-17      0
  2.359914074939056E+03   2.2623204E-16   3.5825311E-17      0
  2.361462417930705E+03   1.9361630E-16   3.3524982E-17      0
  2.363010770080229E+03   2.1454222E-16   3.5469349E-17      0
  2.364559131387791E+03   1.7380247E-16   3.3274147E-17      0
  2.366107501853553E+03   1.3379391E-16   3.1296091E-17      0
  2.367655881477677E+03   1.6443298E-16   3.2560416E-17      0
  2.369204270260328E+03   2.2412402E-16   3.4805755E-17      0
  2.370752668201664E+03   2.3670367E-16   3.6204584E-17      0
  2.372301075301852E+03   2.0681614E-16   3.4550464E-17      0
  2.373849491561052E+03   2.2281181E-16   3.5124769E-17      0
  2.375397916979428E+03   2.1091688E-16   3.5169635E-17      0
  2.376946351557141E+03   1.8797084E-16   3.3272179E-17      0
  2.378494795294355E+03   2.5789787E-16   3.7317810E-17      0
  2.380043248191232E+03   2.9125231E-16   3.7936607E-17      0
  2.381591710247934E+03   2.3078077E-16   3.5795652E-17      0
  2.383140181464624E+03   1.4573668E-16   3.1296412E-17      0
  2.384688661841465E+03   1.7840942E-16   3.3020914E-17      0
  2.386237151378618E+03   2.9357291E-16   3.8125108E-17      0
  2.387785650076247E+03   2.8423347E-16   3.7584228E-17      0
  2.389334157934515E+03   2.4360850E-16   3.6083382E-17      0
  2.390882674953584E+03   2.8671946E-16   3.7528622E-17      0
  2.392431201133615E+03   3.9713947E-16   4.2197166E-17      0
  2.393979736474773E+03   3.0217975E-16   3.8711361E-17      0
  2.395528280977220E+03   2.4393763E-16   3.5983154E-17      0
  2.397076834641118E+03   3.0871672E-16   3.8723428E-17      0
  2.398625397466630E+03   2.9490598E-16   3.8022637E-17      0
  2.400173969453917E+03   3.6852736E-16   4.0891548E-17      0
  2.401722550603145E+03   3.3024068E-16   3.9861688E-17      0
  2.403271140914473E+03   3.1659333E-16   3.8457033E-17      0
  2.404819740388066E+03   3.9361462E-16   4.1971048E-17      0
  2.406368349024086E+03   2.8913737E-16   3.7839377E-17      0
  2.407916966822695E+03   4.0084352E-16   4.2389115E-17      0
  2.409465593784057E+03   2.8150065E-16   3.7461127E-17      0
  2.411014229908333E+03   2.5281842E-16   3.6579915E-17      0
  2.412562875195687E+03   2.5267819E-16   3.5734954E-17      0
  2.414111529646281E+03   3.6578935E-16   4.0841136E-17      0
  2.415660193260278E+03   2.6315752E-16   3.6595417E-17      0
  2.417208866037840E+03   3.3055620E-16   3.8975056E-17      0
  2.418757547979130E+03   3.5849796E-16   4.0121122E-17      0
  2.420306239084312E+03   3.4860337E-16   3.9897432E-17      0
  2.421854939353546E+03   2.5932965E-16   3.6176896E-17      0
  2.423403648786997E+03   3.5955670E-16   4.0038764E-17      0
  2.424952367384827E+03   2.6828932E-16   3.6568331E-17      0
  2.426501095147198E+03   3.6105918E-16   4.0321160E-17      0
  2.428049832074273E+03   3.0392823E-16   3.8322586E-17      0
  2.429598578166214E+03   2.5756607E-16   3.5647795E-17      0
  2.431147333423187E+03   3.8510393E-16   4.1144897E-17      0
  2.432696097845350E+03   3.4409583E-16   3.9425205E-17      0
  2.434244871432870E+03   2.9788153E-16   3.7660120E-17      0
  2.435793654185907E+03   3.3006897E-16   3.8590335E-17      0
  2.437342446104624E+03   3.4615248E-16   3.9348502E-17      0
  2.438891247189184E+03   2.5084992E-16   3.5890738E-17      0
  2.440440057439750E+03   2.8351646E-16   3.7165291E-17      0
  2.441988876856487E+03   3.2641150E-16   3.9103226E-17      0
  2.443537705439553E+03   3.2286455E-16   3.8372786E-17      0
  2.445086543189113E+03   3.6558974E-16   4.0119719E-17      0
  2.446635390105331E+03   3.9456851E-16   4.1112908E-17      0
  2.448184246188368E+03   3.8421399E-16   4.0647480E-17      0
  2.449733111438388E+03   4.4541958E-16   4.3696908E-17      0
  2.451281985855553E+03   3.2073204E-16   3.8612791E-17      0
  2.452830869440026E+03   4.3063126E-16   4.3286494E-17      0
  2.454379762191970E+03   4.0937714E-16   4.1612088E-17      0
  2.455928664111547E+03   3.3653140E-16   3.8757260E-17      0
  2.457477575198921E+03   4.2456936E-16   4.2287114E-17      0
  2.459026495454254E+03   4.0439484E-16   4.1373864E-17      0
  2.460575424877708E+03   3.8951249E-16   4.1023066E-17      0
  2.462124363469448E+03   4.5892367E-16   4.3916081E-17      0
  2.463673311229635E+03   4.9858424E-16   4.4759487E-17      0
  2.465222268158432E+03   4.2733254E-16   4.2488390E-17      0
  2.466771234256003E+03   5.1140038E-16   4.5756978E-17      0
  2.468320209522509E+03   4.6365662E-16   4.3454124E-17      0
  2.469869193958114E+03   4.6840726E-16   4.3495797E-17      0
  2.471418187562982E+03   5.1552267E-16   4.5845324E-17      0
  2.472967190337272E+03   3.8324019E-16   3.9154472E-17      0
  2.474516202281151E+03   4.7253422E-16   4.3541342E-17      0
  2.476065223394780E+03   5.0907665E-16   4.6263156E-17      0
  2.477614253678322E+03   5.4528275E-16   4.7147402E-17      0
  2.479163293131939E+03   5.0148856E-16   4.4815090E-17      0
  2.480712341755795E+03   3.8537453E-16   4.0310669E-17      0
  2.482261399550054E+03   4.3999410E-16   4.2341500E-17      0
  2.483810466514876E+03   4.3330751E-16   4.2421842E-17      0
  2.485359542650426E+03   4.5891636E-16   4.3189429E-17      0
  2.486908627956866E+03   5.2194022E-16   4.5152938E-17      0
  2.488457722434358E+03   5.2477752E-16   4.5581477E-17      0
  2.490006826083068E+03   5.3506674E-16   4.5738714E-17      0
  2.491555938903155E+03   4.4363208E-16   4.2207814E-17      0
  2.493105060894785E+03   4.6964276E-16   4.3442093E-17      0
  2.494654192058119E+03   4.6681712E-16   4.3582522E-17      0
  2.496203332393321E+03   5.2169553E-16   4.4674923E-17      0
  2.497752481900553E+03   5.7149615E-16   4.7151194E-17      0
  2.499301640579979E+03   5.0490512E-16   4.4115411E-17      0
  2.500850808431761E+03   4.3550506E-16   4.1820270E-17      0
  2.502399985456062E+03   4.9286507E-16   4.3587465E-17      0
  2.503949171653046E+03   4.9036241E-16   4.3581390E-17      0
  2.505498367022874E+03   4.9113337E-16   4.3888622E-17      0
  2.507047571565711E+03   4.5584285E-16   4.2237156E-17      0
  2.508596785281718E+03   5.2172894E-16   4.4784237E-17      0
  2.510146008171060E+03   4.8297734E-16   4.3913136E-17      0
  2.511695240233899E+03   4.9333555E-16   4.3140235E-17      0
  2.513244481470397E+03   5.5740067E-16   4.6240594E-17      0
  2.514793731880718E+03   5.4381130E-16   4.5068764E-17      0
  2.516342991465026E+03   5.5384049E-16   4.6014142E-17      0
  2.517892260223482E+03   4.9941804E-16   4.3680880E-17      0
  2.519441538156249E+03   4.7100315E-16   4.2627443E-17      0
  2.520990825263491E+03   4.7969355E-16   4.3370853E-17      0
  2.522540121545372E+03   5.0864609E-16   4.3491704E-17      0
  2.524089427002052E+03   4.3752828E-16   4.1563778E-17      0
  2.525638741633697E+03   4.5706443E-16   4.2514347E-17      0
  2.527188065440468E+03   4.8083969E-16   4.2892958E-17      0
  2.528737398422529E+03   4.5614794E-16   4.2520171E-17      0
  2.530286740580043E+03   5.0491819E-16   4.3662259E-17      0
  2.531836091913173E+03   4.3223451E-16   4.1190666E-17      0
  2.533385452422081E+03   5.4773772E-16   4.5874497E-17      0
  2.534934822106931E+03   4.3790153E-16   4.0680766E-17      0
  2.536484200967886E+03   4.6573270E-16   4.2707494E-17      0
  2.538033589005109E+03   4.1486453E-16   4.0287762E-17      0
  2.539582986218762E+03   4.5611448E-16   4.2224592E-17      0
  2.541132392609010E+03   4.3471705E-16   4.1667453E-17      0
  2.542681808176016E+03   3.6480097E-16   3.7957350E-17      0
  2.544231232919940E+03   4.2291410E-16   4.1665309E-17      0
  2.545780666840948E+03   4.4784104E-16   4.1590125E-17      0
  2.547330109939203E+03   4.5855050E-16   4.1549094E-17      0
  2.548879562214867E+03   4.7415041E-16   4.3138687E-17      0
  2.550429023668103E+03   3.8482147E-16   3.8986098E-17      0
  2.551978494299074E+03   4.1385193E-16   4.0185271E-17      0
  2.553527974107944E+03   4.1000024E-16   4.0897742E-17      0
  2.555077463094876E+03   4.0309102E-16   3.9387826E-17      0
  2.556626961260033E+03   4.2485423E-16   4.0706061E-17      0
  2.558176468603577E+03   3.3121090E-16   3.6960005E-17      0
  2.559725985125672E+03   4.4774072E-16   4.0877519E-17      0
  2.561275510826481E+03   3.7674861E-16   3.9418931E-17      0
  2.562825045706167E+03   4.4705642E-16   4.1212037E-17      0
  2.564374589764894E+03   3.7063867E-16   3.9013845E-17      0
  2.565924143002824E+03   4.4651591E-16   4.1401551E-17      0
  2.567473705420121E+03   4.6534201E-16   4.2071842E-17      0
  2.569023277016947E+03   3.7306812E-16   3.8477243E-17      0
  2.570572857793466E+03   4.0321249E-16   3.9949131E-17      0
  2.572122447749841E+03   3.9396400E-16   3.9317357E-17      0
  2.573672046886235E+03   3.4629619E-16   3.7842640E-17      0
  2.575221655202811E+03   3.5040054E-16   3.7981626E-17      0
  2.576771272699733E+03   4.1591081E-16   4.0825671E-17      0
  2.578320899377163E+03   3.7638645E-16   3.8134303E-17      0
  2.579870535235265E+03   4.1227301E-16   4.0466096E-17      0
  2.581420180274203E+03   4.2259220E-16   4.0514529E-17      0
  2.582969834494138E+03   3.5288306E-16   3.7979280E-17      0
  2.584519497895234E+03   2.9017213E-16   3.5588923E-17      0
  2.586069170477655E+03   2.5528138E-16   3.4210096E-17      0
  2.587618852241563E+03   3.4083894E-16   3.7331644E-17      0
  2.589168543187122E+03   3.0398369E-16   3.5996482E-17      0
  2.590718243314495E+03   3.2812370E-16   3.6569556E-17      0
  2.592267952623846E+03   3.0399372E-16   3.6076847E-17      0
  2.593817671115338E+03   4.0700280E-16   4.0255211E-17      0
  2.595367398789132E+03   3.8082892E-16   3.8793050E-17      0
  2.596917135645394E+03   3.9662371E-16   3.9428805E-17      0
  2.598466881684285E+03   3.0236509E-16   3.5974670E-17      0
  2.600016636905971E+03   2.9875757E-16   3.5837362E-17      0
  2.601566401310612E+03   3.3114716E-16   3.6646199E-17      0
  2.603116174898374E+03   4.0096152E-16   3.9969026E-17      0
  2.604665957669419E+03   4.2409762E-16   4.0395650E-17      0
  2.606215749623910E+03   3.7661531E-16   3.8897626E-17      0
  2.607765550762011E+03   3.9585068E-16   3.9627553E-17      0
  2.609315361083884E+03   4.9666354E-16   4.3311114E-17      0
  2.610865180589694E+03   4.2617637E-16   4.0366758E-17      0
  2.612415009279603E+03   4.0817512E-16   3.9636477E-17      0
  2.613964847153774E+03   3.8221173E-16   3.8941119E-17      0
  2.615514694212372E+03   4.6772344E-16   4.2243005E-17      0
  2.617064550455560E+03   4.2122284E-16   4.0158203E-17      0
  2.618614415883499E+03   4.7685811E-16   4.2835899E-17      0
  2.620164290496354E+03   4.4720714E-16   4.2128256E-17      0
  2.621714174294288E+03   4.1032108E-16   4.0821558E-17      0
  2.623264067277465E+03   4.2423868E-16   4.0886254E-17      0
  2.624813969446047E+03   4.7138188E-16   4.2183908E-17      0
  2.626363880800198E+03   4.2870722E-16   4.1037181E-17      0
  2.627913801340082E+03   3.8091575E-16   3.8952699E-17      0
  2.629463731065862E+03   2.9457889E-16   3.5760093E-17      0
  2.631013669977700E+03   4.1513106E-16   4.0665377E-17      0
  2.632563618075761E+03   4.7416656E-16   4.2168304E-17      0
  2.634113575360208E+03   4.3882294E-16   4.1276720E-17      0
  2.635663541831203E+03   3.9342851E-16   3.9472467E-17      0
  2.637213517488911E+03   4.0223604E-16   3.9746303E-17      0
  2.638763502333495E+03   3.9145233E-16   4.0185983E-17      0
  2.640313496365117E+03   4.3731176E-16   4.0775878E-17      0
  2.641863499583942E+03   4.4965469E-16   4.1421625E-17      0
  2.643413511990133E+03   4.4101842E-16   4.1147580E-17      0
  2.644963533583853E+03   4.4418900E-16   4.1328666E-17      0
  2.646513564365266E+03   4.1874519E-16   4.0272618E-17      0
  2.648063604334534E+03   5.2428258E-16   4.3854343E-17      0
  2.649613653491822E+03   3.6681365E-16   3.9171125E-17      0
  2.651163711837293E+03   4.4340550E-16   4.1217894E-17      0
  2.652713779371109E+03   5.4518773E-16   4.5423829E-17      0
  2.654263856093436E+03   4.3565472E-16   4.0916006E-17      0
  2.655813942004434E+03   4.3499531E-16   4.0797368E-17      0
  2.657364037104270E+03   4.4870623E-16   4.1736291E-17      0
  2.658914141393105E+03   4.0943373E-16   4.0038748E-17      0
  2.660464254871104E+03   4.8682446E-16   4.3890908E-17      0
  2.662014377538428E+03   4.9592757E-16   4.3307981E-17      0
  2.663564509395243E+03   4.3517318E-16   4.1376696E-17      0
  2.665114650441711E+03   5.5413150E-16   4.5535803E-17      0
  2.666664800677996E+03   5.2206765E-16   4.3846211E-17      0
  2.668214960104262E+03   5.0639499E-16   4.3541848E-17      0
  2.669765128720671E+03   4.5976260E-16   4.1794617E-17      0
  2.671315306527387E+03   5.2549458E-16   4.3974132E-17      0
  2.672865493524575E+03   4.9689361E-16   4.4402751E-17      0
  2.674415689712396E+03   5.4471699E-16   4.4541674E-17      0
  2.675965895091015E+03   5.0988286E-16   4.4551587E-17      0
  2.677516109660595E+03   5.0203600E-16   4.3346918E-17      0
  2.679066333421299E+03   5.7990014E-16   4.6404842E-17      0
  2.680616566373292E+03   4.9353677E-16   4.3390192E-17      0
  2.682166808516737E+03   5.2426485E-16   4.5303233E-17      0
  2.683717059851796E+03   5.6823878E-16   4.5483701E-17      0
  2.685267320378633E+03   4.7509480E-16   4.2330961E-17      0
  2.686817590097413E+03   4.5119470E-16   4.2412472E-17      0
  2.688367869008298E+03   4.4787926E-16   4.1619050E-17      0
  2.689918157111452E+03   4.6727128E-16   4.2607104E-17      0
  2.691468454407039E+03   4.1128561E-16   4.1447718E-17      0
  2.693018760895222E+03   3.8122444E-16   3.9172048E-17      0
  2.694569076576164E+03   4.1777939E-16   4.1318290E-17      0
  2.696119401450030E+03   4.1248159E-16   4.0264284E-17      0
  2.697669735516983E+03   4.6022000E-16   4.2784918E-17      0
  2.699220078777185E+03   4.9329902E-16   4.4027399E-17      0
  2.700770431230801E+03   4.3510039E-16   4.1326883E-17      0
  2.702320792877995E+03   4.0432358E-16   4.0360369E-17      0
  2.703871163718930E+03   4.3580382E-16   4.1515920E-17      0
  2.705421543753768E+03   4.3932145E-16   4.1922410E-17      0
  2.706971932982676E+03   4.3100030E-16   4.1301062E-17      0
  2.708522331405814E+03   4.2254969E-16   4.1958634E-17      0
  2.710072739023347E+03   3.7442234E-16   3.9129011E-17      0
  2.711623155835440E+03   3.8563967E-16   3.9754641E-17      0
  2.713173581842255E+03   4.6177589E-16   4.3713246E-17      0
  2.714724017043955E+03   5.2713767E-16   4.4782781E-17      0
  2.716274461440706E+03   4.6897091E-16   4.2942780E-17      0
  2.717824915032669E+03   4.3606733E-16   4.1672770E-17      0
  2.719375377820008E+03   5.3274365E-16   4.4789031E-17      0
  2.720925849802888E+03   5.1060279E-16   4.4871441E-17      0
  2.722476330981473E+03   5.0597788E-16   4.3945221E-17      0
  2.724026821355924E+03   4.7780822E-16   4.3679090E-17      0
  2.725577320926407E+03   5.4106961E-16   4.5327625E-17      0
  2.727127829693085E+03   4.3984962E-16   4.1843120E-17      0
  2.728678347656120E+03   4.0976074E-16   4.1243851E-17      0
  2.730228874815678E+03   4.1695652E-16   4.1075572E-17      0
  2.731779411171923E+03   3.7968718E-16   3.9920792E-17      0
  2.733329956725016E+03   4.1921638E-16   4.1212375E-17      0
  2.734880511475121E+03   4.5194639E-16   4.2532820E-17      0
  2.736431075422404E+03   3.7043160E-16   3.9899553E-17      0
  2.737981648567027E+03   4.0395965E-16   4.0967516E-17      0
  2.739532230909154E+03   3.7479855E-16   4.0390895E-17      0
  2.741082822448949E+03   3.9826110E-16   4.0448950E-17      0
  2.742633423186574E+03   3.6844848E-16   3.9819423E-17      0
  2.744184033122196E+03   3.3518491E-16   3.8762679E-17      0
  2.745734652255975E+03   3.5272914E-16   3.8201517E-17      0
  2.747285280588078E+03   3.4214964E-16   3.9102052E-17      0
  2.748835918118666E+03   3.0587080E-16   3.7195857E-17      0
  2.750386564847904E+03   2.9890212E-16   3.6980400E-17      0
  2.751937220775955E+03   2.7788345E-16   3.6052829E-17      0
  2.753487885902984E+03   2.2742451E-16   3.3417902E-17      0
  2.755038560229153E+03   2.2329448E-16   3.3926889E-17      0
  2.756589243754628E+03   1.8123203E-16   3.1756767E-17      0
  2.758139936479570E+03   2.5987143E-16   3.4953635E-17      0
  2.759690638404145E+03   2.0797970E-16   3.3577078E-17      0
  2.761241349528515E+03   2.3591278E-16   3.4225227E-17      0
  2.762792069852846E+03   2.2463671E-16   3.3539249E-17      0
  2.764342799377299E+03   1.7886699E-16   3.2703664E-17      0
  2.765893538102040E+03   2.9982356E-16   3.6917507E-17      0
  2.767444286027231E+03   2.2701539E-16   3.4147412E-17      0
  2.768995043153036E+03   2.6322650E-16   3.5889742E-17      0
  2.770545809479621E+03   2.1431765E-16   3.2960980E-17      0
  2.772096585007147E+03   2.1870812E-16   3.4466654E-17      0
  2.773647369735780E+03   2.3659319E-16   3.4334646E-17      0
  2.775198163665681E+03   2.2913173E-16   3.4271807E-17      0
  2.776748966797017E+03   2.2087581E-16   3.4071110E-17      0
  2.778299779129949E+03   1.7668637E-16   3.1696532E-17      0
  2.779850600664643E+03   2.3081531E-16   3.4587012E-17      0
  2.781401431401262E+03   2.9622097E-16   3.7203507E-17      0
  2.782952271339969E+03   2.4332197E-16   3.5405504E-17      0
  2.784503120480928E+03   2.3497830E-16   3.4890716E-17      0
  2.786053978824304E+03   2.4704489E-16   3.5511052E-17      0
  2.787604846370260E+03   2.5794933E-16   3.6465050E-17      0
  2.789155723118960E+03   2.5905219E-16   3.5321115E-17      0
  2.790706609070567E+03   2.4538859E-16   3.5983650E-17      0
  2.792257504225246E+03   2.5319932E-16   3.6278917E-17      0
  2.793808408583161E+03   1.9412706E-16   3.3164718E-17      0
  2.795359322144474E+03   1.4071658E-16   3.1059213E-17      0
  2.796910244909351E+03   2.3139852E-16   3.5298232E-17      0
  2.798461176877955E+03   2.5090064E-16   3.6103863E-17      0
  2.800012118050449E+03   3.1505827E-16   3.8783104E-17      0
  2.801563068426998E+03   2.5474775E-16   3.5881867E-17      0
  2.803114028007766E+03   2.0487173E-16   3.4144021E-17      0
  2.804664996792916E+03   3.3271984E-16   3.9771813E-17      0
  2.806215974782612E+03   3.0929625E-16   3.8872943E-17      0
  2.807766961977018E+03   2.8619597E-16   3.7844886E-17      0
  2.809317958376299E+03   3.3913039E-16   3.9403056E-17      0
  2.810868963980617E+03   3.2053910E-16   3.9322519E-17      0
  2.812419978790137E+03   3.8670807E-16   4.1614083E-17      0
  2.813971002805023E+03   3.8605049E-16   4.2315261E-17      0
  2.815522036025439E+03   3.6417541E-16   4.0526616E-17      0
  2.817073078451548E+03   4.3502000E-16   4.3963578E-17      0
  2.818624130083514E+03   3.6726001E-16   4.1489275E-17      0
  2.820175190921502E+03   4.0124512E-16   4.2050296E-17      0
  2.821726260965675E+03   4.0445709E-16   4.2967913E-17      0
  2.823277340216197E+03   4.3611439E-16   4.3598655E-17      0
  2.824828428673233E+03   4.4317587E-16   4.4003917E-17      0
  2.826379526336946E+03   4.3842079E-16   4.4333423E-17      0
  2.827930633207499E+03   4.8645197E-16   4.5268419E-17      0
  2.829481749285058E+03   5.7352357E-16   4.9845732E-17      0
  2.831032874569785E+03   4.7498013E-16   4.5058275E-17      0
  2.832584009061846E+03   4.6484824E-16   4.4975358E-17      0
  2.834135152761403E+03   5.6620918E-16   4.9162907E-17      0
  2.835686305668621E+03   4.4236669E-16   4.4041399E-17      0
  2.837237467783664E+03   4.9376224E-16   4.6746786E-17      0
  2.838788639106696E+03   4.8043391E-16   4.5814722E-17      0
  2.840339819637880E+03   5.3790658E-16   4.7547046E-17      0
  2.841891009377382E+03   4.9112786E-16   4.6802802E-17      0
  2.843442208325363E+03   6.3518223E-16   5.1207198E-17      0
  2.844993416481991E+03   6.5208286E-16   5.2112349E-17      0
  2.846544633847426E+03   6.0273430E-16   5.0762317E-17      0
  2.848095860421834E+03   6.0974927E-16   5.0866430E-17      0
  2.849647096205379E+03   5.2418867E-16   4.8341143E-17      0
  2.851198341198225E+03   5.4111975E-16   4.8476175E-17      0
  2.852749595400535E+03   5.1831704E-16   4.7547268E-17      0
  2.854300858812474E+03   5.6548047E-16   4.9375513E-17      0
  2.855852131434207E+03   5.4409490E-16   4.9186479E-17      0
  2.857403413265896E+03   6.3326089E-16   5.1306715E-17      0
  2.858954704307706E+03   5.8558882E-16   5.0926618E-17      0
  2.860506004559801E+03   5.5415982E-16   4.9816066E-17      0
  2.862057314022346E+03   5.8705275E-16   5.1403730E-17      0
  2.863608632695502E+03   6.4590561E-16   5.2938186E-17      0
  2.865159960579437E+03   7.0615183E-16   5.4474095E-17      0
  2.866711297674312E+03   6.3360108E-16   5.2552601E-17      0
  2.868262643980293E+03   6.8391584E-16   5.3747493E-17      0
  2.869813999497544E+03   5.5338679E-16   4.9741209E-17      0
  2.871365364226227E+03   6.4402721E-16   5.3792224E-17      0
  2.872916738166508E+03   6.7334572E-16   5.4230924E-17      0
  2.874468121318551E+03   7.5797521E-16   5.7292574E-17      0
  2.876019513682520E+03   8.0118168E-16   5.7672581E-17      0
  2.877570915258578E+03   7.9121348E-16   5.8390421E-17      0
  2.879122326046891E+03   8.0543061E-16   5.8374526E-17      0
  2.880673746047620E+03   7.5766107E-16   5.7368291E-17      0
  2.882225175260933E+03   8.4748087E-16   6.0540846E-17      0
  2.883776613686992E+03   7.5720796E-16   5.7005741E-17      0
  2.885328061325961E+03   8.1119265E-16   5.9089045E-17      0
  2.886879518178005E+03   8.0109549E-16   5.8465165E-17      0
  2.888430984243287E+03   9.4320867E-16   6.2930955E-17      0
  2.889982459521972E+03   8.0260506E-16   5.9307632E-17      0
  2.891533944014224E+03   8.4471737E-16   6.0343190E-17      0
  2.893085437720207E+03   8.0417096E-16   5.9903421E-17      0
  2.894636940640085E+03   8.2570423E-16   5.8928956E-17      0
  2.896188452774023E+03   8.3993698E-16   6.0825052E-17      0
  2.897739974122184E+03   8.0124817E-16   5.9905552E-17      0
  2.899291504684733E+03   9.6898695E-16   6.4331967E-17      0
  2.900843044461834E+03   7.8688535E-16   5.9609686E-17      0
  2.902394593453651E+03   8.6337512E-16   6.2425336E-17      0
  2.903946151660348E+03   8.6697009E-16   6.1415858E-17      0
  2.905497719082090E+03   8.4592000E-16   6.1859802E-17      0
  2.907049295719040E+03   7.9625999E-16   6.0617781E-17      0
  2.908600881571364E+03   7.6064729E-16   5.8441832E-17      0
  2.910152476639224E+03   6.1454930E-16   5.4805470E-17      0
  2.911704080922786E+03   6.2874843E-16   5.5353835E-17      0
  2.913255694422212E+03   8.4530992E-16   6.2440490E-17      0
  2.914807317137669E+03   7.7123557E-16   6.0137116E-17      0
  2.916358949069319E+03   7.9766601E-16   6.0856412E-17      0
  2.917910590217328E+03   7.3444930E-16   5.9378545E-17      0
  2.919462240581859E+03   7.7791104E-16   6.1029809E-17      0
  2.921013900163076E+03   7.4963856E-16   6.0032732E-17      0
  2.922565568961144E+03   8.3823132E-16   6.2909647E-17      0
  2.924117246976228E+03   8.7651991E-16   6.4316237E-17      0
  2.925668934208491E+03   8.4799301E-16   6.2822415E-17      0
  2.927220630658097E+03   9.1456254E-16   6.5263187E-17      0
  2.928772336325212E+03   8.8464809E-16   6.4685392E-17      0
  2.930324051209997E+03   9.4363483E-16   6.6658244E-17      0
  2.931875775312621E+03   8.8010561E-16   6.4850272E-17      0
  2.933427508633244E+03   9.5306601E-16   6.7009385E-17      0
  2.934979251172032E+03   9.5103388E-16   6.8021841E-17      0
  2.936531002929150E+03   9.5377286E-16   6.7198578E-17      0
  2.938082763904760E+03   9.4034019E-16   6.8478564E-17      0
  2.939634534099030E+03   1.0717726E-15   7.0805575E-17      0
  2.941186313512120E+03   9.4727220E-16   6.7969742E-17      0
  2.942738102144197E+03   9.4550963E-16   6.7564311E-17      0
  2.944289899995426E+03   8.6700053E-16   6.4996094E-17      0
  2.945841707065969E+03   9.3369405E-16   6.8408723E-17      0
  2.947393523355991E+03   8.8761022E-16   6.6463016E-17      0
  2.948945348865657E+03   9.9559861E-16   6.9958694E-17      0
  2.950497183595131E+03   9.3806623E-16   6.8685399E-17      0
  2.952049027544578E+03   1.0294552E-15   7.1218451E-17      0
  2.953600880714161E+03   1.0379915E-15   7.1633332E-17      0
  2.955152743104045E+03   1.0570435E-15   7.3316538E-17      0
  2.956704614714395E+03   1.0085199E-15   7.0159613E-17      0
  2.958256495545374E+03   9.2004655E-16   6.9083081E-17      0
  2.959808385597148E+03   1.0602726E-15   7.4349131E-17      0
  2.961360284869879E+03   9.0684808E-16   6.8946047E-17      0
  2.962912193363734E+03   9.5326231E-16   7.1222170E-17      0
  2.964464111078876E+03   9.7878098E-16   7.0353908E-17      0
  2.966016038015469E+03   8.9352246E-16   6.9641487E-17      0
  2.967567974173679E+03   9.6326461E-16   7.1751996E-17      0
  2.969119919553668E+03   1.0550347E-15   7.2983575E-17      0
  2.970671874155603E+03   9.1923245E-16   7.1713409E-17      0
  2.972223837979646E+03   9.8901240E-16   7.1292381E-17      0
  2.973775811025964E+03   9.2456621E-16   7.1247733E-17      0
  2.975327793294719E+03   9.6346080E-16   7.3653750E-17      0
  2.976879784786076E+03   9.3176324E-16   7.2136489E-17      0
  2.978431785500200E+03   1.1146067E-15   7.7648496E-17      0
  2.979983795437256E+03   1.1897230E-15   8.0509615E-17      0
  2.981535814597406E+03   9.7935802E-16   7.3489015E-17      0
  2.983087842980817E+03   9.6369808E-16   7.4017471E-17      0
  2.984639880587653E+03   9.8055668E-16   7.4700722E-17      0
  2.986191927418077E+03   9.9715281E-16   7.5594792E-17      0
  2.987743983472255E+03   9.5074218E-16   7.3529282E-17      0
  2.989296048750350E+03   1.0070901E-15   7.6844530E-17      0
  2.990848123252529E+03   8.3250024E-16   7.1498170E-17      0
  2.992400206978953E+03   9.8360610E-16   7.6105751E-17      0
  2.993952299929788E+03   9.9007500E-16   7.7205167E-17      0
  2.995504402105200E+03   9.9127652E-16   7.6539763E-17      0
  2.997056513505352E+03   9.6788189E-16   7.7587232E-17      0
  2.998608634130408E+03   1.1156702E-15   8.1911997E-17      0
  3.000160763980533E+03   9.6260593E-16   7.6158400E-17      0
  3.001712903055893E+03   1.0023548E-15   7.8889816E-17      0
  3.003265051356650E+03   1.0863730E-15   8.1659641E-17      0
  3.004817208882970E+03   8.9259506E-16   7.6223099E-17      0
  3.006369375635016E+03   9.6698912E-16   7.9494889E-17      0
  3.007921551612954E+03   1.0044670E-15   7.9764100E-17      0
  3.009473736816949E+03   1.0655226E-15   8.1467172E-17      0
  3.011025931247164E+03   1.0685130E-15   8.3097320E-17      0
  3.012578134903764E+03   9.0735440E-16   7.7273678E-17      0
  3.014130347786915E+03   8.9850640E-16   7.7015088E-17      0
  3.015682569896779E+03   1.0982408E-15   8.4857402E-17      0
  3.017234801233522E+03   1.2518577E-15   9.0184227E-17      0
  3.018787041797309E+03   9.3057263E-16   8.0032332E-17      0
  3.020339291588303E+03   9.7026830E-16   8.1681452E-17      0
  3.021891550606669E+03   9.5323648E-16   8.2310380E-17      0
  3.023443818852573E+03   9.0991540E-16   8.0137165E-17      0
  3.024996096326178E+03   1.0982416E-15   8.7346309E-17      0
  3.026548383027650E+03   1.0127300E-15   8.5411143E-17      0
  3.028100678957152E+03   1.0814768E-15   8.7285375E-17      0
  3.029652984114849E+03   1.0749585E-15   8.8116123E-17      0
  3.031205298500906E+03   9.7874784E-16   8.3996479E-17      0
  3.032757622115488E+03   1.2725471E-15   9.4624512E-17      0
  3.034309954958759E+03   9.8299031E-16   8.4960938E-17      0
  3.035862297030883E+03   9.9588109E-16   8.6031092E-17      0
  3.037414648332026E+03   1.1843394E-15   9.4647508E-17      0
  3.038967008862351E+03   1.1942629E-15   9.1928314E-17      0
  3.040519378622024E+03   1.1751234E-15   9.4417247E-17      0
  3.042071757611208E+03   1.0325610E-15   8.9130339E-17      0
  3.043624145830070E+03   1.1299305E-15   9.3202165E-17      0
  3.045176543278773E+03   1.1605670E-15   9.6732089E-17      0
  3.046728949957482E+03   1.1932809E-15   9.5870187E-17      0
  3.048281365866361E+03   1.1536655E-15   9.5078952E-17      0
  3.049833791005576E+03   1.1037792E-15   9.5252832E-17      0
  3.051386225375290E+03   1.1051410E-15   9.3520928E-17      0
  3.052938668975669E+03   1.2692518E-15   1.0114381E-16      0
  3.054491121806878E+03   1.2342388E-15   9.9592215E-17      0
  3.056043583869080E+03   1.1379186E-15   9.6756732E-17      0
  3.057596055162441E+03   1.2272667E-15   1.0201926E-16      0
  3.059148535687124E+03   9.8948409E-16   9.2422366E-17      0
  3.060701025443296E+03   1.2929708E-15   1.0561922E-16      0
  3.062253524431120E+03   1.5013663E-15   1.1102353E-16      0
  3.063806032650761E+03   1.2845111E-15   1.0404570E-16      0
  3.065358550102385E+03   1.3417708E-15   1.0676644E-16      0
  3.066911076786155E+03   1.0793408E-15   9.8528348E-17      0
  3.068463612702236E+03   1.3878831E-15   1.0919883E-16      0
  3.070016157850794E+03   1.3223153E-15   1.0887380E-16      0
  3.071568712231991E+03   1.0997902E-15   1.0166495E-16      0
  3.073121275845995E+03   1.3554672E-15   1.1147659E-16      0
  3.074673848692969E+03   1.2557986E-15   1.0770087E-16      0
  3.076226430773077E+03   1.1089212E-15   1.0446669E-16      0
  3.077779022086485E+03   1.4253726E-15   1.1295540E-16      0
  3.079331622633358E+03   1.2701872E-15   1.0960291E-16      0
  3.080884232413860E+03   1.2205994E-15   1.0952671E-16      0
  3.082436851428155E+03   1.3659672E-15   1.1481585E-16      0
  3.083989479676409E+03   1.6684307E-15   1.2388479E-16      0
  3.085542117158786E+03   1.2369693E-15   1.1141693E-16      0
  3.087094763875452E+03   1.3652721E-15   1.1554874E-16      0
  3.088647419826571E+03   1.4199262E-15   1.1992963E-16      0
  3.090200085012306E+03   1.1908324E-15   1.1276869E-16      0
  3.091752759432825E+03   1.4477827E-15   1.2102885E-16      0
  3.093305443088291E+03   1.4229882E-15   1.2229279E-16      0
  3.094858135978868E+03   1.2010187E-15   1.1550225E-16      0
  3.096410838104723E+03   1.3218624E-15   1.2064098E-16      0
  3.097963549466018E+03   1.3727231E-15   1.1957474E-16      0
  3.099516270062921E+03   1.4610189E-15   1.2701438E-16      0
  3.101068999895594E+03   1.3516270E-15   1.2528421E-16      0
  3.102621738964203E+03   1.3307165E-15   1.2305030E-16      0
  3.104174487268914E+03   1.2778564E-15   1.2400785E-16      0
  3.105727244809890E+03   1.2985647E-15   1.2170345E-16      0
  3.107280011587296E+03   1.2657954E-15   1.2189459E-16      0
  3.108832787601297E+03   1.5201676E-15   1.3352442E-16      0
  3.110385572852058E+03   1.5678173E-15   1.3574917E-16      0
  3.111938367339745E+03   1.4841758E-15   1.3477783E-16      0
  3.113491171064521E+03   1.4964607E-15   1.3517752E-16      0
  3.115043984026552E+03   1.4883640E-15   1.3458925E-16      0
  3.116596806226003E+03   1.5140079E-15   1.3726132E-16      0
  3.118149637663038E+03   1.4097524E-15   1.3314923E-16      0
  3.119702478337821E+03   1.3910838E-15   1.3456437E-16      0
  3.121255328250519E+03   1.0841672E-15   1.2365408E-16      0
  3.122808187401296E+03   1.1814909E-15   1.2970320E-16      0
  3.124361055790316E+03   1.1795293E-15   1.2911608E-16      0
  3.125913933417746E+03   1.1500103E-15   1.2907886E-16      0
  3.127466820283749E+03   1.4441276E-15   1.4058157E-16      0
  3.129019716388490E+03   1.1685277E-15   1.2890511E-16      0
  3.130572621732135E+03   1.4112536E-15   1.4046625E-16      0
  3.132125536314848E+03   1.3179264E-15   1.3875077E-16      0
  3.133678460136794E+03   1.1804653E-15   1.3317748E-16      0
  3.135231393198138E+03   1.1486077E-15   1.3453910E-16      0
  3.136784335499045E+03   1.1112137E-15   1.3289780E-16      0
  3.138337287039680E+03   1.3517872E-15   1.4593638E-16      0
  3.139890247820209E+03   1.1596559E-15   1.3514236E-16      0
  3.141443217840793E+03   1.4113652E-15   1.4418633E-16      0
  3.142996197101602E+03   1.2287168E-15   1.3956343E-16      0
  3.144549185602798E+03   1.2137780E-15   1.2077877E-16   2560
  3.146102183344547E+03   6.9996696E-16   1.1740192E-16   2564
  3.147655190327013E+03   1.4343298E-15   1.6317945E-16   2564
  3.149208206550362E+03   2.3223977E-15   2.1286275E-16   2564
  3.150761232014759E+03  -1.0699615E-17   9.5715281E-19   2564
