  1.567307777361988E+03   0.0000000E+00   0.0000000E+00   2564
  1.568851443846494E+03   0.0000000E+00   0.0000000E+00   2564
  1.570395119413596E+03   0.0000000E+00   0.0000000E+00   2564
  1.571938804063454E+03   0.0000000E+00   0.0000000E+00   2564
  1.573482497796229E+03   0.0000000E+00   0.0000000E+00   2560
  1.575026200612080E+03   0.0000000E+00   0.0000000E+00    512
  1.576569912511169E+03   0.0000000E+00   0.0000000E+00    512
  1.578113633493655E+03   0.0000000E+00   0.0000000E+00    512
  1.579657363559699E+03   0.0000000E+00   0.0000000E+00    512
  1.581201102709462E+03   2.9654752E-14   3.9881903E-14      0
  1.582744850943103E+03  -3.7119887E-14   1.5992009E-14      0
  1.584288608260783E+03  -7.5517875E-15   1.1509831E-14      0
  1.585832374662662E+03   6.2399154E-16   8.9886340E-15      0
  1.587376150148901E+03  -8.7420238E-16   7.1886390E-15      0
  1.588919934719660E+03  -2.3033856E-15   5.7745548E-15      0
  1.590463728375099E+03   4.5082524E-15   5.4130695E-15      0
  1.592007531115380E+03   7.3787031E-16   4.4696463E-15      0
  1.593551342940661E+03  -2.8956857E-15   3.6671694E-15      0
  1.595095163851104E+03   1.5336735E-15   3.6346146E-15      0
  1.596638993846869E+03  -3.8413186E-15   2.6923421E-15      0
  1.598182832928117E+03   2.7819553E-16   2.7349114E-15      0
  1.599726681095007E+03  -1.0552662E-16   2.4034573E-15      0
  1.601270538347701E+03  -1.9458608E-15   1.9581494E-15      0
  1.602814404686358E+03  -1.2253924E-15   1.8532075E-15      0
  1.604358280111139E+03   6.7253437E-16   1.7862671E-15      0
  1.605902164622205E+03   1.9664730E-15   1.7038854E-15      0
  1.607446058219715E+03   1.8735880E-15   1.5863803E-15      0
  1.608989960903831E+03  -1.6594806E-15   1.1783431E-15      0
  1.610533872674713E+03  -2.4426527E-16   1.2215226E-15      0
  1.612077793532521E+03   4.7392796E-16   1.1264586E-15      0
  1.613621723477415E+03   1.1727073E-16   1.0321489E-15      0
  1.615165662509557E+03   6.7987343E-16   1.0048685E-15      0
  1.616709610629106E+03  -9.2942585E-16   8.3122917E-16      0
  1.618253567836224E+03   8.7838735E-16   8.8103740E-16      0
  1.619797534131070E+03   6.9568755E-17   7.8813531E-16      0
  1.621341509513805E+03   9.6094194E-16   8.0071586E-16      0
  1.622885493984589E+03  -5.5911824E-17   6.7966220E-16      0
  1.624429487543583E+03   9.4388779E-17   6.4172492E-16      0
  1.625973490190948E+03   2.8531058E-16   6.3787770E-16      0
  1.627517501926844E+03  -4.7627959E-16   5.3928507E-16      0
  1.629061522751431E+03  -4.5490986E-17   5.3974771E-16      0
  1.630605552664870E+03   3.1554198E-16   5.4345046E-16      0
  1.632149591667322E+03   3.5302269E-16   5.2176981E-16      0
  1.633693639758946E+03   3.3739252E-16   4.8780511E-16      0
  1.635237696939904E+03  -4.2861712E-16   4.1351288E-16      0
  1.636781763210356E+03  -1.3845798E-17   4.3143978E-16      0
  1.638325838570463E+03  -1.9859470E-16   3.9582170E-16      0
  1.639869923020384E+03  -8.7537975E-16   3.2918170E-16      0
  1.641414016560281E+03  -1.7585427E-16   3.7145415E-16      0
  1.642958119190314E+03   2.9432590E-16   3.8899890E-16      0
  1.644502230910644E+03  -6.3374428E-16   2.9758290E-16      0
  1.646046351721431E+03  -1.6283633E-16   3.3775134E-16      0
  1.647590481622836E+03   3.2490956E-16   3.5959148E-16      0
  1.649134620615019E+03   1.7845667E-17   3.2994543E-16      0
  1.650678768698141E+03  -1.1148816E-17   3.2075295E-16      0
  1.652222925872363E+03   2.1655694E-16   3.2480924E-16      0
  1.653767092137844E+03  -4.0624048E-17   2.9581694E-16      0
  1.655311267494746E+03  -2.1663110E-16   2.7076006E-16      0
  1.656855451943229E+03   7.3160850E-17   2.8540730E-16      0
  1.658399645483454E+03  -1.5504718E-17   2.7593215E-16      0
  1.659943848115582E+03  -1.7808295E-16   2.5805735E-16      0
  1.661488059839772E+03   3.6370909E-16   2.8633970E-16      0
  1.663032280656186E+03  -3.1598482E-16   2.2957129E-16      0
  1.664576510564984E+03  -4.1361249E-16   2.2126739E-16      0
  1.666120749566326E+03  -7.8985346E-17   2.4065029E-16      0
  1.667664997660375E+03   1.6873804E-16   2.4962704E-16      0
  1.669209254847289E+03  -2.5151188E-18   2.3624149E-16      0
  1.670753521127230E+03  -3.9928336E-16   1.9996706E-16      0
  1.672297796500358E+03  -1.4632261E-17   2.2473229E-16      0
  1.673842080966834E+03  -2.5846710E-16   2.0179075E-16      0
  1.675386374526818E+03  -2.6048900E-16   1.9832064E-16      0
  1.676930677180472E+03   5.4437517E-17   2.1617680E-16      0
  1.678474988927956E+03  -3.0139436E-16   1.8841200E-16      0
  1.680019309769429E+03   1.3423111E-16   2.1137752E-16      0
  1.681563639705055E+03   1.1239227E-16   2.1312797E-16      0
  1.683107978734991E+03   3.5719909E-16   2.2491218E-16      0
  1.684652326859401E+03  -2.2529057E-16   1.8043228E-16      0
  1.686196684078443E+03   2.9479298E-17   1.9431099E-16      0
  1.687741050392279E+03   2.6938784E-16   2.1163820E-16      0
  1.689285425801070E+03  -6.0856167E-17   1.8528257E-16      0
  1.690829810304976E+03   2.3511242E-16   2.0061594E-16      0
  1.692374203904158E+03  -5.8362079E-17   1.7961515E-16      0
  1.693918606598776E+03  -3.1727313E-16   1.5558701E-16      0
  1.695463018388992E+03  -3.2690035E-16   1.5074896E-16      0
  1.697007439274965E+03  -1.3488865E-16   1.6480316E-16      0
  1.698551869256857E+03   1.3609076E-17   1.7375596E-16      0
  1.700096308334829E+03  -3.0525074E-16   1.4804709E-16      0
  1.701640756509041E+03  -2.7296262E-19   1.6695131E-16      0
  1.703185213779653E+03   7.9391942E-17   1.7182452E-16      0
  1.704729680146827E+03   1.9711379E-16   1.7834510E-16      0
  1.706274155610723E+03  -1.0425643E-16   1.5556223E-16      0
  1.707818640171503E+03   3.0744072E-16   1.8335750E-16      0
  1.709363133829326E+03  -2.5495677E-17   1.5721195E-16      0
  1.710907636584354E+03  -1.8297726E-16   1.3889854E-16      0
  1.712452148436746E+03   9.1794291E-17   1.6281047E-16      0
  1.713996669386666E+03   3.8930726E-17   1.5625639E-16      0
  1.715541199434271E+03  -7.3301172E-17   1.4616101E-16      0
  1.717085738579725E+03   4.3015650E-16   1.7760739E-16      0
  1.718630286823186E+03   1.4724569E-16   1.5733243E-16      0
  1.720174844164817E+03   3.2671850E-16   1.6657533E-16      0
  1.721719410604778E+03   2.0535030E-16   1.5994719E-16      0
  1.723263986143229E+03  -8.1147940E-17   1.3460971E-16      0
  1.724808570780332E+03   1.1085352E-16   1.5266089E-16      0
  1.726353164516247E+03   9.0238059E-17   1.4670372E-16      0
  1.727897767351134E+03   5.8376081E-17   1.4074065E-16      0
  1.729442379285156E+03   1.5653014E-16   1.4677059E-16      0
  1.730987000318473E+03   1.4561944E-16   1.4896281E-16      0
  1.732531630451245E+03  -9.9698359E-17   1.2768602E-16      0
  1.734076269683633E+03   2.1608945E-16   1.4704803E-16      0
  1.735620918015799E+03   2.2412251E-16   1.5086041E-16      0
  1.737165575447902E+03   1.0158406E-17   1.2895268E-16      0
  1.738710241980104E+03   3.3212900E-17   1.2897061E-16      0
  1.740254917612566E+03  -1.0046202E-16   1.2090760E-16      0
  1.741799602345448E+03   9.7469061E-17   1.3259234E-16      0
  1.743344296178911E+03   1.5133089E-16   1.3596579E-16      0
  1.744888999113117E+03   1.3905768E-16   1.3895707E-16      0
  1.746433711148226E+03   2.3364708E-16   1.4098926E-16      0
  1.747978432284398E+03   1.9731705E-16   1.3619113E-16      0
  1.749523162521795E+03  -9.3722402E-17   1.1279435E-16      0
  1.751067901860578E+03   5.9104490E-17   1.2267095E-16      0
  1.752612650300908E+03  -1.3447065E-16   1.0676669E-16      0
  1.754157407842944E+03   1.0248643E-16   1.2384597E-16      0
  1.755702174486849E+03  -6.2182588E-17   1.0844372E-16      0
  1.757246950232783E+03   4.5824118E-17   1.1694915E-16      0
  1.758791735080907E+03   2.0190372E-16   1.2969618E-16      0
  1.760336529031382E+03   1.9105424E-17   1.1230872E-16      0
  1.761881332084369E+03   1.1280299E-16   1.2042300E-16      0
  1.763426144240029E+03   5.6593692E-17   1.1387957E-16      0
  1.764970965498521E+03   1.0686262E-16   1.1656314E-16      0
  1.766515795860010E+03  -8.8910322E-17   1.0001891E-16      0
  1.768060635324653E+03  -1.9714088E-17   1.0469043E-16      0
  1.769605483892612E+03   2.0084939E-16   1.2079714E-16      0
  1.771150341564050E+03   1.3941596E-16   1.1388719E-16      0
  1.772695208339125E+03  -1.4860003E-16   9.0925380E-17      0
  1.774240084217999E+03   6.1008494E-17   1.0785662E-16      0
  1.775784969200834E+03   1.4933641E-16   1.1092119E-16      0
  1.777329863287790E+03  -8.3748258E-17   9.5740769E-17      0
  1.778874766479028E+03  -6.3547806E-17   9.3987001E-17      0
  1.780419678774709E+03   9.0143615E-17   1.0568887E-16      0
  1.781964600174994E+03   6.1341855E-17   1.0183779E-16      0
  1.783509530680044E+03  -4.8622652E-17   9.2655154E-17      0
  1.785054470290019E+03  -2.0936848E-17   9.4825960E-17      0
  1.786599419005082E+03   2.9895303E-16   1.1784284E-16      0
  1.788144376825393E+03   2.0689910E-17   9.6873729E-17      0
  1.789689343751113E+03   2.0861675E-16   1.0902748E-16      0
  1.791234319782402E+03   1.5619738E-17   9.3604599E-17      0
  1.792779304919423E+03  -9.2982620E-18   9.4080446E-17      0
  1.794324299162335E+03  -5.8652499E-17   8.6797266E-17      0
  1.795869302511300E+03   2.7621781E-17   9.3116059E-17      0
  1.797414314966480E+03  -3.3503680E-17   8.7953287E-17      0
  1.798959336528034E+03   2.3699031E-17   9.0557391E-17      0
  1.800504367196123E+03   2.4098860E-17   9.0805234E-17      0
  1.802049406970910E+03   9.5576690E-17   9.4932323E-17      0
  1.803594455852556E+03   7.6374234E-17   9.2025127E-17      0
  1.805139513841220E+03  -9.9508081E-17   7.9093442E-17      0
  1.806684580937064E+03   2.9135296E-17   8.7170232E-17      0
  1.808229657140249E+03   2.1435271E-16   1.0108280E-16      0
  1.809774742450937E+03   6.6326452E-17   8.7996426E-17      0
  1.811319836869288E+03  -1.7311807E-18   8.2474751E-17      0
  1.812864940395463E+03   1.3349218E-16   9.3049990E-17      0
  1.814410053029623E+03   1.2087564E-17   8.2897976E-17      0
  1.815955174771930E+03   1.3464964E-16   9.0088353E-17      0
  1.817500305622544E+03   1.2420359E-16   9.1981366E-17      0
  1.819045445581628E+03   1.6284518E-18   7.8673486E-17      0
  1.820590594649340E+03   6.0008036E-17   8.4427016E-17      0
  1.822135752825844E+03  -9.5917634E-17   7.0942053E-17      0
  1.823680920111299E+03   1.0920448E-16   8.5375958E-17      0
  1.825226096505867E+03  -4.5323793E-17   7.3875236E-17      0
  1.826771282009709E+03  -1.1592633E-16   6.7235034E-17      0
  1.828316476622987E+03   8.2776182E-17   8.1669547E-17      0
  1.829861680345861E+03  -8.7603134E-18   7.5241248E-17      0
  1.831406893178492E+03  -3.1349388E-18   7.6130315E-17      0
  1.832952115121042E+03   7.9604441E-17   8.0669869E-17      0
  1.834497346173671E+03   9.5050621E-18   7.5214038E-17      0
  1.836042586336541E+03  -5.4186703E-17   7.0451787E-17      0
  1.837587835609813E+03   7.9364621E-18   7.5190797E-17      0
  1.839133093993648E+03  -9.8712153E-18   7.2654833E-17      0
  1.840678361488207E+03  -1.6349648E-17   7.1373623E-17      0
  1.842223638093652E+03   1.7691838E-16   8.3325516E-17      0
  1.843768923810143E+03   4.1192767E-17   7.4005328E-17      0
  1.845314218637842E+03  -5.0304744E-17   6.6411797E-17      0
  1.846859522576909E+03   6.1405055E-19   7.0951450E-17      0
  1.848404835627507E+03   1.0869683E-16   7.7748367E-17      0
  1.849950157789796E+03   1.4723116E-16   7.9809582E-17      0
  1.851495489063937E+03   6.0623419E-17   7.3219526E-17      0
  1.853040829450091E+03   1.1346713E-16   7.7696936E-17      0
  1.854586178948421E+03   4.1918278E-17   7.1657651E-17      0
  1.856131537559086E+03   4.8896684E-17   7.2737313E-17      0
  1.857676905282249E+03  -2.9199479E-17   6.6175323E-17      0
  1.859222282118069E+03   9.8963505E-17   7.4736900E-17      0
  1.860767668066709E+03  -5.2301955E-17   6.2796217E-17      0
  1.862313063128330E+03  -4.0168331E-17   6.2751728E-17      0
  1.863858467303093E+03  -2.9189629E-17   6.4149312E-17      0
  1.865403880591159E+03  -3.3099214E-18   6.5022762E-17      0
  1.866949302992690E+03  -8.6758532E-18   6.4859741E-17      0
  1.868494734507846E+03   2.2516278E-17   6.7534493E-17      0
  1.870040175136789E+03   8.1092268E-17   7.0315110E-17      0
  1.871585624879680E+03   1.4823298E-17   6.6475404E-17      0
  1.873131083736680E+03   7.1218457E-17   7.0154432E-17      0
  1.874676551707952E+03   1.7284120E-16   7.6110887E-17      0
  1.876222028793655E+03   5.9584658E-17   6.8288120E-17      0
  1.877767514993950E+03  -1.0261056E-17   6.2769509E-17      0
  1.879313010309001E+03   1.1917329E-16   7.1963674E-17      0
  1.880858514738967E+03   3.8805402E-17   6.5363587E-17      0
  1.882404028284010E+03   2.7930038E-17   6.4281727E-17      0
  1.883949550944291E+03   2.5262551E-16   7.9415771E-17      0
  1.885495082719972E+03  -4.9786108E-17   5.6739131E-17      0
  1.887040623611213E+03   6.1052328E-17   6.5284204E-17      0
  1.888586173618177E+03  -8.8888611E-19   6.0917432E-17      0
  1.890131732741024E+03   3.0952189E-17   6.1634207E-17      0
  1.891677300979915E+03  -1.9289413E-17   5.9605788E-17      0
  1.893222878335013E+03   1.4904143E-16   6.9567848E-17      0
  1.894768464806477E+03   9.1856362E-17   6.6586067E-17      0
  1.896314060394471E+03   2.1298723E-16   7.4174814E-17      0
  1.897859665099154E+03   3.7905939E-17   6.1368913E-17      0
  1.899405278920689E+03   4.5561650E-18   5.9414239E-17      0
  1.900950901859236E+03  -6.1380817E-18   5.7221860E-17      0
  1.902496533914957E+03  -1.4671711E-17   5.6838293E-17      0
  1.904042175088013E+03   3.4135957E-17   5.9606853E-17      0
  1.905587825378566E+03   3.5920728E-17   6.0331007E-17      0
  1.907133484786777E+03   1.3161628E-16   6.6200164E-17      0
  1.908679153312807E+03  -2.6262763E-17   5.4117362E-17      0
  1.910224830956818E+03   2.7732076E-16   7.4648643E-17      0
  1.911770517718971E+03  -4.6123062E-17   5.1743327E-17      0
  1.913316213599428E+03  -2.5781984E-17   5.4360725E-17      0
  1.914861918598348E+03   8.5637850E-17   6.1471325E-17      0
  1.916407632715896E+03   7.7711551E-18   5.7013119E-17      0
  1.917953355952230E+03   1.0172572E-16   6.1765451E-17      0
  1.919499088307514E+03   9.1514968E-17   6.0911264E-17      0
  1.921044829781908E+03   3.6691899E-17   5.6860150E-17      0
  1.922590580375574E+03   7.4564363E-17   5.9887565E-17      0
  1.924136340088673E+03   1.2076184E-17   5.4288793E-17      0
  1.925682108921366E+03   7.3937374E-17   5.8171086E-17      0
  1.927227886873815E+03  -5.7622444E-18   5.2768806E-17      0
  1.928773673946182E+03  -9.0326096E-18   5.2117037E-17      0
  1.930319470138627E+03   1.1754708E-16   6.1974549E-17      0
  1.931865275451313E+03   7.7140237E-17   5.7782920E-17      0
  1.933411089884400E+03   1.1778553E-16   6.0160257E-17      0
  1.934956913438050E+03   7.6111694E-17   5.8383334E-17      0
  1.936502746112425E+03   1.2207775E-16   6.1479392E-17      0
  1.938048587907686E+03  -2.1868958E-18   5.1837715E-17      0
  1.939594438823994E+03   7.0648722E-17   5.5782189E-17      0
  1.941140298861512E+03   1.3734859E-16   6.0731362E-17      0
  1.942686168020399E+03   5.0204735E-17   5.4671781E-17      0
  1.944232046300818E+03   1.1834020E-16   5.9064938E-17      0
  1.945777933702930E+03  -2.8583478E-18   5.1060301E-17      0
  1.947323830226897E+03  -1.2008734E-17   4.8702800E-17      0
  1.948869735872880E+03   2.2020215E-17   5.1925290E-17      0
  1.950415650641042E+03   2.4300565E-17   5.2038465E-17      0
  1.951961574531542E+03   2.3158002E-17   5.1190453E-17      0
  1.953507507544543E+03   3.9093191E-17   5.3535526E-17      0
  1.955053449680205E+03   6.6715445E-17   5.4550305E-17      0
  1.956599400938692E+03   6.4632478E-17   5.3898176E-17      0
  1.958145361320164E+03   1.3424241E-16   5.8438014E-17      0
  1.959691330824783E+03   3.9761434E-17   5.2031212E-17      0
  1.961237309452709E+03   1.2876627E-16   5.6819936E-17      0
  1.962783297204106E+03   1.3661347E-16   5.8063460E-17      0
  1.964329294079133E+03   1.4307902E-16   5.8782829E-17      0
  1.965875300077954E+03   1.2508944E-17   4.7620384E-17      0
  1.967421315200729E+03   2.1440323E-16   6.3115416E-17      0
  1.968967339447619E+03   1.1522377E-16   5.5458913E-17      0
  1.970513372818787E+03   7.2114817E-17   5.2763879E-17      0
  1.972059415314394E+03   1.5221247E-17   4.8086282E-17      0
  1.973605466934602E+03   1.2717887E-16   5.5061453E-17      0
  1.975151527679571E+03   1.4376148E-16   5.7013007E-17      0
  1.976697597549464E+03   1.6836547E-16   5.7411973E-17      0
  1.978243676544443E+03   1.0679626E-16   5.3425075E-17      0
  1.979789764664668E+03   1.5777475E-16   5.7072048E-17      0
  1.981335861910302E+03   1.9820669E-16   5.9277146E-17      0
  1.982881968281505E+03   1.4088625E-16   5.5059157E-17      0
  1.984428083778440E+03   3.1844981E-17   4.7582903E-17      0
  1.985974208401268E+03   1.1833478E-16   5.3165793E-17      0
  1.987520342150151E+03   8.1131939E-17   4.9954549E-17      0
  1.989066485025250E+03   1.3591039E-16   5.4254545E-17      0
  1.990612637026727E+03   1.3171205E-16   5.3034672E-17      0
  1.992158798154743E+03   3.9850587E-17   4.6486038E-17      0
  1.993704968409462E+03   2.1808084E-17   4.4509613E-17      0
  1.995251147791042E+03   9.1616698E-17   4.9708264E-17      0
  1.996797336299647E+03   1.3068053E-16   5.1691602E-17      0
  1.998343533935438E+03  -1.2475781E-17   4.1949399E-17      0
  1.999889740698576E+03   1.3530638E-16   5.2457578E-17      0
  2.001435956589224E+03   1.6084548E-16   5.3200065E-17      0
  2.002982181607543E+03   6.1442043E-17   4.7607927E-17      0
  2.004528415753695E+03   1.4198043E-16   5.1649915E-17      0
  2.006074659027840E+03   9.4379965E-17   4.8812467E-17      0
  2.007620911430142E+03   3.1095218E-17   4.3552492E-17      0
  2.009167172960761E+03   1.4987980E-17   4.1136486E-17      0
  2.010713443619860E+03  -1.7941258E-17   3.9678143E-17      0
  2.012259723407599E+03   7.0865926E-17   4.5716694E-17      0
  2.013806012324141E+03   8.7281789E-17   4.6736641E-17      0
  2.015352310369647E+03   6.5544925E-17   4.5329868E-17      0
  2.016898617544280E+03   5.7835396E-17   4.3849327E-17      0
  2.018444933848200E+03   6.6914154E-17   4.4696228E-17      0
  2.019991259281569E+03   2.7303917E-17   4.1776350E-17      0
  2.021537593844550E+03   4.9738840E-17   4.3056346E-17      0
  2.023083937537303E+03   1.5522419E-16   4.9987160E-17      0
  2.024630290359990E+03  -1.6446157E-17   3.8064979E-17      0
  2.026176652312774E+03   4.2507210E-17   4.1964305E-17      0
  2.027723023395816E+03   5.6418549E-17   4.3284353E-17      0
  2.029269403609277E+03   9.3200747E-18   3.9624135E-17      0
  2.030815792953320E+03   1.8270942E-17   3.9695825E-17      0
  2.032362191428106E+03   1.0641192E-16   4.5885671E-17      0
  2.033908599033797E+03   1.0636734E-16   4.6012573E-17      0
  2.035455015770554E+03   8.7308199E-17   4.4702733E-17      0
  2.037001441638540E+03   9.1526952E-17   4.4176643E-17      0
  2.038547876637916E+03   8.7874321E-17   4.3732867E-17      0
  2.040094320768844E+03   8.9152183E-17   4.3647694E-17      0
  2.041640774031486E+03   1.1945928E-16   4.5681602E-17      0
  2.043187236426002E+03   9.4324133E-17   4.4086205E-17      0
  2.044733707952556E+03   1.1039261E-16   4.4667531E-17      0
  2.046280188611309E+03   8.4406575E-17   4.4048029E-17      0
  2.047826678402423E+03   1.2741281E-16   4.4985867E-17      0
  2.049373177326059E+03   8.5657775E-17   4.2418285E-17      0
  2.050919685382380E+03   6.1483210E-17   4.0859989E-17      0
  2.052466202571547E+03   1.0216400E-16   4.3048428E-17      0
  2.054012728893721E+03   1.4277712E-16   4.6426696E-17      0
  2.055559264349066E+03   1.3049624E-16   4.5113637E-17      0
  2.057105808937742E+03   2.1241569E-16   4.9385128E-17      0
  2.058652362659911E+03   1.2414426E-16   4.3958502E-17      0
  2.060198925515735E+03   2.4363346E-17   3.7323107E-17      0
  2.061745497505377E+03   1.7036739E-16   4.6873996E-17      0
  2.063292078628997E+03   1.9330419E-16   4.7599870E-17      0
  2.064838668886759E+03   9.3866398E-17   4.1292032E-17      0
  2.066385268278822E+03   1.4466379E-16   4.4752516E-17      0
  2.067931876805350E+03   1.2477296E-16   4.3687544E-17      0
  2.069478494466504E+03   7.9887046E-17   4.0569179E-17      0
  2.071025121262446E+03   1.5790284E-16   4.4867613E-17      0
  2.072571757193338E+03   1.4679317E-16   4.4146269E-17      0
  2.074118402259342E+03   1.4083343E-16   4.3610838E-17      0
  2.075665056460620E+03   6.8406454E-17   3.8393304E-17      0
  2.077211719797333E+03   8.9925557E-17   4.0173833E-17      0
  2.078758392269644E+03   9.8906297E-17   4.0657922E-17      0
  2.080305073877714E+03   3.8428184E-17   3.5919560E-17      0
  2.081851764621705E+03   6.3251967E-17   3.7755018E-17      0
  2.083398464501779E+03   9.3257123E-17   3.9322343E-17      0
  2.084945173518099E+03   8.4595497E-17   3.9019866E-17      0
  2.086491891670825E+03   9.2046607E-17   3.8907542E-17      0
  2.088038618960120E+03   1.0418411E-16   3.9621554E-17      0
  2.089585355386145E+03   9.0866624E-17   3.8848494E-17      0
  2.091132100949063E+03   9.0876650E-17   3.7886867E-17      0
  2.092678855649036E+03   1.2489755E-16   4.1106277E-17      0
  2.094225619486226E+03   6.4194430E-17   3.5940438E-17      0
  2.095772392460794E+03   1.3741509E-16   4.0920112E-17      0
  2.097319174572902E+03   1.2222040E-16   4.0010799E-17      0
  2.098865965822712E+03   1.2746749E-16   4.0117211E-17      0
  2.100412766210387E+03   1.3886724E-16   4.0560153E-17      0
  2.101959575736088E+03   7.3634268E-17   3.6118789E-17      0
  2.103506394399976E+03   8.4073023E-17   3.6692250E-17      0
  2.105053222202216E+03   6.5399209E-17   3.5815369E-17      0
  2.106600059142967E+03   5.5975047E-17   3.4723937E-17      0
  2.108146905222392E+03   9.5141368E-17   3.7184277E-17      0
  2.109693760440653E+03   6.6608500E-17   3.5533816E-17      0
  2.111240624797913E+03   1.0853567E-16   3.8128202E-17      0
  2.112787498294332E+03   1.1759945E-16   3.8847925E-17      0
  2.114334380930073E+03   6.7709207E-17   3.4808227E-17      0
  2.115881272705298E+03   1.4908435E-16   3.9402358E-17      0
  2.117428173620169E+03   9.7930197E-17   3.6964061E-17      0
  2.118975083674849E+03   1.2164508E-16   3.8409953E-17      0
  2.120522002869498E+03   1.3245204E-16   3.8744650E-17      0
  2.122068931204279E+03   1.1948425E-16   3.7715078E-17      0
  2.123615868679353E+03   9.1476964E-17   3.5719972E-17      0
  2.125162815294885E+03   1.2320976E-16   3.8169895E-17      0
  2.126709771051034E+03   9.2849634E-17   3.5752298E-17      0
  2.128256735947964E+03   8.3528328E-17   3.5286364E-17      0
  2.129803709985835E+03   1.0862199E-16   3.6552036E-17      0
  2.131350693164810E+03   1.0764592E-16   3.6125244E-17      0
  2.132897685485052E+03   1.3463022E-16   3.8611494E-17      0
  2.134444686946722E+03   1.5652334E-16   3.9237488E-17      0
  2.135991697549983E+03   1.8296780E-16   4.0986700E-17      0
  2.137538717294995E+03   2.1478891E-16   4.2282753E-17      0
  2.139085746181922E+03   1.1869295E-16   3.6237773E-17      0
  2.140632784210927E+03   1.5143356E-16   3.8559180E-17      0
  2.142179831382169E+03   6.9815189E-17   3.3000781E-17      0
  2.143726887695812E+03   1.3021205E-16   3.7380881E-17      0
  2.145273953152017E+03   1.7035157E-16   3.9524543E-17      0
  2.146821027750949E+03   9.0788710E-17   3.4248785E-17      0
  2.148368111492766E+03   1.2780537E-16   3.6555530E-17      0
  2.149915204377632E+03   1.8080231E-16   3.9220269E-17      0
  2.151462306405711E+03   1.7524124E-16   3.9440041E-17      0
  2.153009417577161E+03   1.5515285E-16   3.7812649E-17      0
  2.154556537892148E+03   1.3586929E-16   3.7040989E-17      0
  2.156103667350832E+03   1.4816664E-16   3.7284471E-17      0
  2.157650805953376E+03   1.0841842E-16   3.4706652E-17      0
  2.159197953699941E+03   7.8593692E-17   3.2299189E-17      0
  2.160745110590690E+03   1.2929247E-16   3.6319102E-17      0
  2.162292276625786E+03   1.4640548E-16   3.6772939E-17      0
  2.163839451805389E+03   1.1211315E-16   3.4492803E-17      0
  2.165386636129663E+03   1.8895733E-16   3.9909026E-17      0
  2.166933829598769E+03   1.6975037E-16   3.7246054E-17      0
  2.168481032212870E+03   1.4823590E-16   3.6772106E-17      0
  2.170028243972128E+03   1.9801294E-16   3.9543042E-17      0
  2.171575464876704E+03   8.0569668E-17   3.1495706E-17      0
  2.173122694926762E+03   1.0141660E-16   3.3791939E-17      0
  2.174669934122463E+03   1.2923837E-16   3.5101327E-17      0
  2.176217182463969E+03   1.2320133E-16   3.4158830E-17      0
  2.177764439951444E+03   1.5815687E-16   3.6836613E-17      0
  2.179311706585047E+03   4.9270001E-17   2.9564636E-17      0
  2.180858982364944E+03   1.3528366E-16   3.5337387E-17      0
  2.182406267291293E+03   1.4018427E-16   3.5185547E-17      0
  2.183953561364260E+03   1.4837671E-16   3.5690991E-17      0
  2.185500864584006E+03   1.3574486E-16   3.4434685E-17      0
  2.187048176950692E+03   1.2512581E-16   3.4263403E-17      0
  2.188595498464481E+03   1.3740890E-16   3.4313894E-17      0
  2.190142829125537E+03   1.2307499E-16   3.3924682E-17      0
  2.191690168934018E+03   1.5200825E-16   3.5274982E-17      0
  2.193237517890090E+03   1.3380250E-16   3.3668703E-17      0
  2.194784875993915E+03   1.1760298E-16   3.3371004E-17      0
  2.196332243245653E+03   1.0860910E-16   3.2258065E-17      0
  2.197879619645468E+03   1.0719818E-16   3.2437375E-17      0
  2.199427005193521E+03   1.2495441E-16   3.3108648E-17      0
  2.200974399889976E+03   1.3904644E-16   3.3999992E-17      0
  2.202521803734995E+03   8.2422764E-17   3.0766774E-17      0
  2.204069216728738E+03   1.1947054E-16   3.2893598E-17      0
  2.205616638871369E+03   1.5439432E-16   3.4567669E-17      0
  2.207164070163050E+03   1.7159995E-16   3.5346844E-17      0
  2.208711510603944E+03   1.9731298E-16   3.7223362E-17      0
  2.210258960194213E+03   1.1864454E-16   3.2221454E-17      0
  2.211806418934018E+03   1.1637571E-16   3.2332965E-17      0
  2.213353886823523E+03   1.0022627E-16   3.0972028E-17      0
  2.214901363862889E+03   1.3412936E-16   3.3269783E-17      0
  2.216448850052279E+03   1.3393757E-16   3.2841125E-17      0
  2.217996345391856E+03   1.5736898E-16   3.4737129E-17      0
  2.219543849881780E+03   1.5663542E-16   3.3801429E-17      0
  2.221091363522216E+03   1.2850146E-16   3.2163667E-17      0
  2.222638886313325E+03   9.9176401E-17   3.0471071E-17      0
  2.224186418255269E+03   1.0713840E-16   3.0964438E-17      0
  2.225733959348211E+03   7.6511116E-17   2.8841637E-17      0
  2.227281509592314E+03   1.3054705E-16   3.2347609E-17      0
  2.228829068987738E+03   1.5835801E-16   3.3921453E-17      0
  2.230376637534648E+03   1.0662139E-16   3.0710698E-17      0
  2.231924215233204E+03   1.4958925E-16   3.2989988E-17      0
  2.233471802083570E+03   1.6780190E-16   3.4274480E-17      0
  2.235019398085909E+03   1.4683802E-16   3.2725892E-17      0
  2.236567003240381E+03   1.3655468E-16   3.1686596E-17      0
  2.238114617547150E+03   1.1417569E-16   3.0964351E-17      0
  2.239662241006378E+03   1.6925189E-16   3.4093328E-17      0
  2.241209873618227E+03   1.3004780E-16   3.1441482E-17      0
  2.242757515382861E+03   1.1784480E-16   3.0681102E-17      0
  2.244305166300441E+03   1.5210613E-16   3.3048000E-17      0
  2.245852826371129E+03   8.1919442E-17   2.8130259E-17      0
  2.247400495595088E+03   1.1957640E-16   3.0865384E-17      0
  2.248948173972480E+03   8.6575628E-17   2.8473429E-17      0
  2.250495861503469E+03   1.3898428E-16   3.1827988E-17      0
  2.252043558188215E+03   1.6371588E-16   3.3678328E-17      0
  2.253591264026883E+03   1.0328348E-16   2.9278528E-17      0
  2.255138979019633E+03   1.1375040E-16   3.0184486E-17      0
  2.256686703166628E+03   1.0757118E-16   2.9949169E-17      0
  2.258234436468032E+03   1.5647790E-16   3.2364249E-17      0
  2.259782178924006E+03   1.1403808E-16   3.0455470E-17      0
  2.261329930534713E+03   1.3888287E-16   3.1903546E-17      0
  2.262877691300315E+03   1.4770326E-16   3.1452544E-17      0
  2.264425461220975E+03   1.1892732E-16   3.0329871E-17      0
  2.265973240296855E+03   1.0432739E-16   2.9542749E-17      0
  2.267521028528118E+03   1.1372540E-16   2.9794258E-17      0
  2.269068825914926E+03   1.3511938E-16   3.1689584E-17      0
  2.270616632457441E+03   1.3572407E-16   3.1022436E-17      0
  2.272164448155826E+03   1.0393619E-16   2.8674315E-17      0
  2.273712273010244E+03   1.5548247E-16   3.2608969E-17      0
  2.275260107020858E+03   1.3343314E-16   3.0468129E-17      0
  2.276807950187828E+03   1.8027000E-16   3.3890010E-17      0
  2.278355802511318E+03   1.1572592E-16   2.9552927E-17      0
  2.279903663991492E+03   1.1189231E-16   2.9960158E-17      0
  2.281451534628510E+03   1.2150132E-16   2.9663521E-17      0
  2.282999414422536E+03   1.0835607E-16   2.9010591E-17      0
  2.284547303373732E+03   1.3041123E-16   3.0636950E-17      0
  2.286095201482261E+03   1.0063648E-16   2.8361059E-17      0
  2.287643108748284E+03   9.8705120E-17   2.8939979E-17      0
  2.289191025171965E+03   8.1457881E-17   2.7219539E-17      0
  2.290738950753466E+03   1.8257851E-16   3.3249521E-17      0
  2.292286885492951E+03   8.6123147E-17   2.7556179E-17      0
  2.293834829390580E+03   1.2194289E-16   2.9228943E-17      0
  2.295382782446517E+03   1.5192637E-16   3.1730953E-17      0
  2.296930744660925E+03   1.0625693E-16   2.8371422E-17      0
  2.298478716033966E+03   1.1799361E-16   2.9285711E-17      0
  2.300026696565801E+03   1.1279500E-16   2.9112046E-17      0
  2.301574686256596E+03   7.8712462E-17   2.6505123E-17      0
  2.303122685106510E+03   1.0680679E-16   2.8681687E-17      0
  2.304670693115708E+03   8.8910971E-17   2.7237421E-17      0
  2.306218710284352E+03   8.9723798E-17   2.7050186E-17      0
  2.307766736612605E+03   1.1251691E-16   2.8755693E-17      0
  2.309314772100628E+03   1.2547508E-16   2.9072096E-17      0
  2.310862816748584E+03   8.5541368E-17   2.6947625E-17      0
  2.312410870556638E+03   1.1821160E-16   2.9146731E-17      0
  2.313958933524950E+03   1.2291570E-16   2.8715972E-17      0
  2.315507005653682E+03   1.1848691E-16   2.9113651E-17      0
  2.317055086943000E+03   7.8687448E-17   2.6173935E-17      0
  2.318603177393064E+03   1.2098211E-16   2.8851196E-17      0
  2.320151277004038E+03   5.8905768E-17   2.4870221E-17      0
  2.321699385776083E+03   1.1059694E-16   2.8052702E-17      0
  2.323247503709363E+03   1.5710153E-16   3.1326888E-17      0
  2.324795630804039E+03   4.5345039E-17   2.3661176E-17      0
  2.326343767060276E+03   9.0706859E-17   2.6989517E-17      0
  2.327891912478236E+03   7.2224713E-17   2.5384201E-17      0
  2.329440067058079E+03   1.0008932E-16   2.7614138E-17      0
  2.330988230799972E+03   7.5035770E-17   2.5627146E-17      0
  2.332536403704075E+03   7.4421546E-17   2.5652029E-17      0
  2.334084585770551E+03   1.2558204E-16   2.9144309E-17      0
  2.335632776999562E+03   8.2125237E-17   2.6428126E-17      0
  2.337180977391273E+03   9.1329772E-17   2.6282435E-17      0
  2.338729186945845E+03   9.8989438E-17   2.7188982E-17      0
  2.340277405663440E+03   5.4989108E-17   2.4456483E-17      0
  2.341825633544222E+03   6.7337809E-17   2.4756014E-17      0
  2.343373870588353E+03   6.9000402E-17   2.5588736E-17      0
  2.344922116795996E+03   7.0018781E-17   2.4832430E-17      0
  2.346470372167314E+03   1.0835905E-16   2.7623670E-17      0
  2.348018636702469E+03   8.1517604E-17   2.5794952E-17      0
  2.349566910401625E+03   8.8008867E-17   2.5899721E-17      0
  2.351115193264943E+03   5.9361803E-17   2.4366663E-17      0
  2.352663485292587E+03   9.7289827E-17   2.6738277E-17      0
  2.354211786484719E+03   6.3844394E-17   2.4802926E-17      0
  2.355760096841502E+03   1.0692780E-16   2.7388215E-17      0
  2.357308416363100E+03   1.0490844E-16   2.7194408E-17      0
  2.358856745049673E+03   1.0324823E-16   2.6836858E-17      0
  2.360405082901386E+03   1.2366865E-16   2.8494092E-17      0
  2.361953429918401E+03   8.4059715E-17   2.5460810E-17      0
  2.363501786100881E+03   7.4774341E-17   2.5438337E-17      0
  2.365050151448988E+03   9.5832805E-17   2.6752685E-17      0
  2.366598525962886E+03   1.0151546E-16   2.7107069E-17      0
  2.368146909642737E+03   7.5644641E-17   2.5214387E-17      0
  2.369695302488704E+03   7.8937912E-17   2.5084075E-17      0
  2.371243704500949E+03   1.3248070E-16   2.8978883E-17      0
  2.372792115679636E+03   9.1925660E-17   2.6235669E-17      0
  2.374340536024927E+03   8.5490301E-17   2.5609073E-17      0
  2.375888965536986E+03   1.3141692E-16   2.9053048E-17      0
  2.377437404215974E+03   5.7859292E-17   2.3676280E-17      0
  2.378985852062055E+03   1.6307809E-16   3.0718533E-17      0
  2.380534309075392E+03   7.7374991E-17   2.4971430E-17      0
  2.382082775256146E+03   1.0454349E-16   2.7233592E-17      0
  2.383631250604482E+03   1.1385123E-16   2.7355766E-17      0
  2.385179735120563E+03   7.0075823E-17   2.4790115E-17      0
  2.386728228804550E+03   9.4271194E-17   2.6128963E-17      0
  2.388276731656606E+03   1.5312852E-16   2.9524663E-17      0
  2.389825243676895E+03   9.1244321E-17   2.6156798E-17      0
  2.391373764865580E+03   1.5397667E-16   2.9404487E-17      0
  2.392922295222822E+03   9.7963152E-17   2.6305847E-17      0
  2.394470834748786E+03   1.1511264E-16   2.7533229E-17      0
  2.396019383443633E+03   8.9897003E-17   2.5971632E-17      0
  2.397567941307528E+03   1.3687100E-16   2.8571738E-17      0
  2.399116508340632E+03   9.5775862E-17   2.6069884E-17      0
  2.400665084543109E+03   1.4441611E-16   2.8897571E-17      0
  2.402213669915121E+03   1.3573371E-16   2.8815624E-17      0
  2.403762264456831E+03   1.3853322E-16   2.8274181E-17      0
  2.405310868168403E+03   9.7011114E-17   2.6184128E-17      0
  2.406859481049999E+03   1.3398545E-16   2.8379362E-17      0
  2.408408103101782E+03   1.2642403E-16   2.7963770E-17      0
  2.409956734323915E+03   1.5940002E-16   2.9852753E-17      0
  2.411505374716560E+03   7.7948154E-17   2.5242072E-17      0
  2.413054024279882E+03   1.4251716E-16   2.8589013E-17      0
  2.414602683014042E+03   1.0653277E-16   2.6623915E-17      0
  2.416151350919204E+03   7.8087524E-17   2.4930716E-17      0
  2.417700027995530E+03   9.4263617E-17   2.5578777E-17      0
  2.419248714243183E+03   1.0886725E-16   2.6514492E-17      0
  2.420797409662327E+03   9.9987753E-17   2.6151011E-17      0
  2.422346114253125E+03   1.4342072E-16   2.8715687E-17      0
  2.423894828015739E+03   1.1956626E-16   2.7052795E-17      0
  2.425443550950332E+03   1.1526124E-16   2.6998920E-17      0
  2.426992283057068E+03   1.2034994E-16   2.7416925E-17      0
  2.428541024336108E+03   1.6905283E-16   3.0206164E-17      0
  2.430089774787617E+03   1.7732894E-16   3.0074259E-17      0
  2.431638534411757E+03   1.9041526E-16   3.0991526E-17      0
  2.433187303208691E+03   1.0163122E-16   2.6050354E-17      0
  2.434736081178582E+03   1.3840407E-16   2.8263504E-17      0
  2.436284868321593E+03   1.5710464E-16   2.9153769E-17      0
  2.437833664637887E+03   1.2017317E-16   2.7012531E-17      0
  2.439382470127627E+03   1.4403421E-16   2.8840238E-17      0
  2.440931284790976E+03   1.0300520E-16   2.6204968E-17      0
  2.442480108628098E+03   1.1326192E-16   2.7012642E-17      0
  2.444028941639155E+03   9.9930472E-17   2.5908324E-17      0
  2.445577783824309E+03   9.9606859E-17   2.5832771E-17      0
  2.447126635183725E+03   1.1439670E-16   2.6577492E-17      0
  2.448675495717566E+03   1.5030107E-16   2.8530197E-17      0
  2.450224365425993E+03   1.2196474E-16   2.7571735E-17      0
  2.451773244309170E+03   1.1363020E-16   2.6844140E-17      0
  2.453322132367261E+03   1.5229228E-16   2.9267692E-17      0
  2.454871029600428E+03   2.0867280E-16   3.1698220E-17      0
  2.456419936008835E+03   1.7237647E-16   2.9817184E-17      0
  2.457968851592644E+03   1.3116649E-16   2.7613881E-17      0
  2.459517776352018E+03   1.3159955E-16   2.7516036E-17      0
  2.461066710287122E+03   1.6536868E-16   2.9580561E-17      0
  2.462615653398117E+03   1.2826249E-16   2.7661462E-17      0
  2.464164605685165E+03   1.6542920E-16   2.9290889E-17      0
  2.465713567148433E+03   1.2452679E-16   2.7276363E-17      0
  2.467262537788081E+03   1.9756886E-16   3.1486048E-17      0
  2.468811517604273E+03   1.2779796E-16   2.7251968E-17      0
  2.470360506597173E+03   1.7609120E-16   2.9688293E-17      0
  2.471909504766942E+03   1.5432690E-16   2.9064056E-17      0
  2.473458512113744E+03   1.3930680E-16   2.6932840E-17      0
  2.475007528637743E+03   1.5013622E-16   2.8542774E-17      0
  2.476556554339102E+03   1.1853842E-16   2.8417651E-17      0
  2.478105589217983E+03   2.0899421E-16   3.2581847E-17      0
  2.479654633274550E+03   2.0060917E-16   3.1104631E-17      0
  2.481203686508966E+03   1.7715265E-16   2.9726413E-17      0
  2.482752748921394E+03   1.2394387E-16   2.6697904E-17      0
  2.484301820511997E+03   2.2266400E-16   3.1976936E-17      0
  2.485850901280938E+03   1.4898738E-16   2.8422981E-17      0
  2.487399991228381E+03   1.5315972E-16   2.8489447E-17      0
  2.488949090354488E+03   1.8696926E-16   3.0303437E-17      0
  2.490498198659423E+03   1.9057325E-16   3.0394437E-17      0
  2.492047316143349E+03   2.2413971E-16   3.1875607E-17      0
  2.493596442806429E+03   1.8410068E-16   2.9903231E-17      0
  2.495145578648826E+03   1.9475171E-16   3.0789654E-17      0
  2.496694723670704E+03   2.0022026E-16   3.0496882E-17      0
  2.498243877872225E+03   2.1597703E-16   3.1652576E-17      0
  2.499793041253553E+03   1.8943057E-16   2.9896051E-17      0
  2.501342213814852E+03   2.2092279E-16   3.1660427E-17      0
  2.502891395556283E+03   2.0169361E-16   3.0552465E-17      0
  2.504440586478011E+03   1.9217343E-16   3.0004564E-17      0
  2.505989786580198E+03   1.9788909E-16   3.0685681E-17      0
  2.507538995863008E+03   1.9993121E-16   3.0367458E-17      0
  2.509088214326604E+03   1.4061689E-16   2.7578690E-17      0
  2.510637441971150E+03   1.3258911E-16   2.7188424E-17      0
  2.512186678796807E+03   2.0695027E-16   3.0584206E-17      0
  2.513735924803741E+03   1.8685295E-16   3.0088026E-17      0
  2.515285179992114E+03   2.0593575E-16   3.0614203E-17      0
  2.516834444362088E+03   1.9794461E-16   3.0532361E-17      0
  2.518383717913828E+03   2.1994241E-16   3.1252101E-17      0
  2.519933000647497E+03   2.6541703E-16   3.3398393E-17      0
  2.521482292563258E+03   1.6373168E-16   2.8881329E-17      0
  2.523031593661274E+03   1.7909915E-16   2.9135204E-17      0
  2.524580903941708E+03   1.9914736E-16   3.0357800E-17      0
  2.526130223404724E+03   1.9584093E-16   3.0363567E-17      0
  2.527679552050486E+03   1.5688605E-16   2.7988407E-17      0
  2.529228889879155E+03   2.5467610E-16   3.3176027E-17      0
  2.530778236890896E+03   2.1481579E-16   3.0885869E-17      0
  2.532327593085872E+03   2.1637458E-16   3.0832373E-17      0
  2.533876958464245E+03   1.7524678E-16   2.9475009E-17      0
  2.535426333026181E+03   1.3415013E-16   2.6374794E-17      0
  2.536975716771841E+03   1.6073890E-16   2.8451373E-17      0
  2.538525109701389E+03   1.7090016E-16   2.8540070E-17      0
  2.540074511814989E+03   1.9042657E-16   2.9960220E-17      0
  2.541623923112803E+03   1.6470888E-16   2.8764749E-17      0
  2.543173343594995E+03   1.8313297E-16   2.8897958E-17      0
  2.544722773261729E+03   1.6320120E-16   2.8940022E-17      0
  2.546272212113167E+03   1.5958646E-16   2.8108117E-17      0
  2.547821660149474E+03   1.6534796E-16   2.8043736E-17      0
  2.549371117370811E+03   1.9043394E-16   3.0160838E-17      0
  2.550920583777343E+03   1.5298430E-16   2.7629801E-17      0
  2.552470059369234E+03   1.7322034E-16   2.8639537E-17      0
  2.554019544146646E+03   1.9993356E-16   3.0456201E-17      0
  2.555569038109742E+03   2.3227565E-16   3.1181460E-17      0
  2.557118541258686E+03   1.9054855E-16   2.9524809E-17      0
  2.558668053593643E+03   1.9889676E-16   2.9835925E-17      0
  2.560217575114774E+03   1.3415876E-16   2.6415416E-17      0
  2.561767105822243E+03   1.5400352E-16   2.8062751E-17      0
  2.563316645716214E+03   1.8397732E-16   2.9044770E-17      0
  2.564866194796849E+03   2.1196502E-16   3.0920537E-17      0
  2.566415753064314E+03   1.5080138E-16   2.7504947E-17      0
  2.567965320518771E+03   1.4098064E-16   2.6990260E-17      0
  2.569514897160382E+03   2.1763418E-16   3.0707591E-17      0
  2.571064482989312E+03   1.2704101E-16   2.6167432E-17      0
  2.572614078005724E+03   1.5932193E-16   2.7993873E-17      0
  2.574163682209782E+03   2.2811929E-16   3.1550273E-17      0
  2.575713295601648E+03   1.7968578E-16   2.9179276E-17      0
  2.577262918181487E+03   1.6233911E-16   2.8608104E-17      0
  2.578812549949462E+03   1.4644440E-16   2.6805817E-17      0
  2.580362190905735E+03   1.4197924E-16   2.7206582E-17      0
  2.581911841050472E+03   1.6382541E-16   2.8122682E-17      0
  2.583461500383834E+03   1.7219660E-16   2.8742425E-17      0
  2.585011168905987E+03   1.7492640E-16   2.8850601E-17      0
  2.586560846617092E+03   8.4621066E-17   2.3837795E-17      0
  2.588110533517313E+03   8.8268357E-17   2.4014018E-17      0
  2.589660229606815E+03   1.2172659E-16   2.5953482E-17      0
  2.591209934885760E+03   1.3190439E-16   2.6188498E-17      0
  2.592759649354311E+03   1.2427849E-16   2.6143348E-17      0
  2.594309373012633E+03   1.5979544E-16   2.8210548E-17      0
  2.595859105860889E+03   1.3598713E-16   2.6556043E-17      0
  2.597408847899243E+03   1.4576381E-16   2.7124395E-17      0
  2.598958599127857E+03   1.5465646E-16   2.7785089E-17      0
  2.600508359546896E+03   1.5355467E-16   2.7598444E-17      0
  2.602058129156522E+03   1.4143952E-16   2.6721620E-17      0
  2.603607907956900E+03   1.6192913E-16   2.8117960E-17      0
  2.605157695948193E+03   1.2163713E-16   2.5708907E-17      0
  2.606707493130563E+03   1.3292046E-16   2.6535168E-17      0
  2.608257299504176E+03   1.7688639E-16   2.8975439E-17      0
  2.609807115069195E+03   1.9899620E-16   3.0010017E-17      0
  2.611356939825783E+03   9.8129468E-17   2.4481089E-17      0
  2.612906773774102E+03   1.2233935E-16   2.5724970E-17      0
  2.614456616914319E+03   1.5078405E-16   2.7483021E-17      0
  2.616006469246594E+03   1.9134416E-16   2.9717099E-17      0
  2.617556330771093E+03   1.4537882E-16   2.6976089E-17      0
  2.619106201487979E+03   1.5693002E-16   2.8070245E-17      0
  2.620656081397415E+03   1.3798904E-16   2.7125807E-17      0
  2.622205970499565E+03   1.7633255E-16   2.9313488E-17      0
  2.623755868794592E+03   1.6129437E-16   2.8124664E-17      0
  2.625305776282660E+03   1.4743301E-16   2.7292990E-17      0
  2.626855692963934E+03   1.9899483E-16   3.0098485E-17      0
  2.628405618838575E+03   1.1959923E-16   2.5750611E-17      0
  2.629955553906748E+03   1.3310592E-16   2.6518097E-17      0
  2.631505498168616E+03   1.5391115E-16   2.7797302E-17      0
  2.633055451624344E+03   1.4526782E-16   2.7045726E-17      0
  2.634605414274094E+03   1.5911849E-16   2.7947425E-17      0
  2.636155386118030E+03   1.5748533E-16   2.8051236E-17      0
  2.637705367156316E+03   1.3652521E-16   2.6636963E-17      0
  2.639255357389115E+03   1.7855558E-16   2.9499011E-17      0
  2.640805356816592E+03   1.1715176E-16   2.5501995E-17      0
  2.642355365438910E+03   1.5467698E-16   2.7614028E-17      0
  2.643905383256232E+03   1.5173208E-16   2.7505714E-17      0
  2.645455410268721E+03   1.6686851E-16   2.8297869E-17      0
  2.647005446476543E+03   1.9477490E-16   2.9655656E-17      0
  2.648555491879859E+03   1.6616601E-16   2.8086951E-17      0
  2.650105546478836E+03   1.0046161E-16   2.5122382E-17      0
  2.651655610273634E+03   1.4071793E-16   2.6810879E-17      0
  2.653205683264418E+03   1.2957172E-16   2.6609502E-17      0
  2.654755765451353E+03   1.6544261E-16   2.8182877E-17      0
  2.656305856834601E+03   1.1421337E-16   2.5350177E-17      0
  2.657855957414327E+03   1.4468478E-16   2.7336374E-17      0
  2.659406067190693E+03   1.6352036E-16   2.8228329E-17      0
  2.660956186163864E+03   1.6320619E-16   2.8843844E-17      0
  2.662506314334004E+03   1.4438659E-16   2.7273900E-17      0
  2.664056451701276E+03   1.4588151E-16   2.7412086E-17      0
  2.665606598265844E+03   1.6169042E-16   2.8358891E-17      0
  2.667156754027871E+03   1.4194717E-16   2.6924261E-17      0
  2.668706918987521E+03   2.1599913E-16   3.0737257E-17      0
  2.670257093144959E+03   1.5970490E-16   2.7842569E-17      0
  2.671807276500347E+03   2.0656701E-16   3.0210982E-17      0
  2.673357469053849E+03   1.6176136E-16   2.8964093E-17      0
  2.674907670805630E+03   2.3389160E-16   3.1405705E-17      0
  2.676457881755852E+03   1.4727654E-16   2.7842638E-17      0
  2.678008101904680E+03   1.8470076E-16   2.9184454E-17      0
  2.679558331252277E+03   2.1920981E-16   3.1148753E-17      0
  2.681108569798808E+03   2.5725704E-16   3.2832304E-17      0
  2.682658817544436E+03   2.2254994E-16   3.1754782E-17      0
  2.684209074489323E+03   2.0712797E-16   3.0396317E-17      0
  2.685759340633636E+03   2.1231671E-16   3.0507900E-17      0
  2.687309615977537E+03   2.0539661E-16   3.0756590E-17      0
  2.688859900521190E+03   2.3489357E-16   3.1827746E-17      0
  2.690410194264758E+03   1.9396267E-16   3.0045566E-17      0
  2.691960497208406E+03   2.5996399E-16   3.3709896E-17      0
  2.693510809352298E+03   2.3633397E-16   3.1642484E-17      0
  2.695061130696596E+03   1.8641839E-16   3.0057692E-17      0
  2.696611461241465E+03   2.1922970E-16   3.1086735E-17      0
  2.698161800987069E+03   1.8514582E-16   2.9758908E-17      0
  2.699712149933572E+03   2.2059177E-16   3.1656106E-17      0
  2.701262508081137E+03   1.2006115E-16   2.5880041E-17      0
  2.702812875429928E+03   2.2038463E-16   3.1229711E-17      0
  2.704363251980110E+03   2.0061731E-16   3.0257903E-17      0
  2.705913637731845E+03   2.2609297E-16   3.1674367E-17      0
  2.707464032685298E+03   2.1722973E-16   3.1135128E-17      0
  2.709014436840632E+03   2.0432437E-16   3.1172139E-17      0
  2.710564850198012E+03   1.7635317E-16   2.9116979E-17      0
  2.712115272757601E+03   1.8376087E-16   2.9536668E-17      0
  2.713665704519563E+03   2.1171550E-16   3.1591292E-17      0
  2.715216145484062E+03   2.4112016E-16   3.2451960E-17      0
  2.716766595651262E+03   2.2848785E-16   3.1884137E-17      0
  2.718317055021327E+03   2.5027370E-16   3.2839289E-17      0
  2.719867523594420E+03   2.7022479E-16   3.3516362E-17      0
  2.721418001370705E+03   1.9565015E-16   3.0558199E-17      0
  2.722968488350347E+03   2.1062694E-16   3.0864716E-17      0
  2.724518984533509E+03   2.6827389E-16   3.3956476E-17      0
  2.726069489920356E+03   2.3704315E-16   3.2183801E-17      0
  2.727620004511050E+03   2.5533416E-16   3.3031565E-17      0
  2.729170528305757E+03   2.3688650E-16   3.2582575E-17      0
  2.730721061304639E+03   2.2155806E-16   3.1523830E-17      0
  2.732271603507861E+03   1.8051388E-16   2.9700128E-17      0
  2.733822154915586E+03   2.0898935E-16   3.0846409E-17      0
  2.735372715527979E+03   2.0137645E-16   3.0680774E-17      0
  2.736923285345204E+03   2.2678775E-16   3.2237078E-17      0
  2.738473864367423E+03   2.1977743E-16   3.1705638E-17      0
  2.740024452594802E+03   2.0981186E-16   3.1773794E-17      0
  2.741575050027506E+03   2.1946957E-16   3.1501493E-17      0
  2.743125656665696E+03   1.6866980E-16   2.9296077E-17      0
  2.744676272509537E+03   2.0240582E-16   3.1265495E-17      0
  2.746226897559194E+03   1.4402501E-16   2.7337342E-17      0
  2.747777531814829E+03   1.4399544E-16   2.8314588E-17      0
  2.749328175276607E+03   2.1157750E-16   3.1450469E-17      0
  2.750878827944694E+03   1.4156347E-16   2.7892848E-17      0
  2.752429489819251E+03   8.5738998E-17   2.4573645E-17      0
  2.753980160900443E+03   1.2464847E-16   2.6642588E-17      0
  2.755530841188433E+03   1.0106260E-16   2.5688536E-17      0
  2.757081530683388E+03   1.1996775E-16   2.6847459E-17      0
  2.758632229385469E+03   6.8113374E-17   2.3335599E-17      0
  2.760182937294841E+03   9.8273881E-17   2.5871994E-17      0
  2.761733654411668E+03   9.2631285E-17   2.4998129E-17      0
  2.763284380736115E+03   9.6605689E-17   2.5187966E-17      0
  2.764835116268343E+03   1.1645280E-16   2.7334293E-17      0
  2.766385861008520E+03   1.4649459E-16   2.8028893E-17      0
  2.767936614956807E+03   1.0042018E-16   2.5648866E-17      0
  2.769487378113371E+03   5.0362809E-17   2.2704472E-17      0
  2.771038150478372E+03   8.6295207E-17   2.4590111E-17      0
  2.772588932051978E+03   4.9384224E-17   2.2979948E-17      0
  2.774139722834350E+03   1.2041911E-16   2.6906749E-17      0
  2.775690522825654E+03   8.6658379E-17   2.4958421E-17      0
  2.777241332026053E+03   4.9459647E-17   2.2706166E-17      0
  2.778792150435711E+03   7.9058872E-17   2.4459325E-17      0
  2.780342978054794E+03   7.9741422E-17   2.4801431E-17      0
  2.781893814883464E+03   8.5134329E-17   2.4891746E-17      0
  2.783444660921885E+03   8.1310438E-17   2.5068200E-17      0
  2.784995516170222E+03   1.2381099E-16   2.7644735E-17      0
  2.786546380628638E+03   9.2863200E-17   2.5700126E-17      0
  2.788097254297300E+03   8.9085320E-17   2.5845152E-17      0
  2.789648137176369E+03   7.8619050E-17   2.4361821E-17      0
  2.791199029266009E+03   8.6642570E-17   2.5590945E-17      0
  2.792749930566387E+03   8.1814720E-17   2.5339646E-17      0
  2.794300841077665E+03   1.5679408E-16   2.9585306E-17      0
  2.795851760800007E+03   1.2736138E-16   2.8223783E-17      0
  2.797402689733577E+03   5.8301754E-17   2.3860553E-17      0
  2.798953627878540E+03   5.8104958E-17   2.3818001E-17      0
  2.800504575235060E+03   8.8224086E-17   2.5764213E-17      0
  2.802055531803301E+03   1.0966430E-16   2.6684385E-17      0
  2.803606497583427E+03   9.2206088E-17   2.6192464E-17      0
  2.805157472575603E+03   1.4756762E-16   2.9507610E-17      0
  2.806708456779991E+03   9.4001685E-17   2.6394246E-17      0
  2.808259450196757E+03   1.4956470E-16   2.9584819E-17      0
  2.809810452826065E+03   1.1294783E-16   2.7064757E-17      0
  2.811361464668079E+03   1.5457126E-16   2.9784981E-17      0
  2.812912485722963E+03   1.2392492E-16   2.7830862E-17      0
  2.814463515990880E+03   8.3780889E-17   2.5887362E-17      0
  2.816014555471997E+03   1.3586909E-16   2.8596041E-17      0
  2.817565604166475E+03   1.2026735E-16   2.7763682E-17      0
  2.819116662074482E+03   2.0549093E-16   3.2721892E-17      0
  2.820667729196177E+03   1.9875341E-16   3.1979957E-17      0
  2.822218805531729E+03   1.9807468E-16   3.2310757E-17      0
  2.823769891081300E+03   1.3344427E-16   2.8515060E-17      0
  2.825320985845055E+03   1.4127337E-16   2.9098986E-17      0
  2.826872089823157E+03   1.6548884E-16   3.0893277E-17      0
  2.828423203015771E+03   1.5191520E-16   2.9043168E-17      0
  2.829974325423062E+03   1.2869604E-16   2.9572137E-17      0
  2.831525457045192E+03   1.9991652E-16   3.2188370E-17      0
  2.833076597882328E+03   1.1327493E-16   2.7604208E-17      0
  2.834627747934632E+03   1.9237556E-16   3.2382232E-17      0
  2.836178907202270E+03   1.7732764E-16   3.1062326E-17      0
  2.837730075685404E+03   1.8828226E-16   3.2303080E-17      0
  2.839281253384201E+03   2.2521984E-16   3.3641700E-17      0
  2.840832440298823E+03   1.8304903E-16   3.1687456E-17      0
  2.842383636429436E+03   2.0316759E-16   3.3107626E-17      0
  2.843934841776202E+03   2.2791743E-16   3.4182554E-17      0
  2.845486056339288E+03   2.8711804E-16   3.7077795E-17      0
  2.847037280118856E+03   2.7669808E-16   3.6690387E-17      0
  2.848588513115072E+03   2.1040203E-16   3.3491765E-17      0
  2.850139755328099E+03   2.0941000E-16   3.3821741E-17      0
  2.851691006758102E+03   2.9269017E-16   3.7420265E-17      0
  2.853242267405245E+03   2.8961070E-16   3.7200572E-17      0
  2.854793537269693E+03   2.1731362E-16   3.3895291E-17      0
  2.856344816351609E+03   2.5343747E-16   3.6056644E-17      0
  2.857896104651158E+03   2.0052999E-16   3.2841433E-17      0
  2.859447402168505E+03   3.4670782E-16   4.0490832E-17      0
  2.860998708903813E+03   3.3889923E-16   4.0099632E-17      0
  2.862550024857247E+03   3.1898858E-16   3.9630256E-17      0
  2.864101350028971E+03   2.8961152E-16   3.7937319E-17      0
  2.865652684419150E+03   2.9855211E-16   3.8166494E-17      0
  2.867204028027948E+03   3.0283196E-16   3.8491728E-17      0
  2.868755380855530E+03   3.5292258E-16   4.0681940E-17      0
  2.870306742902059E+03   3.0262507E-16   3.8616533E-17      0
  2.871858114167700E+03   2.6172892E-16   3.7216590E-17      0
  2.873409494652617E+03   3.2406999E-16   3.9829660E-17      0
  2.874960884356975E+03   4.0186372E-16   4.3692904E-17      0
  2.876512283280939E+03   4.0713422E-16   4.3034822E-17      0
  2.878063691424671E+03   3.3914980E-16   4.0866686E-17      0
  2.879615108788337E+03   3.0630000E-16   3.9176759E-17      0
  2.881166535372103E+03   3.7680329E-16   4.2700446E-17      0
  2.882717971176130E+03   3.7152707E-16   4.2739357E-17      0
  2.884269416200584E+03   4.5064869E-16   4.5222864E-17      0
  2.885820870445630E+03   3.4565710E-16   4.1264441E-17      0
  2.887372333911432E+03   3.1817287E-16   3.9924776E-17      0
  2.888923806598154E+03   3.5984477E-16   4.1772492E-17      0
  2.890475288505960E+03   3.1214792E-16   4.0421676E-17      0
  2.892026779635016E+03   3.6851918E-16   4.2405745E-17      0
  2.893578279985485E+03   3.9972364E-16   4.4418093E-17      0
  2.895129789557532E+03   4.1492703E-16   4.3710285E-17      0
  2.896681308351321E+03   4.2520572E-16   4.5237353E-17      0
  2.898232836367017E+03   3.4530960E-16   4.2222673E-17      0
  2.899784373604784E+03   3.5689347E-16   4.2243710E-17      0
  2.901335920064787E+03   3.5979450E-16   4.2882433E-17      0
  2.902887475747190E+03   4.2688316E-16   4.6139307E-17      0
  2.904439040652157E+03   3.3548762E-16   4.1477056E-17      0
  2.905990614779854E+03   4.2234129E-16   4.5850056E-17      0
  2.907542198130444E+03   3.6191150E-16   4.3519676E-17      0
  2.909093790704092E+03   4.7941721E-16   4.7510981E-17      0
  2.910645392500962E+03   3.5243080E-16   4.3023834E-17      0
  2.912197003521220E+03   3.3219293E-16   4.2389254E-17      0
  2.913748623765029E+03   2.8625547E-16   4.0295614E-17      0
  2.915300253232554E+03   3.6025018E-16   4.3753593E-17      0
  2.916851891923958E+03   2.9687899E-16   4.0790959E-17      0
  2.918403539839408E+03   3.1319398E-16   4.1730994E-17      0
  2.919955196979067E+03   3.9588131E-16   4.5662755E-17      0
  2.921506863343101E+03   3.4029604E-16   4.3185293E-17      0
  2.923058538931673E+03   3.7356601E-16   4.4733120E-17      0
  2.924610223744947E+03   4.3517122E-16   4.7397823E-17      0
  2.926161917783089E+03   4.0245177E-16   4.5695889E-17      0
  2.927713621046263E+03   4.7481882E-16   4.9051747E-17      0
  2.929265333534634E+03   4.2436856E-16   4.7340549E-17      0
  2.930817055248365E+03   4.4259941E-16   4.8015115E-17      0
  2.932368786187622E+03   4.4985814E-16   4.8678388E-17      0
  2.933920526352570E+03   4.6149505E-16   4.8919008E-17      0
  2.935472275743372E+03   5.3635677E-16   5.2794505E-17      0
  2.937024034360193E+03   4.7781086E-16   4.9796177E-17      0
  2.938575802203198E+03   4.1185963E-16   4.8238272E-17      0
  2.940127579272552E+03   4.2986615E-16   4.8057946E-17      0
  2.941679365568419E+03   4.5894315E-16   4.9639770E-17      0
  2.943231161090963E+03   5.1277225E-16   5.1640313E-17      0
  2.944782965840349E+03   4.6879573E-16   4.9651801E-17      0
  2.946334779816742E+03   3.8882592E-16   4.7524094E-17      0
  2.947886603020306E+03   5.3060770E-16   5.2979641E-17      0
  2.949438435451206E+03   3.8850230E-16   4.7154324E-17      0
  2.950990277109607E+03   3.7047681E-16   4.6695798E-17      0
  2.952542127995673E+03   4.2445567E-16   4.8979478E-17      0
  2.954093988109568E+03   4.4288923E-16   4.9864773E-17      0
  2.955645857451458E+03   4.0834977E-16   4.9288943E-17      0
  2.957197736021506E+03   3.8023706E-16   4.6886271E-17      0
  2.958749623819879E+03   3.9794807E-16   4.8808808E-17      0
  2.960301520846740E+03   4.4667758E-16   5.1205359E-17      0
  2.961853427102253E+03   4.6582190E-16   5.1628693E-17      0
  2.963405342586585E+03   4.3831250E-16   5.1090516E-17      0
  2.964957267299897E+03   4.3420441E-16   4.9806494E-17      0
  2.966509201242357E+03   3.9620768E-16   4.9629093E-17      0
  2.968061144414129E+03   4.4764638E-16   5.1770250E-17      0
  2.969613096815377E+03   4.3886492E-16   5.0662116E-17      0
  2.971165058446265E+03   4.2960227E-16   5.1977869E-17      0
  2.972717029306959E+03   3.9057904E-16   4.8919296E-17      0
  2.974269009397623E+03   4.5385031E-16   5.2676539E-17      0
  2.975820998718421E+03   4.6566875E-16   5.3634742E-17      0
  2.977372997269520E+03   3.9008914E-16   5.0510791E-17      0
  2.978925005051082E+03   4.2945907E-16   5.2075804E-17      0
  2.980477022063274E+03   4.4393063E-16   5.3565682E-17      0
  2.982029048306259E+03   4.6738262E-16   5.3667296E-17      0
  2.983581083780202E+03   5.5461722E-16   5.8052852E-17      0
  2.985133128485269E+03   5.0809414E-16   5.6434318E-17      0
  2.986685182421623E+03   5.1066748E-16   5.6457876E-17      0
  2.988237245589429E+03   5.0224030E-16   5.5934085E-17      0
  2.989789317988853E+03   4.5669640E-16   5.5271845E-17      0
  2.991341399620058E+03   4.6041778E-16   5.5568200E-17      0
  2.992893490483210E+03   4.8143161E-16   5.6166768E-17      0
  2.994445590578474E+03   4.6507027E-16   5.6508175E-17      0
  2.995997699906014E+03   4.9199003E-16   5.7209141E-17      0
  2.997549818465995E+03   5.5236988E-16   6.0809038E-17      0
  2.999101946258581E+03   3.4533057E-16   5.1671945E-17      0
  3.000654083283937E+03   4.6546843E-16   5.6139246E-17      0
  3.002206229542229E+03   5.5972414E-16   6.1352509E-17      0
  3.003758385033620E+03   5.1437203E-16   5.9883575E-17      0
  3.005310549758277E+03   5.7422068E-16   6.2486388E-17      0
  3.006862723716363E+03   4.6162369E-16   5.8384955E-17      0
  3.008414906908043E+03   4.2429413E-16   5.5923921E-17      0
  3.009967099333482E+03   5.0941165E-16   5.9613206E-17      0
  3.011519300992845E+03   4.3265921E-16   5.7386615E-17      0
  3.013071511886296E+03   5.4042523E-16   6.1628337E-17      0
  3.014623732014001E+03   4.7960477E-16   5.9247453E-17      0
  3.016175961376125E+03   4.8900816E-16   6.1219154E-17      0
  3.017728199972831E+03   4.5627770E-16   5.9534624E-17      0
  3.019280447804285E+03   6.2479183E-16   6.6975325E-17      0
  3.020832704870652E+03   4.5210410E-16   5.9864973E-17      0
  3.022384971172096E+03   4.5812105E-16   6.0772728E-17      0
  3.023937246708783E+03   5.5279482E-16   6.4674023E-17      0
  3.025489531480877E+03   4.3098932E-16   5.9635130E-17      0
  3.027041825488544E+03   5.0967116E-16   6.4282263E-17      0
  3.028594128731946E+03   6.1837778E-16   6.8445748E-17      0
  3.030146441211251E+03   5.1322700E-16   6.4703887E-17      0
  3.031698762926622E+03   4.9448010E-16   6.3335248E-17      0
  3.033251093878225E+03   5.0589858E-16   6.4846176E-17      0
  3.034803434066224E+03   6.1922799E-16   6.9325286E-17      0
  3.036355783490785E+03   5.9185125E-16   6.8595964E-17      0
  3.037908142152070E+03   5.8982679E-16   7.0295053E-17      0
  3.039460510050248E+03   5.5126360E-16   6.6823945E-17      0
  3.041012887185481E+03   5.9579826E-16   7.0924762E-17      0
  3.042565273557935E+03   6.2265943E-16   7.1289264E-17      0
  3.044117669167775E+03   6.9842864E-16   7.4777604E-17      0
  3.045670074015165E+03   6.2130391E-16   7.3713717E-17      0
  3.047222488100270E+03   5.3600504E-16   6.9116929E-17      0
  3.048774911423256E+03   5.6334615E-16   7.0591481E-17      0
  3.050327343984287E+03   6.4207644E-16   7.5401503E-17      0
  3.051879785783528E+03   6.7469827E-16   7.5237192E-17      0
  3.053432236821145E+03   5.4605678E-16   7.1390915E-17      0
  3.054984697097301E+03   6.5576925E-16   7.6009838E-17      0
  3.056537166612163E+03   5.5719913E-16   7.1951895E-17      0
  3.058089645365894E+03   6.2991659E-16   7.7021440E-17      0
  3.059642133358660E+03   6.1383874E-16   7.5004456E-17      0
  3.061194630590627E+03   6.0938420E-16   7.7058439E-17      0
  3.062747137061957E+03   6.3853123E-16   7.7651805E-17      0
  3.064299652772817E+03   6.1906621E-16   7.6732258E-17      0
  3.065852177723373E+03   6.7509717E-16   8.0031021E-17      0
  3.067404711913788E+03   6.5105541E-16   7.9040291E-17      0
  3.068957255344228E+03   6.2009832E-16   7.8267783E-17      0
  3.070509808014857E+03   7.1370896E-16   8.3719519E-17      0
  3.072062369925841E+03   6.2674159E-16   7.9851682E-17      0
  3.073614941077345E+03   8.3566015E-16   8.9932797E-17      0
  3.075167521469532E+03   6.6535370E-16   8.2373478E-17      0
  3.076720111102570E+03   6.6156053E-16   8.3761189E-17      0
  3.078272709976623E+03   5.8806803E-16   7.8890154E-17      0
  3.079825318091854E+03   5.0714197E-16   7.6246346E-17      0
  3.081377935448431E+03   8.6758398E-16   9.3562584E-17      0
  3.082930562046517E+03   5.9998779E-16   8.1971951E-17      0
  3.084483197886278E+03   8.8435841E-16   9.4481238E-17      0
  3.086035842967879E+03   7.0783806E-16   8.7681965E-17      0
  3.087588497291484E+03   7.7493573E-16   9.0085488E-17      0
  3.089141160857259E+03   7.0930984E-16   8.9645911E-17      0
  3.090693833665369E+03   6.1783568E-16   8.5931751E-17      0
  3.092246515715979E+03   7.9982891E-16   9.4169483E-17      0
  3.093799207009253E+03   6.0613429E-16   8.7395371E-17      0
  3.095351907545358E+03   7.4858750E-16   9.3699969E-17      0
  3.096904617324457E+03   6.3263975E-16   8.9231348E-17      0
  3.098457336346717E+03   7.0242012E-16   9.1486368E-17      0
  3.100010064612302E+03   6.6492256E-16   9.1414244E-17      0
  3.101562802121377E+03   7.8938558E-16   9.8876889E-17      0
  3.103115548874108E+03   7.9925886E-16   9.8179371E-17      0
  3.104668304870659E+03   7.7398075E-16   9.9933159E-17      0
  3.106221070111196E+03   8.6624678E-16   1.0205850E-16      0
  3.107773844595883E+03   6.1533450E-16   9.0861012E-17      0
  3.109326628324886E+03   6.2466599E-16   9.4011068E-17      0
  3.110879421298369E+03   7.7825112E-16   1.0154032E-16      0
  3.112432223516499E+03   6.5817276E-16   9.7396871E-17      0
  3.113985034979440E+03   7.4490476E-16   1.0143515E-16      0
  3.115537855687357E+03   7.3825417E-16   1.0068261E-16      0
  3.117090685640415E+03   7.4176756E-16   1.0252323E-16      0
  3.118643524838780E+03   6.4879484E-16   9.7512392E-17      0
  3.120196373282616E+03   8.6270777E-16   1.0924398E-16      0
  3.121749230972089E+03   9.5328296E-16   1.1368102E-16      0
  3.123302097907364E+03   6.5745040E-16   1.0178025E-16      0
  3.124854974088606E+03   8.6807462E-16   1.1212248E-16      0
  3.126407859515980E+03   8.5068234E-16   1.1116478E-16      0
  3.127960754189652E+03   8.7650604E-16   1.1354053E-16      0
  3.129513658109785E+03   8.8388703E-16   1.1313814E-16      0
  3.131066571276547E+03   7.6325498E-16   1.0853115E-16      0
  3.132619493690102E+03   8.1458222E-16   1.1318647E-16      0
  3.134172425350614E+03   5.6604877E-16   1.0046569E-16      0
  3.135725366258250E+03   8.7245982E-16   1.1792672E-16      0
  3.137278316413174E+03   8.0192765E-16   1.1364629E-16      0
  3.138831275815552E+03   7.2429988E-16   1.1151247E-16      0
  3.140384244465549E+03   6.2282862E-16   1.0793433E-16      0
  3.141937222363329E+03   7.2446829E-16   1.1301591E-16      0
  3.143490209509059E+03   9.6221715E-16   1.2422511E-16      0
  3.145043205902904E+03   6.9177382E-16   9.2562841E-17   2560
  3.146596211545027E+03   4.6832817E-16   9.8542708E-17   2564
  3.148149226435596E+03   7.2019342E-16   1.2649123E-16   2564
  3.149702250574775E+03   1.1136878E-15   1.6414573E-16   2564
  3.151255283962730E+03   3.2267666E-18   1.1769378E-17   2564
