

  1.566694669775351E+03   0.0000000E+00   0.0000000E+00   2564
  1.568238306793169E+03   0.0000000E+00   0.0000000E+00   2564
  1.569781952883448E+03   0.0000000E+00   0.0000000E+00   2564
  1.571325608046348E+03   0.0000000E+00   0.0000000E+00   2564
  1.572869272282030E+03   0.0000000E+00   0.0000000E+00   2560
  1.574412945590652E+03   0.0000000E+00   0.0000000E+00    512
  1.575956627972376E+03   0.0000000E+00   0.0000000E+00    512
  1.577500319427361E+03   0.0000000E+00   0.0000000E+00    512
  1.579044019955767E+03   0.0000000E+00   0.0000000E+00    512
  1.580587729557754E+03  -5.2614414E-14   5.8015875E-14      0
  1.582131448233482E+03  -7.9512211E-15   2.3100881E-14      0
  1.583675175983111E+03  -1.1377902E-14   1.2929214E-14      0
  1.585218912806802E+03  -1.2144980E-15   9.6060135E-15      0
  1.586762658704713E+03  -9.8661985E-16   7.5976323E-15      0
  1.588306413677006E+03  -1.0165909E-15   6.1396921E-15      0
  1.589850177723839E+03  -5.0904684E-16   5.2776306E-15      0
  1.591393950845374E+03   6.7733270E-16   4.6410464E-15      0
  1.592937733041770E+03  -2.2192735E-15   3.8525256E-15      0
  1.594481524313188E+03  -8.7230423E-16   3.5961766E-15      0
  1.596025324659787E+03  -3.8669857E-16   3.0298241E-15      0
  1.597569134081726E+03   2.7728485E-15   3.0070138E-15      0
  1.599112952579168E+03  -1.6592793E-17   2.4656312E-15      0
  1.600656780152271E+03  -1.9433953E-15   2.0296959E-15      0
  1.602200616801195E+03   1.5114242E-15   2.0911465E-15      0
  1.603744462526101E+03  -1.5410135E-15   1.6452844E-15      0
  1.605288317327149E+03   8.2159231E-16   1.6536985E-15      0
  1.606832181204498E+03  -8.8692619E-16   1.4091556E-15      0
  1.608376054158309E+03   2.4525401E-15   1.5282470E-15      0
  1.609919936188742E+03   1.2072380E-15   1.3403595E-15      0
  1.611463827295957E+03   9.4254968E-16   1.1852201E-15      0
  1.613007727480114E+03  -1.0980577E-15   9.4551440E-16      0
  1.614551636741374E+03   1.8346856E-15   1.1051820E-15      0
  1.616095555079895E+03   1.5207491E-15   1.0214101E-15      0
  1.617639482495839E+03  -1.1146689E-15   7.4102090E-16      0
  1.619183418989366E+03   6.0995642E-16   8.3629569E-16      0
  1.620727364560635E+03  -8.2464937E-17   7.2996474E-16      0
  1.622271319209807E+03  -9.2264334E-16   6.1738559E-16      0
  1.623815282937041E+03   8.5768534E-16   6.9584530E-16      0
  1.625359255742499E+03   3.2143132E-16   6.4548654E-16      0
  1.626903237626340E+03   7.2443721E-16   6.2803115E-16      0
  1.628447228588724E+03  -3.8906086E-17   5.4168297E-16      0
  1.629991228629811E+03  -4.8826346E-16   4.8007742E-16      0
  1.631535237749763E+03  -2.5747697E-16   4.7712524E-16      0
  1.633079255948737E+03   3.7007063E-16   4.9535228E-16      0
  1.634623283226896E+03  -2.5716616E-16   4.3001750E-16      0
  1.636167319584399E+03   1.8099284E-16   4.4689077E-16      0
  1.637711365021406E+03   2.5980335E-17   4.1449946E-16      0
  1.639255419538078E+03   6.7981276E-16   4.5266171E-16      0
  1.640799483134574E+03  -2.2684816E-16   3.6787062E-16      0
  1.642343555811055E+03   2.5894988E-16   3.8538906E-16      0
  1.643887637567680E+03  -3.2608691E-16   3.2577170E-16      0
  1.645431728404611E+03   3.4083298E-16   3.7671393E-16      0
  1.646975828322007E+03   7.0163159E-16   3.8549568E-16      0
  1.648519937320029E+03   4.5254890E-16   3.6107898E-16      0
  1.650064055398836E+03   2.3039953E-16   3.3705715E-16      0
  1.651608182558590E+03   2.2727183E-16   3.2365764E-16      0
  1.653152318799450E+03  -2.3653657E-16   2.8057487E-16      0
  1.654696464121576E+03  -2.3733731E-16   2.6859134E-16      0
  1.656240618525129E+03   3.7432991E-16   3.0571571E-16      0
  1.657784782010268E+03   1.5030438E-16   2.8623573E-16      0
  1.659328954577155E+03   6.0759251E-16   3.1515502E-16      0
  1.660873136225949E+03  -3.9997171E-16   2.2877148E-16      0
  1.662417326956810E+03  -3.1499832E-16   2.2778759E-16      0
  1.663961526769900E+03   5.7935037E-16   2.9487742E-16      0
  1.665505735665377E+03   3.3416088E-16   2.7317162E-16      0
  1.667049953643404E+03   1.4282648E-17   2.3837736E-16      0
  1.668594180704138E+03   5.4539022E-16   2.7366721E-16      0
  1.670138416847741E+03  -5.5584168E-17   2.2820603E-16      0
  1.671682662074374E+03   1.7658865E-16   2.3671188E-16      0
  1.673226916384195E+03   2.3705159E-16   2.4029798E-16      0
  1.674771179777367E+03   9.0603005E-17   2.2533977E-16      0
  1.676315452254049E+03   3.9703682E-16   2.4006838E-16      0
  1.677859733814401E+03  -4.4899291E-17   2.0930935E-16      0
  1.679404024458584E+03  -8.1358818E-17   1.9672702E-16      0
  1.680948324186757E+03   1.9957358E-16   2.2011370E-16      0
  1.682492632999081E+03  -9.0959386E-18   1.9824109E-16      0
  1.684036950895718E+03  -1.9737701E-17   1.9636954E-16      0
  1.685581277876826E+03   8.7633883E-17   1.9922952E-16      0
  1.687125613942566E+03  -7.0754436E-17   1.8564313E-16      0
  1.688669959093098E+03  -7.9218022E-17   1.8366132E-16      0
  1.690214313328584E+03   1.3305850E-16   1.9224433E-16      0
  1.691758676649182E+03   7.4439519E-17   1.8976553E-16      0
  1.693303049055054E+03  -2.2443710E-16   1.6547321E-16      0
  1.694847430546360E+03   9.9649084E-19   1.7680004E-16      0
  1.696391821123260E+03  -4.1153976E-17   1.7048170E-16      0
  1.697936220785915E+03  -3.6650136E-16   1.4184422E-16      0
  1.699480629534484E+03   1.4342404E-16   1.8129435E-16      0
  1.701025047369129E+03   2.3083818E-16   1.8312005E-16      0
  1.702569474290009E+03  -1.5594843E-17   1.6362948E-16      0
  1.704113910297285E+03   3.4156847E-16   1.8801461E-16      0
  1.705658355391118E+03   3.2374205E-17   1.6718738E-16      0
  1.707202809571667E+03  -2.0449370E-16   1.4414636E-16      0
  1.708747272839094E+03   1.1841698E-16   1.6810719E-16      0
  1.710291745193558E+03   1.0513809E-17   1.5411571E-16      0
  1.711836226635220E+03   2.4033311E-16   1.7341340E-16      0
  1.713380717164240E+03   3.3170323E-17   1.5433512E-16      0
  1.714925216780778E+03   9.3408113E-17   1.5704731E-16      0
  1.716469725484997E+03  -4.7174961E-17   1.4310330E-16      0
  1.718014243277054E+03  -4.7784186E-17   1.4276143E-16      0
  1.719558770157112E+03   2.9534594E-16   1.6436684E-16      0
  1.721103306125330E+03   2.6229556E-16   1.6445436E-16      0
  1.722647851181868E+03   1.2544842E-16   1.4899423E-16      0
  1.724192405326889E+03   1.1701302E-16   1.5200505E-16      0
  1.725736968560550E+03  -1.0170585E-16   1.3120911E-16      0
  1.727281540883014E+03   3.0019486E-16   1.5720651E-16      0
  1.728826122294440E+03  -1.3512807E-16   1.2372156E-16      0
  1.730370712794990E+03   9.6434296E-18   1.3852660E-16      0
  1.731915312384823E+03  -6.7360580E-17   1.3017414E-16      0
  1.733459921064100E+03   9.9814560E-20   1.3029757E-16      0
  1.735004538832981E+03   1.9793446E-16   1.4823226E-16      0
  1.736549165691627E+03   3.1255195E-16   1.4946222E-16      0
  1.738093801640199E+03  -1.4627359E-16   1.1382824E-16      0
  1.739638446678857E+03   1.1168845E-16   1.3716419E-16      0
  1.741183100807760E+03   1.5105622E-17   1.2717058E-16      0
  1.742727764027071E+03  -3.8686645E-17   1.2154781E-16      0
  1.744272436336949E+03  -1.1294269E-17   1.2352258E-16      0
  1.745817117737555E+03   5.7262478E-17   1.2718607E-16      0
  1.747361808229049E+03   1.8096556E-16   1.3547145E-16      0
  1.748906507811592E+03  -2.0492596E-17   1.1828884E-16      0
  1.750451216485344E+03  -2.6905828E-17   1.1612344E-16      0
  1.751995934250466E+03   1.7709321E-17   1.1918391E-16      0
  1.753540661107118E+03  -6.3271065E-17   1.1063504E-16      0
  1.755085397055462E+03   1.2602103E-16   1.2305815E-16      0
  1.756630142095657E+03  -2.5196706E-17   1.1217713E-16      0
  1.758174896227864E+03  -5.8482980E-17   1.1011934E-16      0
  1.759719659452243E+03  -1.5459976E-17   1.0942447E-16      0
  1.761264431768956E+03  -1.9942709E-16   9.4158843E-17      0
  1.762809213178162E+03  -3.8049200E-17   1.0692343E-16      0
  1.764354003680022E+03   1.6979793E-17   1.0913598E-16      0
  1.765898803274697E+03   1.2683005E-17   1.0900057E-16      0
  1.767443611962347E+03   1.1091918E-16   1.1496879E-16      0
  1.768988429743133E+03   8.1347741E-17   1.1208099E-16      0
  1.770533256617216E+03   2.4932780E-17   1.0576296E-16      0
  1.772078092584756E+03  -1.4242319E-16   9.1771785E-17      0
  1.773622937645913E+03   1.7380659E-16   1.1681376E-16      0
  1.775167791800849E+03   1.6661654E-17   1.0127873E-16      0
  1.776712655049723E+03   4.4100191E-17   1.0573062E-16      0
  1.778257527392697E+03  -5.5497011E-18   9.8873521E-17      0
  1.779802408829931E+03  -2.2178981E-16   8.0395709E-17      0
  1.781347299361585E+03  -6.0031171E-17   9.2981037E-17      0
  1.782892198987821E+03  -1.0201337E-16   8.8305726E-17      0
  1.784437107708798E+03  -7.3317511E-17   9.0259685E-17      0
  1.785982025524679E+03  -5.2530972E-17   9.3018822E-17      0
  1.787526952435622E+03   2.6146463E-17   9.7369806E-17      0
  1.789071888441789E+03   3.6950853E-17   9.7096737E-17      0
  1.790616833543340E+03  -7.2790458E-17   8.6316270E-17      0
  1.792161787740436E+03   1.3409583E-17   9.5700072E-17      0
  1.793706751033238E+03   5.1372217E-18   9.1906966E-17      0
  1.795251723421906E+03  -4.0548923E-17   8.8152644E-17      0
  1.796796704906601E+03   1.8058131E-16   1.0399025E-16      0
  1.798341695487484E+03   6.0116350E-17   9.3409404E-17      0
  1.799886695164715E+03   5.9272646E-17   9.4169067E-17      0
  1.801431703938455E+03   9.9624137E-17   9.5677414E-17      0
  1.802976721808864E+03   1.5966379E-16   9.8496459E-17      0
  1.804521748776104E+03  -5.8957497E-17   8.2797603E-17      0
  1.806066784840335E+03   3.4539320E-17   8.8023254E-17      0
  1.807611830001718E+03   5.9528549E-17   9.0542495E-17      0
  1.809156884260413E+03   6.9990326E-17   8.8813588E-17      0
  1.810701947616581E+03   1.4231009E-17   8.4112615E-17      0
  1.812247020070383E+03  -4.6787267E-18   8.3177901E-17      0
  1.813792101621979E+03   3.6289962E-17   8.5068432E-17      0
  1.815337192271531E+03   1.0913918E-16   8.8562807E-17      0
  1.816882292019199E+03   6.0402939E-17   8.7400486E-17      0
  1.818427400865143E+03   4.9109339E-17   8.2709598E-17      0
  1.819972518809524E+03   4.4603034E-18   8.0193374E-17      0
  1.821517645852504E+03   4.6571162E-17   8.2618257E-17      0
  1.823062781994242E+03   2.0639920E-17   7.9045353E-17      0
  1.824607927234900E+03  -5.6132307E-18   7.7511707E-17      0
  1.826153081574639E+03  -4.1619576E-17   7.4132582E-17      0
  1.827698245013618E+03  -1.1792573E-18   7.5477366E-17      0
  1.829243417551999E+03   5.3733578E-18   7.7457378E-17      0
  1.830788599189943E+03   9.5932563E-17   8.3429542E-17      0
  1.832333789927610E+03  -1.2651932E-17   7.3633454E-17      0
  1.833878989765162E+03   8.5679136E-17   8.1125633E-17      0
  1.835424198702758E+03  -1.4680230E-18   7.5128639E-17      0
  1.836969416740560E+03  -1.3401567E-17   7.3614912E-17      0
  1.838514643878728E+03   4.0902966E-17   7.6674865E-17      0
  1.840059880117424E+03   2.1682225E-17   7.4982579E-17      0
  1.841605125456808E+03  -4.4442624E-17   6.7261510E-17      0
  1.843150379897040E+03   3.2346650E-17   7.4038190E-17      0
  1.844695643438282E+03   1.3796507E-17   7.1733381E-17      0
  1.846240916080695E+03   8.4594200E-17   7.6920663E-17      0
  1.847786197824438E+03   1.2681384E-16   7.9459698E-17      0
  1.849331488669674E+03   1.9940429E-17   7.1237555E-17      0
  1.850876788616563E+03  -6.5531657E-17   6.3755932E-17      0
  1.852422097665265E+03  -1.0366514E-16   6.0506111E-17      0
  1.853967415815943E+03   8.4379189E-18   6.9163966E-17      0
  1.855512743068755E+03   2.2753633E-17   7.0619102E-17      0
  1.857058079423864E+03   1.3357776E-16   7.8507619E-17      0
  1.858603424881430E+03   5.8404936E-18   6.7592548E-17      0
  1.860148779441614E+03  -1.2633565E-17   6.6328377E-17      0
  1.861694143104576E+03  -3.9252508E-18   6.6219223E-17      0
  1.863239515870478E+03   1.0701124E-18   6.6648192E-17      0
  1.864784897739481E+03   8.0625857E-17   7.1308726E-17      0
  1.866330288711745E+03   1.0622274E-16   7.3302827E-17      0
  1.867875688787431E+03  -1.3639091E-16   5.4248824E-17      0
  1.869421097966700E+03  -8.7311931E-17   5.6694906E-17      0
  1.870966516249714E+03  -1.1035862E-16   5.6191537E-17      0
  1.872511943636632E+03  -7.1507845E-18   6.4074687E-17      0
  1.874057380127616E+03  -5.7093283E-17   5.9339846E-17      0
  1.875602825722827E+03   1.5497571E-17   6.4958791E-17      0
  1.877148280422425E+03   1.2496523E-16   7.2920438E-17      0
  1.878693744226572E+03  -1.1209477E-17   6.2819385E-17      0
  1.880239217135428E+03   2.2799305E-17   6.4465044E-17      0
  1.881784699149155E+03  -1.3030738E-16   5.1140203E-17      0
  1.883330190267913E+03  -7.0015386E-17   5.7005701E-17      0
  1.884875690491863E+03   5.5804377E-17   6.5688841E-17      0
  1.886421199821166E+03  -2.9494299E-17   5.8609968E-17      0
  1.887966718255983E+03   3.3857177E-17   6.4160191E-17      0
  1.889512245796475E+03  -2.8599191E-17   5.7522153E-17      0
  1.891057782442803E+03   6.8789240E-17   6.6592559E-17      0
  1.892603328195127E+03  -6.1032703E-18   5.9131297E-17      0
  1.894148883053610E+03  -4.0987554E-17   5.6750003E-17      0
  1.895694447018412E+03   7.4347622E-17   6.5236353E-17      0
  1.897240020089693E+03   1.0429243E-16   6.6570344E-17      0
  1.898785602267615E+03   1.3415850E-17   6.0532779E-17      0
  1.900331193552339E+03   8.1300745E-18   5.8845132E-17      0
  1.901876793944025E+03  -1.3899695E-17   5.7606195E-17      0
  1.903422403442835E+03  -5.2268590E-17   5.2762367E-17      0
  1.904968022048929E+03  -3.4708452E-17   5.4840579E-17      0
  1.906513649762469E+03   4.9533858E-17   6.1144820E-17      0
  1.908059286583616E+03   3.8571108E-17   5.9321992E-17      0
  1.909604932512530E+03   5.0865523E-17   6.0514581E-17      0
  1.911150587549374E+03   3.8790069E-17   5.8971115E-17      0
  1.912696251694307E+03  -1.3536800E-17   5.5870181E-17      0
  1.914241924947490E+03   4.8877011E-18   5.5927137E-17      0
  1.915787607309084E+03   1.2763966E-16   6.5568523E-17      0
  1.917333298779252E+03  -2.1731444E-17   5.2869474E-17      0
  1.918878999358154E+03   4.0240448E-17   5.7617616E-17      0
  1.920424709045950E+03   7.8396989E-17   6.0102096E-17      0
  1.921970427842802E+03   1.2296151E-16   6.3549150E-17      0
  1.923516155748871E+03   8.2349933E-17   6.0159020E-17      0
  1.925061892764317E+03   2.0074625E-16   6.6919335E-17      0
  1.926607638889303E+03   1.2755414E-16   6.3002072E-17      0
  1.928153394123989E+03   4.7449925E-17   5.6834601E-17      0
  1.929699158468536E+03   5.4404066E-18   5.3904528E-17      0
  1.931244931923105E+03   7.1024937E-17   5.7810369E-17      0
  1.932790714487857E+03  -3.6844921E-17   4.8760547E-17      0
  1.934336506162953E+03   3.0744616E-17   5.5002485E-17      0
  1.935882306948555E+03   2.8378118E-17   5.4999404E-17      0
  1.937428116844824E+03  -7.8126521E-17   4.5681668E-17      0
  1.938973935851920E+03   5.8127166E-17   5.5764480E-17      0
  1.940519763970004E+03  -4.4221357E-17   4.7863598E-17      0
  1.942065601199238E+03   9.6631630E-17   5.8642572E-17      0
  1.943611447539784E+03   1.0636313E-17   5.1385638E-17      0
  1.945157302991800E+03   1.2795798E-17   5.2646526E-17      0
  1.946703167555450E+03   4.6615916E-17   5.3628137E-17      0
  1.948249041230895E+03   3.5718698E-17   5.3379057E-17      0
  1.949794924018295E+03   1.1672437E-16   5.9394473E-17      0
  1.951340815917811E+03   2.6770243E-17   5.1693276E-17      0
  1.952886716929605E+03   3.0831907E-17   5.3400196E-17      0
  1.954432627053837E+03   7.8972157E-17   5.5801902E-17      0
  1.955978546290669E+03   6.8224914E-18   4.9866888E-17      0
  1.957524474640263E+03   2.7477780E-17   5.1398872E-17      0
  1.959070412102778E+03  -6.3698878E-19   4.9302787E-17      0
  1.960616358678377E+03   1.4318450E-16   5.8178101E-17      0
  1.962162314367220E+03   8.6277658E-17   5.5043847E-17      0
  1.963708279169470E+03   9.2650839E-17   5.5899119E-17      0
  1.965254253085286E+03   1.2839582E-16   5.6050645E-17      0
  1.966800236114829E+03   1.0483720E-16   5.6002238E-17      0
  1.968346228258262E+03   1.2952541E-16   5.6646433E-17      0
  1.969892229515746E+03   6.5006477E-17   5.2428362E-17      0
  1.971438239887441E+03   7.9962584E-17   5.3589336E-17      0
  1.972984259373509E+03   8.9978867E-17   5.2636298E-17      0
  1.974530287974110E+03   6.5851412E-17   5.2084291E-17      0
  1.976076325689408E+03   3.4813120E-17   4.8203245E-17      0
  1.977622372519561E+03   4.7277157E-17   4.9807999E-17      0
  1.979168428464732E+03   8.9904858E-17   5.2871608E-17      0
  1.980714493525082E+03   1.2111491E-16   5.4375508E-17      0
  1.982260567700772E+03   4.8999106E-17   4.9286776E-17      0
  1.983806650991963E+03   7.2354031E-17   5.0876045E-17      0
  1.985352743398817E+03  -2.0231511E-17   4.2968347E-17      0
  1.986898844921494E+03   1.8853549E-17   4.5657279E-17      0
  1.988444955560156E+03   8.7185009E-17   5.1221343E-17      0
  1.989991075314965E+03   4.6476079E-17   4.7462350E-17      0
  1.991537204186081E+03   5.7933877E-17   4.8529337E-17      0
  1.993083342173666E+03   4.2092197E-17   4.6969803E-17      0
  1.994629489277881E+03   2.9265038E-17   4.5846866E-17      0
  1.996175645498887E+03   1.1649963E-16   5.1460712E-17      0
  1.997721810836846E+03   4.0150894E-17   4.6646564E-17      0
  1.999267985291918E+03  -1.1915312E-18   4.3087441E-17      0
  2.000814168864266E+03   3.3143172E-17   4.4912096E-17      0
  2.002360361554050E+03   6.9360087E-17   4.8482998E-17      0
  2.003906563361432E+03   3.0987843E-17   4.4389076E-17      0
  2.005452774286573E+03   6.2054666E-17   4.6844763E-17      0
  2.006998994329634E+03   1.2025031E-17   4.2439845E-17      0
  2.008545223490776E+03   5.8747624E-17   4.4662449E-17      0
  2.010091461770162E+03  -2.3752175E-17   3.9769094E-17      0
  2.011637709167952E+03   4.0420780E-17   4.3920376E-17      0
  2.013183965684307E+03   9.4664808E-18   4.1359352E-17      0
  2.014730231319390E+03   3.6129300E-17   4.3376862E-17      0
  2.016276506073360E+03   6.3546437E-17   4.4318190E-17      0
  2.017822789946380E+03   2.8519368E-17   4.2348435E-17      0
  2.019369082938611E+03   6.4431321E-17   4.4944108E-17      0
  2.020915385050213E+03   3.7974730E-17   4.2707093E-17      0
  2.022461696281350E+03   3.3678781E-17   4.2131190E-17      0
  2.024008016632182E+03   4.6352578E-17   4.3174093E-17      0
  2.025554346102869E+03   1.3957695E-17   4.0100270E-17      0
  2.027100684693575E+03  -1.3424978E-17   3.8320330E-17      0
  2.028647032404459E+03   5.8264233E-17   4.3564509E-17      0
  2.030193389235684E+03   6.3302987E-17   4.3401505E-17      0
  2.031739755187411E+03   9.9150858E-17   4.5595337E-17      0
  2.033286130259800E+03  -3.3032697E-17   3.5426660E-17      0
  2.034832514453014E+03   1.2660462E-17   3.9381397E-17      0
  2.036378907767215E+03   2.7522994E-17   4.0206811E-17      0
  2.037925310202562E+03   4.7118071E-17   4.1165371E-17      0
  2.039471721759218E+03   4.6698660E-17   4.0956637E-17      0
  2.041018142437344E+03   9.2300532E-17   4.4577101E-17      0
  2.042564572237102E+03  -2.0353362E-18   3.7177017E-17      0
  2.044111011158652E+03   6.6913896E-17   4.1844136E-17      0
  2.045657459202157E+03  -1.6063341E-17   3.6891997E-17      0
  2.047203916367778E+03   7.0442820E-17   4.1582594E-17      0
  2.048750382655676E+03   8.2027485E-17   4.2464617E-17      0
  2.050296858066013E+03   1.6455374E-18   3.6968164E-17      0
  2.051843342598949E+03   4.6415917E-17   3.9672638E-17      0
  2.053389836254648E+03   5.7969916E-17   4.1281984E-17      0
  2.054936339033269E+03  -7.2739252E-18   3.5721851E-17      0
  2.056482850934975E+03   6.4680892E-17   3.9950729E-17      0
  2.058029371959926E+03   6.0936874E-17   4.0088815E-17      0
  2.059575902108285E+03   4.1624274E-17   3.9160533E-17      0
  2.061122441380213E+03   7.5308070E-18   3.5714946E-17      0
  2.062668989775871E+03   4.6443925E-17   3.8319092E-17      0
  2.064215547295421E+03   9.9639272E-17   4.1811194E-17      0
  2.065762113939024E+03  -5.0898090E-18   3.4506342E-17      0
  2.067308689706841E+03   6.2467906E-17   3.9809619E-17      0
  2.068855274599036E+03   5.1661205E-17   3.8936857E-17      0
  2.070401868615767E+03   3.2748203E-17   3.6765094E-17      0
  2.071948471757198E+03  -1.1570010E-17   3.3462473E-17      0
  2.073495084023490E+03   7.7289136E-17   4.0132778E-17      0
  2.075041705414804E+03   3.8281700E-18   3.3862336E-17      0
  2.076588335931301E+03  -2.2904861E-17   3.1949140E-17      0
  2.078134975573144E+03   3.5323795E-17   3.6230567E-17      0
  2.079681624340494E+03   8.8104615E-17   3.9649182E-17      0
  2.081228282233511E+03   1.9922710E-17   3.4775805E-17      0
  2.082774949252359E+03   3.2059796E-19   3.2814619E-17      0
  2.084321625397199E+03   5.7733555E-18   3.3369578E-17      0
  2.085868310668191E+03   9.0216908E-18   3.3196267E-17      0
  2.087415005065498E+03   3.5870777E-17   3.5179823E-17      0
  2.088961708589281E+03  -3.6174782E-17   2.9595735E-17      0
  2.090508421239701E+03   6.6107672E-17   3.6552463E-17      0
  2.092055143016920E+03   3.8260859E-17   3.5340852E-17      0
  2.093601873921100E+03   1.9024411E-17   3.2954942E-17      0
  2.095148613952403E+03   5.3568527E-17   3.5638296E-17      0
  2.096695363110989E+03   6.4440745E-17   3.6317663E-17      0
  2.098242121397021E+03   1.8963906E-17   3.2704567E-17      0
  2.099788888810660E+03   6.2114766E-17   3.5846835E-17      0
  2.101335665352067E+03   4.4990585E-17   3.4349201E-17      0
  2.102882451021405E+03   8.2368025E-17   3.6909937E-17      0
  2.104429245818835E+03   2.6024219E-17   3.3080776E-17      0
  2.105976049744518E+03   5.9342751E-17   3.5034510E-17      0
  2.107522862798616E+03  -6.0131225E-18   3.0046399E-17      0
  2.109069684981291E+03  -3.9526739E-18   3.0369758E-17      0
  2.110616516292704E+03   1.4964253E-17   3.1838992E-17      0
  2.112163356733017E+03   5.4626475E-17   3.4687465E-17      0
  2.113710206302391E+03   4.7474992E-17   3.3748708E-17      0
  2.115257065000989E+03  -1.1745232E-17   2.8496408E-17      0
  2.116803932828971E+03   6.3185196E-18   3.0323624E-17      0
  2.118350809786501E+03   6.8166209E-18   3.0536113E-17      0
  2.119897695873738E+03   5.8385558E-17   3.4042959E-17      0
  2.121444591090844E+03   1.7780641E-17   3.0818513E-17      0
  2.122991495437983E+03   7.0431173E-17   3.4554484E-17      0
  2.124538408915314E+03   4.8730613E-17   3.3490449E-17      0
  2.126085331523000E+03   5.5309445E-17   3.3380645E-17      0
  2.127632263261203E+03   8.4306235E-17   3.5249617E-17      0
  2.129179204130083E+03   3.4212180E-17   3.1564597E-17      0
  2.130726154129803E+03   1.0376723E-16   3.6252749E-17      0
  2.132273113260525E+03   3.4438580E-17   3.2056432E-17      0
  2.133820081522410E+03   2.7888867E-17   3.0911352E-17      0
  2.135367058915620E+03   5.0869636E-17   3.2881316E-17      0
  2.136914045440316E+03   6.7402137E-17   3.3575003E-17      0
  2.138461041096661E+03   6.9843796E-17   3.3163960E-17      0
  2.140008045884816E+03   4.4557205E-17   3.1873019E-17      0
  2.141555059804942E+03   1.5772943E-17   2.9637034E-17      0
  2.143102082857202E+03   1.1161700E-17   2.9206699E-17      0
  2.144649115041756E+03   6.7165550E-17   3.3196885E-17      0
  2.146196156358768E+03   1.9005920E-17   2.9479910E-17      0
  2.147743206808398E+03   6.0541316E-17   3.2460076E-17      0
  2.149290266390808E+03   6.7439069E-17   3.2323578E-17      0
  2.150837335106162E+03   2.6854045E-17   3.0117084E-17      0
  2.152384412954618E+03   5.8534854E-17   3.1961710E-17      0
  2.153931499936341E+03   1.4622178E-16   3.7859729E-17      0
  2.155478596051490E+03   2.8768730E-17   2.9699840E-17      0
  2.157025701300228E+03   1.5485504E-17   2.8450563E-17      0
  2.158572815682717E+03   2.2508268E-17   2.9086843E-17      0
  2.160119939199119E+03   6.8873771E-17   3.2650351E-17      0
  2.161667071849596E+03   6.2449569E-17   3.1451313E-17      0
  2.163214213634309E+03   5.6554961E-17   3.0901532E-17      0
  2.164761364553419E+03   5.3486355E-17   3.1498227E-17      0
  2.166308524607090E+03   6.6872351E-17   3.1041160E-17      0
  2.167855693795482E+03   6.7536551E-17   3.1860522E-17      0
  2.169402872118757E+03   7.1737662E-17   3.1811391E-17      0
  2.170950059577077E+03   1.1036976E-16   3.3650243E-17      0
  2.172497256170604E+03   5.8161974E-17   3.0994494E-17      0
  2.174044461899501E+03   9.4163680E-17   3.3034606E-17      0
  2.175591676763928E+03   3.6168161E-17   2.8810820E-17      0
  2.177138900764048E+03   3.6707787E-17   2.9161032E-17      0
  2.178686133900022E+03   8.0468540E-17   3.1926928E-17      0
  2.180233376172011E+03   7.7163768E-17   3.1770525E-17      0
  2.181780627580179E+03   9.8072102E-17   3.2836824E-17      0
  2.183327888124687E+03   2.5014436E-17   2.7908210E-17      0
  2.184875157805696E+03   1.1257059E-16   3.3199030E-17      0
  2.186422436623368E+03   8.8051384E-17   3.2164789E-17      0
  2.187969724577867E+03   5.9585896E-17   2.9515591E-17      0
  2.189517021669352E+03   8.0285727E-17   3.1398099E-17      0
  2.191064327897986E+03   5.5062108E-17   2.9383887E-17      0
  2.192611643263932E+03   4.8513038E-17   2.8587693E-17      0
  2.194158967767350E+03   8.5466379E-17   3.1637971E-17      0
  2.195706301408403E+03   7.9335415E-17   3.0526459E-17      0
  2.197253644187253E+03   5.5765976E-17   2.9232351E-17      0
  2.198800996104060E+03   6.9132215E-17   2.9795525E-17      0
  2.200348357158989E+03   1.1121296E-16   3.2625764E-17      0
  2.201895727352200E+03   1.4174815E-17   2.6261049E-17      0
  2.203443106683854E+03   6.0935008E-17   2.9283395E-17      0
  2.204990495154116E+03   7.0290890E-17   2.9438008E-17      0
  2.206537892763145E+03   1.1365448E-17   2.5269248E-17      0
  2.208085299511104E+03   4.2967407E-17   2.7793110E-17      0
  2.209632715398155E+03   7.7615722E-18   2.4962614E-17      0
  2.211180140424460E+03   3.0271766E-17   2.6752631E-17      0
  2.212727574590181E+03   5.0992565E-17   2.8009149E-17      0
  2.214275017895479E+03   9.6542698E-17   3.1198890E-17      0
  2.215822470340517E+03   4.6040145E-17   2.7326883E-17      0
  2.217369931925456E+03   4.5940142E-17   2.7761435E-17      0
  2.218917402650459E+03   1.0846707E-16   3.1057661E-17      0
  2.220464882515688E+03   6.5305036E-17   2.8368351E-17      0
  2.222012371521304E+03   5.9183416E-17   2.7996580E-17      0
  2.223559869667469E+03   4.8153241E-17   2.7171895E-17      0
  2.225107376954346E+03   3.1390641E-17   2.6023041E-17      0
  2.226654893382096E+03   5.9911984E-17   2.7979358E-17      0
  2.228202418950882E+03   4.7027617E-17   2.7110360E-17      0
  2.229749953660865E+03   2.6646548E-17   2.5464368E-17      0
  2.231297497512206E+03   3.1943945E-17   2.5703296E-17      0
  2.232845050505070E+03   3.1558988E-17   2.5690137E-17      0
  2.234392612639617E+03   1.0330176E-16   3.0202518E-17      0
  2.235940183916010E+03   3.9379975E-17   2.5767722E-17      0
  2.237487764334409E+03   9.3500738E-17   2.9800846E-17      0
  2.239035353894978E+03   8.4618368E-18   2.3811984E-17      0
  2.240582952597878E+03   6.4982316E-17   2.7336365E-17      0
  2.242130560443272E+03   5.6491096E-17   2.6855327E-17      0
  2.243678177431322E+03   8.7326000E-17   2.9303545E-17      0
  2.245225803562188E+03   7.3181026E-17   2.7655492E-17      0
  2.246773438836035E+03   2.2716229E-17   2.4374619E-17      0
  2.248321083253023E+03   4.5314516E-17   2.5860960E-17      0
  2.249868736813314E+03   7.0120650E-17   2.7575333E-17      0
  2.251416399517071E+03   5.8116142E-17   2.7298945E-17      0
  2.252964071364456E+03   4.5303276E-17   2.5658709E-17      0
  2.254511752355631E+03   4.2620054E-17   2.5575341E-17      0
  2.256059442490757E+03   3.8147644E-17   2.5470129E-17      0
  2.257607141769997E+03   8.3601053E-17   2.8066195E-17      0
  2.259154850193514E+03   7.8225743E-17   2.8255213E-17      0
  2.260702567761469E+03   7.1659351E-17   2.7716908E-17      0
  2.262250294474024E+03   2.9997956E-17   2.4191847E-17      0
  2.263798030331341E+03   8.1579371E-17   2.8351940E-17      0
  2.265345775333582E+03   5.0637628E-17   2.6218118E-17      0
  2.266893529480910E+03   6.6647702E-17   2.7082585E-17      0
  2.268441292773487E+03   6.7358297E-17   2.7616709E-17      0
  2.269989065211475E+03   5.4741112E-17   2.5978853E-17      0
  2.271536846795035E+03   5.8585424E-17   2.6049052E-17      0
  2.273084637524330E+03   5.6550474E-17   2.6769479E-17      0
  2.274632437399522E+03   8.4204710E-17   2.7743069E-17      0
  2.276180246420773E+03   3.9566481E-17   2.5179823E-17      0
  2.277728064588247E+03   4.6428192E-17   2.5171281E-17      0
  2.279275891902103E+03   5.7828812E-17   2.6415852E-17      0
  2.280823728362504E+03   5.2256100E-17   2.5412922E-17      0
  2.282371573969614E+03   4.8454722E-17   2.5341762E-17      0
  2.283919428723593E+03   1.0012909E-16   2.9025050E-17      0
  2.285467292624605E+03   3.1511164E-17   2.3870848E-17      0
  2.287015165672811E+03   6.9843306E-17   2.7295455E-17      0
  2.288563047868373E+03   3.6520216E-17   2.4312762E-17      0
  2.290110939211454E+03   5.2305267E-17   2.5331774E-17      0
  2.291658839702216E+03   2.7308228E-17   2.3732932E-17      0
  2.293206749340821E+03   7.4304708E-17   2.6417247E-17      0
  2.294754668127431E+03   5.6130809E-17   2.5978254E-17      0
  2.296302596062208E+03   7.2124730E-17   2.6522534E-17      0
  2.297850533145314E+03   1.1517315E-17   2.2167512E-17      0
  2.299398479376913E+03   4.9089229E-17   2.4991514E-17      0
  2.300946434757166E+03   4.4329198E-17   2.4443505E-17      0
  2.302494399286234E+03   4.3324438E-17   2.4697216E-17      0
  2.304042372964281E+03   7.1854824E-17   2.6482088E-17      0
  2.305590355791468E+03   8.0757630E-17   2.6513903E-17      0
  2.307138347767959E+03   1.0683964E-16   2.8548418E-17      0
  2.308686348893915E+03   6.1770539E-17   2.5211458E-17      0
  2.310234359169498E+03   4.4721927E-17   2.4548012E-17      0
  2.311782378594870E+03   4.3032070E-17   2.4393134E-17      0
  2.313330407170194E+03   1.0017295E-16   2.7394654E-17      0
  2.314878444895633E+03   3.9251626E-17   2.3945296E-17      0
  2.316426491771347E+03   9.6974149E-17   2.7541121E-17      0
  2.317974547797499E+03   4.0167457E-17   2.3769875E-17      0
  2.319522612974254E+03   5.8450706E-17   2.5039455E-17      0
  2.321070687301771E+03   3.6370331E-17   2.3422334E-17      0
  2.322618770780213E+03   3.5288736E-17   2.3834718E-17      0
  2.324166863409743E+03   5.2374264E-17   2.4098349E-17      0
  2.325714965190523E+03   5.7864156E-17   2.5059698E-17      0
  2.327263076122715E+03   2.2384942E-17   2.2014414E-17      0
  2.328811196206482E+03   5.1516474E-17   2.4528316E-17      0
  2.330359325441985E+03   3.2474710E-17   2.2870654E-17      0
  2.331907463829388E+03   1.7724920E-17   2.1892407E-17      0
  2.333455611368852E+03   4.7001501E-17   2.4246755E-17      0
  2.335003768060540E+03   7.4768968E-17   2.6136699E-17      0
  2.336551933904614E+03   6.7717346E-17   2.5026498E-17      0
  2.338100108901236E+03   2.4551807E-17   2.2283074E-17      0
  2.339648293050569E+03   3.2663175E-17   2.2971954E-17      0
  2.341196486352775E+03   5.5950159E-17   2.4084867E-17      0
  2.342744688808016E+03   1.3179626E-17   2.1807752E-17      0
  2.344292900416456E+03   4.9794417E-17   2.3765923E-17      0
  2.345841121178255E+03   1.2075097E-17   2.1217964E-17      0
  2.347389351093576E+03   7.9411562E-17   2.5672827E-17      0
  2.348937590162583E+03   5.5889093E-17   2.4125254E-17      0
  2.350485838385437E+03   3.7470570E-17   2.3096537E-17      0
  2.352034095762299E+03   7.6633903E-17   2.5663722E-17      0
  2.353582362293334E+03   8.4823130E-17   2.6265345E-17      0
  2.355130637978703E+03   8.7797539E-17   2.6247898E-17      0
  2.356678922818569E+03   9.2466960E-17   2.6495430E-17      0
  2.358227216813094E+03   5.8677354E-17   2.4095836E-17      0
  2.359775519962441E+03   2.8856613E-17   2.2465671E-17      0
  2.361323832266770E+03   3.4600743E-17   2.2199273E-17      0
  2.362872153726247E+03   3.1473782E-17   2.2561970E-17      0
  2.364420484341032E+03   3.3266279E-17   2.2726380E-17      0
  2.365968824111288E+03   7.0308731E-17   2.5368949E-17      0
  2.367517173037177E+03   5.4273299E-17   2.3959477E-17      0
  2.369065531118863E+03   6.6563058E-17   2.4331410E-17      0
  2.370613898356506E+03   8.6108655E-17   2.6189521E-17      0
  2.372162274750270E+03   4.1792890E-17   2.3040964E-17      0
  2.373710660300318E+03   2.9622774E-17   2.2129909E-17      0
  2.375259055006811E+03   1.3340897E-16   2.9207857E-17      0
  2.376807458869911E+03   7.5280100E-17   2.4958198E-17      0
  2.378355871889783E+03   6.2015597E-17   2.4589118E-17      0
  2.379904294066587E+03   7.6736195E-17   2.5167850E-17      0
  2.381452725400487E+03   4.7553786E-17   2.3413858E-17      0
  2.383001165891645E+03   5.9421346E-17   2.4045801E-17      0
  2.384549615540222E+03   1.6420773E-17   2.1105851E-17      0
  2.386098074346383E+03   8.1405312E-17   2.5463594E-17      0
  2.387646542310289E+03   6.2654901E-17   2.4170760E-17      0
  2.389195019432103E+03   6.5897026E-17   2.4673524E-17      0
  2.390743505711986E+03   6.9425765E-17   2.4469609E-17      0
  2.392292001150103E+03   8.6064066E-17   2.5760133E-17      0
  2.393840505746615E+03   7.2377510E-17   2.4981210E-17      0
  2.395389019501684E+03   5.6941585E-17   2.3889980E-17      0
  2.396937542415474E+03   4.9559484E-17   2.3311374E-17      0
  2.398486074488146E+03   7.5484426E-17   2.4931305E-17      0
  2.400034615719864E+03   7.5284672E-17   2.4849865E-17      0
  2.401583166110790E+03   1.0243944E-16   2.6926354E-17      0
  2.403131725661086E+03   7.1447567E-17   2.4322447E-17      0
  2.404680294370914E+03   3.2219846E-17   2.1967843E-17      0
  2.406228872240438E+03   5.5125073E-17   2.3650727E-17      0
  2.407777459269820E+03   1.0426174E-16   2.6726728E-17      0
  2.409326055459223E+03   5.1378282E-17   2.3313346E-17      0
  2.410874660808807E+03   1.0173968E-16   2.6909975E-17      0
  2.412423275318738E+03   5.6189327E-17   2.3392951E-17      0
  2.413971898989177E+03   6.2144624E-17   2.4003385E-17      0
  2.415520531820287E+03   9.0564207E-17   2.5940412E-17      0
  2.417069173812229E+03   3.4986772E-17   2.1800009E-17      0
  2.418617824965168E+03   5.5927031E-17   2.3268131E-17      0
  2.420166485279265E+03   6.4601324E-17   2.4031226E-17      0
  2.421715154754683E+03   5.2626819E-17   2.3162376E-17      0
  2.423263833391584E+03   6.7124800E-17   2.3945390E-17      0
  2.424812521190132E+03   2.1231552E-17   2.0992805E-17      0
  2.426361218150488E+03   6.6474140E-17   2.4273066E-17      0
  2.427909924272816E+03   6.5898336E-17   2.4161251E-17      0
  2.429458639557277E+03   4.4751596E-17   2.2404963E-17      0
  2.431007364004035E+03   2.8158872E-17   2.1299158E-17      0
  2.432556097613252E+03   9.1149381E-17   2.5493372E-17      0
  2.434104840385092E+03   4.3259796E-17   2.2453616E-17      0
  2.435653592319715E+03   8.6928186E-17   2.5039162E-17      0
  2.437202353417286E+03   5.3076666E-17   2.2890169E-17      0
  2.438751123677966E+03   2.5175917E-17   2.1471112E-17      0
  2.440299903101919E+03   6.9832493E-17   2.4343942E-17      0
  2.441848691689307E+03   4.0328340E-17   2.2367159E-17      0
  2.443397489440292E+03   9.1350128E-17   2.5387872E-17      0
  2.444946296355037E+03   7.5575509E-17   2.4279963E-17      0
  2.446495112433705E+03   7.4134276E-17   2.4334112E-17      0
  2.448043937676459E+03   6.4298086E-17   2.3515951E-17      0
  2.449592772083462E+03   8.5022381E-17   2.5343792E-17      0
  2.451141615654875E+03   9.9610691E-17   2.6113710E-17      0
  2.452690468390862E+03   6.5201036E-17   2.4071212E-17      0
  2.454239330291585E+03   7.2735685E-17   2.4187942E-17      0
  2.455788201357208E+03   9.2390390E-17   2.5425343E-17      0
  2.457337081587891E+03   6.3715916E-17   2.3617186E-17      0
  2.458885970983799E+03   8.9483333E-17   2.5134096E-17      0
  2.460434869545094E+03   7.9972417E-17   2.4618391E-17      0
  2.461983777271940E+03   9.6682670E-17   2.5880619E-17      0
  2.463532694164497E+03   8.2300984E-17   2.4638655E-17      0
  2.465081620222930E+03   6.6254626E-17   2.3734968E-17      0
  2.466630555447401E+03   6.7827487E-17   2.3980848E-17      0
  2.468179499838072E+03   5.5134417E-17   2.2876423E-17      0
  2.469728453395106E+03   1.0807560E-16   2.6063543E-17      0
  2.471277416118668E+03   8.6827097E-17   2.5148747E-17      0
  2.472826388008917E+03   9.7406235E-17   2.4608974E-17      0
  2.474375369066019E+03   7.5907466E-17   2.4079645E-17      0
  2.475924359290135E+03   1.1853167E-16   2.7920198E-17      0
  2.477473358681427E+03   5.6403170E-17   2.3331331E-17      0
  2.479022367240061E+03   7.2414342E-17   2.3943626E-17      0
  2.480571384966196E+03   9.5331282E-17   2.5089051E-17      0
  2.482120411859997E+03   5.8157613E-17   2.2797036E-17      0
  2.483669447921626E+03   7.5725970E-17   2.4109572E-17      0
  2.485218493151247E+03   5.7163090E-17   2.2921428E-17      0
  2.486767547549020E+03   7.6153344E-17   2.4129884E-17      0
  2.488316611115111E+03   7.8521556E-17   2.4279288E-17      0
  2.489865683849680E+03   6.2410731E-17   2.3060707E-17      0
  2.491414765752892E+03   2.7939028E-17   2.0538254E-17      0
  2.492963856824909E+03   1.2406223E-16   2.6839569E-17      0
  2.494512957065894E+03   4.6991148E-17   2.2160025E-17      0
  2.496062066476009E+03   5.7631447E-17   2.2568338E-17      0
  2.497611185055418E+03   6.5552952E-17   2.3244472E-17      0
  2.499160312804283E+03   1.2498666E-16   2.6549434E-17      0
  2.500709449722766E+03   1.1866785E-16   2.6291165E-17      0
  2.502258595811032E+03   6.2925059E-17   2.2774100E-17      0
  2.503807751069242E+03   6.1152172E-17   2.2655383E-17      0
  2.505356915497561E+03   8.2449201E-17   2.4136758E-17      0
  2.506906089096149E+03   1.2192458E-16   2.6249591E-17      0
  2.508455271865171E+03   9.1789625E-17   2.4769650E-17      0
  2.510004463804789E+03   3.4101953E-17   2.1152879E-17      0
  2.511553664915165E+03   9.3939997E-17   2.4465461E-17      0
  2.513102875196464E+03   8.5491876E-17   2.4348521E-17      0
  2.514652094648847E+03   8.9514422E-17   2.4245322E-17      0
  2.516201323272478E+03   6.7651628E-17   2.3186971E-17      0
  2.517750561067520E+03   8.6490746E-17   2.4041038E-17      0
  2.519299808034134E+03   8.0856435E-17   2.3802719E-17      0
  2.520849064172485E+03   6.1591531E-17   2.2713299E-17      0
  2.522398329482735E+03   7.2360721E-17   2.3017783E-17      0
  2.523947603965048E+03   9.5086503E-17   2.4606592E-17      0
  2.525496887619585E+03   7.2572565E-17   2.3468940E-17      0
  2.527046180446510E+03   9.6372616E-17   2.4703633E-17      0
  2.528595482445985E+03   5.5072024E-17   2.2434068E-17      0
  2.530144793618175E+03   8.5582323E-17   2.4011348E-17      0
  2.531694113963241E+03   7.5739933E-17   2.3524972E-17      0
  2.533243443481347E+03   9.6447863E-17   2.5042699E-17      0
  2.534792782172655E+03   1.0438952E-16   2.4694374E-17      0
  2.536342130037328E+03   7.3312018E-17   2.3366792E-17      0
  2.537891487075530E+03   9.4422971E-17   2.4296685E-17      0
  2.539440853287423E+03   2.9499693E-17   2.0472383E-17      0
  2.540990228673171E+03   6.7577566E-17   2.3082060E-17      0
  2.542539613232936E+03   6.0657637E-17   2.2036088E-17      0
  2.544089006966880E+03   9.1743998E-17   2.4897116E-17      0
  2.545638409875168E+03   6.9905947E-17   2.2994456E-17      0
  2.547187821957962E+03   9.5613092E-17   2.4207944E-17      0
  2.548737243215425E+03   2.2988858E-17   2.0046203E-17      0
  2.550286673647720E+03   1.1242614E-16   2.5374698E-17      0
  2.551836113255011E+03   7.3087184E-17   2.2955655E-17      0
  2.553385562037459E+03   4.4914640E-17   2.1619915E-17      0
  2.554935019995229E+03   6.0335540E-17   2.1963837E-17      0
  2.556484487128482E+03   7.5880507E-17   2.3244255E-17      0
  2.558033963437383E+03   1.2294736E-16   2.5876062E-17      0
  2.559583448922094E+03   7.8762173E-17   2.3055610E-17      0
  2.561132943582777E+03   9.4155792E-17   2.4675612E-17      0
  2.562682447419597E+03   1.0844998E-16   2.5000937E-17      0
  2.564231960432716E+03   1.0488070E-16   2.5150542E-17      0
  2.565781482622298E+03   1.1408855E-16   2.5585363E-17      0
  2.567331013988504E+03   1.0837350E-16   2.5195663E-17      0
  2.568880554531499E+03   5.5006664E-17   2.1759803E-17      0
  2.570430104251445E+03   5.7223812E-17   2.2086652E-17      0
  2.571979663148505E+03   3.8783253E-17   2.0716656E-17      0
  2.573529231222843E+03   3.0280190E-17   2.0210693E-17      0
  2.575078808474621E+03   7.2911511E-17   2.3208761E-17      0
  2.576628394904003E+03   5.4455533E-17   2.2147670E-17      0
  2.578177990511151E+03   8.0764492E-17   2.3124127E-17      0
  2.579727595296229E+03   5.6572470E-17   2.2182689E-17      0
  2.581277209259400E+03   5.4943308E-17   2.1794373E-17      0
  2.582826832400826E+03   5.2676694E-17   2.1686558E-17      0
  2.584376464720672E+03   7.3478116E-17   2.2987937E-17      0
  2.585926106219099E+03   2.2229720E-17   1.9658437E-17      0
  2.587475756896271E+03   7.0764507E-17   2.2960013E-17      0
  2.589025416752353E+03   8.0833850E-17   2.3491446E-17      0
  2.590575085787504E+03   1.0429195E-16   2.4641287E-17      0
  2.592124764001891E+03   1.0013192E-16   2.4691591E-17      0
  2.593674451395675E+03   8.0056591E-17   2.3741716E-17      0
  2.595224147969020E+03   5.5076372E-17   2.1688118E-17      0
  2.596773853722088E+03   4.8064451E-17   2.1236514E-17      0
  2.598323568655043E+03   1.5735800E-18   1.7827860E-17      0
  2.599873292768049E+03   1.0449926E-16   2.5001374E-17      0
  2.601423026061268E+03   4.8707104E-17   2.1216140E-17      0
  2.602972768534863E+03   4.7578817E-17   2.1429202E-17      0
  2.604522520188998E+03   8.9891603E-17   2.3897840E-17      0
  2.606072281023834E+03   5.3895694E-17   2.1739013E-17      0
  2.607622051039537E+03   5.9241544E-17   2.2196991E-17      0
  2.609171830236270E+03   6.1872190E-17   2.2254356E-17      0
  2.610721618614194E+03   2.7132879E-17   1.9809076E-17      0
  2.612271416173473E+03   6.4155844E-17   2.2229471E-17      0
  2.613821222914271E+03   6.0706997E-17   2.2171666E-17      0
  2.615371038836751E+03   7.6755949E-17   2.3488050E-17      0
  2.616920863941076E+03   2.1092470E-17   1.9236734E-17      0
  2.618470698227408E+03   4.3519342E-17   2.1371050E-17      0
  2.620020541695912E+03   8.6972443E-17   2.4303954E-17      0
  2.621570394346751E+03   7.9042488E-17   2.3910774E-17      0
  2.623120256180087E+03   6.4734169E-17   2.2631382E-17      0
  2.624670127196084E+03   5.4885746E-17   2.1852666E-17      0
  2.626220007394905E+03   7.3922914E-17   2.3366932E-17      0
  2.627769896776714E+03   9.2055064E-17   2.4151404E-17      0
  2.629319795341673E+03   7.2040774E-17   2.2943037E-17      0
  2.630869703089946E+03   6.0769790E-17   2.2357241E-17      0
  2.632419620021696E+03   2.3403747E-17   1.9377182E-17      0
  2.633969546137086E+03   9.7535262E-17   2.4604942E-17      0
  2.635519481436280E+03   1.0285662E-16   2.4763883E-17      0
  2.637069425919441E+03   6.1041535E-17   2.2226404E-17      0
  2.638619379586732E+03   6.8517865E-17   2.3135314E-17      0
  2.640169342438315E+03   7.9804539E-17   2.3404682E-17      0
  2.641719314474356E+03   5.5213320E-17   2.1908156E-17      0
  2.643269295695016E+03   5.9017411E-17   2.2064642E-17      0
  2.644819286100460E+03   7.5431215E-17   2.3204777E-17      0
  2.646369285690850E+03   3.8340698E-17   2.0685198E-17      0
  2.647919294466350E+03   5.8204921E-17   2.1954948E-17      0
  2.649469312427123E+03   4.2044396E-17   2.1389461E-17      0
  2.651019339573331E+03   7.0927363E-17   2.2761102E-17      0
  2.652569375905140E+03   5.7754942E-17   2.2426326E-17      0
  2.654119421422711E+03   5.7524271E-17   2.2039121E-17      0
  2.655669476126209E+03   5.1559230E-17   2.1466258E-17      0
  2.657219540015796E+03   1.0854950E-16   2.5398903E-17      0
  2.658769613091636E+03   4.2108278E-17   2.1006387E-17      0
  2.660319695353892E+03   5.5465726E-17   2.2447000E-17      0
  2.661869786802728E+03   5.9634739E-17   2.2274857E-17      0
  2.663419887438307E+03   9.4211643E-17   2.4602348E-17      0
  2.664969997260791E+03   4.2415112E-17   2.1227412E-17      0
  2.666520116270346E+03   5.7017871E-17   2.1911824E-17      0
  2.668070244467133E+03   7.2793535E-17   2.2978993E-17      0
  2.669620381851316E+03   2.0068671E-17   1.9322431E-17      0
  2.671170528423059E+03   8.6265693E-17   2.3906617E-17      0
  2.672720684182525E+03   8.6455687E-17   2.4725873E-17      0
  2.674270849129877E+03   4.8612548E-17   2.1316016E-17      0
  2.675821023265279E+03   6.5470393E-17   2.3099217E-17      0
  2.677371206588894E+03   6.5126682E-17   2.2450686E-17      0
  2.678921399100885E+03   1.2343897E-16   2.6320151E-17      0
  2.680471600801416E+03   6.2029189E-17   2.2528486E-17      0
  2.682021811690650E+03   4.1725975E-17   2.1627726E-17      0
  2.683572031768752E+03   1.0947520E-16   2.5232630E-17      0
  2.685122261035883E+03   8.0564493E-17   2.3426117E-17      0
  2.686672499492207E+03   6.2009462E-17   2.2636401E-17      0
  2.688222747137889E+03   7.0764362E-17   2.3193182E-17      0
  2.689773003973090E+03   9.7212105E-17   2.4807094E-17      0
  2.691323269997976E+03   7.9195906E-17   2.4191377E-17      0
  2.692873545212708E+03   8.5004931E-17   2.3797700E-17      0
  2.694423829617451E+03   3.4478701E-17   2.1019910E-17      0
  2.695974123212368E+03   1.1228889E-16   2.5529222E-17      0
  2.697524425997623E+03   9.1809299E-17   2.4695343E-17      0
  2.699074737973378E+03   7.9876762E-17   2.4117412E-17      0
  2.700625059139798E+03   8.1160149E-17   2.3741624E-17      0
  2.702175389497046E+03   9.3088689E-17   2.4557386E-17      0
  2.703725729045284E+03   5.2582753E-17   2.1929033E-17      0
  2.705276077784677E+03   6.9554865E-17   2.3350257E-17      0
  2.706826435715389E+03   6.9625129E-17   2.3138811E-17      0
  2.708376802837582E+03   6.6964129E-17   2.3497387E-17      0
  2.709927179151421E+03   1.0465535E-16   2.5194945E-17      0
  2.711477564657067E+03   7.4610182E-17   2.3577160E-17      0
  2.713027959354687E+03   9.2767895E-17   2.5158862E-17      0
  2.714578363244441E+03   1.2387413E-16   2.6454338E-17      0
  2.716128776326495E+03   9.9283743E-17   2.5127548E-17      0
  2.717679198601012E+03   7.6668387E-17   2.3588116E-17      0
  2.719229630068154E+03   1.3581015E-16   2.7033245E-17      0
  2.720780070728086E+03   7.0307328E-17   2.3484177E-17      0
  2.722330520580972E+03   6.2447795E-17   2.2701983E-17      0
  2.723880979626973E+03   1.0687410E-16   2.5708393E-17      0
  2.725431447866256E+03   1.4214243E-16   2.7564550E-17      0
  2.726981925298982E+03   5.1696542E-17   2.1995126E-17      0
  2.728532411925315E+03   1.0041744E-16   2.5434207E-17      0
  2.730082907745419E+03   4.6518788E-17   2.1715706E-17      0
  2.731633412759457E+03   1.0456088E-16   2.5566657E-17      0
  2.733183926967594E+03   9.9312906E-17   2.5131861E-17      0
  2.734734450369992E+03   9.6169249E-17   2.5093614E-17      0
  2.736284982966814E+03   8.5994305E-17   2.4639011E-17      0
  2.737835524758226E+03   6.6934965E-17   2.3499503E-17      0
  2.739386075744390E+03   7.0481526E-17   2.4044698E-17      0
  2.740936635925469E+03   5.1679257E-17   2.2208529E-17      0
  2.742487205301628E+03   5.5570430E-17   2.2741766E-17      0
  2.744037783873030E+03   5.3792220E-17   2.2722921E-17      0
  2.745588371639838E+03   3.3744472E-17   2.0685739E-17      0
  2.747138968602216E+03   8.9345452E-17   2.5153317E-17      0
  2.748689574760328E+03   5.6764125E-17   2.2817814E-17      0
  2.750240190114338E+03   6.5701573E-17   2.3342703E-17      0
  2.751790814664409E+03   7.0334268E-17   2.3620533E-17      0
  2.753341448410703E+03   6.1692857E-17   2.2858852E-17      0
  2.754892091353386E+03   4.5686694E-17   2.2313553E-17      0
  2.756442743492621E+03   1.6585459E-17   1.9747653E-17      0
  2.757993404828571E+03   6.0574913E-17   2.2858551E-17      0
  2.759544075361400E+03   1.5813089E-17   2.0027843E-17      0
  2.761094755091272E+03   3.0789446E-17   2.0934016E-17      0
  2.762645444018351E+03   4.5160591E-17   2.1762945E-17      0
  2.764196142142799E+03   3.8077681E-17   2.2228517E-17      0
  2.765746849464781E+03   5.0295940E-17   2.2338256E-17      0
  2.767297565984461E+03   2.0694103E-17   2.0487500E-17      0
  2.768848291702001E+03   5.3247277E-17   2.2872426E-17      0
  2.770399026617567E+03   2.0584428E-17   2.0105133E-17      0
  2.771949770731319E+03   4.6704037E-17   2.2702761E-17      0
  2.773500524043425E+03   2.3359789E-17   2.0510868E-17      0
  2.775051286554045E+03  -4.5562440E-18   1.8441404E-17      0
  2.776602058263346E+03   5.6562412E-17   2.2990785E-17      0
  2.778152839171490E+03   3.0234116E-17   2.1021497E-17      0
  2.779703629278640E+03   6.8322836E-17   2.4017187E-17      0
  2.781254428584961E+03   4.7568801E-17   2.2416294E-17      0
  2.782805237090616E+03   4.2256800E-17   2.2331117E-17      0
  2.784356054795768E+03   2.2561730E-17   2.0963290E-17      0
  2.785906881700583E+03   1.8789399E-17   2.0642946E-17      0
  2.787457717805222E+03   4.8148059E-17   2.3088163E-17      0
  2.789008563109851E+03   5.2981970E-17   2.2635094E-17      0
  2.790559417614633E+03   5.1646567E-17   2.3599972E-17      0
  2.792110281319731E+03   4.3257923E-17   2.2720625E-17      0
  2.793661154225309E+03  -2.2127383E-18   1.9010913E-17      0
  2.795212036331532E+03   7.2119489E-17   2.4881287E-17      0
  2.796762927638562E+03   5.7432950E-17   2.3755368E-17      0
  2.798313828146564E+03   2.6391067E-17   2.1596326E-17      0
  2.799864737855701E+03   4.3192503E-17   2.2662717E-17      0
  2.801415656766137E+03   7.5588400E-17   2.4682308E-17      0
  2.802966584878036E+03   7.4529185E-17   2.5030078E-17      0
  2.804517522191562E+03   6.4317157E-17   2.4494709E-17      0
  2.806068468706878E+03   7.4555086E-17   2.4984459E-17      0
  2.807619424424148E+03   1.4821462E-16   2.9381720E-17      0
  2.809170389343536E+03   8.9766891E-17   2.5578320E-17      0
  2.810721363465206E+03   8.3178430E-17   2.5689116E-17      0
  2.812272346789321E+03   3.9471156E-17   2.2441743E-17      0
  2.813823339316045E+03   6.1234070E-17   2.4413184E-17      0
  2.815374341045544E+03   1.7836967E-17   2.0924573E-17      0
  2.816925351977979E+03   7.3069846E-17   2.4922398E-17      0
  2.818476372113514E+03   7.2256066E-17   2.5157142E-17      0
  2.820027401452315E+03   9.7284421E-17   2.6281194E-17      0
  2.821578439994544E+03   6.6619161E-17   2.4706460E-17      0
  2.823129487740365E+03   1.2027153E-16   2.7776871E-17      0
  2.824680544689943E+03   4.1359017E-17   2.2909796E-17      0
  2.826231610843440E+03   1.1120490E-16   2.7667468E-17      0
  2.827782686201021E+03   6.5139898E-17   2.4192053E-17      0
  2.829333770762849E+03   5.8252242E-17   2.4769952E-17      0
  2.830884864529090E+03   1.2035568E-16   2.7786870E-17      0
  2.832435967499905E+03   8.6402899E-17   2.5900363E-17      0
  2.833987079675461E+03   1.3757873E-16   2.9373031E-17      0
  2.835538201055919E+03   1.2939093E-16   2.8437990E-17      0
  2.837089331641444E+03   1.0700319E-16   2.7586806E-17      0
  2.838640471432200E+03   1.1066370E-16   2.7607793E-17      0
  2.840191620428351E+03   8.3323822E-17   2.5788492E-17      0
  2.841742778630061E+03   1.7900994E-16   3.1804248E-17      0
  2.843293946037493E+03   6.2924867E-17   2.4862316E-17      0
  2.844845122650812E+03   9.3902615E-17   2.6764033E-17      0
  2.846396308470181E+03   6.1094217E-17   2.4772893E-17      0
  2.847947503495765E+03   7.6581645E-17   2.5984241E-17      0
  2.849498707727726E+03   1.2050372E-16   2.8927085E-17      0
  2.851049921166230E+03   4.3800884E-17   2.3687629E-17      0
  2.852601143811440E+03   9.6037807E-17   2.6999284E-17      0
  2.854152375663520E+03   1.0698323E-16   2.7699528E-17      0
  2.855703616722634E+03   1.1505812E-16   2.8672773E-17      0
  2.857254866988946E+03   1.0985049E-16   2.7925819E-17      0
  2.858806126462619E+03   1.1067533E-16   2.8580758E-17      0
  2.860357395143819E+03   7.6136218E-17   2.6450520E-17      0
  2.861908673032708E+03   1.5971477E-16   3.1735065E-17      0
  2.863459960129451E+03   5.8656979E-17   2.5359860E-17      0
  2.865011256434211E+03   1.0317973E-16   2.8004885E-17      0
  2.866562561947153E+03   1.6343359E-16   3.1647761E-17      0
  2.868113876668442E+03   1.6645416E-16   3.1550601E-17      0
  2.869665200598239E+03   1.1636386E-16   2.9096813E-17      0
  2.871216533736710E+03   1.7345883E-16   3.2701686E-17      0
  2.872767876084019E+03   1.8806307E-16   3.3219329E-17      0
  2.874319227640329E+03   1.7755575E-16   3.2983989E-17      0
  2.875870588405804E+03   2.0433042E-16   3.3877629E-17      0
  2.877421958380610E+03   1.6398042E-16   3.2136370E-17      0
  2.878973337564909E+03   1.3966532E-16   3.0697473E-17      0
  2.880524725958865E+03   1.7274318E-16   3.2880582E-17      0
  2.882076123562644E+03   2.1580568E-16   3.5349554E-17      0
  2.883627530376407E+03   1.5362385E-16   3.1574536E-17      0
  2.885178946400321E+03   2.0203475E-16   3.4495476E-17      0
  2.886730371634548E+03   1.3741533E-16   3.0816180E-17      0
  2.888281806079253E+03   1.7859515E-16   3.3266375E-17      0
  2.889833249734600E+03   1.2890646E-16   3.0764250E-17      0
  2.891384702600752E+03   2.0504886E-16   3.4730680E-17      0
  2.892936164677874E+03   2.2264078E-16   3.6034926E-17      0
  2.894487635966131E+03   1.3461075E-16   3.0561376E-17      0
  2.896039116465685E+03   1.4781309E-16   3.2060783E-17      0
  2.897590606176702E+03   1.7480541E-16   3.3735589E-17      0
  2.899142105099344E+03   1.8234268E-16   3.3958378E-17      0
  2.900693613233777E+03   1.7719716E-16   3.3881176E-17      0
  2.902245130580165E+03   2.1530201E-16   3.6375850E-17      0
  2.903796657138670E+03   1.7536110E-16   3.3513097E-17      0
  2.905348192909458E+03   2.1064549E-16   3.6065942E-17      0
  2.906899737892693E+03   2.0234389E-16   3.5638905E-17      0
  2.908451292088539E+03   1.3193867E-16   3.1278369E-17      0
  2.910002855497159E+03   1.2289700E-16   3.1442948E-17      0
  2.911554428118718E+03   2.0765532E-16   3.6103112E-17      0
  2.913106009953380E+03   1.6645864E-16   3.4074729E-17      0
  2.914657601001309E+03   1.6242462E-16   3.3806349E-17      0
  2.916209201262670E+03   1.3383923E-16   3.2245648E-17      0
  2.917760810737626E+03   1.0300966E-16   3.0506484E-17      0
  2.919312429426342E+03   1.5116781E-16   3.3822555E-17      0
  2.920864057328981E+03   1.9721541E-16   3.6118372E-17      0
  2.922415694445708E+03   1.8942916E-16   3.5771962E-17      0
  2.923967340776687E+03   1.3473037E-16   3.2828946E-17      0
  2.925518996322082E+03   2.0902256E-16   3.6679402E-17      0
  2.927070661082058E+03   1.7742164E-16   3.5097115E-17      0
  2.928622335056778E+03   1.5815459E-16   3.4414978E-17      0
  2.930174018246406E+03   1.7256097E-16   3.5291691E-17      0
  2.931725710651108E+03   1.6679366E-16   3.5011098E-17      0
  2.933277412271047E+03   2.1973291E-16   3.7934857E-17      0
  2.934829123106386E+03   2.4999182E-16   4.0023938E-17      0
  2.936380843157291E+03   2.3930502E-16   3.8994594E-17      0
  2.937932572423926E+03   1.7094586E-16   3.6415310E-17      0
  2.939484310906454E+03   1.1801482E-16   3.2607483E-17      0
  2.941036058605041E+03   2.0394088E-16   3.7625521E-17      0
  2.942587815519848E+03   2.1780793E-16   3.8413020E-17      0
  2.944139581651043E+03   1.9144718E-16   3.6872760E-17      0
  2.945691356998789E+03   1.7630003E-16   3.6845288E-17      0
  2.947243141563250E+03   1.6157292E-16   3.5715396E-17      0
  2.948794935344589E+03   1.6905534E-16   3.6220353E-17      0
  2.950346738342972E+03   2.6393758E-16   4.1486009E-17      0
  2.951898550558562E+03   2.0021168E-16   3.8230210E-17      0
  2.953450371991524E+03   1.8552919E-16   3.7499396E-17      0
  2.955002202642022E+03   2.5773831E-16   4.1998402E-17      0
  2.956554042510220E+03   1.5691686E-16   3.5825206E-17      0
  2.958105891596284E+03   2.3540729E-16   4.0422457E-17      0
  2.959657749900375E+03   1.9733790E-16   3.9341090E-17      0
  2.961209617422660E+03   1.5493544E-16   3.6631260E-17      0
  2.962761494163302E+03   2.4049409E-16   4.1797555E-17      0
  2.964313380122466E+03   2.0209027E-16   3.8743717E-17      0
  2.965865275300316E+03   1.9407722E-16   3.9453438E-17      0
  2.967417179697016E+03   1.5975719E-16   3.7561352E-17      0
  2.968969093312730E+03   1.4793769E-16   3.6154215E-17      0
  2.970521016147623E+03   1.9535497E-16   4.0303065E-17      0
  2.972072948201859E+03   1.8259987E-16   3.8037497E-17      0
  2.973624889475603E+03   1.6078374E-16   3.8234402E-17      0
  2.975176839969018E+03   1.9760470E-16   4.0800019E-17      0
  2.976728799682269E+03   2.6614993E-16   4.4259788E-17      0
  2.978280768615521E+03   1.0666880E-16   3.5281089E-17      0
  2.979832746768938E+03   1.1265274E-16   3.6070144E-17      0
  2.981384734142683E+03   2.4698697E-16   4.3270089E-17      0
  2.982936730736922E+03   2.0725235E-16   4.1727593E-17      0
  2.984488736551818E+03   2.2914994E-16   4.3390576E-17      0
  2.986040751587536E+03   2.5536063E-16   4.4739364E-17      0
  2.987592775844241E+03   1.7901536E-16   4.0137017E-17      0
  2.989144809322097E+03   1.1523470E-16   3.7612273E-17      0
  2.990696852021267E+03   1.9211672E-16   4.2187032E-17      0
  2.992248903941917E+03   1.7274947E-16   4.0978984E-17      0
  2.993800965084211E+03   1.1589269E-16   3.7896595E-17      0
  2.995353035448314E+03   2.5212904E-16   4.5572123E-17      0
  2.996905115034388E+03   1.8319552E-16   4.2706031E-17      0
  2.998457203842600E+03   1.8478336E-16   4.2728359E-17      0
  3.000009301873113E+03   1.5335963E-16   4.0289403E-17      0
  3.001561409126092E+03   1.8240843E-16   4.2942754E-17      0
  3.003113525601701E+03   2.4681338E-16   4.6604371E-17      0
  3.004665651300104E+03   1.2319737E-16   4.0020702E-17      0
  3.006217786221467E+03   2.2469375E-16   4.6527953E-17      0
  3.007769930365953E+03   1.5399306E-16   4.1772525E-17      0
  3.009322083733726E+03   2.2870647E-16   4.6016789E-17      0
  3.010874246324952E+03   2.0655223E-16   4.5969596E-17      0
  3.012426418139795E+03   1.1931710E-16   3.9984237E-17      0
  3.013978599178419E+03   2.4799523E-16   4.8165605E-17      0
  3.015530789440988E+03   1.1737682E-16   4.1315494E-17      0
  3.017082988927667E+03   2.3036887E-16   4.8124534E-17      0
  3.018635197638621E+03   2.6592430E-16   4.9989300E-17      0
  3.020187415574013E+03   2.5392338E-16   4.9838952E-17      0
  3.021739642734009E+03   2.2168585E-16   4.8600044E-17      0
  3.023291879118773E+03   2.2545524E-16   4.8539514E-17      0
  3.024844124728469E+03   2.4829413E-16   5.0171978E-17      0
  3.026396379563261E+03   1.5175765E-16   4.5550841E-17      0
  3.027948643623315E+03   2.2939592E-16   4.9912124E-17      0
  3.029500916908795E+03   2.6048442E-16   5.1778866E-17      0
  3.031053199419864E+03   2.5834510E-16   5.1624977E-17      0
  3.032605491156688E+03   2.3668668E-16   5.0969109E-17      0
  3.034157792119433E+03   2.3117882E-16   5.0348303E-17      0
  3.035710102308260E+03   1.8970690E-16   4.8716961E-17      0
  3.037262421723335E+03   3.1391112E-16   5.6924035E-17      0
  3.038814750364823E+03   1.9189997E-16   4.8702300E-17      0
  3.040367088232888E+03   2.1294760E-16   5.1419406E-17      0
  3.041919435327695E+03   2.5257623E-16   5.3571840E-17      0
  3.043471791649409E+03   2.8633930E-16   5.5806799E-17      0
  3.045024157198193E+03   2.7889441E-16   5.7140796E-17      0
  3.046576531974213E+03   1.9626532E-16   5.1361752E-17      0
  3.048128915977632E+03   3.9510315E-16   6.2657780E-17      0
  3.049681309208616E+03   2.2404077E-16   5.4146082E-17      0
  3.051233711667328E+03   2.0539194E-16   5.2423981E-17      0
  3.052786123353935E+03   1.7982427E-16   5.2016045E-17      0
  3.054338544268600E+03   2.5179343E-16   5.6190710E-17      0
  3.055890974411487E+03   2.7964295E-16   5.8094761E-17      0
  3.057443413782761E+03   1.8664412E-16   5.3608156E-17      0
  3.058995862382588E+03   2.8181263E-16   5.8777582E-17      0
  3.060548320211130E+03   3.2829790E-16   6.2793821E-17      0
  3.062100787268553E+03   2.8008118E-16   6.0067130E-17      0
  3.063653263555022E+03   3.3206918E-16   6.2600056E-17      0
  3.065205749070701E+03   1.8174043E-16   5.4534185E-17      0
  3.066758243815756E+03   2.4598739E-16   5.8821224E-17      0
  3.068310747790349E+03   2.8628173E-16   6.1685598E-17      0
  3.069863260994646E+03   2.6848972E-16   6.1545215E-17      0
  3.071415783428812E+03   4.2201929E-16   6.9748538E-17      0
  3.072968315093011E+03   3.5141745E-16   6.7280251E-17      0
  3.074520855987408E+03   2.9498034E-16   6.3883132E-17      0
  3.076073406112167E+03   2.6497271E-16   6.3169639E-17      0
  3.077625965467454E+03   2.5121351E-16   6.1551628E-17      0
  3.079178534053432E+03   2.8613138E-16   6.4297444E-17      0
  3.080731111870267E+03   3.7320123E-16   7.0367004E-17      0
  3.082283698918122E+03   3.5590294E-16   6.9376664E-17      0
  3.083836295197164E+03   2.9003300E-16   6.5859028E-17      0
  3.085388900707555E+03   2.7928889E-16   6.6139972E-17      0
  3.086941515449462E+03   4.3003873E-16   7.3560940E-17      0
  3.088494139423048E+03   1.9105628E-16   6.2103794E-17      0
  3.090046772628479E+03   2.1786947E-16   6.4396964E-17      0
  3.091599415065918E+03   2.8808723E-16   6.8124676E-17      0
  3.093152066735533E+03   5.9899491E-16   8.6063424E-17      0
  3.094704727637484E+03   3.3429328E-16   7.2643054E-17      0
  3.096257397771939E+03   2.9253471E-16   7.1407425E-17      0
  3.097810077139061E+03   4.3955110E-16   7.8097080E-17      0
  3.099362765739017E+03   3.2799273E-16   7.4760782E-17      0
  3.100915463571969E+03   2.5085839E-16   7.0956241E-17      0
  3.102468170638083E+03   3.0929403E-16   7.3669394E-17      0
  3.104020886937525E+03   2.9824379E-16   7.4800037E-17      0
  3.105573612470457E+03   2.1611833E-16   6.8763888E-17      0
  3.107126347237045E+03   3.6623383E-16   7.7851407E-17      0
  3.108679091237454E+03   4.4735172E-16   8.3976792E-17      0
  3.110231844471849E+03   2.7119716E-16   7.5279722E-17      0
  3.111784606940394E+03   4.1562072E-16   8.4380502E-17      0
  3.113337378643254E+03   3.0818648E-16   7.8380538E-17      0
  3.114890159580594E+03   4.4122928E-16   8.5848238E-17      0
  3.116442949752578E+03   3.5820478E-16   8.2098715E-17      0
  3.117995749159373E+03   3.8828811E-16   8.4025827E-17      0
  3.119548557801140E+03   2.6391681E-16   7.8275751E-17      0
  3.121101375678047E+03   3.1219612E-16   8.1569696E-17      0
  3.122654202790257E+03   2.2950154E-16   7.7825970E-17      0
  3.124207039137936E+03   3.1152490E-16   8.2465877E-17      0
  3.125759884721248E+03   1.5354729E-16   7.3386094E-17      0
  3.127312739540358E+03   2.6589815E-16   8.0971691E-17      0
  3.128865603595431E+03   4.2755574E-16   8.9578333E-17      0
  3.130418476886631E+03   3.2388880E-16   8.5200291E-17      0
  3.131971359414124E+03   3.0419134E-16   8.5701477E-17      0
  3.133524251178073E+03   3.2781962E-16   8.6849345E-17      0
  3.135077152178645E+03   2.3322369E-16   8.2831947E-17      0
  3.136630062416004E+03   1.6598941E-16   7.8573092E-17      0
  3.138182981890314E+03   1.9483927E-16   8.1835863E-17      0
  3.139735910601741E+03   2.3266828E-16   8.8504269E-17      0
  3.141288848550449E+03   2.0356200E-16   9.0301408E-17      0
  3.142841795736603E+03   1.5444159E-17   7.6666362E-17      0
  3.144394752160369E+03   1.9110640E-16   7.4742432E-17   2560
  3.145947717821910E+03   7.3890476E-17   7.3496394E-17   2564
  3.147500692721392E+03   2.0146950E-16   1.0119358E-16   2564
  3.149053676858980E+03   1.6940793E-16   1.2772469E-16   2564
  3.150606670234838E+03   1.7593647E-17   1.7314988E-17   2564
