  1.567066408495944E+03   0.0000000E+00   0.0000000E+00   2564
  1.568610046674412E+03   0.0000000E+00   0.0000000E+00   2564
  1.570153693924496E+03   0.0000000E+00   0.0000000E+00   2564
  1.571697350246355E+03   0.0000000E+00   0.0000000E+00   2564
  1.573241015640150E+03   0.0000000E+00   0.0000000E+00   2560
  1.574784690106040E+03   0.0000000E+00   0.0000000E+00    512
  1.576328373644186E+03   0.0000000E+00   0.0000000E+00    512
  1.577872066254747E+03   0.0000000E+00   0.0000000E+00    512
  1.579415767937884E+03   0.0000000E+00   0.0000000E+00    512
  1.580959478693755E+03   7.3826626E-14   4.7869576E-14      0
  1.582503198522523E+03  -2.2835754E-14   1.7987217E-14      0
  1.584046927424345E+03   4.8007998E-15   1.2637322E-14      0
  1.585590665399383E+03  -1.1843576E-14   7.8666753E-15      0
  1.587134412447796E+03   2.3735648E-15   7.2537708E-15      0
  1.588678168569744E+03  -7.2362295E-16   5.7295600E-15      0
  1.590221933765387E+03  -8.2722703E-15   4.3132713E-15      0
  1.591765708034885E+03  -2.9906197E-15   4.0783874E-15      0
  1.593309491378399E+03  -2.7425864E-15   3.5662150E-15      0
  1.594853283796088E+03  -7.6407293E-15   2.7907597E-15      0
  1.596397085288112E+03  -3.8614051E-15   2.5760508E-15      0
  1.597940895854632E+03  -3.5766710E-16   2.6209035E-15      0
  1.599484715495806E+03  -8.9339265E-16   2.2613666E-15      0
  1.601028544211797E+03   3.2822872E-15   2.3032355E-15      0
  1.602572382002762E+03   9.0165842E-16   1.9445702E-15      0
  1.604116228868863E+03  -2.4494697E-16   1.6545937E-15      0
  1.605660084810259E+03  -3.0516390E-17   1.5046518E-15      0
  1.607203949827110E+03  -3.3229817E-16   1.3802243E-15      0
  1.608747823919577E+03  -1.4964490E-15   1.1599544E-15      0
  1.610291707087820E+03   1.9045487E-16   1.1976062E-15      0
  1.611835599331998E+03  -1.4691016E-16   1.0494792E-15      0
  1.613379500652272E+03  -8.7580242E-16   9.0794266E-16      0
  1.614923411048802E+03   3.1779893E-16   9.5356079E-16      0
  1.616467330521747E+03  -4.2917921E-16   8.3422501E-16      0
  1.618011259071269E+03   1.6737359E-17   7.8933243E-16      0
  1.619555196697526E+03  -3.5353263E-16   7.2398082E-16      0
  1.621099143400680E+03   6.9804589E-16   7.5284542E-16      0
  1.622643099180890E+03   6.7579311E-16   7.0826179E-16      0
  1.624187064038316E+03   1.5068291E-17   6.0558065E-16      0
  1.625731037973118E+03  -4.1803584E-17   5.8939798E-16      0
  1.627275020985457E+03  -2.8279201E-16   5.2677101E-16      0
  1.628819013075492E+03  -4.3926398E-16   4.8353532E-16      0
  1.630363014243384E+03   5.5736266E-16   5.3982786E-16      0
  1.631907024489293E+03  -3.3610818E-16   4.4659479E-16      0
  1.633451043813379E+03  -3.0452568E-16   4.2104038E-16      0
  1.634995072215802E+03   2.3768922E-16   4.4963399E-16      0
  1.636539109696722E+03  -1.0439199E-16   4.0559715E-16      0
  1.638083156256300E+03  -2.6315347E-16   3.7273595E-16      0
  1.639627211894695E+03  -5.5131670E-16   3.4066379E-16      0
  1.641171276612068E+03  -2.1831675E-16   3.5189899E-16      0
  1.642715350408578E+03   3.1953585E-16   3.7383360E-16      0
  1.644259433284386E+03  -1.8587090E-16   3.2160348E-16      0
  1.645803525239653E+03  -2.6013179E-16   3.1364399E-16      0
  1.647347626274538E+03  -2.3661916E-16   3.0201381E-16      0
  1.648891736389201E+03   1.0270621E-16   3.2126406E-16      0
  1.650435855583803E+03  -3.5019873E-16   2.7623846E-16      0
  1.651979983858504E+03  -8.9235550E-17   2.8611227E-16      0
  1.653524121213464E+03  -6.9571647E-17   2.8069655E-16      0
  1.655068267648843E+03   2.2131066E-16   2.9131030E-16      0
  1.656612423164801E+03  -2.3466322E-17   2.6415085E-16      0
  1.658156587761499E+03  -4.4032052E-18   2.6272881E-16      0
  1.659700761439097E+03  -1.7451101E-16   2.4586103E-16      0
  1.661244944197755E+03   2.5404670E-17   2.5255476E-16      0
  1.662789136037633E+03  -3.1515714E-17   2.3928326E-16      0
  1.664333336958892E+03  -9.3458241E-17   2.3576492E-16      0
  1.665877546961691E+03   1.2772475E-16   2.4791109E-16      0
  1.667421766046191E+03  -2.6750084E-16   2.0527605E-16      0
  1.668965994212552E+03  -2.6870728E-16   2.0208995E-16      0
  1.670510231460935E+03   3.4786081E-16   2.4758540E-16      0
  1.672054477791499E+03  -1.9504016E-16   1.9794293E-16      0
  1.673598733204405E+03   1.3260779E-16   2.2321073E-16      0
  1.675142997699814E+03  -2.8880247E-17   2.0643175E-16      0
  1.676687271277884E+03  -2.4248623E-17   2.0013333E-16      0
  1.678231553938778E+03  -2.6205112E-17   2.0162210E-16      0
  1.679775845682654E+03  -1.7440345E-16   1.7997182E-16      0
  1.681320146509673E+03   2.2205848E-16   2.1373079E-16      0
  1.682864456419996E+03  -6.5289657E-17   1.8438552E-16      0
  1.684408775413782E+03   1.4942318E-16   2.0056128E-16      0
  1.685953103491193E+03   2.0480610E-17   1.8602258E-16      0
  1.687497440652388E+03  -2.0444472E-17   1.8108540E-16      0
  1.689041786897527E+03  -1.1729025E-16   1.7213037E-16      0
  1.690586142226772E+03   4.9749000E-18   1.7476162E-16      0
  1.692130506640282E+03  -7.5619813E-17   1.6998356E-16      0
  1.693674880138217E+03   1.0523243E-17   1.7746174E-16      0
  1.695219262720737E+03  -2.1519481E-16   1.5075152E-16      0
  1.696763654388005E+03  -2.7602334E-16   1.4263495E-16      0
  1.698308055140179E+03   1.2535088E-16   1.7496399E-16      0
  1.699852464977419E+03  -2.0623492E-16   1.4576537E-16      0
  1.701396883899886E+03   2.0797585E-17   1.6055446E-16      0
  1.702941311907741E+03   2.0180808E-18   1.5792744E-16      0
  1.704485749001145E+03  -1.7342127E-16   1.4187328E-16      0
  1.706030195180255E+03  -1.8552448E-16   1.4136454E-16      0
  1.707574650445235E+03  -2.3504174E-16   1.3357193E-16      0
  1.709119114796244E+03   1.7769777E-16   1.6553344E-16      0
  1.710663588233441E+03   1.7965397E-16   1.5992451E-16      0
  1.712208070756988E+03  -1.5377421E-16   1.3569500E-16      0
  1.713752562367045E+03  -1.5087339E-17   1.4418730E-16      0
  1.715297063063773E+03  -2.7265424E-16   1.1888786E-16      0
  1.716841572847331E+03  -6.8899169E-17   1.3469554E-16      0
  1.718386091717881E+03  -2.5606494E-17   1.3820943E-16      0
  1.719930619675582E+03   1.4840295E-16   1.4804713E-16      0
  1.721475156720595E+03  -1.0113303E-16   1.3013017E-16      0
  1.723019702853080E+03   3.1005138E-17   1.3590008E-16      0
  1.724564258073198E+03  -2.6534760E-17   1.3489673E-16      0
  1.726108822381108E+03  -1.9829184E-16   1.1548349E-16      0
  1.727653395776973E+03  -3.8875239E-17   1.2609351E-16      0
  1.729197978260951E+03   4.4250794E-17   1.3178497E-16      0
  1.730742569833204E+03  -2.4749833E-17   1.2910974E-16      0
  1.732287170493892E+03  -1.9599907E-16   1.1222710E-16      0
  1.733831780243174E+03   7.2372957E-17   1.2960136E-16      0
  1.735376399081213E+03   1.2468812E-16   1.3705345E-16      0
  1.736921027008168E+03   4.6176683E-17   1.2530091E-16      0
  1.738465664024199E+03  -1.8803020E-16   1.0369775E-16      0
  1.740010310129467E+03   2.8173290E-16   1.4357322E-16      0
  1.741554965324132E+03  -6.4391762E-17   1.1427868E-16      0
  1.743099629608356E+03  -8.0991782E-17   1.1155141E-16      0
  1.744644302982297E+03   1.4974805E-17   1.1981824E-16      0
  1.746188985446118E+03  -1.0751567E-16   1.0761171E-16      0
  1.747733676999978E+03  -1.8269265E-17   1.1431145E-16      0
  1.749278377644038E+03   1.2363625E-16   1.2358771E-16      0
  1.750823087378458E+03  -9.6351533E-17   1.0516655E-16      0
  1.752367806203398E+03   2.0492970E-16   1.2770949E-16      0
  1.753912534119020E+03   3.0397088E-17   1.1236199E-16      0
  1.755457271125484E+03  -1.5020952E-18   1.0813700E-16      0
  1.757002017222950E+03   9.7547681E-18   1.0937695E-16      0
  1.758546772411579E+03   2.4041813E-16   1.2647835E-16      0
  1.760091536691532E+03   5.1152627E-17   1.0937812E-16      0
  1.761636310062968E+03   1.2608845E-16   1.1562254E-16      0
  1.763181092526048E+03   2.4690299E-17   1.0645619E-16      0
  1.764725884080933E+03   2.0149266E-17   1.0493304E-16      0
  1.766270684727784E+03  -6.8380897E-17   9.6859170E-17      0
  1.767815494466760E+03   3.3657513E-17   1.0400411E-16      0
  1.769360313298023E+03   6.4492619E-17   1.0573525E-16      0
  1.770905141221733E+03   6.3479819E-17   1.0369520E-16      0
  1.772449978238051E+03   6.2781784E-17   1.0341157E-16      0
  1.773994824347136E+03   4.9456791E-17   1.0240016E-16      0
  1.775539679549150E+03  -1.0473828E-16   8.6070479E-17      0
  1.777084543844254E+03  -8.2082445E-19   9.7136501E-17      0
  1.778629417232607E+03   1.1590120E-16   1.0322188E-16      0
  1.780174299714371E+03  -1.3648095E-16   8.2135250E-17      0
  1.781719191289705E+03  -2.2348994E-17   9.0990728E-17      0
  1.783264091958771E+03   1.4821396E-17   9.2817804E-17      0
  1.784809001721730E+03  -3.6286319E-17   8.7896907E-17      0
  1.786353920578741E+03   1.1095285E-17   9.3092699E-17      0
  1.787898848529965E+03  -1.3610736E-16   7.8480706E-17      0
  1.789443785575563E+03   1.5588984E-16   1.0156480E-16      0
  1.790988731715696E+03   1.1705604E-16   9.6779113E-17      0
  1.792533686950524E+03  -2.0489226E-17   8.8134466E-17      0
  1.794078651280208E+03  -3.9365320E-17   8.3509706E-17      0
  1.795623624704908E+03  -1.4620421E-17   8.5236648E-17      0
  1.797168607224784E+03  -1.8589377E-17   8.4550035E-17      0
  1.798713598839999E+03   2.0406086E-16   9.9476218E-17      0
  1.800258599550712E+03   8.1871551E-17   9.1568113E-17      0
  1.801803609357084E+03   2.1076807E-17   8.5256824E-17      0
  1.803348628259275E+03   1.5095990E-17   8.3188978E-17      0
  1.804893656257447E+03   5.7973092E-17   8.7643399E-17      0
  1.806438693351759E+03  -4.2238701E-17   7.7481048E-17      0
  1.807983739542373E+03   6.2897490E-17   8.6496907E-17      0
  1.809528794829449E+03  -5.2176651E-18   7.8597617E-17      0
  1.811073859213148E+03   4.0021347E-17   8.1823211E-17      0
  1.812618932693630E+03  -2.7778061E-18   7.9037180E-17      0
  1.814164015271057E+03  -4.9637236E-17   7.3636015E-17      0
  1.815709106945588E+03   8.1325089E-17   8.2675399E-17      0
  1.817254207717385E+03  -8.1283705E-18   7.7812927E-17      0
  1.818799317586609E+03   1.6821126E-17   7.6257212E-17      0
  1.820344436553419E+03  -4.3304252E-17   7.1769988E-17      0
  1.821889564617977E+03  -9.8078971E-17   6.6418328E-17      0
  1.823434701780443E+03  -9.4366961E-17   6.4723415E-17      0
  1.824979848040978E+03  -2.7540093E-17   7.1658074E-17      0
  1.826525003399744E+03   4.6750300E-18   7.3839144E-17      0
  1.828070167856899E+03   3.9670851E-17   7.4629300E-17      0
  1.829615341412606E+03   1.0116858E-16   8.0221068E-17      0
  1.831160524067025E+03  -6.4810018E-17   6.6089845E-17      0
  1.832705715820316E+03   6.8656983E-17   7.6300159E-17      0
  1.834250916672641E+03   3.9257628E-17   7.3857250E-17      0
  1.835796126624160E+03   6.9813084E-17   7.6733853E-17      0
  1.837341345675034E+03   7.0404565E-17   7.6085780E-17      0
  1.838886573825424E+03   6.5829707E-17   7.4896771E-17      0
  1.840431811075490E+03  -1.1092906E-16   5.9416410E-17      0
  1.841977057425393E+03   5.2841059E-17   7.0936488E-17      0
  1.843522312875295E+03  -1.0404651E-16   5.8254076E-17      0
  1.845067577425355E+03  -6.3033419E-17   6.1183671E-17      0
  1.846612851075734E+03   5.2312593E-17   7.0958372E-17      0
  1.848158133826594E+03  -6.6923312E-17   5.9998877E-17      0
  1.849703425678095E+03  -1.9845939E-17   6.3984452E-17      0
  1.851248726630398E+03  -4.2738553E-17   6.1552051E-17      0
  1.852794036683663E+03   1.2096897E-16   7.4788774E-17      0
  1.854339355838052E+03   4.9655103E-17   6.8716765E-17      0
  1.855884684093725E+03  -2.9115097E-17   6.2458727E-17      0
  1.857430021450844E+03   5.6077300E-17   6.9327059E-17      0
  1.858975367909568E+03   1.7602539E-17   6.4852561E-17      0
  1.860520723470059E+03  -7.2355070E-17   5.7260731E-17      0
  1.862066088132477E+03   1.9813729E-17   6.4193060E-17      0
  1.863611461896984E+03   3.1120077E-17   6.5445260E-17      0
  1.865156844763741E+03   1.8989057E-16   7.5778770E-17      0
  1.866702236732906E+03   5.3832163E-17   6.6015968E-17      0
  1.868247637804644E+03   1.1772337E-16   7.1942459E-17      0
  1.869793047979112E+03  -1.9796679E-17   5.8757114E-17      0
  1.871338467256474E+03   6.1788320E-17   6.7254211E-17      0
  1.872883895636888E+03  -7.6084033E-17   5.4402898E-17      0
  1.874429333120517E+03   9.0114834E-18   6.1031781E-17      0
  1.875974779707522E+03   7.4808812E-17   6.6105747E-17      0
  1.877520235398062E+03   6.0302870E-17   6.4841120E-17      0
  1.879065700192299E+03  -3.4752035E-17   5.7265568E-17      0
  1.880611174090394E+03  -2.6680534E-17   5.6740262E-17      0
  1.882156657092508E+03   4.0428188E-18   5.9414418E-17      0
  1.883702149198801E+03   3.7879820E-17   6.2303197E-17      0
  1.885247650409435E+03   3.0367091E-17   6.0443834E-17      0
  1.886793160724570E+03   9.8300556E-17   6.5307445E-17      0
  1.888338680144368E+03   4.5587985E-17   6.1736182E-17      0
  1.889884208668989E+03   1.5958251E-17   5.7752553E-17      0
  1.891429746298593E+03  -5.6262853E-17   5.2728492E-17      0
  1.892975293033343E+03   8.2000743E-17   6.2546342E-17      0
  1.894520848873399E+03  -1.6642396E-17   5.5242106E-17      0
  1.896066413818922E+03   9.4759085E-17   6.3615424E-17      0
  1.897611987870072E+03   2.0149877E-17   5.7102600E-17      0
  1.899157571027011E+03   6.3016029E-17   6.1217989E-17      0
  1.900703163289900E+03   4.7220022E-17   5.8619769E-17      0
  1.902248764658900E+03   1.5719298E-16   6.7535035E-17      0
  1.903794375134171E+03   7.6328587E-17   5.9570438E-17      0
  1.905339994715874E+03   9.2717140E-17   6.1700256E-17      0
  1.906885623404172E+03   4.3303219E-17   5.7546432E-17      0
  1.908431261199223E+03   1.0820046E-16   6.1421555E-17      0
  1.909976908101190E+03   9.3871062E-18   5.4249641E-17      0
  1.911522564110234E+03   7.5296478E-17   5.8732960E-17      0
  1.913068229226515E+03   5.5915735E-17   5.7857472E-17      0
  1.914613903450194E+03   1.2277224E-16   6.1977785E-17      0
  1.916159586781433E+03   1.5772412E-18   5.3123961E-17      0
  1.917705279220392E+03   4.8373420E-17   5.5407115E-17      0
  1.919250980767233E+03   3.7359255E-17   5.4448327E-17      0
  1.920796691422116E+03   4.9765429E-19   5.1098788E-17      0
  1.922342411185202E+03   6.1151372E-17   5.6285108E-17      0
  1.923888140056653E+03   9.9223478E-17   5.8556341E-17      0
  1.925433878036629E+03  -3.2795713E-17   4.6802577E-17      0
  1.926979625125292E+03   1.1397882E-16   5.9357793E-17      0
  1.928525381322802E+03   5.1080698E-18   5.0553626E-17      0
  1.930071146629320E+03   8.5164822E-17   5.7073497E-17      0
  1.931616921045008E+03   2.1068843E-17   5.1211490E-17      0
  1.933162704570027E+03   2.8241643E-17   5.1058051E-17      0
  1.934708497204537E+03  -3.1186006E-17   4.6606138E-17      0
  1.936254298948700E+03   1.2885798E-17   5.0755796E-17      0
  1.937800109802677E+03   5.5217085E-17   5.3682708E-17      0
  1.939345929766629E+03   3.1396805E-17   5.0810380E-17      0
  1.940891758840716E+03  -2.1589070E-17   4.6467470E-17      0
  1.942437597025101E+03   9.8931569E-17   5.6108157E-17      0
  1.943983444319943E+03   1.4083268E-17   4.8768991E-17      0
  1.945529300725405E+03   7.7208390E-17   5.4808428E-17      0
  1.947075166241646E+03   2.4203260E-17   4.9191389E-17      0
  1.948621040868829E+03   6.5991384E-19   4.7537954E-17      0
  1.950166924607114E+03   4.4629382E-17   5.1303350E-17      0
  1.951712817456664E+03   5.1421722E-17   5.0527534E-17      0
  1.953258719417637E+03   1.0199419E-16   5.5845213E-17      0
  1.954804630490196E+03   5.3455621E-17   5.1239237E-17      0
  1.956350550674502E+03  -1.8167448E-18   4.5990643E-17      0
  1.957896479970716E+03   9.9165873E-17   5.3985245E-17      0
  1.959442418378999E+03   8.3414058E-17   5.3158140E-17      0
  1.960988365899512E+03   1.3759317E-17   4.6082440E-17      0
  1.962534322532416E+03  -3.5196740E-17   4.2446184E-17      0
  1.964080288277873E+03   2.2729198E-17   4.7806851E-17      0
  1.965626263136043E+03   2.0755998E-17   4.5837519E-17      0
  1.967172247107088E+03   1.0978473E-16   5.3965084E-17      0
  1.968718240191169E+03   2.5440482E-17   4.6653724E-17      0
  1.970264242388447E+03   1.0532615E-16   5.2901982E-17      0
  1.971810253699083E+03   7.4588100E-17   5.0727688E-17      0
  1.973356274123239E+03   2.9454691E-17   4.5542533E-17      0
  1.974902303661074E+03   1.3602720E-16   5.4537576E-17      0
  1.976448342312752E+03   7.5483268E-17   4.8796840E-17      0
  1.977994390078433E+03   1.2248392E-16   5.2727745E-17      0
  1.979540446958278E+03   1.1875713E-16   5.2616208E-17      0
  1.981086512952448E+03   9.3573741E-17   5.0135900E-17      0
  1.982632588061104E+03   1.1869805E-16   5.1961640E-17      0
  1.984178672284408E+03   7.1203158E-17   4.8352194E-17      0
  1.985724765622521E+03  -5.1088673E-17   3.7296803E-17      0
  1.987270868075604E+03   7.1972442E-17   4.7174921E-17      0
  1.988816979643819E+03   2.1166065E-17   4.3732761E-17      0
  1.990363100327325E+03   5.3029613E-17   4.5565704E-17      0
  1.991909230126286E+03   6.4056377E-17   4.6658697E-17      0
  1.993455369040861E+03   3.4698536E-17   4.3902207E-17      0
  1.995001517071213E+03   9.2488950E-17   4.8172322E-17      0
  1.996547674217502E+03   6.6297831E-17   4.5814920E-17      0
  1.998093840479890E+03  -1.7266935E-17   3.9351119E-17      0
  1.999640015858537E+03   1.0432103E-16   4.8519731E-17      0
  2.001186200353606E+03   3.4433603E-17   4.2488996E-17      0
  2.002732393965258E+03  -1.3605108E-17   3.9337692E-17      0
  2.004278596693652E+03   5.5700279E-18   3.9822559E-17      0
  2.005824808538952E+03   5.1253732E-17   4.3734204E-17      0
  2.007371029501318E+03   2.5021054E-17   4.0980840E-17      0
  2.008917259580912E+03   1.3263527E-16   4.7730403E-17      0
  2.010463498777894E+03   8.9811003E-17   4.6188899E-17      0
  2.012009747092427E+03   9.4213721E-18   3.9093330E-17      0
  2.013556004524670E+03   8.4605171E-17   4.4806087E-17      0
  2.015102271074787E+03   9.2234642E-17   4.5294230E-17      0
  2.016648546742937E+03  -2.3376926E-17   3.5132405E-17      0
  2.018194831529283E+03   4.8374564E-17   4.1489586E-17      0
  2.019741125433985E+03   4.1119436E-17   4.0926501E-17      0
  2.021287428457204E+03  -6.7445602E-18   3.6759953E-17      0
  2.022833740599103E+03   3.9780012E-17   4.0144438E-17      0
  2.024380061859843E+03   1.0357490E-17   3.8073549E-17      0
  2.025926392239584E+03   1.6603948E-18   3.6734644E-17      0
  2.027472731738489E+03   8.9002874E-17   4.3993336E-17      0
  2.029019080356718E+03   5.3829754E-18   3.7262170E-17      0
  2.030565438094433E+03   5.8152511E-17   4.0902831E-17      0
  2.032111804951795E+03   6.8705549E-17   4.1436355E-17      0
  2.033658180928966E+03  -1.8310756E-17   3.4344814E-17      0
  2.035204566026106E+03   6.4356670E-17   4.1282109E-17      0
  2.036750960243378E+03   5.7676426E-17   4.0265008E-17      0
  2.038297363580943E+03   9.3280688E-17   4.2434167E-17      0
  2.039843776038961E+03   6.5010242E-17   4.0308948E-17      0
  2.041390197617595E+03  -5.4988449E-19   3.5179704E-17      0
  2.042936628317005E+03   7.3553059E-17   4.1165106E-17      0
  2.044483068137354E+03   2.8634958E-17   3.6862742E-17      0
  2.046029517078802E+03   5.9322085E-17   4.0608172E-17      0
  2.047575975141511E+03   1.2184201E-16   4.3363925E-17      0
  2.049122442325643E+03   6.6573024E-17   3.9332915E-17      0
  2.050668918631358E+03   5.0518319E-18   3.5023668E-17      0
  2.052215404058818E+03   1.1877072E-16   4.2596139E-17      0
  2.053761898608184E+03   5.0656451E-17   3.8679356E-17      0
  2.055308402279619E+03   3.0788906E-17   3.6710838E-17      0
  2.056854915073284E+03   3.6473838E-17   3.5772246E-17      0
  2.058401436989338E+03   6.9357771E-17   3.8757385E-17      0
  2.059947968027946E+03   6.0458174E-17   3.8401245E-17      0
  2.061494508189267E+03   2.0659185E-17   3.4783431E-17      0
  2.063041057473462E+03   6.0412435E-17   3.7431054E-17      0
  2.064587615880695E+03   7.5690227E-18   3.3209518E-17      0
  2.066134183411125E+03   7.5659445E-17   3.8787316E-17      0
  2.067680760064916E+03   1.2846977E-16   4.2506539E-17      0
  2.069227345842226E+03  -3.5865559E-18   3.2439079E-17      0
  2.070773940743220E+03   4.2939508E-17   3.5508710E-17      0
  2.072320544768057E+03   6.6456087E-17   3.7364430E-17      0
  2.073867157916899E+03  -3.8570075E-18   3.1519582E-17      0
  2.075413780189909E+03   6.1677260E-17   3.6358972E-17      0
  2.076960411587246E+03   3.6383000E-17   3.4750665E-17      0
  2.078507052109074E+03   5.3162233E-17   3.5653519E-17      0
  2.080053701755553E+03   6.2747360E-17   3.6083422E-17      0
  2.081600360526845E+03   4.4740562E-17   3.4775345E-17      0
  2.083147028423110E+03   8.5042419E-17   3.7243066E-17      0
  2.084693705444512E+03   4.7455795E-17   3.4641123E-17      0
  2.086240391591211E+03   5.5138553E-17   3.4836725E-17      0
  2.087787086863369E+03   9.4780778E-18   3.1203569E-17      0
  2.089333791261146E+03   1.2010885E-17   3.1595232E-17      0
  2.090880504784707E+03   3.6877042E-17   3.2633979E-17      0
  2.092427227434210E+03   4.1682422E-17   3.3807530E-17      0
  2.093973959209819E+03   4.9813849E-17   3.3494568E-17      0
  2.095520700111694E+03   5.8981465E-17   3.4332995E-17      0
  2.097067450139996E+03   4.5177051E-17   3.3205356E-17      0
  2.098614209294889E+03   3.2740762E-17   3.2001980E-17      0
  2.100160977576532E+03   4.5291140E-17   3.2838399E-17      0
  2.101707754985089E+03  -1.3848099E-17   2.7726899E-17      0
  2.103254541520720E+03   9.8279521E-18   2.9724897E-17      0
  2.104801337183586E+03   3.4307379E-17   3.1913435E-17      0
  2.106348141973850E+03   3.8455177E-17   3.1771064E-17      0
  2.107894955891673E+03  -2.7232012E-17   2.6171262E-17      0
  2.109441778937216E+03   4.2140869E-17   3.2313311E-17      0
  2.110988611110642E+03   3.7536192E-17   3.1761439E-17      0
  2.112535452412112E+03   6.0395792E-17   3.3434660E-17      0
  2.114082302841786E+03   4.4354341E-17   3.1868331E-17      0
  2.115629162399828E+03   2.9914487E-17   3.0133280E-17      0
  2.117176031086398E+03  -1.4031764E-17   2.6787233E-17      0
  2.118722908901659E+03   2.6090244E-17   3.0339701E-17      0
  2.120269795845771E+03   8.2689990E-17   3.4221726E-17      0
  2.121816691918897E+03   1.8776998E-17   2.9289036E-17      0
  2.123363597121198E+03   7.3870339E-17   3.3298318E-17      0
  2.124910511452836E+03   1.0022880E-17   2.8699213E-17      0
  2.126457434913972E+03   5.7728783E-17   3.1820500E-17      0
  2.128004367504767E+03   1.1468142E-16   3.5909591E-17      0
  2.129551309225385E+03   4.1534767E-17   3.0626577E-17      0
  2.131098260075985E+03   3.9257707E-17   3.0214734E-17      0
  2.132645220056731E+03   3.7422822E-17   3.0640226E-17      0
  2.134192189167784E+03   1.0775978E-16   3.5145154E-17      0
  2.135739167409304E+03   7.7243879E-17   3.3259109E-17      0
  2.137286154781455E+03  -2.5571220E-18   2.6460034E-17      0
  2.138833151284397E+03   7.7092287E-17   3.2276356E-17      0
  2.140380156918292E+03   9.2222883E-17   3.3849326E-17      0
  2.141927171683302E+03   1.1514150E-17   2.7550837E-17      0
  2.143474195579589E+03   6.6093107E-17   3.1904264E-17      0
  2.145021228607315E+03   1.1247433E-16   3.4821170E-17      0
  2.146568270766640E+03   6.5518025E-17   3.1353322E-17      0
  2.148115322057727E+03   4.5086485E-17   2.9824682E-17      0
  2.149662382480737E+03   4.6095609E-17   2.9327526E-17      0
  2.151209452035833E+03   8.7268819E-17   3.3013394E-17      0
  2.152756530723175E+03   6.1722980E-17   3.0697007E-17      0
  2.154303618542926E+03   2.9340996E-17   2.8491452E-17      0
  2.155850715495249E+03   4.4619601E-17   2.9416319E-17      0
  2.157397821580302E+03   2.9388248E-17   2.7934273E-17      0
  2.158944936798249E+03   1.5943599E-17   2.7100548E-17      0
  2.160492061149252E+03   3.5130533E-17   2.8709934E-17      0
  2.162039194633473E+03   8.1155008E-17   3.1397060E-17      0
  2.163586337251072E+03   3.5251235E-17   2.7858500E-17      0
  2.165133489002212E+03   2.7242727E-17   2.7966659E-17      0
  2.166680649887055E+03   9.5164959E-17   3.1615842E-17      0
  2.168227819905762E+03   9.3450644E-17   3.2264947E-17      0
  2.169774999058495E+03   5.1438713E-17   2.9014525E-17      0
  2.171322187345416E+03   2.9096819E-17   2.6561663E-17      0
  2.172869384766687E+03   3.3927355E-17   2.7679018E-17      0
  2.174416591322469E+03   9.0128342E-17   3.1514936E-17      0
  2.175963807012924E+03   5.8134273E-17   2.8944605E-17      0
  2.177511031838215E+03   3.3532387E-17   2.7468554E-17      0
  2.179058265798502E+03   5.2840089E-17   2.8665646E-17      0
  2.180605508893948E+03   1.1391619E-16   3.2932290E-17      0
  2.182152761124715E+03   4.5030789E-17   2.7913590E-17      0
  2.183700022490963E+03   7.4589536E-17   3.0097747E-17      0
  2.185247292992856E+03   5.2149833E-17   2.7859575E-17      0
  2.186794572630554E+03   5.0996128E-17   2.8306260E-17      0
  2.188341861404221E+03   6.7513707E-17   2.8772806E-17      0
  2.189889159314017E+03   7.1850026E-17   2.9571293E-17      0
  2.191436466360104E+03   4.6904168E-17   2.7458265E-17      0
  2.192983782542644E+03   8.9852348E-17   3.0188314E-17      0
  2.194531107861800E+03   5.5570741E-17   2.8269377E-17      0
  2.196078442317732E+03   4.7172297E-17   2.7043287E-17      0
  2.197625785910604E+03   1.2122128E-17   2.4423068E-17      0
  2.199173138640576E+03   8.6402310E-17   2.9725989E-17      0
  2.200720500507810E+03   6.0179785E-17   2.8004799E-17      0
  2.202267871512469E+03  -3.6413438E-18   2.3345057E-17      0
  2.203815251654715E+03   6.4939104E-17   2.8376679E-17      0
  2.205362640934708E+03   8.9341138E-17   2.9508183E-17      0
  2.206910039352611E+03   3.1688833E-17   2.5487010E-17      0
  2.208457446908586E+03   2.7512568E-17   2.5326505E-17      0
  2.210004863602795E+03   3.5984474E-17   2.5803527E-17      0
  2.211552289435400E+03   3.6319949E-17   2.5840614E-17      0
  2.213099724406563E+03   4.6301329E-17   2.6495720E-17      0
  2.214647168516445E+03   1.8672592E-17   2.4381003E-17      0
  2.216194621765209E+03   3.2442854E-17   2.5010042E-17      0
  2.217742084153015E+03   2.8921014E-17   2.5318897E-17      0
  2.219289555680028E+03   4.8636602E-17   2.5950969E-17      0
  2.220837036346407E+03   8.1821206E-17   2.8289656E-17      0
  2.222384526152316E+03   9.5195459E-17   2.9299128E-17      0
  2.223932025097915E+03   1.0063711E-17   2.3071230E-17      0
  2.225479533183368E+03   5.3571065E-17   2.6380917E-17      0
  2.227027050408836E+03   6.8915878E-17   2.7413604E-17      0
  2.228574576774480E+03   3.5777616E-17   2.5005867E-17      0
  2.230122112280464E+03   7.9217645E-17   2.8062284E-17      0
  2.231669656926948E+03   5.2077352E-17   2.5941173E-17      0
  2.233217210714095E+03   4.4140015E-17   2.5490949E-17      0
  2.234764773642067E+03  -8.4329426E-18   2.0859101E-17      0
  2.236312345711026E+03   8.3824644E-17   2.7669453E-17      0
  2.237859926921133E+03   5.7032839E-17   2.6252334E-17      0
  2.239407517272552E+03   1.7320480E-17   2.3204302E-17      0
  2.240955116765442E+03   6.4408068E-17   2.6212143E-17      0
  2.242502725399968E+03   6.2958450E-17   2.6200117E-17      0
  2.244050343176290E+03   1.0494675E-16   2.9372813E-17      0
  2.245597970094572E+03   3.4604641E-17   2.3764922E-17      0
  2.247145606154973E+03   6.2587681E-17   2.6110241E-17      0
  2.248693251357658E+03   5.0783265E-17   2.5136929E-17      0
  2.250240905702788E+03   6.3864908E-17   2.6059374E-17      0
  2.251788569190524E+03   3.5330800E-17   2.4415912E-17      0
  2.253336241821028E+03   3.6942227E-17   2.3846878E-17      0
  2.254883923594464E+03   2.4714643E-17   2.3011255E-17      0
  2.256431614510993E+03   8.1276590E-17   2.7458689E-17      0
  2.257979314570776E+03   1.8413212E-17   2.2236134E-17      0
  2.259527023773977E+03   6.9680060E-17   2.6533362E-17      0
  2.261074742120757E+03   5.5591355E-17   2.5405426E-17      0
  2.262622469611278E+03   1.2088510E-17   2.1454600E-17      0
  2.264170206245702E+03   2.5470557E-17   2.3136500E-17      0
  2.265717952024191E+03   2.3562213E-17   2.3091994E-17      0
  2.267265706946907E+03   4.2262749E-17   2.4190455E-17      0
  2.268813471014013E+03   3.8405238E-17   2.4386820E-17      0
  2.270361244225671E+03   1.1159375E-16   2.8770778E-17      0
  2.271909026582042E+03   5.4968527E-17   2.4717811E-17      0
  2.273456818083288E+03   6.4134436E-17   2.6143611E-17      0
  2.275004618729572E+03   5.5143979E-17   2.4704952E-17      0
  2.276552428521056E+03   1.3177319E-17   2.1862011E-17      0
  2.278100247457903E+03   1.8805743E-17   2.1977095E-17      0
  2.279648075540273E+03   3.6626284E-17   2.3755353E-17      0
  2.281195912768329E+03   8.2174723E-17   2.6503386E-17      0
  2.282743759142234E+03   3.1459058E-17   2.2922334E-17      0
  2.284291614662149E+03   7.6032979E-17   2.6457400E-17      0
  2.285839479328236E+03   4.5377054E-17   2.3943016E-17      0
  2.287387353140658E+03   3.5435408E-17   2.3731380E-17      0
  2.288935236099577E+03   6.9268204E-17   2.5550436E-17      0
  2.290483128205155E+03   8.1102260E-17   2.6384188E-17      0
  2.292031029457554E+03   1.9178292E-17   2.1951751E-17      0
  2.293578939856936E+03   4.3369490E-17   2.3270508E-17      0
  2.295126859403463E+03   1.4949955E-17   2.1741129E-17      0
  2.296674788097299E+03  -9.4075069E-18   1.9173633E-17      0
  2.298222725938604E+03   6.7769472E-17   2.5186879E-17      0
  2.299770672927541E+03   2.2724976E-17   2.1846024E-17      0
  2.301318629064272E+03   1.0883467E-16   2.7798741E-17      0
  2.302866594348959E+03   5.1155248E-17   2.4204918E-17      0
  2.304414568781765E+03   6.0084970E-17   2.4631746E-17      0
  2.305962552362851E+03   4.5215264E-17   2.3072964E-17      0
  2.307510545092381E+03   8.3937762E-17   2.6172756E-17      0
  2.309058546970515E+03   4.0564355E-17   2.2759535E-17      0
  2.310606557997417E+03   4.0358092E-17   2.3172464E-17      0
  2.312154578173248E+03   5.1955145E-17   2.4030578E-17      0
  2.313702607498170E+03   5.4085400E-17   2.3451527E-17      0
  2.315250645972347E+03   4.8301769E-17   2.3599769E-17      0
  2.316798693595940E+03   4.6145961E-17   2.3184581E-17      0
  2.318346750369111E+03   6.3783685E-17   2.4450877E-17      0
  2.319894816292023E+03   4.8722857E-17   2.3417103E-17      0
  2.321442891364837E+03   7.0591402E-17   2.4767961E-17      0
  2.322990975587717E+03   1.6543252E-17   2.1331593E-17      0
  2.324539068960824E+03   6.7822999E-18   1.9657702E-17      0
  2.326087171484321E+03   7.6200771E-17   2.5330826E-17      0
  2.327635283158369E+03   5.3459009E-17   2.3328035E-17      0
  2.329183403983131E+03   6.0655063E-17   2.4238134E-17      0
  2.330731533958771E+03   2.2167618E-17   2.1024162E-17      0
  2.332279673085448E+03   2.8529320E-17   2.1699540E-17      0
  2.333827821363326E+03   4.8764600E-17   2.3352831E-17      0
  2.335375978792568E+03   2.8051627E-17   2.1792753E-17      0
  2.336924145373335E+03  -1.1811899E-17   1.7931712E-17      0
  2.338472321105790E+03   7.1304564E-17   2.4658636E-17      0
  2.340020505990095E+03   3.0745139E-17   2.1734753E-17      0
  2.341568700026412E+03   3.9360969E-17   2.1956535E-17      0
  2.343116903214905E+03   2.8337203E-17   2.1923241E-17      0
  2.344665115555734E+03   3.7286198E-17   2.1874800E-17      0
  2.346213337049062E+03   4.7179011E-17   2.2796605E-17      0
  2.347761567695053E+03   4.7464676E-17   2.2587103E-17      0
  2.349309807493867E+03   6.9326874E-17   2.4073763E-17      0
  2.350858056445667E+03   1.1432576E-16   2.7345823E-17      0
  2.352406314550616E+03   6.1708554E-17   2.3758632E-17      0
  2.353954581808876E+03   6.9227679E-17   2.4349937E-17      0
  2.355502858220610E+03   5.6365225E-17   2.3225683E-17      0
  2.357051143785978E+03   9.8156302E-17   2.5957230E-17      0
  2.358599438505145E+03   4.1094624E-17   2.1870346E-17      0
  2.360147742378273E+03   4.6045932E-17   2.2698959E-17      0
  2.361696055405523E+03   4.9945678E-17   2.2330487E-17      0
  2.363244377587059E+03   9.9023254E-17   2.6337274E-17      0
  2.364792708923041E+03   2.9180685E-17   2.1368666E-17      0
  2.366341049413634E+03   5.5064252E-17   2.3319168E-17      0
  2.367889399058999E+03   7.2453337E-18   1.9409297E-17      0
  2.369437757859298E+03   5.2966006E-17   2.2529723E-17      0
  2.370986125814695E+03   7.1432360E-17   2.4295070E-17      0
  2.372534502925351E+03   5.6758387E-17   2.3235932E-17      0
  2.374082889191429E+03   4.1426538E-17   2.1976933E-17      0
  2.375631284613091E+03   2.9456957E-17   2.1322193E-17      0
  2.377179689190500E+03   4.3223205E-17   2.1879556E-17      0
  2.378728102923818E+03   5.9198286E-17   2.3530979E-17      0
  2.380276525813207E+03   2.1313331E-17   2.0380564E-17      0
  2.381824957858831E+03   4.0718379E-17   2.1978088E-17      0
  2.383373399060850E+03   3.8063844E-17   2.1634995E-17      0
  2.384921849419429E+03   7.7030334E-17   2.4488743E-17      0
  2.386470308934728E+03   6.3142779E-17   2.3380525E-17      0
  2.388018777606911E+03   1.3831602E-16   2.7974252E-17      0
  2.389567255436141E+03   9.1491093E-17   2.5396301E-17      0
  2.391115742422579E+03   5.8013339E-17   2.2811557E-17      0
  2.392664238566389E+03   6.9378444E-17   2.3808324E-17      0
  2.394212743867731E+03   1.2099748E-16   2.7197402E-17      0
  2.395761258326770E+03   8.1004156E-17   2.4622174E-17      0
  2.397309781943667E+03   6.6126784E-17   2.3592601E-17      0
  2.398858314718585E+03   5.3531387E-17   2.2612899E-17      0
  2.400406856651687E+03   5.7505318E-17   2.2776077E-17      0
  2.401955407743134E+03   5.7359423E-17   2.3145175E-17      0
  2.403503967993090E+03   1.1925800E-16   2.6534161E-17      0
  2.405052537401716E+03   5.5641250E-17   2.2812860E-17      0
  2.406601115969177E+03   4.9945926E-17   2.2491190E-17      0
  2.408149703695632E+03   5.3037656E-17   2.2545420E-17      0
  2.409698300581247E+03   6.2525080E-17   2.3165403E-17      0
  2.411246906626182E+03   2.1183528E-17   2.0480403E-17      0
  2.412795521830601E+03   3.8502362E-17   2.1201003E-17      0
  2.414344146194666E+03   9.3960021E-17   2.5217625E-17      0
  2.415892779718540E+03   5.5139085E-17   2.2785214E-17      0
  2.417441422402384E+03   4.9253970E-17   2.1927590E-17      0
  2.418990074246362E+03   6.2050411E-17   2.2950129E-17      0
  2.420538735250636E+03   1.1464276E-16   2.6401529E-17      0
  2.422087405415369E+03   5.7378197E-17   2.2642832E-17      0
  2.423636084740724E+03   1.3844158E-17   1.9186605E-17      0
  2.425184773226862E+03   8.8228844E-17   2.4787748E-17      0
  2.426733470873946E+03   7.9115412E-17   2.4263216E-17      0
  2.428282177682139E+03   3.3407472E-17   2.0961076E-17      0
  2.429830893651604E+03   4.2270494E-17   2.1351207E-17      0
  2.431379618782503E+03   5.5369224E-17   2.2374736E-17      0
  2.432928353074999E+03   4.7925055E-17   2.1821891E-17      0
  2.434477096529254E+03   1.9225070E-17   1.9676726E-17      0
  2.436025849145431E+03   4.2910269E-17   2.1255417E-17      0
  2.437574610923693E+03   8.8217251E-17   2.4431377E-17      0
  2.439123381864201E+03   8.1265969E-17   2.4453153E-17      0
  2.440672161967119E+03   7.3219182E-17   2.3735774E-17      0
  2.442220951232610E+03   6.1347744E-17   2.2950047E-17      0
  2.443769749660835E+03   4.8780052E-17   2.1665596E-17      0
  2.445318557251958E+03   1.0162666E-16   2.5160874E-17      0
  2.446867374006142E+03   7.9648731E-17   2.3936321E-17      0
  2.448416199923548E+03   4.4712424E-17   2.1260979E-17      0
  2.449965035004339E+03   8.9366476E-17   2.4806265E-17      0
  2.451513879248679E+03   7.2597937E-17   2.3646493E-17      0
  2.453062732656730E+03   6.4462278E-17   2.3197614E-17      0
  2.454611595228654E+03   6.2720407E-17   2.2696124E-17      0
  2.456160466964613E+03   6.3650503E-17   2.2767011E-17      0
  2.457709347864772E+03   4.5637583E-17   2.1487259E-17      0
  2.459258237929292E+03   7.7141435E-17   2.3598682E-17      0
  2.460807137158336E+03   1.2154610E-16   2.6502607E-17      0
  2.462356045552067E+03   7.0946639E-17   2.3427409E-17      0
  2.463904963110647E+03   6.1492196E-17   2.2433631E-17      0
  2.465453889834239E+03   1.2191593E-16   2.6480865E-17      0
  2.467002825723006E+03   6.2639966E-17   2.2782862E-17      0
  2.468551770777111E+03   8.3776224E-17   2.3979071E-17      0
  2.470100724996716E+03   9.3435953E-17   2.4447424E-17      0
  2.471649688381984E+03   5.9977020E-17   2.2623681E-17      0
  2.473198660933077E+03   6.7012747E-17   2.2024271E-17      0
  2.474747642650159E+03   7.9488596E-17   2.3608572E-17      0
  2.476296633533392E+03   1.0754493E-16   2.6061945E-17      0
  2.477845633582938E+03   4.4086424E-17   2.1703476E-17      0
  2.479394642798961E+03   6.8074450E-17   2.2773186E-17      0
  2.480943661181624E+03   4.4347525E-17   2.0914479E-17      0
  2.482492688731088E+03   6.0065740E-17   2.2121334E-17      0
  2.484041725447517E+03   6.5837906E-17   2.2512607E-17      0
  2.485590771331073E+03   6.4569328E-17   2.2597770E-17      0
  2.487139826381920E+03   4.4921572E-17   2.1284209E-17      0
  2.488688890600220E+03   9.0285586E-17   2.4320577E-17      0
  2.490237963986135E+03   9.7380010E-17   2.4575366E-17      0
  2.491787046539830E+03   6.1981107E-17   2.2138040E-17      0
  2.493336138261464E+03   9.2523368E-17   2.4232438E-17      0
  2.494885239151203E+03   1.0279847E-16   2.5112428E-17      0
  2.496434349209209E+03   7.1229310E-17   2.2783780E-17      0
  2.497983468435645E+03   9.2645671E-17   2.4480926E-17      0
  2.499532596830674E+03   4.6886619E-17   2.0863866E-17      0
  2.501081734394457E+03   1.0073741E-16   2.4588341E-17      0
  2.502630881127159E+03   9.9930333E-17   2.4344304E-17      0
  2.504180037028941E+03   9.2014963E-17   2.3875764E-17      0
  2.505729202099967E+03   8.6996782E-17   2.3692117E-17      0
  2.507278376340400E+03   1.2670786E-16   2.5836690E-17      0
  2.508827559750401E+03   1.1252549E-16   2.5298192E-17      0
  2.510376752330135E+03   8.4323486E-17   2.3784943E-17      0
  2.511925954079763E+03   8.1000675E-17   2.2976533E-17      0
  2.513475164999450E+03   8.9603102E-17   2.3908964E-17      0
  2.515024385089358E+03   6.7839762E-17   2.2064876E-17      0
  2.516573614349648E+03   4.4141203E-17   2.0805429E-17      0
  2.518122852780485E+03   9.7972106E-17   2.4110662E-17      0
  2.519672100382031E+03   6.5576206E-17   2.2095503E-17      0
  2.521221357154449E+03   5.0634792E-17   2.1219143E-17      0
  2.522770623097903E+03   1.0354963E-16   2.4201564E-17      0
  2.524319898212553E+03   9.3096928E-17   2.3882984E-17      0
  2.525869182498565E+03   1.0425395E-16   2.4721734E-17      0
  2.527418475956099E+03   7.0154280E-17   2.2372858E-17      0
  2.528967778585321E+03   8.0464471E-17   2.3280234E-17      0
  2.530517090386392E+03   1.2337691E-16   2.5607389E-17      0
  2.532066411359474E+03   9.2157741E-17   2.3810053E-17      0
  2.533615741504732E+03   6.3132463E-17   2.2194566E-17      0
  2.535165080822328E+03   6.7063503E-17   2.1774701E-17      0
  2.536714429312425E+03   9.5054335E-17   2.4070875E-17      0
  2.538263786975186E+03   6.8040899E-17   2.1919572E-17      0
  2.539813153810773E+03   6.6869982E-17   2.2370547E-17      0
  2.541362529819350E+03   9.6950729E-17   2.4259353E-17      0
  2.542911915001079E+03   8.8782725E-17   2.3145122E-17      0
  2.544461309356125E+03   9.1395603E-17   2.4180491E-17      0
  2.546010712884648E+03   1.7537035E-17   1.8333277E-17      0
  2.547560125586813E+03   1.0128555E-16   2.3888994E-17      0
  2.549109547462782E+03   1.3524972E-16   2.6598902E-17      0
  2.550658978512718E+03   7.5968790E-17   2.2493522E-17      0
  2.552208418736785E+03   5.8823421E-17   2.1272905E-17      0
  2.553757868135146E+03   6.9955783E-17   2.2607675E-17      0
  2.555307326707962E+03   5.9563172E-17   2.1220756E-17      0
  2.556856794455397E+03   8.1828088E-17   2.2937656E-17      0
  2.558406271377614E+03   9.3483585E-17   2.3474483E-17      0
  2.559955757474776E+03   8.3555419E-17   2.2674814E-17      0
  2.561505252747047E+03   9.5608692E-17   2.4107130E-17      0
  2.563054757194589E+03   4.1140450E-17   2.0003661E-17      0
  2.564604270817564E+03   6.2776384E-17   2.1849040E-17      0
  2.566153793616137E+03   4.9591377E-17   2.0832259E-17      0
  2.567703325590470E+03   7.6751402E-17   2.2565909E-17      0
  2.569252866740725E+03   6.1916540E-17   2.1429315E-17      0
  2.570802417067067E+03   6.0634781E-17   2.1636330E-17      0
  2.572351976569659E+03   3.7360479E-17   1.9846339E-17      0
  2.573901545248662E+03   6.9263492E-17   2.2160852E-17      0
  2.575451123104241E+03   7.1700300E-17   2.2417748E-17      0
  2.577000710136557E+03   5.4767671E-17   2.1437760E-17      0
  2.578550306345775E+03   8.5155154E-17   2.2749498E-17      0
  2.580099911732057E+03   6.2067563E-17   2.1814323E-17      0
  2.581649526295566E+03   3.2982867E-17   1.9472065E-17      0
  2.583199150036466E+03   8.9163605E-17   2.3401659E-17      0
  2.584748782954919E+03   3.2940569E-17   1.9520248E-17      0
  2.586298425051089E+03   7.3002501E-17   2.2525294E-17      0
  2.587848076325138E+03   4.3627891E-17   2.0408521E-17      0
  2.589397736777230E+03   8.5592157E-17   2.3143369E-17      0
  2.590947406407528E+03   1.2982333E-17   1.7783725E-17      0
  2.592497085216194E+03   7.9778440E-17   2.2785418E-17      0
  2.594046773203393E+03   3.6147095E-17   2.0017061E-17      0
  2.595596470369286E+03   9.6799448E-17   2.3652083E-17      0
  2.597146176714037E+03   3.7708037E-17   1.9802302E-17      0
  2.598695892237809E+03   6.2727065E-17   2.1645930E-17      0
  2.600245616940766E+03   7.1987014E-17   2.2244993E-17      0
  2.601795350823071E+03   8.6222541E-17   2.2968390E-17      0
  2.603345093884886E+03   5.1271976E-17   2.0955767E-17      0
  2.604894846126374E+03   6.4449652E-17   2.1655165E-17      0
  2.606444607547698E+03   9.4160980E-17   2.3734889E-17      0
  2.607994378149023E+03   7.5985751E-17   2.2632973E-17      0
  2.609544157930511E+03   7.4390887E-17   2.2408073E-17      0
  2.611093946892326E+03   9.7377217E-17   2.3778931E-17      0
  2.612643745034629E+03   7.0828068E-17   2.2017665E-17      0
  2.614193552357585E+03   5.6291818E-17   2.1134177E-17      0
  2.615743368861356E+03   7.9300720E-17   2.2860744E-17      0
  2.617293194546106E+03   5.7874479E-17   2.1124045E-17      0
  2.618843029411999E+03   7.2293680E-17   2.2588021E-17      0
  2.620392873459196E+03   8.2444529E-17   2.3340865E-17      0
  2.621942726687862E+03   3.1579724E-17   1.9828327E-17      0
  2.623492589098159E+03   2.8360006E-17   1.9265384E-17      0
  2.625042460690250E+03   5.6860488E-17   2.1326132E-17      0
  2.626592341464299E+03   7.6503142E-17   2.2797657E-17      0
  2.628142231420470E+03   3.0714493E-17   1.9463684E-17      0
  2.629692130558924E+03   9.5511323E-17   2.3828890E-17      0
  2.631242038879827E+03   4.8226939E-17   2.0803493E-17      0
  2.632791956383339E+03   4.1226612E-17   1.9969581E-17      0
  2.634341883069626E+03   6.4571790E-17   2.1854127E-17      0
  2.635891818938849E+03   4.6763366E-17   2.0531043E-17      0
  2.637441763991173E+03   3.9392766E-17   2.0051219E-17      0
  2.638991718226760E+03   4.4086599E-17   2.0723583E-17      0
  2.640541681645774E+03   1.0073046E-16   2.4058538E-17      0
  2.642091654248378E+03   9.1651393E-17   2.3513252E-17      0
  2.643641636034735E+03   6.7036107E-17   2.1893520E-17      0
  2.645191627005009E+03   3.9695471E-17   2.0073303E-17      0
  2.646741627159362E+03   4.7300715E-17   2.0621108E-17      0
  2.648291636497958E+03   5.0759660E-17   2.0762352E-17      0
  2.649841655020961E+03   2.0924720E-17   1.8994631E-17      0
  2.651391682728533E+03   1.1471130E-16   2.4921056E-17      0
  2.652941719620837E+03   4.8796221E-17   2.1095779E-17      0
  2.654491765698039E+03   7.0984041E-17   2.2217638E-17      0
  2.656041820960299E+03   7.4117309E-17   2.2289556E-17      0
  2.657591885407781E+03   4.8669530E-17   2.0856467E-17      0
  2.659141959040650E+03   4.6079876E-17   2.0567768E-17      0
  2.660692041859068E+03   8.1036105E-17   2.3437382E-17      0
  2.662242133863198E+03   7.0543306E-17   2.2288229E-17      0
  2.663792235053204E+03   6.8347962E-17   2.2241270E-17      0
  2.665342345429249E+03   4.1755081E-17   2.0570413E-17      0
  2.666892464991497E+03   7.6189727E-17   2.2436644E-17      0
  2.668442593740110E+03   5.9817559E-17   2.1448639E-17      0
  2.669992731675252E+03   6.5741370E-17   2.1856934E-17      0
  2.671542878797087E+03   7.3930895E-17   2.2447070E-17      0
  2.673093035105777E+03   5.9840456E-17   2.2271454E-17      0
  2.674643200601487E+03   5.9353028E-17   2.1496437E-17      0
  2.676193375284378E+03   7.6705788E-17   2.3217373E-17      0
  2.677743559154616E+03   7.3631072E-17   2.2332217E-17      0
  2.679293752212363E+03   5.4419514E-17   2.1332320E-17      0
  2.680843954457781E+03   1.0854865E-16   2.4768034E-17      0
  2.682394165891036E+03   7.2454451E-17   2.3015329E-17      0
  2.683944386512290E+03   7.3714028E-17   2.2478249E-17      0
  2.685494616321707E+03   8.4533987E-17   2.3130443E-17      0
  2.687044855319450E+03   6.0986809E-17   2.1842574E-17      0
  2.688595103505681E+03   6.1206237E-17   2.1857897E-17      0
  2.690145360880566E+03   5.9565468E-17   2.1701795E-17      0
  2.691695627444266E+03   4.2612222E-17   2.1007514E-17      0
  2.693245903196947E+03   8.1480321E-17   2.3011442E-17      0
  2.694796188138770E+03   7.1613036E-17   2.2851516E-17      0
  2.696346482269899E+03   8.4121019E-17   2.3219016E-17      0
  2.697896785590498E+03   4.6974495E-17   2.1000150E-17      0
  2.699447098100730E+03   1.0993463E-16   2.5306688E-17      0
  2.700997419800759E+03   7.5193371E-17   2.2696842E-17      0
  2.702547750690747E+03   7.5456084E-17   2.2769326E-17      0
  2.704098090770859E+03   8.2357093E-17   2.3195076E-17      0
  2.705648440041258E+03   4.3873282E-17   2.0822093E-17      0
  2.707198798502107E+03   8.0467343E-17   2.3206446E-17      0
  2.708749166153570E+03   8.8291836E-17   2.4202880E-17      0
  2.710299542995810E+03   6.5097354E-17   2.2129250E-17      0
  2.711849929028990E+03   8.8815084E-17   2.3705178E-17      0
  2.713400324253274E+03   1.0329818E-16   2.5311211E-17      0
  2.714950728668827E+03   1.3715050E-16   2.6599486E-17      0
  2.716501142275810E+03   1.2015262E-16   2.5759030E-17      0
  2.718051565074387E+03   1.0053712E-16   2.4474264E-17      0
  2.719601997064723E+03   8.2071974E-17   2.3295496E-17      0
  2.721152438246980E+03   1.1693357E-16   2.5745078E-17      0
  2.722702888621322E+03   7.0482703E-17   2.2544725E-17      0
  2.724253348187912E+03   8.9734154E-17   2.4094367E-17      0
  2.725803816946915E+03   1.0828388E-16   2.4983750E-17      0
  2.727354294898492E+03   5.6436991E-17   2.1671075E-17      0
  2.728904782042809E+03   9.3097590E-17   2.4342175E-17      0
  2.730455278380027E+03   4.7676765E-17   2.1048812E-17      0
  2.732005783910313E+03   1.1748306E-16   2.5742006E-17      0
  2.733556298633827E+03   7.0250444E-17   2.2604055E-17      0
  2.735106822550735E+03   9.2872372E-17   2.4253584E-17      0
  2.736657355661198E+03   6.6392447E-17   2.2744436E-17      0
  2.738207897965383E+03   8.4621245E-17   2.3850731E-17      0
  2.739758449463451E+03   8.8405762E-17   2.4486055E-17      0
  2.741309010155565E+03   8.2216115E-17   2.3497364E-17      0
  2.742859580041891E+03   6.5492799E-17   2.2660752E-17      0
  2.744410159122591E+03   8.1325969E-17   2.3836855E-17      0
  2.745960747397828E+03   9.7912840E-17   2.4195127E-17      0
  2.747511344867767E+03   6.0426920E-17   2.2615740E-17      0
  2.749061951532572E+03   7.7742292E-17   2.3525180E-17      0
  2.750612567392404E+03   9.2239431E-18   1.8486383E-17      0
  2.752163192447428E+03   9.8714305E-17   2.4810836E-17      0
  2.753713826697809E+03   4.2959473E-17   2.0915189E-17      0
  2.755264470143709E+03   6.1558748E-17   2.2678043E-17      0
  2.756815122785291E+03   4.2661307E-17   2.0982793E-17      0
  2.758365784622721E+03   3.3838490E-17   2.0261463E-17      0
  2.759916455656160E+03   6.6839568E-17   2.3092988E-17      0
  2.761467135885773E+03   5.7662959E-17   2.2066715E-17      0
  2.763017825311722E+03   1.2322998E-17   1.8576164E-17      0
  2.764568523934174E+03   2.6087113E-17   2.0579582E-17      0
  2.766119231753290E+03   1.8878030E-17   1.9288045E-17      0
  2.767669948769234E+03   3.1940378E-17   2.0542071E-17      0
  2.769220674982170E+03   1.9910406E-17   1.9658326E-17      0
  2.770771410392260E+03   4.1465525E-17   2.0874474E-17      0
  2.772322154999671E+03   4.3971059E-17   2.1737028E-17      0
  2.773872908804564E+03   1.8659147E-17   1.9367857E-17      0
  2.775423671807104E+03   5.4729820E-17   2.2180400E-17      0
  2.776974444007453E+03   3.0449878E-17   2.0429948E-17      0
  2.778525225405776E+03   1.3929152E-17   1.9013296E-17      0
  2.780076016002237E+03   4.3829614E-17   2.1646390E-17      0
  2.781626815796999E+03   7.8222579E-17   2.3800501E-17      0
  2.783177624790225E+03   6.2707470E-17   2.3014909E-17      0
  2.784728442982080E+03   7.2811376E-17   2.3757626E-17      0
  2.786279270372727E+03   4.8056927E-17   2.2013329E-17      0
  2.787830106962330E+03   6.8736201E-17   2.3886610E-17      0
  2.789380952751052E+03   7.5311360E-17   2.3401643E-17      0
  2.790931807739058E+03   4.0027316E-17   2.1925972E-17      0
  2.792482671926510E+03   6.2810491E-17   2.3493134E-17      0
  2.794033545313574E+03   2.1717764E-17   2.0198434E-17      0
  2.795584427900411E+03   4.8770658E-17   2.2526795E-17      0
  2.797135319687186E+03   2.2430157E-17   2.0423567E-17      0
  2.798686220674064E+03   3.4155208E-18   1.8902928E-17      0
  2.800237130861206E+03   4.2410086E-17   2.1895509E-17      0
  2.801788050248778E+03   6.1990629E-17   2.3122322E-17      0
  2.803338978836943E+03   3.4901407E-17   2.1593343E-17      0
  2.804889916625865E+03   3.8690367E-17   2.1944853E-17      0
  2.806440863615707E+03   6.7693014E-17   2.3846560E-17      0
  2.807991819806634E+03   7.3173661E-17   2.4226446E-17      0
  2.809542785198809E+03   2.9319916E-17   2.0795102E-17      0
  2.811093759792395E+03   1.6699246E-17   2.0278999E-17      0
  2.812644743587557E+03   9.3231044E-17   2.5327068E-17      0
  2.814195736584458E+03   5.0041595E-17   2.2879200E-17      0
  2.815746738783262E+03   5.6629936E-17   2.2942495E-17      0
  2.817297750184133E+03   8.3745069E-17   2.4761652E-17      0
  2.818848770787235E+03   3.8096303E-17   2.2013561E-17      0
  2.820399800592731E+03   6.1336839E-17   2.3239143E-17      0
  2.821950839600785E+03   4.0818177E-17   2.2150883E-17      0
  2.823501887811562E+03   6.9115870E-17   2.3905483E-17      0
  2.825052945225224E+03   6.7690466E-17   2.3958831E-17      0
  2.826604011841936E+03   8.5533440E-17   2.5395102E-17      0
  2.828155087661862E+03   4.9189013E-17   2.2388110E-17      0
  2.829706172685165E+03   7.9410384E-17   2.5711381E-17      0
  2.831257266912009E+03   9.4638462E-17   2.5579070E-17      0
  2.832808370342559E+03   9.0589155E-17   2.5452804E-17      0
  2.834359482976976E+03   1.0001207E-16   2.6475737E-17      0
  2.835910604815426E+03   1.1564529E-16   2.6989783E-17      0
  2.837461735858074E+03   1.2108744E-16   2.7758322E-17      0
  2.839012876105081E+03   1.1625408E-16   2.7277110E-17      0
  2.840564025556613E+03   9.6790951E-17   2.5977218E-17      0
  2.842115184212832E+03   9.3584263E-17   2.6219051E-17      0
  2.843666352073904E+03   1.0088170E-16   2.6563096E-17      0
  2.845217529139991E+03   1.1751567E-16   2.7578463E-17      0
  2.846768715411259E+03   1.2041823E-16   2.7789282E-17      0
  2.848319910887869E+03   8.8249967E-17   2.5985493E-17      0
  2.849871115569988E+03   7.1420316E-17   2.5166236E-17      0
  2.851422329457777E+03   5.9237070E-17   2.3920358E-17      0
  2.852973552551402E+03   1.2159679E-16   2.7872688E-17      0
  2.854524784851026E+03   8.7216038E-17   2.5754177E-17      0
  2.856076026356814E+03   1.0731198E-16   2.7467436E-17      0
  2.857627277068927E+03   1.1618687E-16   2.7530773E-17      0
  2.859178536987532E+03   1.4289339E-16   2.9787363E-17      0
  2.860729806112792E+03   9.1042006E-17   2.6540351E-17      0
  2.862281084444870E+03   8.0078720E-17   2.6178035E-17      0
  2.863832371983931E+03   1.8543169E-16   3.2261549E-17      0
  2.865383668730140E+03   6.8361164E-17   2.5107345E-17      0
  2.866934974683657E+03   1.2121748E-16   2.8552931E-17      0
  2.868486289844650E+03   1.4511228E-16   2.9672954E-17      0
  2.870037614213281E+03   7.6856706E-17   2.5875272E-17      0
  2.871588947789715E+03   1.8230946E-16   3.2564632E-17      0
  2.873140290574115E+03   1.4402456E-16   3.0150485E-17      0
  2.874691642566645E+03   1.2715112E-16   2.9420591E-17      0
  2.876243003767469E+03   2.1212410E-16   3.3631122E-17      0
  2.877794374176752E+03   1.1322741E-16   2.8508525E-17      0
  2.879345753794657E+03   1.7817128E-16   3.2141386E-17      0
  2.880897142621348E+03   1.3669449E-16   3.0141277E-17      0
  2.882448540656990E+03   1.1093491E-16   2.8868319E-17      0
  2.883999947901745E+03   2.0196721E-16   3.3510304E-17      0
  2.885551364355779E+03   1.8835000E-16   3.3132137E-17      0
  2.887102790019255E+03   1.9654400E-16   3.3339465E-17      0
  2.888654224892337E+03   1.8428451E-16   3.2904371E-17      0
  2.890205668975189E+03   1.9570965E-16   3.3824759E-17      0
  2.891757122267976E+03   1.3049583E-16   2.9973819E-17      0
  2.893308584770861E+03   2.7390483E-16   3.8039657E-17      0
  2.894860056484008E+03   2.3020151E-16   3.4972885E-17      0
  2.896411537407581E+03   1.2953405E-16   3.0253370E-17      0
  2.897963027541745E+03   2.1115263E-16   3.4983824E-17      0
  2.899514526886663E+03   2.1126026E-16   3.4821167E-17      0
  2.901066035442500E+03   1.7940444E-16   3.3315602E-17      0
  2.902617553209419E+03   2.1748425E-16   3.5766803E-17      0
  2.904169080187585E+03   1.2208900E-16   2.9727065E-17      0
  2.905720616377161E+03   1.5306979E-16   3.2247785E-17      0
  2.907272161778311E+03   1.6420627E-16   3.2819823E-17      0
  2.908823716391202E+03   1.0691157E-16   2.8976292E-17      0
  2.910375280215994E+03   1.2551696E-16   3.0708998E-17      0
  2.911926853252854E+03   1.7599440E-16   3.3804294E-17      0
  2.913478435501944E+03   1.6284707E-16   3.3119412E-17      0
  2.915030026963430E+03   1.1049552E-16   2.9921968E-17      0
  2.916581627637474E+03   1.8806027E-16   3.4565754E-17      0
  2.918133237524242E+03   8.1515420E-17   2.8246580E-17      0
  2.919684856623898E+03   1.6434143E-16   3.3775230E-17      0
  2.921236484936604E+03   1.1915909E-16   3.0852120E-17      0
  2.922788122462527E+03   1.6633833E-16   3.3758773E-17      0
  2.924339769201829E+03   1.8597544E-16   3.4974060E-17      0
  2.925891425154675E+03   1.7626294E-16   3.4173581E-17      0
  2.927443090321229E+03   1.2180383E-16   3.1060314E-17      0
  2.928994764701655E+03   2.0217718E-16   3.6074693E-17      0
  2.930546448296118E+03   1.8455767E-16   3.5190910E-17      0
  2.932098141104780E+03   1.8553572E-16   3.5280388E-17      0
  2.933649843127807E+03   1.2893705E-16   3.2126937E-17      0
  2.935201554365364E+03   2.1366354E-16   3.7466143E-17      0
  2.936753274817613E+03   1.4532506E-16   3.3123240E-17      0
  2.938305004484718E+03   1.4629683E-16   3.4242485E-17      0
  2.939856743366845E+03   1.7130974E-16   3.4863896E-17      0
  2.941408491464158E+03   1.8838802E-16   3.6101385E-17      0
  2.942960248776820E+03   2.2402359E-16   3.8044554E-17      0
  2.944512015304996E+03   1.0563890E-16   3.1003990E-17      0
  2.946063791048849E+03   1.5565758E-16   3.4824214E-17      0
  2.947615576008545E+03   1.7038135E-16   3.5299373E-17      0
  2.949167370184247E+03   1.6894480E-16   3.5411231E-17      0
  2.950719173576120E+03   2.3246885E-16   3.9155319E-17      0
  2.952270986184327E+03   1.9685516E-16   3.7244006E-17      0
  2.953822808009033E+03   1.3642543E-16   3.3840730E-17      0
  2.955374639050403E+03   2.1188767E-16   3.8812879E-17      0
  2.956926479308600E+03   1.6762602E-16   3.5586524E-17      0
  2.958478328783788E+03   1.8216351E-16   3.6944689E-17      0
  2.960030187476132E+03   1.8639577E-16   3.7724654E-17      0
  2.961582055385797E+03   2.2457295E-16   3.9682948E-17      0
  2.963133932512945E+03   2.4573680E-16   4.1391228E-17      0
  2.964685818857742E+03   1.0536664E-16   3.2211928E-17      0
  2.966237714420352E+03   1.8846604E-16   3.8313686E-17      0
  2.967789619200939E+03   2.3922963E-16   4.1199378E-17      0
  2.969341533199668E+03   1.4317305E-16   3.4944986E-17      0
  2.970893456416701E+03   1.9799923E-16   3.9638416E-17      0
  2.972445388852205E+03   1.1376897E-16   3.3159401E-17      0
  2.973997330506343E+03   2.1088856E-16   4.0084981E-17      0
  2.975549281379279E+03   1.7894601E-16   3.9137707E-17      0
  2.977101241471178E+03   1.5639125E-16   3.7300403E-17      0
  2.978653210782204E+03   2.4451755E-16   4.2269508E-17      0
  2.980205189312521E+03   1.5951917E-16   3.7913684E-17      0
  2.981757177062294E+03   2.2390458E-16   4.1244737E-17      0
  2.983309174031688E+03   1.9544287E-16   4.0212833E-17      0
  2.984861180220864E+03   2.0871008E-16   4.1370509E-17      0
  2.986413195629990E+03   1.2958062E-16   3.6627756E-17      0
  2.987965220259228E+03   2.1353412E-16   4.1141806E-17      0
  2.989517254108744E+03   1.8288926E-16   4.0594196E-17      0
  2.991069297178701E+03   1.7792212E-16   4.0419707E-17      0
  2.992621349469264E+03   2.4136860E-16   4.3796533E-17      0
  2.994173410980597E+03   1.8103265E-16   4.0902056E-17      0
  2.995725481712864E+03   1.9410042E-16   4.1436918E-17      0
  2.997277561666231E+03   1.9477646E-16   4.2407813E-17      0
  2.998829650840860E+03   2.3130895E-16   4.4302116E-17      0
  3.000381749236917E+03   2.0416423E-16   4.2252329E-17      0
  3.001933856854566E+03   2.3095883E-16   4.4748992E-17      0
  3.003485973693972E+03   1.6533679E-16   4.0859655E-17      0
  3.005038099755298E+03   1.7663366E-16   4.2179058E-17      0
  3.006590235038709E+03   1.9168541E-16   4.3616555E-17      0
  3.008142379544370E+03   1.5461168E-16   4.0749908E-17      0
  3.009694533272444E+03   1.9910773E-16   4.3315620E-17      0
  3.011246696223096E+03   1.1533205E-16   3.9136118E-17      0
  3.012798868396492E+03   1.5874033E-16   4.1244661E-17      0
  3.014351049792795E+03   2.5752224E-16   4.7710726E-17      0
  3.015903240412168E+03   8.6560262E-17   3.7908255E-17      0
  3.017455440254778E+03   1.9695173E-16   4.5093969E-17      0
  3.019007649320788E+03   2.1939824E-16   4.6276447E-17      0
  3.020559867610362E+03   1.5439098E-16   4.2838364E-17      0
  3.022112095123666E+03   2.0321285E-16   4.6298354E-17      0
  3.023664331860863E+03   2.0006451E-16   4.5787061E-17      0
  3.025216577822118E+03   1.8342293E-16   4.5253162E-17      0
  3.026768833007596E+03   1.9242666E-16   4.6718757E-17      0
  3.028321097417460E+03   2.8618697E-16   5.1944216E-17      0
  3.029873371051876E+03   2.8008338E-16   5.1816916E-17      0
  3.031425653911008E+03   2.1477009E-16   4.8067065E-17      0
  3.032977945995020E+03   1.8838281E-16   4.7012172E-17      0
  3.034530247304076E+03   2.6693571E-16   5.1203539E-17      0
  3.036082557838342E+03   2.3905416E-16   5.0272511E-17      0
  3.037634877597981E+03   2.2540039E-16   5.0687845E-17      0
  3.039187206583159E+03   2.4056982E-16   5.0231400E-17      0
  3.040739544794038E+03   1.8401644E-16   4.8257886E-17      0
  3.042291892230786E+03   2.7882911E-16   5.3811100E-17      0
  3.043844248893564E+03   2.3813370E-16   5.2176154E-17      0
  3.045396614782539E+03   3.7216576E-16   6.0837989E-17      0
  3.046948989897875E+03   2.3764039E-16   5.2395843E-17      0
  3.048501374239736E+03   2.8598678E-16   5.5653519E-17      0
  3.050053767808286E+03   3.4413294E-16   5.9620763E-17      0
  3.051606170603690E+03   2.4137210E-16   5.3088776E-17      0
  3.053158582626113E+03   3.1422079E-16   5.8453671E-17      0
  3.054711003875720E+03   2.6093258E-16   5.5317465E-17      0
  3.056263434352674E+03   2.1516388E-16   5.2945972E-17      0
  3.057815874057140E+03   1.8595190E-16   5.1992871E-17      0
  3.059368322989284E+03   2.8098230E-16   5.7371566E-17      0
  3.060920781149268E+03   2.0433648E-16   5.4051144E-17      0
  3.062473248537259E+03   3.1884761E-16   6.0756476E-17      0
  3.064025725153420E+03   2.7002436E-16   5.7717639E-17      0
  3.065578210997915E+03   2.8381586E-16   5.9083274E-17      0
  3.067130706070911E+03   2.1590550E-16   5.5412740E-17      0
  3.068683210372571E+03   2.5378076E-16   5.8240708E-17      0
  3.070235723903060E+03   2.5132185E-16   5.8934627E-17      0
  3.071788246662542E+03   3.3028491E-16   6.3486370E-17      0
  3.073340778651183E+03   3.4567613E-16   6.5269944E-17      0
  3.074893319869145E+03   2.7652195E-16   6.1072948E-17      0
  3.076445870316594E+03   1.2551190E-16   5.2562964E-17      0
  3.077998429993696E+03   4.1377732E-16   6.8810389E-17      0
  3.079550998900614E+03   3.0533330E-16   6.3712528E-17      0
  3.081103577037512E+03   4.2827383E-16   7.1698685E-17      0
  3.082656164404556E+03   2.9893251E-16   6.4550382E-17      0
  3.084208761001911E+03   3.4536778E-16   6.7394130E-17      0
  3.085761366829740E+03   2.5955114E-16   6.3212812E-17      0
  3.087313981888210E+03   2.6670953E-16   6.2995415E-17      0
  3.088866606177482E+03   1.9056257E-16   6.0075699E-17      0
  3.090419239697724E+03   2.4520696E-16   6.4110461E-17      0
  3.091971882449099E+03   3.8159300E-16   7.1657922E-17      0
  3.093524534431773E+03   2.1708752E-16   6.3311028E-17      0
  3.095077195645908E+03   2.6816698E-16   6.6805561E-17      0
  3.096629866091672E+03   3.5503209E-16   7.3213399E-17      0
  3.098182545769227E+03   2.0842889E-16   6.2755367E-17      0
  3.099735234678739E+03   3.1657200E-16   7.1959631E-17      0
  3.101287932820372E+03   2.4089286E-16   6.8136124E-17      0
  3.102840640194292E+03   2.8545211E-16   7.0375488E-17      0
  3.104393356800661E+03   1.3643375E-16   6.1948258E-17      0
  3.105946082639648E+03   2.8619573E-16   7.0772131E-17      0
  3.107498817711413E+03   2.7511003E-16   7.0217734E-17      0
  3.109051562016124E+03   3.4981516E-16   7.6496756E-17      0
  3.110604315553944E+03   2.1981032E-16   6.9551245E-17      0
  3.112157078325038E+03   2.8826625E-16   7.4760835E-17      0
  3.113709850329572E+03   2.9254602E-16   7.5123405E-17      0
  3.115262631567709E+03   2.8292909E-16   7.4474465E-17      0
  3.116815422039615E+03   2.5397420E-16   7.3508252E-17      0
  3.118368221745453E+03   2.6053407E-16   7.4174827E-17      0
  3.119921030685390E+03   2.3412192E-16   7.3795515E-17      0
  3.121473848859589E+03   2.9750968E-16   7.8095716E-17      0
  3.123026676268215E+03   3.5848081E-16   8.2893926E-17      0
  3.124579512911434E+03   4.1594982E-16   8.6091529E-17      0
  3.126132358789409E+03   2.5090712E-16   7.7013605E-17      0
  3.127685213902307E+03   3.0150672E-16   8.0541114E-17      0
  3.129238078250290E+03   2.3288811E-16   7.5164791E-17      0
  3.130790951833525E+03   2.8248440E-16   8.0137125E-17      0
  3.132343834652176E+03   2.4394221E-16   7.9050634E-17      0
  3.133896726706407E+03   2.6024603E-16   7.9809780E-17      0
  3.135449627996384E+03   2.7974965E-16   8.2925948E-17      0
  3.137002538522271E+03   3.1310763E-16   8.5149006E-17      0
  3.138555458284234E+03   2.5399485E-16   8.0209672E-17      0
  3.140108387282436E+03   2.0499951E-16   7.7355125E-17      0
  3.141661325517043E+03   2.7183836E-16   8.4590858E-17      0
  3.143214272988219E+03   2.8648470E-16   8.8673027E-17      0
  3.144767229696130E+03   2.2029035E-16   6.8562149E-17   2560
  3.146320195640939E+03   8.1953363E-17   7.0231399E-17   2564
  3.147873170822813E+03   3.0336035E-17   8.5404757E-17   2564
  3.149426155241916E+03   1.5213392E-16   1.1974226E-16   2564
  3.150979148898412E+03   1.6576544E-17   1.6595399E-17   2564
