      1700.00   4.9777248e-18   2.6063510e-17
      1705.00  -2.9937351e-17   2.4953419e-17
      1710.00  -2.7320055e-17   2.4823861e-17
      1715.00  -7.8377539e-18   2.3711384e-17
      1720.00  -1.2262728e-17   2.3642250e-17
      1725.00   1.1685092e-17   2.3492436e-17
      1730.00   3.5099106e-17   2.2784169e-17
      1735.00   2.0836556e-17   2.2269092e-17
      1740.00   9.6917286e-18   2.1438417e-17
      1745.00  -3.4957877e-18   2.0207506e-17
      1750.00  -4.8107009e-18   2.0068341e-17
      1755.00   1.2325760e-17   1.9304869e-17
      1760.00   2.8520761e-17   1.9278826e-17
      1765.00   1.0989396e-17   1.9062185e-17
      1770.00  -7.2783978e-18   1.7739325e-17
      1775.00  -1.4088459e-17   1.7567523e-17
      1780.00  -2.5044731e-18   1.7587886e-17
      1785.00  -5.2473832e-18   1.6788851e-17
      1790.00   1.2779006e-17   1.7211650e-17
      1795.00  -5.8550714e-18   1.6062163e-17
      1800.00  -1.3971218e-17   1.5825376e-17
      1805.00  -7.4296287e-18   1.5998465e-17
      1810.00  -5.4831731e-18   1.5229477e-17
      1815.00   1.8789403e-17   1.5897364e-17
      1820.00   2.9556937e-17   1.5918284e-17
      1825.00   2.8954455e-17   1.5248744e-17
      1830.00   2.3585652e-17   1.5117626e-17
      1835.00   4.4209988e-17   1.4865187e-17
      1840.00   3.9356135e-17   1.4689755e-17
      1845.00   4.6889921e-17   1.5272603e-17
      1850.00   6.3200589e-17   1.4469647e-17
      1855.00   2.9706273e-17   1.3674258e-17
      1860.00   7.3195442e-18   1.3479945e-17
      1865.00   2.8129752e-17   1.3451125e-17
      1870.00   4.6479289e-17   1.3867479e-17
      1875.00   4.7513440e-17   1.3797994e-17
      1880.00   3.5669964e-17   1.3035715e-17
      1885.00   4.3202806e-17   1.3166839e-17
      1890.00   6.1237081e-17   1.2923058e-17
      1895.00   7.2768541e-17   1.3127282e-17
      1900.00   7.2766906e-17   1.3211491e-17
      1905.00   3.9655780e-17   1.1945568e-17
      1910.00   3.9245210e-17   1.2114373e-17
      1915.00   5.3058624e-17   1.2263786e-17
      1920.00   4.0237433e-17   1.1566439e-17
      1925.00   3.9569793e-17   1.1496917e-17
      1930.00   4.1700914e-17   1.1008722e-17
      1935.00   3.3563770e-17   1.0807106e-17
      1940.00   1.5308091e-17   1.0768212e-17
      1945.00   1.4898881e-17   9.9892539e-18
      1950.00   2.3712752e-17   1.0056198e-17
      1955.00   4.0106107e-17   1.0540034e-17
      1960.00   4.2619260e-17   1.0266210e-17
      1965.00   4.2245358e-17   1.0330734e-17
      1970.00   5.6388380e-17   1.0475864e-17
      1975.00   4.3815585e-17   9.8383150e-18
      1980.00   3.5606337e-17   9.6669496e-18
      1985.00   4.2352259e-17   9.4360380e-18
      1990.00   2.9662485e-17   9.1879765e-18
      1995.00   2.9580981e-17   9.1971177e-18
      2000.00   4.0997219e-17   8.9794335e-18
      2005.00   2.5261778e-17   8.7916594e-18
      2010.00   2.9349328e-17   8.7507313e-18
      2015.00   4.2859053e-17   8.6737307e-18
      2020.00   3.0752438e-17   8.4982543e-18
      2025.00   2.7228602e-17   8.4071039e-18
      2030.00   2.5117619e-17   8.0844398e-18
      2035.00   3.2435337e-17   8.2544279e-18
      2040.00   5.0331786e-17   8.2553179e-18
      2045.00   5.5619849e-17   8.3935440e-18
      2050.00   5.3232666e-17   8.4248321e-18
      2055.00   4.8015360e-17   7.9859615e-18
      2060.00   5.0610904e-17   8.1902544e-18
      2065.00   5.3173211e-17   8.1718579e-18
      2070.00   4.2779531e-17   7.7479882e-18
      2075.00   4.5673783e-17   7.8684017e-18
      2080.00   7.0577333e-17   8.2252789e-18
      2085.00   6.8298106e-17   7.9049019e-18
      2090.00   5.3249649e-17   7.7398810e-18
      2095.00   5.8303276e-17   7.5358561e-18
      2100.00   6.8238073e-17   7.7146934e-18
      2105.00   6.5379078e-17   7.7370603e-18
      2110.00   5.3051963e-17   7.2109751e-18
      2115.00   4.9132523e-17   7.2958678e-18
      2120.00   4.3995884e-17   7.1617537e-18
      2125.00   3.6577798e-17   6.8109105e-18
      2130.00   5.2039051e-17   7.1291239e-18
      2135.00   5.3357044e-17   6.8704828e-18
      2140.00   4.6069996e-17   6.7983783e-18
      2145.00   4.3298332e-17   7.0194067e-18
      2150.00   4.7769750e-17   6.5988395e-18
      2155.00   5.7664064e-17   6.7463742e-18
      2160.00   5.6773667e-17   6.9060288e-18
      2165.00   5.4819314e-17   6.6944645e-18
      2170.00   4.9949692e-17   6.6907343e-18
      2175.00   4.2749971e-17   6.5607016e-18
      2180.00   5.2691111e-17   6.5729848e-18
      2185.00   5.0838365e-17   6.6258838e-18
      2190.00   4.6407397e-17   6.3125511e-18
      2195.00   5.7803752e-17   6.5653615e-18
      2200.00   4.4634709e-17   6.6425647e-18
      2205.00   3.2810208e-17   5.9342280e-18
      2210.00   4.4476393e-17   6.1187654e-18
      2215.00   5.8338594e-17   6.5523507e-18
      2220.00   5.7254444e-17   6.3429818e-18
      2225.00   5.4155055e-17   6.3731818e-18
      2230.00   4.0686655e-17   6.1240292e-18
      2235.00   3.4147740e-17   5.8433726e-18
      2240.00   3.8285254e-17   6.0198433e-18
      2245.00   4.0507425e-17   5.8732057e-18
      2250.00   4.1283506e-17   5.9115331e-18
      2255.00   5.7399360e-17   6.5128016e-18
      2260.00   7.0009768e-17   6.2898967e-18
      2265.00   5.9341110e-17   6.0906694e-18
      2270.00   4.8113741e-17   6.1022814e-18
      2275.00   5.1615551e-17   6.0136444e-18
      2280.00   6.0452947e-17   6.2747961e-18
      2285.00   5.3266921e-17   6.1481345e-18
      2290.00   6.0714183e-17   6.1223938e-18
      2295.00   8.1205373e-17   6.5783048e-18
      2300.00   7.0484199e-17   6.1849986e-18
      2305.00   6.0640194e-17   6.0608516e-18
      2310.00   5.9128458e-17   6.3668290e-18
      2315.00   6.0922911e-17   6.0025697e-18
      2320.00   6.2386988e-17   6.0633551e-18
      2325.00   5.6558984e-17   6.0643208e-18
      2330.00   5.0851573e-17   5.7650986e-18
      2335.00   5.3195578e-17   5.9557471e-18
      2340.00   5.8445525e-17   6.0725918e-18
      2345.00   6.5797453e-17   6.0577613e-18
      2350.00   7.5154163e-17   6.3138800e-18
      2355.00   7.1354843e-17   6.2699265e-18
      2360.00   6.9655549e-17   6.0815510e-18
      2365.00   7.3818729e-17   6.2602042e-18
      2370.00   7.9569349e-17   6.1268238e-18
      2375.00   8.1816520e-17   6.2458741e-18
      2380.00   7.2444557e-17   6.2240014e-18
      2385.00   6.8215395e-17   5.9105682e-18
      2390.00   7.0804172e-17   6.1249151e-18
      2395.00   7.8231301e-17   6.2453646e-18
      2400.00   8.2235623e-17   6.1390446e-18
      2405.00   9.0568303e-17   6.3587049e-18
      2410.00   9.0390294e-17   6.3771907e-18
      2415.00   7.8159317e-17   6.0218310e-18
      2420.00   7.8532051e-17   6.1209182e-18
      2425.00   8.6788663e-17   6.0834460e-18
      2430.00   8.8640754e-17   6.1756821e-18
      2435.00   7.5064536e-17   6.0668255e-18
      2440.00   6.9743336e-17   5.7864042e-18
      2445.00   7.8909689e-17   6.1043179e-18
      2450.00   7.4829061e-17   6.0254793e-18
      2455.00   7.9083317e-17   5.9439243e-18
      2460.00   8.4427440e-17   6.1441863e-18
      2465.00   7.4509670e-17   6.0053507e-18
      2470.00   6.6389794e-17   5.7619081e-18
      2475.00   6.1218605e-17   5.7784786e-18
      2480.00   5.6326586e-17   5.5055789e-18
      2485.00   5.4665256e-17   5.5214116e-18
      2490.00   5.6622008e-17   5.8520129e-18
      2495.00   5.4581089e-17   5.4671353e-18
      2500.00   6.2845815e-17   5.6710572e-18
      2505.00   6.7403315e-17   5.8680532e-18
      2510.00   6.3599806e-17   5.6317814e-18
      2515.00   6.0581285e-17   5.7979860e-18
      2520.00   5.9343472e-17   5.7841022e-18
      2525.00   5.7414097e-17   5.5884529e-18
      2530.00   5.3695053e-17   5.6332294e-18
      2535.00   6.5232992e-17   5.8498577e-18
      2540.00   5.8853676e-17   5.6189089e-18
      2545.00   5.7534872e-17   5.7301245e-18
      2550.00   6.6915934e-17   5.7229711e-18
      2555.00   6.3365357e-17   5.7330329e-18
      2560.00   6.5516840e-17   5.8782726e-18
      2565.00   6.7151601e-17   5.7368884e-18
      2570.00   7.5153468e-17   6.0733259e-18
      2575.00   7.6328237e-17   6.0856426e-18
      2580.00   6.7944126e-17   5.8418944e-18
      2585.00   7.2780889e-17   6.0533487e-18
      2590.00   7.9836799e-17   6.1833227e-18
      2595.00   7.1114080e-17   5.9071970e-18
      2600.00   7.3192878e-17   6.0796629e-18
      2605.00   9.3780907e-17   6.2509683e-18
      2610.00   9.8145595e-17   6.3775427e-18
      2615.00   9.1439410e-17   6.6193677e-18
      2620.00   8.8025338e-17   6.1617325e-18
      2625.00   8.5305667e-17   6.2104125e-18
      2630.00   7.7046587e-17   6.2626212e-18
      2635.00   7.2285282e-17   5.9924587e-18
      2640.00   6.4906818e-17   6.0297372e-18
      2645.00   4.7263525e-17   5.7357374e-18
      2650.00   3.8866960e-17   5.4886656e-18
      2655.00   3.6511537e-17   5.5755195e-18
      2660.00   2.9855489e-17   5.4688951e-18
      2665.00   3.1605638e-17   5.3869438e-18
      2670.00   4.1839024e-17   5.7179244e-18
      2675.00   4.9173664e-17   5.7390444e-18
      2680.00   4.6502837e-17   5.8033189e-18
      2685.00   3.7880021e-17   5.9953993e-18
      2690.00   4.9003847e-17   5.8290438e-18
      2695.00   6.2481604e-17   6.1280025e-18
      2700.00   6.2600513e-17   6.2797774e-18
      2705.00   6.1790332e-17   6.0841367e-18
      2710.00   6.8172878e-17   6.3932852e-18
      2715.00   7.8389452e-17   6.6082462e-18
      2720.00   9.5250483e-17   6.7627185e-18
      2725.00   1.1130407e-16   7.1787920e-18
      2730.00   1.0076702e-16   7.0706216e-18
      2735.00   9.0334039e-17   6.8034406e-18
      2740.00   9.4078255e-17   7.0181072e-18
      2745.00   1.0807227e-16   7.1091045e-18
      2750.00   1.2413540e-16   7.4900369e-18
      2755.00   1.3647425e-16   8.1193021e-18
      2760.00   1.5636681e-16   7.9525367e-18
      2765.00   1.6730624e-16   8.2392524e-18
      2770.00   1.6720715e-16   8.4765317e-18
      2775.00   1.8476478e-16   8.4814683e-18
      2780.00   1.8607348e-16   8.8343096e-18
      2785.00   1.8211950e-16   8.8743816e-18
      2790.00   1.6513507e-16   8.5042786e-18
      2795.00   1.5516227e-16   8.6083106e-18
      2800.00   1.5750432e-16   8.7598816e-18
      2805.00   1.6332444e-16   8.7201521e-18
      2810.00   1.7281633e-16   9.0834581e-18
      2815.00   1.8400964e-16   9.3474916e-18
      2820.00   1.8912176e-16   9.3386756e-18
      2825.00   1.7842299e-16   9.4549416e-18
      2830.00   1.9193072e-16   9.4252863e-18
      2835.00   1.9729601e-16   9.6935443e-18
      2840.00   1.9542781e-16   1.0027944e-17
      2845.00   1.9655243e-16   9.8414475e-18
      2850.00   1.7999880e-16   9.9678349e-18
      2855.00   1.7500499e-16   1.0049852e-17
      2860.00   1.9286993e-16   1.0263966e-17
      2865.00   1.9863276e-16   1.0686385e-17
      2870.00   1.8679821e-16   1.0728719e-17
      2875.00   1.9313827e-16   1.0752605e-17
      2880.00   2.1223285e-16   1.1340134e-17
      2885.00   2.0273141e-16   1.1460843e-17
      2890.00   1.9055908e-16   1.1222423e-17
      2895.00   1.9441822e-16   1.1640501e-17
      2900.00   2.0795297e-16   1.1747766e-17
      2905.00   2.2266199e-16   1.2336505e-17
      2910.00   2.3227594e-16   1.3341245e-17
      2915.00   2.3399452e-16   1.2768821e-17
      2920.00   2.4844903e-16   1.3461816e-17
      2925.00   2.6690098e-16   1.4152056e-17
      2930.00   2.6487710e-16   1.3793256e-17
      2935.00   2.5983768e-16   1.4629730e-17
      2940.00   2.6428370e-16   1.5231444e-17
      2945.00   2.9092011e-16   1.5215628e-17
      2950.00   2.9309937e-16   1.5689578e-17
      2955.00   3.0217927e-16   1.6424270e-17
      2960.00   3.3117662e-16   1.6801626e-17
      2965.00   2.9822302e-16   1.7058370e-17
      2970.00   2.9763600e-16   1.7878448e-17
      2975.00   3.0285581e-16   1.7681664e-17
      2980.00   2.7462502e-16   1.7763897e-17
      2985.00   2.9668486e-16   1.8104782e-17
      2990.00   3.2282371e-16   1.8916560e-17
      2995.00   3.2409839e-16   2.0218304e-17
      3000.00   2.9698251e-16   1.9206824e-17
      3005.00   2.7890442e-16   1.9652379e-17
      3010.00   2.7510540e-16   2.1089848e-17
      3015.00   2.4345392e-16   2.3111322e-17
      3020.00   2.3271224e-16   3.3704559e-17
      3025.00   4.4828901e-16   6.8832293e-17
      3030.00   3.6984952e-16   6.6732194e-17
      3035.00   3.0027869e-16   9.2803239e-17
      3040.00   1.9081815e-16   6.3076519e-17
      3045.00   2.4404488e-16   5.1672368e-17
      3050.00   3.2464417e-16   6.2847899e-17
      3055.00   3.0753368e-16   6.1127132e-17
      3060.00   3.2684098e-16   5.9956400e-17
      3065.00   3.6425839e-16   5.9532692e-17
      3070.00   3.0280578e-16   4.8453951e-17
      3075.00   2.3710498e-16   4.1695481e-17
      3080.00   2.1595935e-16   5.8632666e-17
      3085.00             NaN             NaN
      3090.00   3.2369986e-16   5.6174907e-17
      3095.00   2.9167217e-16   4.5763480e-17
      3100.00   2.8556726e-16   4.5020522e-17
      3105.00   2.9182059e-16   4.5372468e-17
      3110.00   3.1078745e-16   5.7211669e-17
      3115.00   2.9046557e-16   4.3806503e-17
      3120.00   2.6544726e-16   3.7369965e-17
      3125.00   2.7657979e-16   5.3643252e-17
      3130.00   3.6218014e-16   5.1985595e-17
      3135.00   3.2012146e-16   3.7304003e-17
      3140.00   3.1848537e-16   4.3517519e-17
      3145.00   3.6158510e-16   5.1346082e-17
      3150.00   3.0594054e-16   5.0367884e-17
      3155.00   2.9707539e-16   5.0047064e-17
      3160.00   2.7575700e-16   4.8851418e-17
      3165.00   3.2248334e-16   4.1209248e-17
      3170.00   3.0769830e-16   4.1245902e-17
      3175.00   2.7075845e-16   4.8980279e-17
      3180.00   2.9557826e-16   3.9664505e-17
      3185.00   3.0588636e-16   3.3845494e-17
      3190.00   3.4963794e-16   3.9188535e-17
      3195.00   3.9510773e-16   4.8786322e-17
      3200.00   3.3031254e-16   3.8849289e-17
      3205.00   3.6956789e-16   3.4655225e-17
      3210.00   4.8719593e-16   4.1518246e-17
      3215.00   4.2930973e-16   4.8307695e-17
      3220.00   3.3704264e-16   6.6145087e-17
      3225.00   3.3349672e-16   7.1304392e-17
      3230.00   3.3135288e-16   4.7150020e-17
      3235.00   2.6460878e-16   3.6587711e-17
      3240.00   2.5387833e-16   3.1365521e-17
      3245.00   2.7592384e-16   3.5794061e-17
      3250.00   3.1019202e-16   4.4737187e-17
      3255.00   3.4532141e-16   6.4318812e-17
      3260.00             NaN             NaN
      3265.00             NaN             NaN
      3270.00   3.6966998e-16   6.1102747e-17
      3275.00   3.8260875e-16   4.3774467e-17
      3280.00   4.0367584e-16   4.3517840e-17
      3285.00   4.1055864e-16   6.0410555e-17
      3290.00   3.5678227e-16   4.3030081e-17
      3295.00   3.5678227e-16   4.3030081e-17
      3300.00   2.0587124e-16   6.1425109e-17
      3305.00   2.7466761e-16   3.4205990e-17
      3310.00   3.0559173e-16   4.1182391e-17
      3315.00   3.0590243e-16   5.7474170e-17
      3320.00   3.3111304e-16   3.2823437e-17
      3325.00   3.5716237e-16   2.8163025e-17
      3330.00   3.2804771e-16   2.8358441e-17
      3335.00   3.2604387e-16   2.8788407e-17
      3340.00   3.4326526e-16   2.8075413e-17
      3345.00   3.3144185e-16   2.7214406e-17
      3350.00   3.4794809e-16   3.1394608e-17
      3355.00   3.0577829e-16   3.8102966e-17
      3360.00   3.1852192e-16   3.1156042e-17
      3365.00   3.5127195e-16   3.8462241e-17
      3370.00   3.8230866e-16   3.8166861e-17
      3375.00   3.8007223e-16   3.1257865e-17
      3380.00   3.4214498e-16   3.0964543e-17
      3385.00   3.4483286e-16   2.7048205e-17
      3390.00   3.5681528e-16   3.1467049e-17
      3395.00   3.0865920e-16   3.7310878e-17
      3400.00   3.6959433e-16   3.1684429e-17
      3405.00   4.1439647e-16   3.1863166e-17
      3410.00   4.3075665e-16   3.7701946e-17
      3415.00   4.3676682e-16   3.7663985e-17
      3420.00   3.9673149e-16   3.7527500e-17
      3425.00   3.9216453e-16   3.7308278e-17
      3430.00   3.5143966e-16   3.6900150e-17
      3435.00   3.9315529e-16   3.7792033e-17
      3440.00   4.7313397e-16   3.1691615e-17
      3445.00   4.4237063e-16   2.6734891e-17
      3450.00   4.0828333e-16   2.6016490e-17
      3455.00   3.6980286e-16   2.6034343e-17
      3460.00   3.2483769e-16   2.9861432e-17
      3465.00   3.7704083e-16   3.6916958e-17
      3470.00   4.8092021e-16   5.3651911e-17
      3475.00   4.3949816e-16   3.6152276e-17
      3480.00   4.1539843e-16   2.9732001e-17
      3485.00   3.8815880e-16   3.6784070e-17
      3490.00   4.1592698e-16   2.9361997e-17
      3495.00   4.0304115e-16   2.5240100e-17
      3500.00   3.5388356e-16   2.5458687e-17
      3505.00   3.4490721e-16   2.9146619e-17
      3510.00   4.1262495e-16   3.4848438e-17
      3515.00   4.9419259e-16   3.5418547e-17
      3520.00   5.3963257e-16   3.5640761e-17
      3525.00   5.3216560e-16   3.5673752e-17
      3530.00   4.9788798e-16   3.5227356e-17
      3535.00   4.7245052e-16   3.5090067e-17
      3540.00   4.8905983e-16   5.0279876e-17
      3545.00   4.7938677e-16   3.7929477e-17
      3550.00   4.7938677e-16   3.7929477e-17
      3555.00             NaN             NaN
      3560.00   4.7234681e-16   4.6483914e-17
      3565.00   4.5219759e-16   2.6516323e-17
      3570.00   4.8952321e-16   2.3253751e-17
      3575.00   5.2259709e-16   2.3625792e-17
      3580.00   5.1577594e-16   2.3284127e-17
      3585.00   5.3083264e-16   2.6323602e-17
      3590.00   5.2105962e-16   2.5970659e-17
      3595.00   5.3486642e-16   2.2710538e-17
      3600.00   5.3215824e-16   2.5973350e-17
      3605.00   4.8331123e-16   4.3609756e-17
      3610.00   5.0022648e-16   4.3092139e-17
      3615.00   5.3492672e-16   3.0846730e-17
      3620.00   5.2301537e-16   2.5276591e-17
      3625.00   5.1476844e-16   2.1809151e-17
      3630.00   5.3011446e-16   3.0865288e-17
      3635.00   7.0153889e-16   4.4987561e-17
      3640.00   7.0153889e-16   4.4987561e-17
      3645.00   5.9167221e-16   2.9291944e-17
      3650.00   5.9433628e-16   2.4148550e-17
      3655.00   6.3558314e-16   2.4744289e-17
      3660.00   6.6316481e-16   2.4714458e-17
      3665.00   6.2706982e-16   2.9315258e-17
      3670.00   6.0691234e-16   3.0148239e-17
      3675.00   6.7750682e-16   3.0928055e-17
      3680.00   6.5848828e-16   2.9458648e-17
      3685.00   6.1355064e-16   2.3113064e-17
      3690.00   6.0801904e-16   2.2756094e-17
      3695.00   5.9677653e-16   3.9044725e-17
      3700.00   5.9975867e-16   3.8407005e-17
      3705.00   5.9721556e-16   2.8543707e-17
      3710.00   5.8231932e-16   2.4616941e-17
      3715.00   5.9855350e-16   2.3830666e-17
      3720.00   6.0164358e-16   2.6647082e-17
      3725.00   5.7185042e-16   3.6559504e-17
      3730.00   5.7040575e-16   3.7569339e-17
      3735.00   5.7620528e-16   2.5887880e-17
      3740.00   6.1593054e-16   2.1237674e-17
      3745.00   6.3433096e-16   2.1426413e-17
      3750.00   6.5754532e-16   2.1166366e-17
      3755.00   6.3830407e-16   2.0845995e-17
      3760.00   5.8800455e-16   2.5429848e-17
      3765.00   5.9136473e-16   2.1448767e-17
      3770.00   5.9082258e-16   2.2142048e-17
      3775.00   5.6041960e-16   2.0897623e-17
      3780.00   5.1104764e-16   1.6948454e-17
      3785.00   5.1592936e-16   1.6783131e-17
      3790.00   5.4461021e-16   1.9305304e-17
      3795.00   5.4628469e-16   2.3418094e-17
      3800.00   5.5779211e-16   1.9074035e-17
      3805.00   5.3946168e-16   1.6368296e-17
      3810.00   5.3267604e-16   1.9006501e-17
      3815.00   5.4253895e-16   3.3637707e-17
      3820.00   5.2698097e-16   3.1527943e-17
      3825.00   5.2698097e-16   3.1527943e-17
      3830.00   5.1005275e-16   3.1403631e-17
      3835.00   5.2454617e-16   2.2681210e-17
      3840.00   5.7508063e-16   2.3360069e-17
      3845.00   6.4618931e-16   2.0864445e-17
      3850.00   6.8074836e-16   2.2794639e-17
      3855.00   6.6419972e-16   2.6534104e-17
      3860.00   6.6325390e-16   2.3621774e-17
      3865.00   6.5641305e-16   2.3628080e-17
      3870.00   6.4453569e-16   2.0296694e-17
      3875.00   6.5463105e-16   1.7681490e-17
      3880.00   6.6290556e-16   1.9609271e-17
      3885.00   6.8210076e-16   3.2613343e-17
      3890.00             NaN             NaN
      3895.00   7.7152547e-16   3.3540324e-17
      3900.00   7.1834122e-16   2.3164710e-17
      3905.00   6.8747211e-16   1.8516153e-17
      3910.00   7.1992957e-16   1.6185883e-17
      3915.00   7.3360729e-16   1.6437554e-17
      3920.00   7.5042069e-16   1.9231567e-17
      3925.00   7.7734374e-16   1.9000544e-17
      3930.00   7.6293052e-16   2.2988456e-17
      3935.00   7.5588728e-16   3.5468767e-17
      3940.00   8.0346745e-16   2.5572667e-17
      3945.00   8.1184768e-16   1.9611135e-17
      3950.00   7.6252712e-16   1.6772705e-17
      3955.00   7.3981710e-16   1.9477726e-17
      3960.00   7.7492895e-16   2.2988668e-17
      3965.00   7.5745313e-16   1.8577853e-17
      3970.00   7.3341613e-16   1.8522126e-17
      3975.00   7.2155211e-16   1.8249565e-17
      3980.00   7.2534777e-16   2.2140282e-17
      3985.00   6.5369990e-16   3.0632503e-17
      3990.00   6.7747283e-16   2.1659915e-17
      3995.00   6.7251081e-16   2.1543866e-17
      4000.00   6.1867308e-16   1.7267164e-17
      4005.00   6.0539202e-16   1.4782627e-17
      4010.00   6.0901754e-16   1.7051432e-17
      4015.00   6.2369752e-16   2.1979635e-17
      4020.00   6.1424024e-16   2.3206501e-17
      4025.00   5.9555670e-16   2.1740737e-17
      4030.00   6.2217863e-16   2.0749500e-17
      4035.00   6.0836310e-16   1.6808434e-17
      4040.00   5.9421415e-16   1.6883580e-17
      4045.00   6.0829777e-16   3.0276101e-17
      4050.00   7.0615205e-16   3.0833313e-17
      4055.00   6.6525062e-16   1.7142671e-17
      4060.00   6.4600773e-16   1.4591213e-17
      4065.00   6.4644999e-16   1.6955823e-17
      4070.00   6.8407471e-16   2.1258957e-17
      4075.00   7.2049475e-16   3.0423670e-17
      4080.00   6.4474671e-16   2.0810389e-17
      4085.00   6.6217367e-16   1.5041485e-17
      4090.00   6.6802868e-16   1.6668914e-17
      4095.00   6.6465405e-16   1.9528403e-17
      4100.00   6.5964597e-16   2.0545441e-17
      4105.00   6.4874296e-16   1.6516042e-17
      4110.00   6.5079077e-16   1.4316069e-17
      4115.00   6.5807768e-16   1.6561162e-17
      4120.00   6.7478435e-16   2.0513343e-17
      4125.00   6.6907185e-16   1.6611085e-17
      4130.00   6.6878053e-16   1.6566408e-17
      4135.00   6.9499519e-16   2.0678731e-17
      4140.00   7.0340607e-16   1.6945270e-17
      4145.00   6.9327720e-16   2.0662461e-17
      4150.00   7.0117514e-16   2.1070100e-17
      4155.00   7.0117514e-16   2.1070100e-17
      4160.00   7.2643758e-16   2.4389131e-17
      4165.00   7.1721059e-16   1.9303360e-17
      4170.00   7.4916544e-16   2.1539052e-17
      4175.00   7.6235358e-16   1.6747640e-17
      4180.00   7.2479042e-16   1.4282478e-17
      4185.00   7.0461092e-16   1.4183712e-17
      4190.00   7.0957993e-16   1.6363887e-17
      4195.00   7.2803858e-16   2.0249125e-17
      4200.00   7.1171753e-16   1.6534828e-17
      4205.00   6.9627326e-16   2.0111351e-17
      4210.00   7.0951164e-16   1.9761773e-17
      4215.00   7.1774242e-16   1.6131106e-17
      4220.00   7.0276614e-16   1.9602261e-17
      4225.00   7.1633402e-16   1.9755768e-17
      4230.00   7.1667246e-16   1.9730119e-17
      4235.00   7.0591747e-16   1.6088198e-17
      4240.00   7.2014656e-16   1.3971820e-17
      4245.00   7.0629980e-16   1.5943680e-17
      4250.00   6.8969038e-16   1.9313149e-17
      4255.00   6.9419829e-16   2.7389932e-17
      4260.00   6.7679272e-16   1.9073589e-17
      4265.00   6.7679272e-16   1.9073589e-17
      4270.00   7.1878078e-16   2.7349939e-17
      4275.00   6.6784630e-16   1.5402606e-17
      4280.00   6.4418878e-16   1.8639491e-17
      4285.00   6.4114640e-16   1.8469959e-17
      4290.00   6.4778343e-16   1.5227371e-17
      4295.00   6.4880119e-16   1.5208768e-17
      4300.00   6.4259715e-16   1.3051496e-17
      4305.00   6.3415837e-16   1.3077532e-17
      4310.00   6.1324767e-16   1.4978752e-17
      4315.00   5.8988481e-16   1.4713573e-17
      4320.00   6.0108544e-16   1.2817046e-17
      4325.00   6.1237157e-16   1.8237281e-17
      4330.00   5.4624752e-16   1.7732526e-17
      4335.00   5.5151279e-16   1.4445778e-17
      4340.00   5.4455986e-16   1.7529064e-17
      4345.00   5.1564391e-16   1.4142492e-17
      4350.00   5.1299089e-16   1.4109428e-17
      4355.00   5.1937837e-16   2.4498580e-17
      4360.00             NaN             NaN
      4365.00   5.4156110e-16   2.5051322e-17
      4370.00   5.1540907e-16   1.7368440e-17
      4375.00   4.9770269e-16   1.3928014e-17
      4380.00   4.9675364e-16   1.3887444e-17
      4385.00   5.0334769e-16   1.4044604e-17
      4390.00   5.1118343e-16   1.7360445e-17
      4395.00   4.8192887e-16   2.4418845e-17
      4400.00   4.7566162e-16   1.3804040e-17
      4405.00   4.6703110e-16   1.1794667e-17
      4410.00   4.6141739e-16   1.6626352e-17
      4415.00   4.6545816e-16   1.6920506e-17
      4420.00   4.7075487e-16   1.1942199e-17
      4425.00   4.7135753e-16   1.1860025e-17
      4430.00   4.9087698e-16   1.1984570e-17
      4435.00   5.1556111e-16   1.4131939e-17
      4440.00   5.4505850e-16   1.5270068e-17
      4445.00   5.5606093e-16   1.5262882e-17
      4450.00   5.0441299e-16   1.4579182e-17
      4455.00   4.8405752e-16   1.8061308e-17
      4460.00   5.2133809e-16   1.7273988e-17
      4465.00   5.2324402e-16   1.4082292e-17
      4470.00   5.4942983e-16   1.4235079e-17
      4475.00   5.7957303e-16   1.4527429e-17
      4480.00   5.8816004e-16   1.8246875e-17
      4485.00   5.8011328e-16   1.4702639e-17
      4490.00   5.8178442e-16   1.2566908e-17
      4495.00   5.7254927e-16   1.7636912e-17
      4500.00             NaN             NaN
      4505.00   6.3778542e-16   2.6903479e-17
      4510.00   6.1679859e-16   1.5557380e-17
      4515.00   6.1073707e-16   1.5454389e-17
      4520.00   6.3394402e-16   1.5119402e-17
      4525.00   6.5146733e-16   1.5133969e-17
      4530.00   6.7939925e-16   1.8713605e-17
      4535.00   6.7811525e-16   1.8670304e-17
      4540.00   6.9442673e-16   1.5459771e-17
      4545.00   7.0669055e-16   1.5512201e-17
      4550.00   7.1207858e-16   1.8908535e-17
      4555.00   7.3684841e-16   1.9187961e-17
      4560.00   7.7692287e-16   1.6006974e-17
      4565.00   7.8778109e-16   1.9724783e-17
      4570.00   7.8382698e-16   1.9765515e-17
      4575.00   7.8382698e-16   1.9765515e-17
      4580.00   8.1321076e-16   1.9743084e-17
      4585.00   8.1321076e-16   1.9743084e-17
      4590.00   8.1933613e-16   2.1186809e-17
      4595.00   8.1813409e-16   1.4701823e-17
      4600.00   8.2613908e-16   1.6592029e-17
      4605.00   8.4387494e-16   2.8470842e-17
      4610.00   8.2325573e-16   1.9896304e-17
      4615.00   8.3453021e-16   1.6283497e-17
      4620.00   8.2630647e-16   1.6182030e-17
      4625.00   8.0834848e-16   1.6113702e-17
      4630.00   8.0248283e-16   2.7975487e-17
      4635.00   8.1597564e-16   1.9886893e-17
      4640.00   7.9664417e-16   1.3923418e-17
      4645.00   7.6830139e-16   1.5761769e-17
      4650.00   7.4991570e-16   2.6769924e-17
      4655.00   7.5381607e-16   2.7114843e-17
      4660.00   7.2339081e-16   1.5500150e-17
      4665.00   7.0862242e-16   1.8891131e-17
      4670.00   6.9206261e-16   2.6373686e-17
      4675.00   6.6990041e-16   1.5424478e-17
      4680.00   6.4937686e-16   1.3157301e-17
      4685.00   6.4926007e-16   1.2902012e-17
      4690.00   6.6275595e-16   1.2901605e-17
      4695.00   6.6609538e-16   1.3280977e-17
      4700.00   6.6349382e-16   1.5554331e-17
      4705.00   6.6689069e-16   1.8439332e-17
      4710.00   6.6766700e-16   1.4967296e-17
      4715.00   6.4032139e-16   1.2824591e-17
      4720.00   6.1732968e-16   1.4673875e-17
      4725.00   5.9073142e-16   1.4379554e-17
      4730.00   5.9492349e-16   1.4399990e-17
      4735.00   5.7770432e-16   1.4322191e-17
      4740.00   5.5659933e-16   1.4197392e-17
      4745.00   5.2904873e-16   1.6984630e-17
      4750.00   5.0755199e-16   1.6544582e-17
      4755.00   5.3250648e-16   1.7550749e-17
      4760.00   5.2346980e-16   1.4175819e-17
      4765.00   5.2104824e-16   1.3763566e-17
      4770.00   5.2444590e-16   1.6736238e-17
      4775.00   5.1504315e-16   1.3425032e-17
      4780.00   5.0535828e-16   1.3412471e-17
      4785.00   5.0153213e-16   1.6589511e-17
      4790.00   5.5091468e-16   1.7020234e-17
      4795.00   5.8450874e-16   2.4461287e-17
      4800.00   5.0736479e-16   1.6283469e-17
      4805.00   5.2232604e-16   1.1670280e-17
      4810.00   5.4106548e-16   1.1800588e-17
      4815.00   5.3364839e-16   1.1751824e-17
      4820.00   5.2338341e-16   1.6596107e-17
      4825.00   5.3032754e-16   1.6386279e-17
      4830.00   5.0158771e-16   1.3246724e-17
      4835.00   4.9168240e-16   1.3363703e-17
      4840.00   4.8044344e-16   1.1456077e-17
      4845.00   4.4834608e-16   1.5822056e-17
      4850.00   4.6505693e-16   1.6137066e-17
      4855.00   4.7880396e-16   1.3237415e-17
      4860.00   4.5567858e-16   1.3094804e-17
      4865.00   4.3147832e-16   1.5880716e-17
      4870.00   4.7978291e-16   1.5822925e-17
      4875.00   4.7868516e-16   1.1185022e-17
      4880.00   4.7758878e-16   1.5813099e-17
      4885.00   5.0497987e-16   2.3992638e-17
      4890.00   5.2580603e-16   1.7043426e-17
      4895.00   5.0859686e-16   1.7278855e-17
      4900.00   4.6873840e-16   2.4663161e-17
      4905.00   5.5722862e-16   1.6324755e-17
      4910.00   5.4337291e-16   1.3275955e-17
      4915.00   5.2558855e-16   1.6176308e-17
      4920.00   5.6006628e-16   1.3442680e-17
      4925.00   5.6012092e-16   1.1653004e-17
      4930.00   5.5204520e-16   1.3327273e-17
      4935.00   5.6118797e-16   2.2944074e-17
      4940.00   5.4325157e-16   1.6141181e-17
      4945.00   5.3402854e-16   1.3184156e-17
      4950.00   5.0933430e-16   1.6353677e-17
      4955.00   5.2763456e-16   1.3361874e-17
      4960.00   5.3962134e-16   1.6272156e-17
      4965.00   4.9295205e-16   1.7095206e-17
      4970.00   5.0644587e-16   1.3729275e-17
      4975.00   4.9291208e-16   1.6896780e-17
      4980.00   4.4865212e-16   2.4851717e-17
      4985.00   4.7060579e-16   2.2144910e-17
      4990.00   4.7596110e-16   1.5717499e-17
      4995.00   4.5779092e-16   1.5488062e-17
      5000.00   4.5485659e-16   1.5620897e-17
      5005.00   4.5513801e-16   1.2917228e-17
      5010.00   4.3663138e-16   1.0946266e-17
      5015.00   4.3927298e-16   1.0989459e-17
      5020.00   4.5154712e-16   1.2881401e-17
      5025.00   4.5743707e-16   1.2708765e-17
      5030.00   4.4309842e-16   1.0880141e-17
      5035.00   4.2979931e-16   1.0757305e-17
      5040.00   4.5850185e-16   1.0943483e-17
      5045.00   4.6506746e-16   1.2732825e-17
      5050.00   4.5690704e-16   1.5600114e-17
      5055.00   5.0044724e-16   1.6131742e-17
      5060.00   4.9703041e-16   1.3143044e-17
      5065.00   4.8897836e-16   1.3104308e-17
      5070.00   4.6128424e-16   1.3213415e-17
      5075.00   4.5604434e-16   1.3147262e-17
      5080.00   4.6940120e-16   1.3517311e-17
      5085.00   4.7448303e-16   1.3880549e-17
      5090.00   4.8713955e-16   1.3384743e-17
      5095.00   4.8557847e-16   1.3083097e-17
      5100.00   4.7984829e-16   1.3446099e-17
      5105.00   4.8138677e-16   1.1652856e-17
      5110.00   4.8246637e-16   1.6215377e-17
      5115.00   4.7629420e-16   1.7468766e-17
      5120.00   4.9187415e-16   1.5030611e-17
      5125.00   4.9693184e-16   1.9533801e-17
      5130.00   4.8642455e-16   1.5598949e-17
      5135.00   4.9543132e-16   1.4938564e-17
      5140.00   4.8313526e-16   1.4315166e-17
      5145.00   4.7674117e-16   1.4230162e-17
      5150.00   5.1557673e-16   1.3524450e-17
      5155.00   5.3841210e-16   1.1883098e-17
      5160.00   5.5077200e-16   1.1915115e-17
      5165.00   5.6282137e-16   1.3813786e-17
      5170.00   5.5464803e-16   1.3783570e-17
      5175.00   5.4710567e-16   1.1894880e-17
      5180.00   5.5915244e-16   1.3889289e-17
      5185.00   5.9045751e-16   1.7673495e-17
      5190.00   5.7006466e-16   1.7386819e-17
      5195.00   5.7417203e-16   1.7134980e-17
      5200.00   6.0874352e-16   1.7617930e-17
      5205.00   6.1165498e-16   1.7808585e-17
      5210.00   6.2001541e-16   1.4601612e-17
      5215.00   6.1737288e-16   1.4562897e-17
      5220.00   6.2264688e-16   1.4629376e-17
      5225.00   6.2628758e-16   1.2647208e-17
      5230.00   6.1894148e-16   1.2520552e-17
      5235.00   6.1943885e-16   1.4583375e-17
      5240.00   6.2175569e-16   1.4811774e-17
      5245.00   6.1862919e-16   1.4687503e-17
      5250.00   6.2317490e-16   1.7960933e-17
      5255.00   6.5617313e-16   1.6434505e-17
      5260.00   6.6173358e-16   1.6829883e-17
      5265.00   6.4470573e-16   1.4955682e-17
      5270.00   6.2918338e-16   1.4557661e-17
      5275.00   6.2268378e-16   1.7924744e-17
      5280.00   6.6922496e-16   1.8505276e-17
      5285.00   6.9292001e-16   2.0015092e-17
      5290.00   6.3511589e-16   1.6552551e-17
      5295.00   6.1067693e-16   1.5475820e-17
      5300.00   5.8960936e-16   1.7680392e-17
      5305.00   6.0651757e-16   1.4624730e-17
      5310.00   6.0934497e-16   1.4559906e-17
      5315.00   5.8286301e-16   1.4316905e-17
      5320.00   5.9608223e-16   1.4516378e-17
      5325.00   6.0024715e-16   1.7821620e-17
      5330.00   5.7325612e-16   1.7337471e-17
      5335.00   5.5139611e-16   1.4160010e-17
      5340.00   5.5246914e-16   1.2402151e-17
      5345.00   5.6641130e-16   1.2395766e-17
      5350.00   5.7436447e-16   1.4354421e-17
      5355.00   5.8427422e-16   2.5499199e-17
      5360.00   5.3252008e-16   3.1475003e-17
      5365.00   5.2606448e-16   1.5624629e-17
      5370.00   5.3608853e-16   1.4520687e-17
      5375.00   5.5665947e-16   1.7403478e-17
      5380.00   5.5459689e-16   2.4650389e-17
      5385.00   5.3140465e-16   1.7066076e-17
      5390.00   5.3140465e-16   1.7066076e-17
      5395.00   5.2349897e-16   1.7448730e-17
      5400.00   5.2349897e-16   1.7448730e-17
