  5.257458866127118E+03   3.8324240E-13   1.9281506E-14   2576
  5.262327475854353E+03   2.8165428E-13   2.1458121E-15    512
  5.267196145795427E+03   2.6945734E-13   2.0049551E-15    528
  5.272064875839504E+03   2.7463727E-13   1.7237083E-15    512
  5.276933665875744E+03   2.7707337E-13   1.5883678E-15    512
  5.281802515793287E+03   2.8078874E-13   1.4874412E-15    512
  5.286671425481261E+03   2.8725641E-13   1.4090649E-15    528
  5.291540394828784E+03   2.8884328E-13   1.3385664E-15    528
  5.296409423724955E+03   2.9039645E-13   1.4436979E-15    528
  5.301278512058861E+03   2.8514482E-13   1.3677647E-15    528
  5.306147659719575E+03   2.9505551E-13   1.3642183E-15      0
  5.311016866596159E+03   2.9660728E-13   1.3387649E-15      0
  5.315886132577659E+03   3.0344485E-13   1.3505695E-15      0
  5.320755457553106E+03   2.9733337E-13   1.4593244E-15      0
  5.325624841411521E+03   3.0209716E-13   1.4153539E-15      0
  5.330494284041910E+03   3.0765131E-13   1.4068211E-15      0
  5.335363785333264E+03   3.1046254E-13   1.3799863E-15     16
  5.340233345174561E+03   3.1443622E-13   1.2519114E-15     16
  5.345102963454769E+03   3.1969094E-13   1.4621878E-15     16
  5.349972640062836E+03   3.2405253E-13   1.4592458E-15      0
  5.354842374887703E+03   3.3136555E-13   1.3739311E-15      0
  5.359712167818294E+03   3.2810045E-13   1.4921441E-15      0
  5.364582018743522E+03   3.3000368E-13   1.5060877E-15     16
  5.369451927552282E+03   3.4313381E-13   1.3836548E-15     16
  5.374321894133461E+03   3.4294702E-13   1.3856966E-15     16
  5.379191918375930E+03   3.4031512E-13   1.5469884E-15      0
  5.384062000168547E+03   3.4134994E-13   1.5436084E-15      0
  5.388932139400159E+03   3.3702896E-13   1.5285704E-15      0
  5.393802335959595E+03   3.4022733E-13   1.3710968E-15     16
  5.398672589735675E+03   3.3554201E-13   1.3522936E-15      0
  5.403542900617203E+03   3.3464523E-13   1.3439009E-15     16
  5.408413268492972E+03   3.2799956E-13   1.3141303E-15      0
  5.413283693251763E+03   3.2308100E-13   1.4469708E-15     16
  5.418154174782339E+03   3.1618512E-13   1.4131524E-15      0
  5.423024712973456E+03   3.1127358E-13   1.3883362E-15      0
  5.427895307713850E+03   3.0422941E-13   1.3543198E-15     16
  5.432765958892252E+03   2.9638919E-13   1.2291483E-15      0
  5.437636666397372E+03   2.9180860E-13   1.1675012E-15      0
  5.442507430117914E+03   2.8100360E-13   1.1316342E-15      0
  5.447378249942562E+03   2.7568453E-13   1.1113249E-15     16
  5.452249125759995E+03   2.6916615E-13   1.0851319E-15      0
  5.457120057458873E+03   2.6405551E-13   1.0642347E-15      0
  5.461991044927845E+03   2.6073146E-13   1.0499721E-15      0
  5.466862088055548E+03   2.6001434E-13   1.1620195E-15      0
  5.471733186730604E+03   2.6096193E-13   1.1533712E-15      0
  5.476604340841626E+03   2.6468340E-13   1.1542956E-15      0
  5.481475550277210E+03   2.6480340E-13   1.0275899E-15      0
  5.486346814925942E+03   2.7203942E-13   1.1558697E-15      0
  5.491218134676394E+03   2.7498579E-13   1.1938639E-15      0
  5.496089509417125E+03   2.8545596E-13   1.1751032E-15      0
  5.500960939036683E+03   2.9614719E-13   1.2278805E-15      0
  5.505832423423602E+03   3.0580131E-13   1.2461033E-15      0
  5.510703962466403E+03   3.1456706E-13   1.2658940E-15      0
  5.515575556053595E+03   3.2274492E-13   1.2798649E-15      0
  5.520447204073677E+03   3.3839278E-13   1.2756527E-15      0
  5.525318906415129E+03   3.4287043E-13   1.2754572E-15      0
  5.530190662966425E+03   3.4952542E-13   1.2862064E-15     16
  5.535062473616023E+03   3.5652606E-13   1.2996633E-15     16
  5.539934338252369E+03   3.6395415E-13   1.3495070E-15      0
  5.544806256763898E+03   3.7488938E-13   1.3320044E-15      0
  5.549678229039031E+03   3.7398887E-13   1.3280822E-15      0
  5.554550254966176E+03   3.7985579E-13   1.4086409E-15     16
  5.559422334433731E+03   3.7398172E-13   1.3947594E-15      0
  5.564294467330080E+03   3.7484593E-13   1.3634568E-15     16
  5.569166653543592E+03   3.6994561E-13   1.2226448E-15      0
  5.574038892962632E+03   3.6975764E-13   1.2229491E-15      0
  5.578911185475545E+03   3.6850956E-13   1.3129337E-15      0
  5.583783530970665E+03   3.6960035E-13   1.3451605E-15      0
  5.588655929336316E+03   3.6934369E-13   1.3759488E-15      0
  5.593528380460809E+03   3.6720849E-13   1.3697175E-15      0
  5.598400884232441E+03   3.7239480E-13   1.3851774E-15      0
  5.603273440539499E+03   3.7579060E-13   1.3074343E-15      0
  5.608146049270257E+03   3.7680040E-13   1.3073256E-15      0
  5.613018710312977E+03   3.7434742E-13   1.3370255E-15      0
  5.617891423555910E+03   3.7506464E-13   1.2979338E-15     16
  5.622764188887292E+03   3.7909186E-13   1.1728077E-15      0
  5.627637006195352E+03   3.7815806E-13   1.3464462E-15      0
  5.632509875368302E+03   3.7076210E-13   1.2815958E-15      0
  5.637382796294341E+03   3.7523706E-13   1.3254573E-15     16
  5.642255768861664E+03   3.7132469E-13   1.3138096E-15      0
  5.647128792958446E+03   3.7197421E-13   1.3120454E-15      0
  5.652001868472854E+03   3.7208230E-13   1.2698119E-15      0
  5.656874995293042E+03   3.7206997E-13   1.2728184E-15     16
  5.661748173307150E+03   3.6765193E-13   1.3664095E-15     16
  5.666621402403312E+03   3.6876475E-13   1.3532378E-15      0
  5.671494682469647E+03   3.6613675E-13   1.2825534E-15      0
  5.676368013394258E+03   3.6582781E-13   1.3179136E-15      0
  5.681241395065243E+03   3.6585207E-13   1.3162556E-15     16
  5.686114827370685E+03   3.6536984E-13   1.2407093E-15      0
  5.690988310198653E+03   3.6772170E-13   1.2869348E-15     16
  5.695861843437211E+03   3.6814350E-13   1.1493192E-15      0
  5.700735426974407E+03   3.6533084E-13   1.3380664E-15      0
  5.705609060698273E+03   3.6081552E-13   1.2629871E-15      0
  5.710482744496840E+03   3.5727926E-13   1.2206850E-15      0
  5.715356478258118E+03   3.5986454E-13   1.2256395E-15      0
  5.720230261870110E+03   3.5168117E-13   1.4563466E-15      0
  5.725104095220805E+03   3.4913720E-13   1.1997321E-15     16
  5.729977978198184E+03   3.4217171E-13   1.2317601E-15      0
  5.734851910690214E+03   3.3874935E-13   1.2173746E-15      0
  5.739725892584850E+03   3.3518210E-13   1.0904913E-15      0
  5.744599923770037E+03   3.3038337E-13   1.1988810E-15      0
  5.749474004133707E+03   3.2633645E-13   1.1546324E-15     16
  5.754348133563783E+03   3.2032320E-13   1.1463270E-15      0
  5.759222311948176E+03   3.1209762E-13   1.1523282E-15     16
  5.764096539174783E+03   3.1483074E-13   1.0442341E-15      0
  5.768970815131493E+03   3.1292492E-13   1.1225912E-15      0
  5.773845139706183E+03   3.1105497E-13   1.1233506E-15     16
  5.778719512786716E+03   3.0705196E-13   1.1447522E-15    256
  5.783593934260948E+03   3.0462739E-13   1.3784207E-15      0
  5.788468404016722E+03   3.0330106E-13   1.2726902E-15      0
  5.793342921941868E+03   3.0360927E-13   1.1312384E-15     16
  5.798217487924207E+03   3.0522947E-13   1.0774184E-15      0
  5.803092101851548E+03   3.0265365E-13   1.1276465E-15      0
  5.807966763611690E+03   3.0792174E-13   1.1285581E-15      0
  5.812841473092420E+03   3.0884995E-13   1.3286149E-15      0
  5.817716230181513E+03   3.1396974E-13   1.1836406E-15      0
  5.822591034766735E+03   3.1480780E-13   1.1057683E-15      0
  5.827465886735840E+03   3.1692696E-13   1.1421989E-15     16
  5.832340785976570E+03   3.1985046E-13   1.1171021E-15      0
  5.837215732376659E+03   3.2139563E-13   1.1178771E-15      0
  5.842090725823826E+03   3.2429582E-13   1.1279200E-15      0
  5.846965766205783E+03   3.2520097E-13   1.1171133E-15      0
  5.851840853410226E+03   3.2421502E-13   1.1801770E-15      0
  5.856715987324848E+03   3.2631973E-13   1.1154835E-15      0
  5.861591167837327E+03   3.2841817E-13   1.0067582E-15     16
  5.866466394835324E+03   3.2766265E-13   1.0025831E-15      0
  5.871341668206499E+03   3.2620917E-13   1.2928949E-15      0
  5.876216987838498E+03   3.2739303E-13   1.2960187E-15     16
  5.881092353618956E+03   3.3066613E-13   1.0455288E-15     16
  5.885967765435495E+03   3.3182533E-13   1.1531719E-15      0
  5.890843223175729E+03   3.2943732E-13   1.2059884E-15      0
  5.895718726727261E+03   3.2856411E-13   1.1507050E-15      0
  5.900594275977681E+03   3.3140930E-13   1.1861051E-15     16
  5.905469870814572E+03   3.3271443E-13   1.1896463E-15     16
  5.910345511125507E+03   3.3433691E-13   1.1282107E-15      0
  5.915221196798043E+03   3.3528630E-13   1.1641888E-15      0
  5.920096927719730E+03   3.3668828E-13   1.1660494E-15      0
  5.924972703778110E+03   3.3387784E-13   1.2377431E-15      0
  5.929848524860708E+03   3.3450472E-13   1.1629478E-15     16
  5.934724390855046E+03   3.3073820E-13   1.1572344E-15      0
  5.939600301648630E+03   3.3326694E-13   1.1304242E-15      0
  5.944476257128958E+03   3.3644005E-13   1.0216300E-15     16
  5.949352257183516E+03   3.3298337E-13   1.1297219E-15     16
  5.954228301699782E+03   3.3302435E-13   1.1318623E-15     16
  5.959104390565223E+03   3.3050499E-13   1.1554503E-15      0
  5.963980523667294E+03   3.3307477E-13   1.0168683E-15      0
  5.968856700893441E+03   3.3189432E-13   1.0515874E-15      0
  5.973732922131102E+03   3.2953639E-13   1.1226264E-15      0
  5.978609187267700E+03   3.2636667E-13   1.1459354E-15      0
  5.983485496190652E+03   3.2616615E-13   1.2055264E-15     16
  5.988361848787362E+03   3.2668567E-13   1.1190249E-15     16
  5.993238244945223E+03   3.2570027E-13   1.1151701E-15      0
  5.998114684551625E+03   3.2348446E-13   1.1124295E-15      0
  6.002991167493939E+03   3.1854762E-13   1.0961566E-15      0
  6.007867693659529E+03   3.2043731E-13   1.1346831E-15     16
  6.012744262935755E+03   3.2022006E-13   1.1418634E-15      0
  6.017620875209956E+03   3.1843018E-13   1.0201780E-15      0
  6.022497530369470E+03   3.1581500E-13   1.0451554E-15      0
  6.027374228301620E+03   3.1032653E-13   9.7263724E-16      0
  6.032250968893723E+03   3.0449593E-13   1.1039604E-15      0
  6.037127752033080E+03   3.0310479E-13   1.0653939E-15     16
  6.042004577606990E+03   2.9861584E-13   1.0571983E-15      0
  6.046881445502738E+03   2.8882338E-13   1.0352896E-15     16
  6.051758355607597E+03   2.8133336E-13   1.0199364E-15      0
  6.056635307808834E+03   2.6971367E-13   8.9531499E-16      0
  6.061512301993705E+03   2.5632570E-13   9.6932799E-16      0
  6.066389338049455E+03   2.4363167E-13   9.4351466E-16      0
  6.071266415863322E+03   2.3120785E-13   9.1459007E-16     16
  6.076143535322528E+03   2.1649127E-13   7.9528898E-16      0
  6.081020696314297E+03   2.0325492E-13   7.7258484E-16      0
  6.085897898725832E+03   1.8784806E-13   8.1764974E-16     16
  6.090775142444330E+03   1.7629308E-13   7.9369068E-16      0
  6.095652427356982E+03   1.6265988E-13   8.0182754E-16     16
  6.100529753350966E+03   1.5316287E-13   7.7284292E-16      0
  6.105407120313448E+03   1.4521651E-13   7.5415891E-16     16
  6.110284528131589E+03   1.3672510E-13   6.2496494E-16      0
  6.115161976692541E+03   1.2813427E-13   6.7195849E-16     16
  6.120039465883441E+03   1.2133349E-13   6.5255842E-16     16
  6.124916995591423E+03   1.1736845E-13   5.7612735E-16      0
  6.129794565703608E+03   1.1442071E-13   5.6896495E-16      0
  6.134672176107105E+03   1.1211763E-13   5.6172430E-16     16
  6.139549826689021E+03   1.0980153E-13   6.3405742E-16     16
  6.144427517336448E+03   1.0995359E-13   6.1787718E-16     16
  6.149305247936468E+03   1.1055987E-13   5.5763556E-16     16
  6.154183018376160E+03   1.1397496E-13   5.7182480E-16     16
  6.159060828542587E+03   1.1492692E-13   5.6643772E-16      0
  6.163938678322805E+03   1.1925083E-13   5.7766768E-16      0
  6.168816567603863E+03   1.2412170E-13   5.9000625E-16      0
  6.173694496272798E+03   1.2993011E-13   6.0248898E-16     16
  6.178572464216639E+03   1.3562519E-13   6.1579856E-16      0
  6.183450471322406E+03   1.4149444E-13   6.2862301E-16      0
  6.188328517477108E+03   1.5037061E-13   6.4837381E-16     16
  6.193206602567749E+03   1.5786064E-13   6.6388627E-16     16
  6.198084726481318E+03   1.6764011E-13   6.8266059E-16      0
  6.202962889104802E+03   1.7829453E-13   7.3193075E-16      0
  6.207841090325175E+03   1.8628901E-13   8.0170986E-16      0
  6.212719330029401E+03   1.9556398E-13   7.8556033E-16      0
  6.217597608104435E+03   2.0436741E-13   7.5834860E-16      0
  6.222475924437228E+03   2.1442119E-13   7.7365904E-16     16
  6.227354278914716E+03   2.2094564E-13   7.8463394E-16      0
  6.232232671423832E+03   2.2858904E-13   8.9008393E-16      0
  6.237111101851492E+03   2.3473026E-13   9.0298731E-16      0
  6.241989570084612E+03   2.4002038E-13   9.1586052E-16     16
  6.246868076010095E+03   2.4880564E-13   9.3084241E-16      0
  6.251746619514834E+03   2.5198886E-13   9.3670060E-16      0
  6.256625200485716E+03   2.5891157E-13   1.0271144E-15     16
  6.261503818809617E+03   2.6499845E-13   9.5767811E-16   1040
  6.266382474373405E+03   2.6767897E-13   9.6413398E-16   1024
  6.271261167063941E+03   2.7708464E-13   9.8115447E-16   1024
  6.276139896768078E+03   2.7818516E-13   1.0110643E-15   1024
  6.281018663372653E+03   2.8362160E-13   8.9096505E-16   1024
  6.285897466764504E+03   2.8654433E-13   8.9274657E-16   1024
  6.290776306830456E+03   2.8963572E-13   1.0043064E-15   1040
  6.295655183457324E+03   2.9380881E-13   1.0100233E-15   1024
  6.300534096531916E+03   2.9396239E-13   9.1819547E-16   1024
  6.305413045941035E+03   2.9218631E-13   1.0393381E-15   1024
  6.310292031571470E+03   2.9426339E-13   1.0134655E-15   1024
  6.315171053310004E+03   2.9569674E-13   1.0177502E-15   1024
  6.320050111043412E+03   2.9125189E-13   1.0883102E-15   1040
  6.324929204658459E+03   2.9127251E-13   1.0372446E-15   1024
  6.329808334041903E+03   2.9338234E-13   9.0667836E-16   1040
  6.334687499080493E+03   2.9270664E-13   1.0105041E-15   1024
  6.339566699660972E+03   2.9335448E-13   1.0405235E-15   1040
  6.344445935670071E+03   2.9216042E-13   1.0362617E-15   1040
  6.349325206994514E+03   2.9171649E-13   9.9631202E-16   1040
  6.354204513521020E+03   2.8659957E-13   1.2070318E-15   1040
  6.359083855136293E+03   2.9058060E-13   9.8884680E-16   1024
  6.363963231727038E+03   2.8646375E-13   8.7810227E-16   1040
  6.368842643179943E+03   2.8585047E-13   8.7532168E-16   1024
  6.373722089381693E+03   2.8565716E-13   8.7516524E-16      0
  6.378601570218963E+03   2.8282574E-13   9.6415770E-16      0
  6.383481085578423E+03   2.7998055E-13   9.5930759E-16     16
  6.388360635346728E+03   2.8302439E-13   9.6836618E-16      0
  6.393240219410533E+03   2.7737797E-13   1.1013481E-15      0
  6.398119837656479E+03   2.7945544E-13   9.6367648E-16     16
  6.402999489971204E+03   2.7985082E-13   9.8682102E-16     16
  6.407879176241333E+03   2.7806772E-13   9.5658988E-16     16
  6.412758896353486E+03   2.8019075E-13   9.5888428E-16     16
  6.417638650194277E+03   2.7616432E-13   9.4839378E-16     16
  6.422518437650308E+03   2.7522686E-13   9.5124489E-16      0
  6.427398258608177E+03   2.7485460E-13   9.7431796E-16      0
  6.432278112954468E+03   2.6961476E-13   9.6579904E-16      0
  6.437158000575766E+03   2.6760839E-13   9.3079836E-16      0
  6.442037921358642E+03   2.6518192E-13   9.2794990E-16      0
  6.446917875189659E+03   2.6087831E-13   9.6245813E-16      0
  6.451797861955378E+03   2.6068790E-13   9.4729592E-16      0
  6.456677881542345E+03   2.5750474E-13   9.0930903E-16      0
  6.461557933837104E+03   2.5796086E-13   8.5186935E-16      0
  6.466438018726188E+03   2.5578359E-13   1.0487049E-15      0
  6.471318136096124E+03   2.5359803E-13   9.0560316E-16      0
  6.476198285833434E+03   2.4904124E-13   1.0340726E-15      0
  6.481078467824625E+03   2.5003225E-13   8.9706909E-16      0
  6.485958681956205E+03   2.4752520E-13   9.3700839E-16      0
  6.490838928114667E+03   2.4473910E-13   8.2953775E-16      0
  6.495719206186503E+03   2.4505414E-13   8.9105833E-16      0
  6.500599516058192E+03   2.4378508E-13   9.1779948E-16      0
  6.505479857616210E+03   2.4260693E-13   8.8616560E-16      0
  6.510360230747025E+03   2.3974288E-13   8.2308780E-16      0
  6.515240635337093E+03   2.3771406E-13   9.4766067E-16      0
  6.520121071272869E+03   2.3674140E-13   8.7658069E-16      0
  6.525001538440797E+03   2.3497507E-13   8.7280181E-16      0
  6.529882036727314E+03   2.3412538E-13   8.7216399E-16      0
  6.534762566018851E+03   2.3094197E-13   8.9516739E-16     16
  6.539643126201830E+03   2.3397828E-13   9.1733594E-16     16
  6.544523717162669E+03   2.3166045E-13   8.6914935E-16     16
  6.549404338787772E+03   2.2812768E-13   8.5986544E-16      0
  6.554284990963546E+03   2.2539436E-13   8.8458996E-16      0
  6.559165673576382E+03   2.2712268E-13   8.1975039E-16     16
  6.564046386512669E+03   2.2171323E-13   8.7786897E-16     16
  6.568927129658786E+03   2.2196076E-13   8.5372721E-16      0
  6.573807902901107E+03   2.2086651E-13   8.6219902E-16      0
  6.578688706125997E+03   2.1735572E-13   7.9726457E-16     16
  6.583569539219816E+03   2.1944970E-13   7.6325445E-16     16
  6.588450402068915E+03   2.1540221E-13   7.5683596E-16      0
  6.593331294559641E+03   2.1279441E-13   8.3535909E-16      0
  6.598212216578331E+03   2.1237158E-13   8.3584565E-16      0
  6.603093168011317E+03   2.1065404E-13   8.3076457E-16     16
  6.607974148744922E+03   2.0979075E-13   7.4888756E-16      0
  6.612855158665467E+03   2.0625377E-13   7.4139926E-16      0
  6.617736197659259E+03   2.0522951E-13   7.3913032E-16     16
  6.622617265612604E+03   2.0266529E-13   7.3547225E-16      0
  6.627498362411799E+03   2.0096832E-13   8.1118725E-16      0
  6.632379487943135E+03   2.0142164E-13   7.3258943E-16      0
  6.637260642092895E+03   1.9718217E-13   8.0509105E-16     16
  6.642141824747358E+03   1.9844934E-13   8.0834281E-16      0
  6.647023035792792E+03   1.9487036E-13   7.9881544E-16      0
  6.651904275115463E+03   1.9658902E-13   7.2428549E-16      0
  6.656785542601627E+03   1.9347643E-13   7.1722843E-16     16
  6.661666838137534E+03   1.9392182E-13   7.1705188E-16      0
  6.666548161609430E+03   1.9218084E-13   7.1362208E-16     16
  6.671429512903553E+03   1.8701861E-13   8.1250529E-16      0
  6.676310891906132E+03   1.8719575E-13   7.8195382E-16      0
  6.681192298503393E+03   1.8357107E-13   7.7223025E-16     16
  6.686073732581555E+03   1.8424085E-13   7.7476537E-16      0
  6.690955194026827E+03   1.8254368E-13   7.7378868E-16      0
  6.695836682725418E+03   1.8149521E-13   7.6851024E-16      0
  6.700718198563522E+03   1.8167966E-13   7.6810901E-16      0
  6.705599741427339E+03   1.7851017E-13   6.8495685E-16      0
  6.710481311203050E+03   1.7737241E-13   7.6866969E-16     16
  6.715362907776835E+03   1.7540590E-13   7.9190852E-16      0
  6.720244531034871E+03   1.7145381E-13   7.4365062E-16      0
  6.725126180863323E+03   1.7093521E-13   7.4440908E-16      0
  6.730007857148354E+03   1.6881855E-13   6.6587362E-16      0
  6.734889559776118E+03   1.7007458E-13   6.6668349E-16      0
  6.739771288632765E+03   1.6810083E-13   6.6423868E-16      0
  6.744653043604439E+03   1.6696119E-13   6.6187578E-16      0
  6.749534824577273E+03   1.6559876E-13   7.3065671E-16      0
  6.754416631437401E+03   1.6298388E-13   7.2434912E-16     16
  6.759298464070947E+03   1.6142706E-13   7.1946941E-16      0
  6.764180322364029E+03   1.6188208E-13   6.5264916E-16      0
  6.769062206202761E+03   1.6039447E-13   6.4875566E-16      0
  6.773944115473249E+03   1.5685799E-13   6.4196754E-16      0
  6.778826050061594E+03   1.5600216E-13   7.0786019E-16      0
  6.783708009853890E+03   1.5475165E-13   7.0053717E-16      0
  6.788589994736227E+03   1.5701522E-13   7.3172656E-16      0
  6.793472004594687E+03   1.5454734E-13   6.3456945E-16      0
  6.798354039315350E+03   1.5378509E-13   7.0420964E-16      0
  6.803236098784283E+03   1.5295568E-13   6.3956631E-16      0
  6.808118182887556E+03   1.5213931E-13   6.3082350E-16     16
  6.813000291511225E+03   1.5209925E-13   6.3159917E-16     16
  6.817882424541348E+03   1.5024028E-13   7.1168661E-16      0
  6.822764581863972E+03   1.4986824E-13   6.9168864E-16      0
  6.827646763365138E+03   1.4969430E-13   7.2631556E-16      0
  6.832528968930886E+03   1.4990018E-13   7.2951083E-16     16
  6.837411198447246E+03   1.4811751E-13   7.5103293E-16     16
  6.842293451800244E+03   1.4773240E-13   6.8661999E-16     16
  6.847175728875899E+03   1.4566855E-13   6.8102836E-16      0
  6.852058029560229E+03   1.4714517E-13   6.1969296E-16      0
  6.856940353739241E+03   1.4690130E-13   6.1616512E-16      0
  6.861822701298939E+03   1.4711236E-13   6.1717843E-16     16
  6.866705072125321E+03   1.4560765E-13   6.1477180E-16      0
  6.871587466104382E+03   1.4506064E-13   6.3773148E-16     16
  6.876469883122109E+03   1.4608079E-13   6.8454805E-16      0
  6.881352323064481E+03   1.4443442E-13   6.8121185E-16      0
  6.886234785817476E+03   1.4244655E-13   6.1415521E-16     16
  6.891117271267069E+03   1.4031885E-13   6.6974101E-16      0
  6.895999779299221E+03   1.4099031E-13   6.7218724E-16      0
  6.900882309799895E+03   1.4035622E-13   6.0376958E-16      0
  6.905764862655047E+03   1.4022228E-13   6.0447389E-16      0
  6.910647437750627E+03   1.4042303E-13   6.0417759E-16      0
  6.915530034972580E+03   1.4099816E-13   6.0781554E-16      0
  6.920412654206846E+03   1.3893804E-13   6.0205699E-16     16
  6.925295295339360E+03   1.3887043E-13   6.0170330E-16      0
  6.930177958256050E+03   1.3945607E-13   6.0437003E-16      0
  6.935060642842843E+03   1.3867198E-13   6.0182787E-16      0
  6.939943348985657E+03   1.3851356E-13   6.2896733E-16      0
  6.944826076570407E+03   1.3912057E-13   6.0998998E-16      0
  6.949708825483002E+03   1.3840888E-13   6.6435023E-16     16
  6.954591595609348E+03   1.2988353E-13   6.9593593E-16     16
  6.959474386835343E+03   1.3768416E-13   5.9819600E-16     16
  6.964357199046880E+03   1.3828102E-13   6.6627908E-16      0
  6.969240032129851E+03   1.3686570E-13   6.6765456E-16     16
  6.974122885970140E+03   1.3564178E-13   6.5591420E-16      0
  6.979005760453628E+03   1.3626833E-13   6.7903333E-16      0
  6.983888655466189E+03   1.3470076E-13   6.5516267E-16      0
  6.988771570893692E+03   1.3394644E-13   6.8746438E-16      0
  6.993654506622004E+03   1.3434790E-13   6.2889327E-16      0
  6.998537462536988E+03   1.3627469E-13   6.0245854E-16      0
  7.003420438524496E+03   1.3371789E-13   5.8997894E-16      0
  7.008303434470380E+03   1.3421329E-13   5.9128183E-16     16
  7.013186450260489E+03   1.3146710E-13   5.8531152E-16      0
  7.018069485780662E+03   1.3147072E-13   5.8456163E-16      0
  7.022952540916738E+03   1.3176060E-13   5.8650848E-16      0
  7.027835615554550E+03   1.3152466E-13   6.4462368E-16      0
  7.032718709579926E+03   1.3142790E-13   6.4430244E-16      0
  7.037601822878690E+03   1.3165757E-13   6.4410799E-16      0
  7.042484955336660E+03   1.3408792E-13   5.8905488E-16      0
  7.047368106839653E+03   1.3389741E-13   6.1401514E-16      0
  7.052251277273476E+03   1.3226353E-13   5.8542338E-16     16
  7.057134466523937E+03   1.3214744E-13   5.8597919E-16      0
  7.062017674476838E+03   1.3301349E-13   5.8844649E-16      0
  7.066900901017973E+03   1.3037137E-13   6.4288080E-16      0
  7.071784146033138E+03   1.3303697E-13   5.8796030E-16     16
  7.076667409408118E+03   1.3265303E-13   5.8789566E-16      0
  7.081550691028701E+03   1.3487723E-13   5.9329009E-16      0
  7.086433990780664E+03   1.3065733E-13   5.8275671E-16     16
  7.091317308549784E+03   1.3243482E-13   5.8753255E-16      0
  7.096200644221830E+03   1.3029446E-13   5.8371772E-16     16
  7.101083997682573E+03   1.3001458E-13   6.4186780E-16      0
  7.105967368817771E+03   1.3086107E-13   5.8454501E-16      0
  7.110850757513188E+03   1.3068537E-13   5.8378024E-16      0
  7.115734163654574E+03   1.3092220E-13   6.4559427E-16      0
  7.120617587127683E+03   1.3232922E-13   6.5005798E-16      0
  7.125501027818259E+03   1.3180505E-13   5.8936012E-16      0
  7.130384485612048E+03   1.2966188E-13   6.4257587E-16      0
  7.135267960394784E+03   1.2728700E-13   6.3565423E-16      0
  7.140151452052206E+03   1.2791759E-13   6.4094803E-16      0
  7.145034960470041E+03   1.2656908E-13   6.3605313E-16      0
  7.149918485534018E+03   1.2765995E-13   6.1707631E-16      0
  7.154802027129859E+03   1.2727577E-13   6.1720332E-16     16
  7.159685585143283E+03   1.2844726E-13   5.8414145E-16     16
  7.164569159460005E+03   1.2696082E-13   6.3948626E-16      0
  7.169452749965736E+03   1.2898126E-13   5.8743339E-16     16
  7.174336356546183E+03   1.2731857E-13   5.8289504E-16     16
  7.179219979087050E+03   1.2713017E-13   5.8330156E-16      0
  7.184103617474039E+03   1.2491881E-13   6.3628114E-16      0
  7.188987271592843E+03   1.2297025E-13   6.3254721E-16      0
  7.193870941329157E+03   1.2315064E-13   5.7407727E-16      0
  7.198754626568668E+03   1.2464720E-13   5.7935100E-16      0
  7.203638327197063E+03   1.2445072E-13   5.7945979E-16     16
  7.208522043100023E+03   1.2453442E-13   6.4064151E-16     16
  7.213405774163224E+03   1.2553551E-13   6.2037148E-16      0
  7.218289520272345E+03   1.2437448E-13   5.8145313E-16      0
  7.223173281313052E+03   1.2300978E-13   5.8032917E-16      0
  7.228057057171016E+03   1.1984288E-13   5.7363835E-16      0
  7.232940847731900E+03   1.1975708E-13   5.7331626E-16      0
  7.237824652881365E+03   1.2063943E-13   5.7548641E-16     16
  7.242708472505067E+03   1.2191249E-13   6.1300161E-16      0
  7.247592306488662E+03   1.2131440E-13   5.7903209E-16      0
  7.252476154717798E+03   1.1934416E-13   6.3837909E-16     16
  7.257360017078122E+03   1.1870686E-13   6.3055203E-16      0
  7.262243893455279E+03   1.1865523E-13   5.7457379E-16      0
  7.267127783734910E+03   1.1866933E-13   5.7576472E-16      0
  7.272011687802652E+03   1.1642401E-13   5.7102186E-16      0
  7.276895605544138E+03   1.1438660E-13   6.2430939E-16      0
  7.281779536845001E+03   1.1634187E-13   6.3586223E-16      0
  7.286663481590864E+03   1.1445597E-13   5.6713282E-16      0
  7.291547439667354E+03   1.1561467E-13   5.7323008E-16      0
  7.296431410960095E+03   1.1411481E-13   6.2714626E-16      0
  7.301315395354702E+03   1.1498859E-13   6.7980959E-16     16
  7.306199392736791E+03   1.1378124E-13   6.2665001E-16      0
  7.311083402991974E+03   1.1364674E-13   5.7026816E-16     16
  7.315967426005861E+03   1.1145030E-13   5.6588884E-16      0
  7.320851461664058E+03   1.0929439E-13   5.6172292E-16     16
  7.325735509852168E+03   1.0707169E-13   6.1247910E-16     16
  7.330619570455789E+03   1.0651634E-13   6.1086984E-16      0
  7.335503643360521E+03   1.0690401E-13   5.5790900E-16     16
  7.340387728451957E+03   1.0405211E-13   5.8447841E-16      0
  7.345271825615690E+03   1.0701757E-13   5.6198439E-16     16
  7.350155934737309E+03   1.0564599E-13   5.5626692E-16     16
  7.355040055702397E+03   1.0428630E-13   5.5304782E-16      0
  7.359924188396541E+03   1.0366602E-13   5.5183979E-16      0
  7.364808332705318E+03   1.0059120E-13   5.7751379E-16     16
  7.369692488514308E+03   1.0105134E-13   5.5307366E-16      0
  7.374576655709085E+03   9.8835965E-14   6.2529476E-16      0
  7.379460834175222E+03   9.9934228E-14   5.4454388E-16      0
  7.384345023798288E+03   1.0081934E-13   5.4840190E-16      0
  7.389229224463849E+03   1.0058469E-13   5.4576069E-16      0
  7.394113436057472E+03   1.0186525E-13   5.5133920E-16      0
  7.398997658464718E+03   9.9927411E-14   5.8167288E-16      0
  7.403881891571146E+03   9.8032246E-14   5.9436556E-16      0
  7.408766135262314E+03   9.7109549E-14   5.9219975E-16      0
  7.413650389423775E+03   9.6995389E-14   5.3994904E-16      0
  7.418534653941081E+03   9.7450815E-14   5.9508559E-16      0
  7.423418928699781E+03   9.8190804E-14   5.4478549E-16      0
  7.428303213585426E+03   9.6694489E-14   5.3948349E-16      0
  7.433187508483556E+03   9.5330360E-14   5.3677373E-16      0
  7.438071813279715E+03   9.3490347E-14   5.3021218E-16      0
  7.442956127859443E+03   9.3410570E-14   5.6575443E-16      0
  7.447840452108279E+03   9.2215711E-14   5.6040690E-16     16
  7.452724785911758E+03   9.0883186E-14   5.5643336E-16      0
  7.457609129155413E+03   8.8230394E-14   5.1612947E-16      0
  7.462493481724773E+03   8.6594536E-14   5.1309169E-16      0
  7.467377843505372E+03   8.3407504E-14   5.5151152E-16     16
  7.472262214382732E+03   8.2032193E-14   5.4732050E-16      0
  7.477146594242379E+03   8.1142714E-14   4.9526361E-16      0
  7.482030982969836E+03   8.0238726E-14   4.9258534E-16     16
  7.486915380450624E+03   8.0948513E-14   4.9625315E-16      0
  7.491799786570260E+03   8.1215308E-14   4.9740093E-16     16
  7.496684201214262E+03   7.9619667E-14   4.9121648E-16      0
  7.501568624268141E+03   7.9148710E-14   4.9007352E-16      0
  7.506453055617412E+03   7.7515475E-14   4.8498184E-16     16
  7.511337495147586E+03   7.6970507E-14   4.8508497E-16      0
  7.516221942744171E+03   7.6597393E-14   4.8407790E-16      0
  7.521106398292672E+03   7.7058829E-14   4.8542447E-16      0
  7.525990861678595E+03   7.8095902E-14   4.8832355E-16      0
  7.530875332787443E+03   7.9689476E-14   4.9259392E-16      0
  7.535759811504716E+03   8.2067294E-14   5.1800263E-16     16
  7.540644297715915E+03   8.1607809E-14   5.5002227E-16      0
  7.545528791306537E+03   8.2511106E-14   5.0407095E-16      0
  7.550413292162078E+03   8.1869739E-14   5.4921616E-16      0
  7.555297800168030E+03   8.1735969E-14   5.5054087E-16      0
  7.560182315209889E+03   8.2918339E-14   5.5655295E-16      0
  7.565066837173143E+03   8.4531117E-14   5.1121948E-16      0
  7.569951365943281E+03   8.2327422E-14   5.0307711E-16      0
  7.574835901405794E+03   8.6746785E-14   5.6614353E-16      0
  7.579720443446165E+03   8.9229026E-14   5.7532659E-16      0
  7.584604991949878E+03   8.9175859E-14   5.2530718E-16     16
  7.589489546802419E+03   8.9148646E-14   5.3299156E-16     16
  7.594374107889265E+03   8.9249239E-14   5.2756547E-16      0
  7.599258675095901E+03   8.7584230E-14   5.2386388E-16      0
  7.604143248307802E+03   8.6630864E-14   5.2067687E-16      0
  7.609027827410448E+03   8.7139273E-14   5.5599386E-16     16
  7.613912412289312E+03   8.7315436E-14   5.5700288E-16      0
  7.618797002829869E+03   8.9135737E-14   5.6407164E-16      0
  7.623681598917592E+03   9.1945677E-14   5.3776629E-16     16
  7.628566200437955E+03   9.3610971E-14   5.4249962E-16     16
  7.633450807276427E+03   9.4691074E-14   5.4844658E-16     16
  7.638335419318477E+03   9.4510737E-14   5.4637379E-16      0
  7.643220036449573E+03   9.6778624E-14   5.5376473E-16      0
  7.648104658555182E+03   9.4409981E-14   5.8393356E-16      0
  7.652989285520770E+03   9.0907140E-14   5.3976836E-16     16
  7.657873917231801E+03   9.0254356E-14   5.3703117E-16     16
  7.662758553573740E+03   8.9507679E-14   5.3599673E-16      0
  7.667643194432046E+03   9.0681131E-14   5.4046451E-16     16
  7.672527839692185E+03   8.9468621E-14   5.8820541E-16      0
  7.677412489239614E+03   9.2051556E-14   5.9753389E-16      0
  7.682297142959793E+03   9.2872175E-14   5.9883440E-16      0
  7.687181800738179E+03   9.3697287E-14   6.5512842E-16     16
  7.692066462460232E+03   9.5174323E-14   6.1252986E-16      0
  7.696951128011407E+03   9.5546075E-14   5.6006978E-16      0
  7.701835797277159E+03   9.4569135E-14   5.5964610E-16      0
  7.706720470142944E+03   9.1852341E-14   5.5161020E-16      0
  7.711605146494214E+03   8.9971169E-14   5.8207315E-16      0
  7.716489826216423E+03   9.1849454E-14   5.5476793E-16      0
  7.721374509195023E+03   9.2722820E-14   5.5867514E-16      0
  7.726259195315467E+03   9.3298070E-14   5.6303789E-16     16
  7.731143884463203E+03   9.7892675E-14   5.7753200E-16      0
  7.736028576523683E+03   9.8244783E-14   6.2998806E-16     16
  7.740913271382354E+03   1.0117889E-13   6.5184236E-16     16
  7.745797968924669E+03   1.0326667E-13   5.9736316E-16     16
  7.750682669036070E+03   9.9892513E-14   6.3923200E-16     16
  7.755567371602010E+03   9.9983810E-14   5.8890379E-16      0
  7.760452076507931E+03   9.8736184E-14   6.2469940E-16      0
  7.765336783639284E+03   9.4515880E-14   6.2248070E-16     16
  7.770221492881511E+03   9.8499998E-14   5.8514836E-16      0
  7.775106204120059E+03   9.8221974E-14   5.8631975E-16      0
  7.779990917240373E+03   1.0035403E-13   6.3379923E-16      0
  7.784875632127896E+03   1.0357909E-13   6.6221825E-16      0
  7.789760348668073E+03   1.0792977E-13   6.1980916E-16      0
  7.794645066746349E+03   1.0927907E-13   6.2381388E-16      0
  7.799529786248163E+03   1.1045719E-13   6.2803268E-16      0
  7.804414507058960E+03   1.0791758E-13   6.2493334E-16      0
  7.809299229064184E+03   1.0343901E-13   6.1046882E-16      0
  7.814183952149277E+03   1.0242186E-13   6.0911976E-16      0
  7.819068676199679E+03   1.0155258E-13   6.6596001E-16      0
  7.823953401100835E+03   1.0193104E-13   6.0995684E-16      0
  7.828838126738182E+03   1.0369018E-13   6.1781127E-16      0
  7.833722852997165E+03   1.0678073E-13   6.2669294E-16     16
  7.838607579763225E+03   1.0926087E-13   6.3629565E-16      0
  7.843492306921801E+03   1.1221558E-13   7.0449551E-16     16
  7.848377034358336E+03   1.1208319E-13   6.4601207E-16      0
  7.853261761958271E+03   1.1406859E-13   6.6505109E-16      0
  7.858146489607046E+03   1.1136159E-13   6.4969963E-16     16
  7.863031217190103E+03   1.1078545E-13   6.4831139E-16      0
  7.867915944592881E+03   1.0573033E-13   6.3377012E-16      0
  7.872800671700822E+03   1.0330940E-13   6.4187246E-16      0
  7.877685398399369E+03   1.0087513E-13   6.2300406E-16      0
  7.882570124573961E+03   1.0151870E-13   6.2734172E-16     16
  7.887454850110040E+03   1.0214355E-13   6.2928672E-16      0
  7.892339574893047E+03   1.0681331E-13   6.4777681E-16     16
  7.897224298808424E+03   1.0864085E-13   6.6957293E-16     16
  7.902109021741612E+03   1.0909029E-13   7.1357359E-16      0
  7.906993743578054E+03   1.0896028E-13   7.5440079E-16      0
  7.911878464203193E+03   1.0939036E-13   7.0205585E-16      0
  7.916763183502470E+03   1.0821134E-13   7.0014171E-16      0
  7.921647901361329E+03   1.0925729E-13   6.9402904E-16     16
  7.926532617665212E+03   1.0750677E-13   6.5696871E-16      0
  7.931417332299565E+03   1.0477624E-13   7.2908192E-16      0
  7.936302045149830E+03   1.0515684E-13   6.5345161E-16      0
  7.941186756101451E+03   1.0295943E-13   6.8951452E-16      0
  7.946071465039872E+03   1.0162312E-13   6.8768890E-16      0
  7.950956171850543E+03   1.0000379E-13   6.8388863E-16    256
  7.955840876418904E+03   9.8856090E-14   6.3746080E-16      0
  7.960725578630407E+03   1.0003829E-13   6.4336446E-16     16
  7.965610278370496E+03   9.8186243E-14   6.7651087E-16      0
  7.970494975524616E+03   1.0087282E-13   6.6965440E-16      0
  7.975379669978220E+03   1.0500171E-13   6.6420681E-16     16
  7.980264361616754E+03   1.0480833E-13   7.1154420E-16      0
  7.985149050325667E+03   1.0399534E-13   7.2074806E-16      0
  7.990033735990412E+03   1.0269043E-13   6.5983904E-16      0
  7.994918418496435E+03   9.9206586E-14   6.6164412E-16      0
  7.999803097729192E+03   9.6779857E-14   6.4154487E-16      0
  8.004687773574132E+03   9.4546217E-14   6.3850635E-16      0
  8.009572445916711E+03   9.3048067E-14   6.8057250E-16      0
  8.014457114642381E+03   9.0331781E-14   7.2558632E-16      0
  8.019341779636597E+03   8.8965056E-14   6.7949152E-16      0
  8.024226440784816E+03   8.9996112E-14   6.7377755E-16      0
  8.029111097972492E+03   9.2127193E-14   6.3659730E-16      0
  8.033995751085085E+03   9.2656223E-14   6.3895015E-16      0
  8.038880400008052E+03   9.3354042E-14   6.4364721E-16      0
  8.043765044626854E+03   9.2489059E-14   6.4174864E-16     16
  8.048649684826948E+03   9.2725794E-14   6.4390725E-16     16
  8.053534320493799E+03   8.9323859E-14   6.3240073E-16     16
  8.058418951512867E+03   8.7467610E-14   6.2796445E-16      0
  8.063303577769618E+03   8.5114065E-14   6.2013622E-16      0
  8.068188199149516E+03   8.5201350E-14   6.7806094E-16     16
  8.073072815538026E+03   8.6496484E-14   6.2629833E-16     16
  8.077957426820613E+03   8.9809846E-14   6.3978304E-16      0
  8.082842032882751E+03   8.9499148E-14   6.3777515E-16      0
  8.087726633609903E+03   9.3338931E-14   6.5446991E-16      0
  8.092611228887544E+03   9.2218279E-14   7.7289575E-16      0
  8.097495818601145E+03   9.0035442E-14   7.0177786E-16      0
  8.102380402636180E+03   9.0013609E-14   7.0408047E-16      0
  8.107264980878122E+03   8.7993340E-14   6.9617971E-16      0
  8.112149553212447E+03   8.7849649E-14   6.4224378E-16      0
  8.117034119524634E+03   8.6863764E-14   6.3931204E-16     16
  8.121918679700159E+03   8.8491050E-14   6.4510193E-16      0
  8.126803233624506E+03   8.7965083E-14   6.4597443E-16      0
  8.131687781183154E+03   8.7449985E-14   6.4723587E-16     16
  8.136572322261587E+03   8.8627876E-14   6.5189530E-16      0
  8.141456856745290E+03   8.7621161E-14   6.4812743E-16     16
  8.146341384519748E+03   8.9471494E-14   6.5700386E-16      0
  8.151225905470450E+03   8.7610996E-14   6.9877799E-16     16
  8.156110419482884E+03   8.8317374E-14   6.5392389E-16      0
  8.160994926442544E+03   8.3622277E-14   6.3728207E-16      0
  8.165879426234919E+03   8.1653339E-14   6.3197478E-16     16
  8.170763918745506E+03   7.6256384E-14   6.2536935E-16     16
  8.175648403859800E+03   7.4890906E-14   6.0922448E-16      0
  8.180532881463299E+03   7.2117334E-14   6.4226813E-16     16
  8.185417351441503E+03   7.0724961E-14   6.3810369E-16      0
  8.190301813679914E+03   7.2000464E-14   6.4393652E-16     16
  8.195186268064033E+03   7.0608687E-14   6.4392980E-16     16
  8.200070714479365E+03   8.0826086E-14   6.8544987E-16     16
  8.204955152811421E+03   6.3945316E-14   5.6712233E-16      0
  8.209839582945704E+03   6.1894134E-14   5.7655405E-16      0
  8.214724004767728E+03   6.1473802E-14   5.5975151E-16      0
  8.219608418163007E+03   5.9909726E-14   5.5649186E-16     16
  8.224492823017052E+03   6.0213702E-14   5.5678064E-16     16
  8.229377219215385E+03   5.9239777E-14   5.6689131E-16     16
  8.234261606643518E+03   5.9439812E-14   5.5176557E-16      0
  8.239145985186973E+03   6.1912992E-14   5.6663995E-16     16
  8.244030354731278E+03   6.0791589E-14   5.6134292E-16      0
  8.248914715161955E+03   5.8912666E-14   5.5252706E-16      0
  8.253799066364529E+03   5.7215049E-14   5.4710123E-16     16
  8.258683408224531E+03   5.6935745E-14   5.4504288E-16      0
  8.263567740627492E+03   5.7075113E-14   5.4598955E-16     16
  8.268452063458946E+03   5.7584552E-14   5.5053531E-16      0
  8.273336376604429E+03   5.8473049E-14   5.5458138E-16      0
  8.278220679949478E+03   6.0463150E-14   5.6392023E-16      0
  8.283104973379637E+03   6.0336000E-14   5.6369624E-16      0
  8.287989256780442E+03   6.0780665E-14   5.6735077E-16      0
  8.292873530037446E+03   6.0831914E-14   5.6861343E-16      0
  8.297757793036191E+03   6.1789305E-14   5.7208521E-16      0
  8.302642045662227E+03   5.9360611E-14   5.6454296E-16     16
  8.307526287801109E+03   5.9589019E-14   5.6490459E-16     16
  8.312410519338393E+03   5.7593192E-14   5.5585822E-16      0
  8.317294740159630E+03   5.9493920E-14   5.6498633E-16      0
  8.322178950150386E+03   6.0010929E-14   5.6742997E-16      0
  8.327063149196219E+03   6.0943282E-14   6.2128538E-16      0
  8.331947337182699E+03   6.2179510E-14   5.7825870E-16      0
  8.336831513995388E+03   6.2667584E-14   5.7995430E-16      0
  8.341715679519857E+03   6.4884621E-14   5.9125499E-16      0
  8.346599833641683E+03   6.5899089E-14   5.9830013E-16     16
  8.351483976246438E+03   6.7099253E-14   6.0042640E-16      0
  8.356368107219700E+03   6.6226003E-14   6.5007021E-16      0
  8.361252226447048E+03   6.5175411E-14   6.4570206E-16     16
  8.366136333814073E+03   6.6716028E-14   6.0399251E-16     16
  8.371020429206354E+03   6.3556866E-14   5.8783324E-16      0
  8.375904512509482E+03   6.7484009E-14   6.0451836E-16      0
  8.380788583609048E+03   6.5858472E-14   6.4756696E-16      0
  8.385672642390651E+03   6.7785363E-14   6.0934142E-16     16
  8.390556688739885E+03   6.7943250E-14   6.1508404E-16     16
  8.395440722542351E+03   7.0594951E-14   6.2332990E-16      0
  8.400324743683655E+03   7.1596043E-14   6.2514557E-16      0
  8.405208752049402E+03   7.2311413E-14   6.2858008E-16     16
  8.410092747525203E+03   7.4383967E-14   6.9320753E-16     16
  8.414976729996666E+03   7.8429003E-14   7.7261962E-16      0
  8.419860699349410E+03   8.1469723E-14   6.6681779E-16     16
  8.424744655469056E+03   8.4729905E-14   6.7848673E-16      0
  8.429628598241221E+03   8.7035373E-14   6.8917782E-16     16
  8.434512527551531E+03   9.1219336E-14   7.0550629E-16      0
  8.439396443285617E+03   9.1380347E-14   7.0571349E-16     16
  8.444280345329109E+03   9.2390762E-14   7.1689571E-16     16
  8.449164233567641E+03   8.9471535E-14   6.9822530E-16      0
  8.454048107886851E+03   9.2162694E-14   7.0937156E-16      0
  8.458931968172377E+03   8.9445107E-14   7.0123872E-16     16
  8.463815814309870E+03   8.8022817E-14   6.9536355E-16      0
  8.468699646184969E+03   8.6344092E-14   6.8655874E-16      0
  8.473583463683332E+03   8.8832092E-14   6.9819438E-16      0
  8.478467266690610E+03   9.0805883E-14   7.6995200E-16      0
  8.483351055092462E+03   9.3060603E-14   7.1653370E-16      0
  8.488234828774548E+03   9.7602915E-14   7.3509940E-16     16
  8.493118587622534E+03   9.9163902E-14   7.3976570E-16      0
  8.498002331522086E+03   9.9792319E-14   7.4172457E-16      0
  8.502886060358875E+03   1.0327418E-13   7.5728928E-16     16
  8.507769774018579E+03   1.0682444E-13   7.6909766E-16      0
  8.512653472386875E+03   1.0566296E-13   7.8281679E-16      0
  8.517537155349446E+03   1.0568318E-13   7.6223214E-16      0
  8.522420822791977E+03   1.0574936E-13   7.6338617E-16      0
  8.527304474600156E+03   1.0348002E-13   7.5574948E-16     16
  8.532188110659681E+03   9.6053435E-14   8.0839130E-16      0
  8.537071730856243E+03   9.6662079E-14   7.8476634E-16      0
  8.541955335075545E+03   9.4433291E-14   7.2538509E-16     16
  8.546838923203291E+03   9.1790318E-14   7.7741404E-16      0
  8.551722495125190E+03   9.4963805E-14   7.2482706E-16     16
  8.556606050726952E+03   9.7013408E-14   8.6019404E-16     16
  8.561489589894296E+03   9.7309666E-14   8.4986368E-16     16
  8.566373112512936E+03   1.0248042E-13   7.5523734E-16   1040
  8.571256618468600E+03   1.0234869E-13   7.5020745E-16   1024
  8.576140107647012E+03   1.0511695E-13   7.6195839E-16   1024
  8.581023579933906E+03   1.0823416E-13   7.7163770E-16   1024
  8.585907035215017E+03   1.0713607E-13   7.6852284E-16   1024
  8.590790473376082E+03   1.0826524E-13   7.7396524E-16   1040
  8.595673894302847E+03   1.0751723E-13   7.7223983E-16   1024
  8.600557297881054E+03   1.0620969E-13   7.6981160E-16   1040
  8.605440683996459E+03   1.0083652E-13   7.5317333E-16   1040
  8.610324052534817E+03   9.6648729E-14   8.0198361E-16   1024
  8.615207403381884E+03   9.1514998E-14   7.1734045E-16   1024
  8.620090736423428E+03   9.2636178E-14   8.0593893E-16   1024
  8.624974051545214E+03   9.2799283E-14   7.2261027E-16   1024
  8.629857348633015E+03   9.4136335E-14   7.2958675E-16   1040
  8.634740627572606E+03   9.5115925E-14   7.3300834E-16   1024
  8.639623888249767E+03   9.6262604E-14   8.0447261E-16   1024
  8.644507130550286E+03   1.0061793E-13   7.7537269E-16   1024
  8.649390354359948E+03   1.0451237E-13   7.6829059E-16   1024
  8.654273559564550E+03   1.0437332E-13   7.6406210E-16   1024
  8.659156746049886E+03   1.0565165E-13   7.7700947E-16   1040
  8.664039913701761E+03   1.0713227E-13   7.7279432E-16   1040
  8.668923062405978E+03   1.0328584E-13   7.5928679E-16   1024
  8.673806192048352E+03   9.7214364E-14   7.3542582E-16   1024
  8.678689302514695E+03   9.2558956E-14   7.7904087E-16      0
  8.683572393690829E+03   9.5016592E-14   7.2832594E-16      0
  8.688455465462577E+03   9.3774523E-14   7.9183716E-16      0
  8.693338517715769E+03   9.6406966E-14   8.0053735E-16     16
  8.698221550336240E+03   9.8325807E-14   8.0434614E-16      0
  8.703104563209825E+03   1.0344107E-13   7.5929378E-16      0
  8.707987556222368E+03   1.0613252E-13   7.6899834E-16      0
  8.712870529259715E+03   1.0604787E-13   7.6818906E-16      0
  8.717753482207718E+03   1.0364411E-13   7.8385011E-16      0
  8.722636414952236E+03   9.8114848E-14   7.3993664E-16      0
  8.727519327379130E+03   9.2932288E-14   7.2262647E-16      0
  8.732402219374264E+03   9.2556022E-14   7.2195943E-16      0
  8.737285090823510E+03   9.2464536E-14   7.1968874E-16     16
  8.742167941612746E+03   9.1346798E-14   7.1443820E-16      0
  8.747050771627848E+03   9.1064797E-14   7.6755055E-16     16
  8.751933580754705E+03   9.1760251E-14   7.1606741E-16      0
  8.756816368879208E+03   9.2729427E-14   7.2215837E-16      0
  8.761699135887251E+03   9.3462408E-14   7.8831726E-16     16
  8.766581881664733E+03   9.4263342E-14   7.9477345E-16      0
  8.771464606097559E+03   9.5935582E-14   7.3269081E-16      0
  8.776347309071643E+03   9.9393706E-14   7.4940726E-16     16
  8.781229990472897E+03   9.9916406E-14   7.4867744E-16      0
  8.786112650187242E+03   1.0017668E-13   7.4855367E-16      0
  8.790995288100603E+03   9.4125710E-14   7.2602111E-16      0
  8.795877904098908E+03   9.1399165E-14   7.1805789E-16      0
  8.800760498068095E+03   8.8513520E-14   7.0637937E-16     16
  8.805643069894108E+03   8.5475890E-14   6.9442678E-16      0
  8.810525619462889E+03   8.5799640E-14   7.0650473E-16     16
  8.815408146660388E+03   8.2364183E-14   6.8220542E-16      0
  8.820290651372563E+03   8.2590286E-14   6.8383818E-16      0
  8.825173133485378E+03   8.3900524E-14   7.7056101E-16     16
  8.830055592884795E+03   8.0911684E-14   6.7785432E-16     16
  8.834938029456789E+03   7.9539673E-14   6.7031996E-16      0
  8.839820443087337E+03   7.8756243E-14   6.6662028E-16      0
  8.844702833662424E+03   7.6520279E-14   6.5975751E-16      0
  8.849585201068032E+03   7.4843506E-14   6.5224120E-16      0
  8.854467545190162E+03   7.7749818E-14   6.6465415E-16      0
  8.859349865914810E+03   8.0246675E-14   6.7673517E-16      0
  8.864232163127981E+03   7.8534401E-14   6.6854394E-16      0
  8.869114436715683E+03   7.2778623E-14   7.1244460E-16      0
  8.873996686563934E+03   7.2114535E-14   6.5513848E-16      0
  8.878878912558755E+03   7.1911457E-14   6.4143439E-16      0
  8.883761114586172E+03   7.0030163E-14   6.3370177E-16      0
  8.888643292532219E+03   7.0169836E-14   6.3357694E-16      0
  8.893525446282929E+03   7.0805632E-14   6.3773836E-16      0
  8.898407575724354E+03   7.1119488E-14   6.4065628E-16     16
  8.903289680742533E+03   6.8637004E-14   6.2905961E-16     16
  8.908171761223530E+03   6.6808077E-14   6.1919400E-16      0
  8.913053817053402E+03   6.4468071E-14   6.0969072E-16      0
  8.917935848118215E+03   6.3174556E-14   6.0248379E-16      0
  8.922817854304041E+03   6.2320652E-14   5.9852232E-16      0
  8.927699835496962E+03   6.1822400E-14   5.9674091E-16      0
  8.932581791583059E+03   6.2124818E-14   5.9892943E-16     16
  8.937463722448421E+03   6.3430327E-14   6.0728276E-16      0
  8.942345627979144E+03   6.3479922E-14   6.0320292E-16      0
  8.947227508061333E+03   6.4890171E-14   6.1194377E-16      0
  8.952109362581090E+03   6.5196831E-14   6.1330474E-16     16
  8.956991191424533E+03   6.6262737E-14   6.1848768E-16      0
  8.961872994477781E+03   6.4704508E-14   7.5997749E-16      0
  8.966754771626958E+03   6.7294274E-14   6.2333986E-16      0
  8.971636522758197E+03   6.9370203E-14   6.3282107E-16      0
  8.976518247757635E+03   6.9800055E-14   6.3415192E-16      0
  8.981399946511418E+03   7.0426703E-14   7.0405987E-16     16
  8.986281618905690E+03   6.5236641E-14   6.1927706E-16     16
  8.991163264826613E+03   6.2517862E-14   6.0460201E-16     16
  8.996044884160347E+03   6.2381151E-14   6.0318783E-16     16
  9.000926476793064E+03   6.3998144E-14   6.1082309E-16      0
  9.005808042610930E+03   6.7617678E-14   6.2811718E-16     16
  9.010689581500137E+03   6.7271567E-14   6.2535034E-16      0
  9.015571093346864E+03   6.9442146E-14   6.3573804E-16    272
  9.020452578037311E+03   6.8621168E-14   6.3069110E-16      0
  9.025334035457672E+03   7.0233207E-14   6.3914809E-16      0
  9.030215465494157E+03   6.9539623E-14   6.3553226E-16      0
  9.035096868032979E+03   7.0541161E-14   6.4056517E-16      0
  9.039978242960355E+03   7.3705961E-14   6.5577746E-16     16
  9.044859590162510E+03   7.2991099E-14   6.5184093E-16      0
  9.049740909525681E+03   7.1923092E-14   6.6925974E-16      0
  9.054622200936101E+03   7.0856644E-14   6.9705375E-16     16
  9.059503464280018E+03   7.2219554E-14   6.4934186E-16      0
  9.064384699443684E+03   6.8223090E-14   6.5377492E-16      0
  9.069265906313356E+03   6.5068563E-14   6.1804955E-16      0
  9.074147084775301E+03   6.3910919E-14   6.1385896E-16      0
  9.079028234715786E+03   6.1344084E-14   6.0289534E-16      0
  9.083909356021095E+03   5.8897894E-14   5.9106054E-16     16
  9.088790448577509E+03   5.8593030E-14   5.8819413E-16      0
  9.093671512271319E+03   6.2742387E-14   6.0815748E-16     16
  9.098552546988825E+03   6.4595566E-14   6.1833061E-16      0
  9.103433552616332E+03   6.5385556E-14   6.2316367E-16      0
  9.108314529040152E+03   6.8522560E-14   6.3758499E-16      0
  9.113195476146602E+03   7.3356211E-14   6.5852926E-16      0
  9.118076393822010E+03   7.2823685E-14   6.5674265E-16     16
  9.122957281952709E+03   7.4266365E-14   6.6393095E-16      0
  9.127838140425034E+03   7.4151297E-14   6.6475357E-16      0
  9.132718969125333E+03   7.3834290E-14   6.6098534E-16      0
  9.137599767939962E+03   7.2317085E-14   6.6174867E-16     16
  9.142480536755280E+03   7.1609426E-14   6.5202653E-16     16
  9.147361275457650E+03   6.9051190E-14   6.4023589E-16      0
  9.152241983933449E+03   6.5812847E-14   6.2919640E-16      0
  9.157122662069063E+03   6.4235807E-14   6.2122323E-16      0
  9.162003309750871E+03   6.0606569E-14   6.0416896E-16      0
  9.166883926865277E+03   5.7594378E-14   5.8834612E-16      0
  9.171764513298678E+03   5.6329992E-14   5.8356552E-16      0
  9.176645068937485E+03   5.9174135E-14   6.1792536E-16      0
  9.181525593668117E+03   6.0634887E-14   6.0454388E-16      0
  9.186406087376996E+03   6.3741059E-14   6.2467499E-16      0
  9.191286549950551E+03   6.5884811E-14   6.3148556E-16      0
  9.196166981275226E+03   6.9966101E-14   6.4989958E-16      0
  9.201047381237464E+03   7.1957312E-14   6.5916623E-16      0
  9.205927749723718E+03   7.3713334E-14   6.6789310E-16      0
  9.210808086620449E+03   7.7023660E-14   6.8356972E-16     16
  9.215688391814125E+03   7.5370577E-14   6.7606888E-16      0
  9.220568665191222E+03   7.4493099E-14   6.7283745E-16      0
  9.225448906638219E+03   7.0777944E-14   6.5875123E-16      0
  9.230329116041614E+03   6.5624162E-14   6.3605610E-16      0
  9.235209293287897E+03   5.8538976E-14   6.0079994E-16     16
  9.240089438263574E+03   5.7863585E-14   5.9921562E-16      0
  9.244969550855163E+03   5.8052291E-14   5.9951912E-16      0
  9.249849630949178E+03   5.9845019E-14   6.0847274E-16      0
  9.254729678432152E+03   6.1019942E-14   6.1510304E-16      0
  9.259609693190618E+03   6.5830255E-14   6.4105243E-16     16
  9.264489675111116E+03   6.6556413E-14   6.4296810E-16      0
  9.269369624080204E+03   6.8444009E-14   6.6734497E-16     16
  9.274249539984434E+03   7.3454480E-14   6.7638620E-16      0
  9.279129422710374E+03   7.4121942E-14   6.8088786E-16      0
  9.284009272144598E+03   7.6325983E-14   6.9152177E-16      0
  9.288889088173686E+03   7.6821497E-14   6.9408643E-16      0
  9.293768870684233E+03   7.3892491E-14   6.8165924E-16      0
  9.298648619562829E+03   6.7877805E-14   6.5539534E-16     16
  9.303528334696082E+03   6.3961220E-14   6.3711272E-16      0
  9.308408015970608E+03   5.8650011E-14   6.1487546E-16     16
  9.313287663273022E+03   5.6989502E-14   6.0333675E-16      0
  9.318167276489959E+03   5.6194026E-14   5.9938354E-16      0
  9.323046855508050E+03   5.6135828E-14   6.0174242E-16      0
  9.327926400213941E+03   5.6954380E-14   6.0691065E-16      0
  9.332805910494286E+03   5.8591458E-14   6.1613759E-16      0
  9.337685386235746E+03   5.8489184E-14   6.1850785E-16      0
  9.342564827324986E+03   5.9149591E-14   6.2045142E-16      0
  9.347444233648688E+03   6.1838345E-14   6.3682785E-16      0
  9.352323605093536E+03   6.1085821E-14   6.3318190E-16      0
  9.357202941546220E+03   6.5772027E-14   6.5695219E-16      0
  9.362082242893441E+03   7.1654888E-14   6.9014662E-16     16
  9.366961509021912E+03   7.3146567E-14   6.9360823E-16      0
  9.371840739818346E+03   7.5649292E-14   7.0709845E-16     16
  9.376719935169473E+03   7.4632324E-14   7.0203340E-16      0
  9.381599094962023E+03   7.1841330E-14   6.9182004E-16     16
  9.386478219082743E+03   7.0801187E-14   6.8788890E-16     16
  9.391357307418379E+03   6.7921925E-14   6.7449779E-16      0
  9.396236359855693E+03   6.1887053E-14   6.4633124E-16      0
  9.401115376281450E+03   5.7292136E-14   6.2350095E-16      0
  9.405994356582429E+03   5.3183952E-14   6.0329059E-16      0
  9.410873300645409E+03   5.2407152E-14   6.5176020E-16      0
  9.415752208357188E+03   4.9156575E-14   5.8320712E-16      0
  9.420631079604564E+03   4.7992612E-14   5.7669820E-16      0
  9.425509914274344E+03   5.1835215E-14   6.0021337E-16      0
  9.430388712253352E+03   5.3625737E-14   6.1070594E-16      0
  9.435267473428410E+03   5.4384350E-14   6.1956331E-16     16
  9.440146197686357E+03   5.7880126E-14   6.4094247E-16     16
  9.445024884914033E+03   5.9480368E-14   6.4680929E-16      0
  9.449903534998291E+03   6.2629664E-14   6.6509572E-16      0
  9.454782147825994E+03   6.7519402E-14   6.8996540E-16      0
  9.459660723284009E+03   6.8057993E-14   6.9592645E-16     16
  9.464539261259215E+03   6.8792438E-14   6.9817506E-16      0
  9.469417761638500E+03   6.2928619E-14   7.2600883E-16      0
  9.474296224308760E+03   5.6262364E-14   6.4077052E-16     16
  9.479174649156901E+03   5.0227848E-14   6.0713379E-16      0
  9.484053036069832E+03   4.6866828E-14   5.8822955E-16      0
  9.488931384934480E+03   4.5188384E-14   5.9858733E-16     16
  9.493809695637772E+03   4.5661486E-14   5.8414267E-16      0
  9.498687968066650E+03   4.6686752E-14   5.9279500E-16      0
  9.503566202108061E+03   4.7608622E-14   5.9969493E-16      0
  9.508444397648966E+03   4.8300167E-14   6.0877830E-16     16
  9.513322554576331E+03   4.7984213E-14   6.0421714E-16      0
  9.518200672777130E+03   4.8477522E-14   6.1066449E-16     16
  9.523078752138350E+03   5.0046203E-14   6.2337887E-16      0
  9.527956792546980E+03   5.3256085E-14   6.4275004E-16      0
  9.532834793890030E+03   5.8751845E-14   6.7626173E-16     16
  9.537712756054505E+03   5.9037810E-14   6.7648366E-16      0
  9.542590678927432E+03   6.2770278E-14   6.9854500E-16     16
  9.547468562395836E+03   6.1499694E-14   6.9456591E-16     16
  9.552346406346760E+03   5.8943729E-14   6.8413274E-16     16
  9.557224210667251E+03   5.5221019E-14   6.6336031E-16     16
  9.562101975244366E+03   4.9851311E-14   6.3290233E-16      0
  9.566979699965175E+03   4.3160303E-14   5.9591447E-16      0
  9.571857384716752E+03   3.9714380E-14   5.7319244E-16      0
  9.576735029386182E+03   4.0432874E-14   5.7971215E-16     16
  9.581612633860561E+03   3.9907239E-14   6.2558015E-16      0
  9.586490198026993E+03   4.0928788E-14   6.4179051E-16      0
  9.591367721772591E+03   4.3885058E-14   6.0929891E-16      0
  9.596245204984480E+03   4.7341871E-14   6.3927339E-16     16
  9.601122647549790E+03   4.9325161E-14   6.5003548E-16      0
  9.606000049355662E+03   5.1307845E-14   6.6273224E-16      0
  9.610877410289251E+03   5.3695116E-14   6.7981896E-16      0
  9.615754730237715E+03   5.7633531E-14   7.1079977E-16     16
  9.620632009088225E+03   5.3640526E-14   6.8439362E-16      0
  9.625509246727963E+03   4.8016709E-14   6.5212119E-16      0
  9.630386443044115E+03   4.1432413E-14   6.1155848E-16      0
  9.635263597923880E+03   3.8884098E-14   5.9578895E-16      0
  9.640140711254473E+03   3.9100701E-14   5.9888485E-16      0
  9.645017782923103E+03   3.8997421E-14   6.0226488E-16      0
  9.649894812817005E+03   4.0110083E-14   6.1269324E-16     16
  9.654771800823413E+03   3.9221989E-14   6.0797293E-16     16
  9.659648746829578E+03   4.2613103E-14   6.3305628E-16     16
  9.664525650722753E+03   4.5670529E-14   6.5861963E-16     16
  9.669402512390210E+03   4.9259604E-14   7.0242690E-16      0
  9.674279331719221E+03   5.1269674E-14   6.9829391E-16      0
  9.679156108597073E+03   5.2306819E-14   7.1177629E-16     16
  9.684032842911069E+03   5.0327110E-14   6.9962915E-16      0
  9.688909534548508E+03   4.8278750E-14   6.8844318E-16      0
  9.693786183396709E+03   4.5340905E-14   6.7446862E-16     16
  9.698662789342998E+03   4.2070283E-14   6.5216153E-16     16
  9.703539352274711E+03   3.6939876E-14   6.7489251E-16     16
  9.708415872079195E+03   3.5644746E-14   6.1152952E-16      0
  9.713292348643805E+03   3.5357856E-14   6.1135641E-16     16
  9.718168781855909E+03   3.4172155E-14   6.0425573E-16      0
  9.723045171602882E+03   3.5777994E-14   6.1914450E-16      0
  9.727921517772111E+03   3.6321552E-14   6.2632792E-16      0
  9.732797820250991E+03   3.6514747E-14   6.4330061E-16     16
  9.737674078926930E+03   3.7964349E-14   7.8256691E-16     16
  9.742550293687345E+03   3.6477684E-14   6.3916757E-16     16
  9.747426464419665E+03   3.7540778E-14   6.5355082E-16     16
  9.752302591011323E+03   3.7064654E-14   6.5964549E-16     16
  9.757178673349767E+03   3.8124319E-14   7.1703335E-16      0
  9.762054711322458E+03   4.3167635E-14   7.6470124E-16      0
  9.766930704816863E+03   4.6355474E-14   8.4261800E-16     16
  9.771806653720460E+03   4.4289361E-14   7.1753172E-16      0
  9.776682557920733E+03   4.7963336E-14   7.6190884E-16     16
  9.781558417305190E+03   4.6434465E-14   7.4460803E-16     16
  9.786434231761332E+03   4.5948515E-14   7.4009684E-16      0
  9.791310001176687E+03   4.2051079E-14   7.1285642E-16      0
  9.796185725438776E+03   3.9600589E-14   6.9654553E-16      0
  9.801061404435148E+03   3.5959442E-14   6.7035511E-16      0
  9.805937038053355E+03   3.5026656E-14   6.6761051E-16      0
  9.810812626180947E+03   3.1788140E-14   6.4464639E-16      0
  9.815688168705510E+03   3.3597142E-14   6.6250354E-16      0
  9.820563665514619E+03   3.2025066E-14   6.5201653E-16      0
  9.825439116495872E+03   3.3547462E-14   6.6684088E-16      0
  9.830314521536870E+03   3.3705870E-14   6.7990504E-16     16
  9.835189880525228E+03   3.2265247E-14   6.6583185E-16      0
  9.840065193348573E+03   3.7966226E-14   7.2552427E-16     16
  9.844940459894542E+03   4.0308014E-14   7.3803643E-16      0
  9.849815680050779E+03   4.1285433E-14   7.5241428E-16     16
  9.854690853704942E+03   4.3499136E-14   7.7538132E-16      0
  9.859565980744705E+03   4.4637379E-14   7.9401149E-16     16
  9.864441061057740E+03   4.2572049E-14   7.7762956E-16     16
  9.869316094531741E+03   3.7146061E-14   7.6307848E-16      0
  9.874191081054409E+03   3.4228906E-14   7.1331842E-16      0
  9.879066020513457E+03   3.4624813E-14   7.2145121E-16      0
  9.883940912796601E+03   3.2568620E-14   7.0601228E-16      0
  9.888815757791584E+03   2.9886629E-14   6.8408154E-16      0
  9.893690555386143E+03   2.9703172E-14   6.8425534E-16      0
  9.898565305468039E+03   3.0920199E-14   7.0395781E-16      0
  9.903440007925035E+03   2.8265518E-14   6.7935812E-16      0
  9.908314662644911E+03   2.8863739E-14   6.9995801E-16     16
  9.913189269515453E+03   2.9033775E-14   6.9652642E-16      0
  9.918063828424465E+03   2.7351543E-14   6.9110244E-16     16
  9.922938339259754E+03   2.9937031E-14   7.1581976E-16      0
  9.927812801909144E+03   2.9073650E-14   7.1077923E-16      0
  9.932687216260469E+03   3.0428056E-14   7.2783222E-16      0
  9.937561582201570E+03   2.8501331E-14   7.1190864E-16      0
  9.942435899620305E+03   3.1607668E-14   7.5081244E-16      0
  9.947310168404543E+03   3.0138388E-14   7.4164601E-16      0
  9.952184388442158E+03   3.4035695E-14   7.8448099E-16      0
  9.957058559621040E+03   3.0889415E-14   7.9493814E-16     16
  9.961932681829094E+03   3.3981112E-14   7.9453776E-16      0
  9.966806754954225E+03   3.5002945E-14   8.1982238E-16     16
  9.971680778884363E+03   3.3560143E-14   8.0156242E-16      0
  9.976554753507442E+03   3.6432066E-14   8.3925332E-16     16
  9.981428678711402E+03   3.7166057E-14   8.4895423E-16     16
  9.986302554384205E+03   3.7809819E-14   8.5984972E-16      0
  9.991176380413823E+03   3.5790835E-14   9.1292121E-16      0
  9.996050156688230E+03   3.4767067E-14   8.3954147E-16      0
  1.000092388309542E+04   3.5739369E-14   8.5600218E-16      0
  1.000579755952340E+04   3.4948241E-14   8.5531084E-16      0
  1.001067118586019E+04   2.9637737E-14   8.0696638E-16     16
  1.001554476199381E+04   2.9153905E-14   8.0693848E-16      0
  1.002041828781229E+04   2.6760139E-14   8.0658358E-16      0
  1.002529176320369E+04   2.5254941E-14   8.3340191E-16      0
  1.003016518805607E+04   2.5684719E-14   7.8686756E-16      0
  1.003503856225751E+04   2.8124648E-14   8.1813991E-16      0
  1.003991188569608E+04   2.6734732E-14   8.1081805E-16      0
  1.004478515825990E+04   2.6188846E-14   8.5489564E-16     16
  1.004965837983705E+04   2.5729207E-14   8.2059022E-16     16
  1.005453155031567E+04   2.6880391E-14   8.3499698E-16      0
  1.005940466958389E+04   2.6888222E-14   8.4436135E-16      0
  1.006427773752985E+04   3.0129507E-14   8.8648880E-16     16
  1.006915075404170E+04   2.8922225E-14   8.7945499E-16      0
  1.007402371900762E+04   3.2035304E-14   9.2794736E-16      0
  1.007889663231578E+04   2.8560789E-14   9.6591190E-16     16
  1.008376949385438E+04   3.0486606E-14   9.5765174E-16      0
  1.008864230351162E+04   3.2111764E-14   9.5130821E-16      0
  1.009351506117572E+04   3.2725125E-14   9.7349952E-16     16
  1.009838776673490E+04   3.4273535E-14   9.9354815E-16      0
  1.010326042007739E+04   2.9434690E-14   9.4897844E-16      0
  1.010813302109147E+04   3.1820795E-14   9.8647437E-16      0
  1.011300556966538E+04   3.0841957E-14   9.8747217E-16     16
  1.011787806568741E+04   2.7446974E-14   9.7833089E-16      0
  1.012275050904584E+04   2.7704984E-14   1.0821294E-15     16
  1.012762289962897E+04   2.8394591E-14   9.8775625E-16      0
  1.013249523732511E+04   2.6565166E-14   9.7936681E-16      0
  1.013736752202260E+04   2.4011439E-14   1.0188071E-15      0
  1.014223975360976E+04   2.3648962E-14   9.6116333E-16      0
  1.014711193197495E+04   2.3478993E-14   9.7453608E-16      0
  1.015198405700652E+04   2.6401065E-14   1.0351369E-15     16
  1.015685612859286E+04   2.2245841E-14   9.7937168E-16      0
  1.016172814662234E+04   2.3019110E-14   1.0047546E-15      0
  1.016660011098337E+04   2.1577880E-14   1.0005086E-15      0
  1.017147202156436E+04   2.2962733E-14   1.0491193E-15     16
  1.017634387825372E+04   2.3222431E-14   1.0523770E-15      0
  1.018121568093990E+04   2.2617094E-14   1.0550985E-15      0
  1.018608742951134E+04   2.0907480E-14   1.0897377E-15      0
  1.019095912385651E+04   2.2454576E-14   1.0885585E-15      0
  1.019583076386387E+04   2.2304446E-14   1.1030751E-15      0
  1.020070234942192E+04   2.5616570E-14   1.1716717E-15      0
  1.020557388041915E+04   2.6541606E-14   1.2118479E-15     16
  1.021044535674407E+04   2.9161349E-14   1.3564229E-15     16
  1.021531677828521E+04   3.2333341E-14   1.3195162E-15      0
  1.022018814493110E+04   2.3808314E-14   1.2190048E-15      0
  1.022505945657029E+04   3.0314449E-14   1.3576606E-15     16
  1.022993071309134E+04   3.2619029E-14   1.4003626E-15      0
  1.023480191438283E+04   2.7379871E-14   1.3470642E-15      0
  1.023967306033335E+04   1.9967187E-14   1.2462321E-15      0
  1.024454415083148E+04   1.9842091E-14   1.2684724E-15      0
  1.024941518576585E+04   2.4609665E-14   1.7045134E-15   2576
