  1.119793934155987E+03   0.0000000E+00   0.0000000E+00   2564
  1.120377595298901E+03   0.0000000E+00   0.0000000E+00   2564
  1.120961254889721E+03   0.0000000E+00   0.0000000E+00   2564
  1.121544912928459E+03   0.0000000E+00   0.0000000E+00   2564
  1.122128569415127E+03   0.0000000E+00   0.0000000E+00   2560
  1.122712224349738E+03   0.0000000E+00   0.0000000E+00   2560
  1.123295877732304E+03   0.0000000E+00   0.0000000E+00    512
  1.123879529562837E+03   0.0000000E+00   0.0000000E+00    512
  1.124463179841350E+03   0.0000000E+00   0.0000000E+00    512
  1.125046828567856E+03   0.0000000E+00   0.0000000E+00    512
  1.125630475742366E+03   0.0000000E+00   0.0000000E+00    512
  1.126214121364894E+03   0.0000000E+00   0.0000000E+00    512
  1.126797765435450E+03   0.0000000E+00   0.0000000E+00    512
  1.127381407954049E+03   0.0000000E+00   0.0000000E+00    512
  1.127965048920702E+03   0.0000000E+00   0.0000000E+00    512
  1.128548688335421E+03   0.0000000E+00   0.0000000E+00    512
  1.129132326198219E+03   0.0000000E+00   0.0000000E+00    512
  1.129715962509109E+03   0.0000000E+00   0.0000000E+00    512
  1.130299597268102E+03   0.0000000E+00   0.0000000E+00    512
  1.130883230475211E+03   0.0000000E+00   0.0000000E+00    512
  1.131466862130449E+03   0.0000000E+00   0.0000000E+00    512
  1.132050492233828E+03   0.0000000E+00   0.0000000E+00    512
  1.132634120785360E+03   0.0000000E+00   0.0000000E+00    512
  1.133217747785057E+03   0.0000000E+00   0.0000000E+00    512
  1.133801373232933E+03   0.0000000E+00   0.0000000E+00    512
  1.134384997128998E+03   0.0000000E+00   0.0000000E+00    512
  1.134968619473267E+03   0.0000000E+00   0.0000000E+00    512
  1.135552240265750E+03   0.0000000E+00   0.0000000E+00    512
  1.136135859506461E+03   0.0000000E+00   0.0000000E+00    512
  1.136719477195412E+03   0.0000000E+00   0.0000000E+00    512
  1.137303093332616E+03   0.0000000E+00   0.0000000E+00    512
  1.137886707918083E+03   0.0000000E+00   0.0000000E+00    512
  1.138470320951828E+03  -2.5158691E-14   1.6202587E-14      0
  1.139053932433862E+03  -1.7067492E-14   1.6091093E-18      0
  1.139637542364198E+03  -1.0404472E-14   9.9578949E-19      0
  1.140221150742849E+03  -4.0089311E-15   2.4527616E-15      0
  1.140804757569825E+03  -1.5912162E-15   2.4607518E-15      0
  1.141388362845141E+03  -3.5908763E-15   1.0401502E-15      0
  1.141971966568807E+03  -3.6934059E-15   3.6694880E-19      0
  1.142555568740838E+03  -2.2961977E-15   6.8028054E-16      0
  1.143139169361244E+03  -4.7333832E-17   1.1857792E-15      0
  1.143722768430039E+03   3.4275093E-16   1.0496085E-15      0
  1.144306365947235E+03  -1.2772324E-15   3.9453466E-16      0
  1.144889961912843E+03  -1.3050704E-16   6.4604325E-16      0
  1.145473556326878E+03  -1.2303323E-15   1.1504321E-19      0
  1.146057149189350E+03  -1.0772604E-15   9.3079933E-20      0
  1.146640740500272E+03  -2.8201806E-16   3.9139127E-16      0
  1.147224330259657E+03  -8.6447060E-16   7.9003154E-20      0
  1.147807918467517E+03  -6.5679316E-16   1.5324131E-16      0
  1.148391505123864E+03  -5.6209382E-16   1.5800812E-16      0
  1.148975090228711E+03  -6.6440343E-16   6.0015282E-20      0
  1.149558673782071E+03  -9.5186353E-17   2.7000798E-16      0
  1.150142255783955E+03  -3.4057702E-16   1.7743194E-16      0
  1.150725836234375E+03  -4.0729111E-16   1.2414681E-16      0
  1.151309415133345E+03  -4.9665581E-16   4.6374698E-20      0
  1.151892992480877E+03  -3.5901801E-16   1.0408967E-16      0
  1.152476568276982E+03  -3.3186378E-16   1.0240864E-16      0
  1.153060142521674E+03  -4.0817517E-16   3.5966249E-20      0
  1.153643715214965E+03  -3.8581194E-16   3.5314612E-20      0
  1.154227286356867E+03  -2.6051779E-16   9.1572844E-17      0
  1.154810855947392E+03  -1.9115816E-16   1.1116292E-16      0
  1.155394423986553E+03  -1.8892349E-16   1.0162010E-16      0
  1.155977990474363E+03  -1.0926783E-16   1.2186319E-16      0
  1.156561555410833E+03  -2.4227760E-16   6.6747851E-17      0
  1.157145118795976E+03  -2.1250686E-16   7.7117929E-17      0
  1.157728680629804E+03  -1.6729879E-16   8.7959084E-17      0
  1.158312240912330E+03  -8.7417274E-17   1.1403872E-16      0
  1.158895799643567E+03  -2.1682850E-16   6.1174387E-17      0
  1.159479356823526E+03  -1.7366334E-16   7.4857139E-17      0
  1.160062912452219E+03  -9.3423737E-17   9.9381304E-17      0
  1.160646466529660E+03  -2.0490264E-16   5.4517651E-17      0
  1.161230019055860E+03  -9.0235386E-17   9.4287969E-17      0
  1.161813570030832E+03  -1.9391839E-16   5.4226265E-17      0
  1.162397119454589E+03   2.8333474E-17   1.2145531E-16      0
  1.162980667327143E+03  -3.7288326E-17   9.9997977E-17      0
  1.163564213648505E+03   2.2594629E-17   1.1427687E-16      0
  1.164147758418689E+03  -8.7032741E-17   8.1117526E-17      0
  1.164731301637707E+03  -2.2392936E-16   1.9302655E-20      0
  1.165314843305570E+03  -8.4789374E-17   7.7939591E-17      0
  1.165898383422293E+03  -1.2860463E-16   6.2076643E-17      0
  1.166481921987886E+03  -6.5511752E-17   8.1494602E-17      0
  1.167065459002363E+03  -7.5891287E-17   7.7772633E-17      0
  1.167648994465735E+03   1.1926504E-16   1.1792910E-16      0
  1.168232528378015E+03  -7.9970167E-17   7.2306776E-17      0
  1.168816060739216E+03  -2.2661524E-17   8.6561890E-17      0
  1.169399591549349E+03  -3.6194102E-17   8.1711336E-17      0
  1.169983120808428E+03  -7.4265963E-17   7.0701509E-17      0
  1.170566648516464E+03  -1.2531810E-16   5.2663711E-17      0
  1.171150174673470E+03  -1.5117419E-16   3.9045651E-17      0
  1.171733699279458E+03  -8.5421962E-17   6.2018230E-17      0
  1.172317222334441E+03  -3.4528478E-17   7.4615331E-17      0
  1.172900743838431E+03  -9.3353864E-17   5.7451783E-17      0
  1.173484263791439E+03  -7.2783113E-17   6.0369646E-17      0
  1.174067782193481E+03  -1.1292289E-16   5.9696493E-17     16
  1.174651299044565E+03  -9.2526546E-18   7.5123432E-17      0
  1.175234814344707E+03  -6.5625320E-17   5.9819922E-17      0
  1.175818328093917E+03   4.9745683E-17   8.6230714E-17      0
  1.176401840292208E+03  -1.2025589E-16   3.8777168E-17      0
  1.176985350939593E+03   3.8082717E-17   8.2043327E-17      0
  1.177568860036083E+03  -4.0638354E-17   6.2589911E-17      0
  1.178152367581692E+03   1.3093042E-16   9.6753980E-17      0
  1.178735873576432E+03   3.1854815E-17   7.7204889E-17      0
  1.179319378020315E+03  -1.3150183E-17   6.5871072E-17      0
  1.179902880913353E+03  -1.2401020E-17   6.5416626E-17      0
  1.180486382255559E+03  -9.1592783E-17   4.2948392E-17      0
  1.181069882046944E+03  -3.3980788E-17   5.8263816E-17      0
  1.181653380287522E+03   3.6129458E-18   6.8319216E-17      0
  1.182236876977306E+03   1.6438253E-16   9.3984486E-17     16
  1.182820372116306E+03  -6.0747224E-17   4.8971928E-17      0
  1.183403865704536E+03  -3.9182136E-17   5.4445428E-17      0
  1.183987357742008E+03   6.1001162E-17   7.5101395E-17      0
  1.184570848228734E+03   5.7260168E-17   7.4931956E-17      0
  1.185154337164726E+03  -3.8284820E-17   5.2424183E-17      0
  1.185737824549998E+03   6.1104037E-17   7.1517037E-17      0
  1.186321310384561E+03   3.8893314E-17   6.7605538E-17      0
  1.186904794668428E+03   5.0487776E-17   6.8431428E-17      0
  1.187488277401611E+03  -2.8442830E-17   5.2469228E-17      0
  1.188071758584123E+03  -3.8978269E-17   4.8265661E-17      0
  1.188655238215975E+03   1.4086141E-16   8.3017004E-17      0
  1.189238716297180E+03  -5.6264114E-18   5.5181086E-17      0
  1.189822192827751E+03   1.4325024E-16   8.1763852E-17      0
  1.190405667807701E+03  -1.3134595E-17   5.2207736E-17      0
  1.190989141237040E+03  -4.9169829E-17   4.3823380E-17      0
  1.191572613115782E+03   8.7781571E-17   7.0459370E-17      0
  1.192156083443939E+03  -6.7296675E-17   3.6282276E-17      0
  1.192739552221523E+03  -8.7174340E-18   5.0153337E-17      0
  1.193323019448547E+03   1.4323550E-17   5.6101573E-17      0
  1.193906485125023E+03   4.5027709E-18   5.1394062E-17      0
  1.194489949250964E+03  -3.3584003E-17   4.3494252E-17      0
  1.195073411826381E+03  -7.9643158E-18   4.8333947E-17      0
  1.195656872851288E+03  -5.3204482E-17   3.7674603E-17      0
  1.196240332325696E+03   2.6038777E-17   5.4032381E-17      0
  1.196823790249618E+03   6.4172672E-17   6.2726595E-17      0
  1.197407246623066E+03  -8.5969126E-17   2.3040651E-17      0
  1.197990701446053E+03   2.3869155E-17   5.3977648E-17      0
  1.198574154718591E+03  -6.6003130E-17   3.1645022E-17      0
  1.199157606440692E+03   1.0208794E-16   6.4647315E-17      0
  1.199741056612369E+03   1.4537908E-17   5.0390576E-17      0
  1.200324505233634E+03  -1.6274567E-17   4.2170002E-17      0
  1.200907952304500E+03   5.2211177E-17   5.6354637E-17      0
  1.201491397824978E+03   5.1212403E-17   5.5699927E-17      0
  1.202074841795081E+03   7.0203930E-17   6.0181916E-17      0
  1.202658284214822E+03   9.6789123E-18   4.6627284E-17      0
  1.203241725084213E+03   7.6769614E-17   6.0251823E-17      0
  1.203825164403266E+03   4.1407543E-17   5.1882230E-17      0
  1.204408602171993E+03   2.3939682E-16   8.1914042E-17     16
  1.204992038390408E+03   5.5058094E-17   5.4415276E-17      0
  1.205575473058522E+03   6.1990239E-17   5.4137227E-17      0
  1.206158906176347E+03   4.4343961E-17   5.2712621E-17      0
  1.206742337743896E+03   1.0843425E-17   4.4824957E-17      0
  1.207325767761182E+03   1.4777375E-16   6.6338224E-17      0
  1.207909196228216E+03   1.6209110E-16   6.8747808E-17      0
  1.208492623145012E+03   2.0837589E-16   7.2920352E-17      0
  1.209076048511581E+03  -1.8582837E-16   6.5725707E-17      0
  1.209659472327936E+03  -1.2446706E-16   6.8764040E-17      0
  1.210242894594089E+03  -2.9699106E-17   7.9928146E-17      0
  1.210826315310052E+03  -5.8566326E-17   8.5662202E-17      0
  1.211409734475839E+03  -1.8795922E-16   9.5257749E-17      0
  1.211993152091460E+03  -9.6710135E-16   1.1822509E-16      0
  1.212576568156929E+03  -3.1409492E-15   1.4143182E-16      0
  1.213159982672259E+03  -3.5004789E-15   2.4144698E-16      0
  1.213743395637460E+03   1.8806164E-15   4.4247593E-16      0
  1.214326807052546E+03   1.8896970E-16   4.5997335E-16      0
  1.214910216917529E+03  -6.6428157E-16   4.6317519E-16      0
  1.215493625232422E+03  -2.6302570E-16   4.6441842E-16      0
  1.216077031997236E+03   2.0300017E-16   4.5051200E-16      0
  1.216660437211984E+03  -8.7107115E-18   4.4816164E-16      0
  1.217243840876679E+03   2.3374164E-15   4.4825704E-16      0
  1.217827242991332E+03   2.7995853E-15   3.9579661E-16      0
  1.218410643555957E+03  -9.8738038E-16   2.2042550E-16     16
  1.218994042570565E+03  -9.5743165E-17   1.4341692E-16      0
  1.219577440035169E+03   1.6097255E-16   1.1054001E-16      0
  1.220160835949781E+03   1.1009380E-16   8.3241567E-17      0
  1.220744230314414E+03   9.6427017E-18   6.3764554E-17      0
  1.221327623129079E+03  -1.0110242E-16   5.4717445E-17      0
  1.221911014393790E+03   1.1699050E-16   7.4288614E-17      0
  1.222494404108559E+03   2.2104058E-17   6.9763811E-17      0
  1.223077792273397E+03  -6.3190266E-17   5.0296826E-17      0
  1.223661178888318E+03   1.8514882E-16   6.7336823E-17      0
  1.224244563953333E+03   1.5234144E-17   5.0467970E-17      0
  1.224827947468456E+03   1.2429129E-16   5.4678389E-17      0
  1.225411329433698E+03   2.8881306E-17   3.8356031E-17      0
  1.225994709849071E+03   1.1185925E-16   5.2512029E-17      0
  1.226578088714589E+03   1.2360159E-16   5.1991144E-17      0
  1.227161466030263E+03   7.0267795E-17   4.5360212E-17      0
  1.227744841796106E+03   5.0044705E-17   4.2092376E-17      0
  1.228328216012130E+03   8.0747704E-17   4.7472097E-17      0
  1.228911588678348E+03   7.1081675E-17   4.4151486E-17      0
  1.229494959794771E+03   1.0172892E-16   4.9220942E-17      0
  1.230078329361413E+03   1.2239582E-16   5.1035863E-17      0
  1.230661697378285E+03   1.1451228E-16   5.0804444E-17      0
  1.231245063845400E+03   6.8618119E-17   4.3042509E-17      0
  1.231828428762770E+03   3.3606879E-17   3.7679837E-17      0
  1.232411792130408E+03   2.8295216E-18   3.0950766E-17      0
  1.232995153948326E+03  -2.0217816E-17   2.6451142E-17      0
  1.233578514216536E+03   3.8864098E-17   3.7072071E-17      0
  1.234161872935052E+03  -6.3878134E-18   2.9089980E-17      0
  1.234745230103883E+03   2.8126851E-17   3.4957960E-17      0
  1.235328585723044E+03   1.2323006E-16   4.8490687E-17      0
  1.235911939792548E+03   6.4051645E-17   4.1534539E-17     16
  1.236495292312404E+03   6.5734918E-18   3.0977593E-17      0
  1.237078643282628E+03   9.9367387E-17   4.4953587E-17      0
  1.237661992703230E+03   5.3162458E-17   3.8541531E-17      0
  1.238245340574223E+03   3.1282462E-17   3.5236587E-17      0
  1.238828686895620E+03   1.2552683E-17   3.0355748E-17      0
  1.239412031667432E+03   3.0317814E-17   3.4499609E-17      0
  1.239995374889673E+03  -1.9774128E-17   2.3432743E-17      0
  1.240578716562354E+03  -3.0215495E-17   2.0996924E-17      0
  1.241162056685488E+03  -3.0528616E-17   2.0668711E-17      0
  1.241745395259088E+03   3.6462920E-18   2.8434744E-17      0
  1.242328732283164E+03   3.9436004E-17   3.5131601E-17      0
  1.242912067757731E+03   9.2615066E-17   4.4366368E-17     16
  1.243495401682800E+03   8.1930790E-17   4.0827742E-17      0
  1.244078734058383E+03   3.6366652E-18   2.8036463E-17      0
  1.244662064884494E+03   2.5594995E-17   3.1946099E-17      0
  1.245245394161143E+03  -3.0090253E-17   1.9890855E-17      0
  1.245828721888345E+03   2.6823366E-17   3.2288694E-17      0
  1.246412048066110E+03   9.7497449E-17   4.3194525E-17      0
  1.246995372694452E+03   2.5420680E-17   3.1392338E-17      0
  1.247578695773382E+03   1.5938161E-17   3.0108408E-17      0
  1.248162017302913E+03   1.1988356E-16   4.4576962E-17      0
  1.248745337283058E+03   1.0415383E-16   4.3228919E-17      0
  1.249328655713829E+03   1.1693674E-16   4.5119238E-17      0
  1.249911972595237E+03   3.3677666E-18   2.6992829E-17      0
  1.250495287927296E+03  -2.0450421E-17   2.0999886E-17      0
  1.251078601710017E+03   4.1374549E-18   2.7271467E-17      0
  1.251661913943414E+03  -5.6603498E-18   2.5094681E-17      0
  1.252245224627498E+03   2.6459650E-17   3.1097521E-17      0
  1.252828533762282E+03  -1.8163202E-17   2.1788133E-17      0
  1.253411841347778E+03  -7.5259332E-18   2.4140057E-17      0
  1.253995147383999E+03   2.8287892E-18   2.6417144E-17      0
  1.254578451870956E+03  -2.7530530E-17   1.8828755E-17      0
  1.255161754808663E+03   3.4434960E-17   3.1824772E-17      0
  1.255745056197131E+03   6.7520252E-17   3.7089710E-17      0
  1.256328356036372E+03  -7.2781513E-18   2.4261843E-17      0
  1.256911654326401E+03  -7.6382693E-18   2.3700490E-17      0
  1.257494951067227E+03   3.5884852E-17   3.2155435E-17      0
  1.258078246258865E+03  -2.9918074E-17   1.7552607E-17      0
  1.258661539901326E+03   5.5932160E-17   3.5275177E-17      0
  1.259244831994622E+03   1.3877626E-17   2.7999422E-17      0
  1.259828122538766E+03   1.9410059E-17   2.9756727E-17      0
  1.260411411533770E+03   3.2937230E-17   3.2377229E-17     16
  1.260994698979647E+03  -1.5312521E-17   2.2236623E-17      0
  1.261577984876409E+03   1.4336325E-17   2.7591169E-17      0
  1.262161269224069E+03  -7.0671747E-18   2.3407663E-17      0
  1.262744552022637E+03   8.3570858E-17   3.7921156E-17      0
  1.263327833272128E+03   3.5801419E-17   3.1598177E-17      0
  1.263911112972553E+03   2.2920611E-17   2.8553686E-17      0
  1.264494391123925E+03   5.9706074E-18   2.5990050E-17      0
  1.265077667726256E+03   5.4077015E-17   3.3923342E-17      0
  1.265660942779558E+03   1.3821927E-17   2.7686354E-17      0
  1.266244216283844E+03   2.6385495E-17   2.8828445E-17      0
  1.266827488239126E+03   5.7111997E-17   3.4427691E-17      0
  1.267410758645416E+03   6.5730108E-18   2.5931164E-17      0
  1.267994027502727E+03  -1.2646026E-18   2.4740391E-17     16
  1.268577294811071E+03   8.6710015E-17   3.8323635E-17      0
  1.269160560570460E+03   6.6263162E-17   3.6159330E-17      0
  1.269743824780907E+03   1.5786846E-17   2.7287416E-17      0
  1.270327087442424E+03  -8.1583988E-18   2.2635299E-17      0
  1.270910348555024E+03   8.2987113E-17   3.7523037E-17      0
  1.271493608118718E+03   2.5711386E-17   2.9380585E-17      0
  1.272076866133519E+03   8.0348109E-17   3.6759212E-17      0
  1.272660122599440E+03  -6.4756037E-18   2.2668082E-17      0
  1.273243377516493E+03   2.1813393E-17   2.7865432E-17      0
  1.273826630884689E+03   7.3387027E-17   3.6158586E-17      0
  1.274409882704042E+03   7.4918119E-17   3.6544009E-17      0
  1.274993132974564E+03  -6.7694782E-18   2.2324389E-17      0
  1.275576381696267E+03   9.7061188E-17   3.9579249E-17     16
  1.276159628869163E+03   5.1228185E-17   3.2485315E-17      0
  1.276742874493265E+03   6.1700520E-17   3.4535730E-17      0
  1.277326118568586E+03   9.0060692E-17   3.8727766E-17      0
  1.277909361095136E+03   6.0731464E-18   2.5482994E-17      0
  1.278492602072930E+03   2.4160994E-17   2.7859668E-17      0
  1.279075841501979E+03   3.0457712E-18   2.4283114E-17      0
  1.279659079382295E+03   3.4696289E-17   3.0258035E-17      0
  1.280242315713891E+03   3.3072332E-17   2.9676398E-17      0
  1.280825550496779E+03   2.7496009E-18   2.5114527E-17     16
  1.281408783730972E+03   9.0178926E-17   3.7695719E-17      0
  1.281992015416481E+03   6.8024872E-17   3.4765164E-17      0
  1.282575245553320E+03   8.7152643E-17   3.8182303E-17      0
  1.283158474141500E+03  -1.4758260E-18   2.2723034E-17      0
  1.283741701181034E+03   3.1025771E-17   2.9447322E-17      0
  1.284324926671934E+03   3.0181528E-17   2.9149709E-17      0
  1.284908150614213E+03   9.8994481E-17   3.9072512E-17      0
  1.285491373007882E+03   6.2324942E-17   3.4551797E-17      0
  1.286074593852955E+03   1.0989969E-16   4.1345190E-17      0
  1.286657813149444E+03   1.2687372E-16   4.2954980E-17      0
  1.287241030897360E+03   1.0212670E-16   3.9345412E-17      0
  1.287824247096716E+03   7.1261563E-17   3.5087628E-17      0
  1.288407461747525E+03   7.5394416E-17   3.6540058E-17      0
  1.288990674849798E+03   8.2666915E-17   3.7404548E-17      0
  1.289573886403549E+03   8.1734570E-17   3.7137227E-17      0
  1.290157096408790E+03   3.7528486E-17   3.0187831E-17      0
  1.290740304865532E+03   6.6712910E-17   3.5801958E-17     16
  1.291323511773789E+03   9.5761131E-17   3.8966096E-17      0
  1.291906717133571E+03   4.5019712E-17   3.1650445E-17      0
  1.292489920944893E+03   6.3436276E-17   3.4232440E-17      0
  1.293073123207766E+03   1.2100744E-16   4.0622850E-17      0
  1.293656323922203E+03   3.2560013E-17   2.7875742E-17      0
  1.294239523088215E+03   9.5908813E-17   3.4372445E-17      0
  1.294822720705816E+03   1.1832422E-16   3.8907128E-17      0
  1.295405916775017E+03   6.7433193E-17   3.2933660E-17      0
  1.295989111295831E+03   8.2348087E-17   3.2242451E-17      0
  1.296572304268271E+03   3.3535199E-17   2.8286566E-17      0
  1.297155495692348E+03   1.1222091E-16   4.1159531E-17      0
  1.297738685568075E+03   4.1719777E-17   3.1993556E-17      0
  1.298321873895463E+03   6.4332761E-17   3.5745889E-17      0
  1.298905060674527E+03  -4.7250083E-18   3.2377126E-17      0
  1.299488245905277E+03   8.5114006E-17   4.5023030E-17      0
  1.300071429587726E+03   5.8014127E-17   5.0582723E-17      0
  1.300654611721887E+03   3.3421300E-17   5.8535337E-17      0
  1.301237792307772E+03   8.5669998E-17   5.7614314E-17      0
  1.301820971345393E+03   5.5339356E-17   6.1006304E-17      0
  1.302404148834763E+03   3.5076710E-17   7.0467186E-17      0
  1.302987324775893E+03   3.2717692E-18   7.0382231E-17      0
  1.303570499168797E+03   5.4079139E-17   7.4046932E-17      0
  1.304153672013486E+03  -4.9787587E-17   6.9009667E-17      0
  1.304736843309973E+03  -9.0286969E-17   6.2394591E-17      0
  1.305320013058270E+03   4.5851498E-17   6.5201810E-17      0
  1.305903181258390E+03   1.2282323E-16   7.0755885E-17      0
  1.306486347910344E+03   1.5766957E-16   6.8666618E-17      0
  1.307069513014146E+03   2.3835092E-17   6.5575987E-17      0
  1.307652676569807E+03   1.0948999E-16   5.5593631E-17      0
  1.308235838577340E+03   1.1124366E-16   4.4870545E-17      0
  1.308818999036757E+03   7.3092551E-17   3.5934893E-17      0
  1.309402157948071E+03   3.8712301E-17   3.0020035E-17      0
  1.309985315311293E+03   1.2366193E-16   4.2629891E-17      0
  1.310568471126437E+03   1.4581650E-16   4.4730010E-17      0
  1.311151625393514E+03   1.3791527E-16   4.4340957E-17      0
  1.311734778112537E+03   1.1214790E-16   4.1077260E-17      0
  1.312317929283518E+03   1.6205233E-16   4.7199012E-17      0
  1.312901078906469E+03   1.1072700E-16   4.0722065E-17      0
  1.313484226981403E+03   1.3455612E-16   4.3551278E-17      0
  1.314067373508332E+03   1.7169138E-16   4.8169811E-17      0
  1.314650518487269E+03   8.6217393E-17   3.7493543E-17      0
  1.315233661918226E+03   8.4925932E-17   3.7502645E-17      0
  1.315816803801214E+03   1.5653840E-16   4.6434588E-17      0
  1.316399944136247E+03   2.0045700E-16   5.0197121E-17      0
  1.316983082923337E+03   1.7951794E-16   4.9420743E-17      0
  1.317566220162496E+03   1.7631459E-16   4.8806052E-17      0
  1.318149355853736E+03   1.1371053E-16   4.0676213E-17      0
  1.318732489997070E+03   1.4107317E-16   4.3975214E-17      0
  1.319315622592510E+03   2.1562680E-16   5.2251246E-17      0
  1.319898753640069E+03   1.3618314E-16   4.3959964E-17     16
  1.320481883139758E+03   1.5010412E-16   4.6871792E-17     16
  1.321065011091590E+03   2.3697885E-16   5.5361772E-17      0
  1.321648137495577E+03   2.2079603E-16   5.2892780E-17      0
  1.322231262351733E+03   2.4125769E-16   5.5163229E-17      0
  1.322814385660068E+03   2.7530855E-16   5.6472739E-17      0
  1.323397507420595E+03   1.7638220E-16   4.9573420E-17      0
  1.323980627633327E+03   1.6296375E-16   4.6777027E-17      0
  1.324563746298277E+03   1.6211886E-16   4.6883949E-17      0
  1.325146863415455E+03   2.9291289E-16   6.0044809E-17      0
  1.325729978984876E+03   1.8669865E-16   5.0236651E-17      0
  1.326313093006549E+03   1.3915376E-16   4.4313108E-17      0
  1.326896205480490E+03   1.5864580E-16   4.7247379E-17      0
  1.327479316406708E+03   2.3299497E-16   5.3963364E-17      0
  1.328062425785218E+03   1.9739539E-16   5.0285752E-17      0
  1.328645533616032E+03   1.8340579E-16   4.9515250E-17      0
  1.329228639899160E+03   2.1774041E-16   5.3302784E-17      0
  1.329811744634617E+03   1.5631821E-16   4.5895732E-17      0
  1.330394847822414E+03   1.4003112E-16   4.5124337E-17      0
  1.330977949462564E+03   1.1828765E-16   4.1801205E-17      0
  1.331561049555078E+03   1.5618345E-16   4.6440557E-17      0
  1.332144148099969E+03   1.6073161E-16   4.7148600E-17      0
  1.332727245097250E+03   2.8903318E-16   5.9735708E-17      0
  1.333310340546933E+03   2.7421940E-16   5.7620018E-17      0
  1.333893434449030E+03   2.3955230E-16   5.5513474E-17      0
  1.334476526803553E+03   4.0302807E-17   3.1890929E-17      0
  1.335059617610516E+03   1.1121764E-16   4.0351846E-17      0
  1.335642706869929E+03   3.8548430E-17   3.1682837E-17      0
  1.336225794581806E+03   1.2249740E-16   4.2641769E-17      0
  1.336808880746159E+03   1.9688452E-16   5.2383019E-17      0
  1.337391965363000E+03   2.7134179E-16   5.7736188E-17      0
  1.337975048432341E+03   4.1256939E-16   7.1045319E-17      0
  1.338558129954195E+03   2.9682981E-16   5.9347959E-17      0
  1.339141209928574E+03   2.9533395E-16   6.1459056E-17      0
  1.339724288355490E+03   3.3625607E-16   6.2819576E-17      0
  1.340307365234956E+03   2.7342771E-16   6.1103633E-17      0
  1.340890440566984E+03   3.6234148E-16   6.5224025E-17      0
  1.341473514351587E+03   3.2017438E-16   6.4079148E-17      0
  1.342056586588776E+03   5.1476416E-16   7.8620572E-17      0
  1.342639657278564E+03   4.6320251E-16   7.4744947E-17      0
  1.343222726420963E+03   4.0070214E-16   7.0311742E-17      0
  1.343805794015986E+03   3.7021346E-16   6.8930972E-17      0
  1.344388860063645E+03   5.5437083E-16   8.0880920E-17      0
  1.344971924563952E+03   3.9905662E-16   7.0872934E-17      0
  1.345554987516920E+03   4.3524155E-16   7.2761149E-17     16
  1.346138048922560E+03   4.8971056E-16   7.7711944E-17      0
  1.346721108780886E+03   4.4006530E-16   7.2365995E-17      0
  1.347304167091910E+03   5.1285277E-16   7.7882198E-17      0
  1.347887223855643E+03   5.6768243E-16   8.1800751E-17      0
  1.348470279072098E+03   4.3889078E-16   7.2780340E-17      0
  1.349053332741288E+03   3.9965627E-16   6.9284886E-17      0
  1.349636384863225E+03   5.1247865E-16   7.8516288E-17      0
  1.350219435437920E+03   3.8761763E-16   6.9178815E-17      0
  1.350802484465388E+03   5.7236912E-16   8.3065868E-17      0
  1.351385531945639E+03   6.4304041E-16   8.7911346E-17      0
  1.351968577878686E+03   4.7473693E-16   7.6470485E-17      0
  1.352551622264541E+03   6.0083885E-16   8.5397524E-17      0
  1.353134665103218E+03   5.9354383E-16   8.5629790E-17      0
  1.353717706394727E+03   6.3979728E-16   8.7430483E-17      0
  1.354300746139081E+03   7.1439871E-16   9.2552114E-17      0
  1.354883784336293E+03   5.3432850E-16   8.0132745E-17      0
  1.355466820986376E+03   6.7845084E-16   9.1713531E-17      0
  1.356049856089340E+03   6.0586456E-16   8.4584942E-17      0
  1.356632889645199E+03   6.2887622E-16   8.7543482E-17      0
  1.357215921653965E+03   5.9426190E-16   8.5997813E-17      0
  1.357798952115650E+03   5.5021873E-16   8.0081612E-17      0
  1.358381981030268E+03   6.4197908E-16   8.8487004E-17      0
  1.358965008397828E+03   4.6818285E-16   7.6219651E-17      0
  1.359548034218345E+03   5.7860731E-16   8.3834821E-17      0
  1.360131058491830E+03   6.3257008E-16   8.7949515E-17      0
  1.360714081218296E+03   7.1934612E-16   9.4560072E-17      0
  1.361297102397756E+03   6.5579138E-16   8.9493656E-17      0
  1.361880122030220E+03   5.4355274E-16   8.2924195E-17      0
  1.362463140115703E+03   5.2571952E-16   7.8921832E-17      0
  1.363046156654216E+03   6.9173586E-16   9.4033919E-17      0
  1.363629171645771E+03   7.0441981E-16   9.2034908E-17      0
  1.364212185090380E+03   7.4178291E-16   9.4529982E-17      0
  1.364795196988057E+03   7.1740763E-16   9.5612272E-17     16
  1.365378207338813E+03   6.4693740E-16   9.0564068E-17      0
  1.365961216142661E+03   5.7059522E-16   8.4300173E-17      0
  1.366544223399613E+03   5.3393278E-16   8.3267931E-17      0
  1.367127229109681E+03   5.2942328E-16   8.1015082E-17      0
  1.367710233272877E+03   5.9965068E-16   8.7867413E-17     16
  1.368293235889214E+03   5.9722191E-16   8.7935433E-17      0
  1.368876236958705E+03   6.3189807E-16   9.0146620E-17      0
  1.369459236481361E+03   8.5200365E-16   1.0278096E-16      0
  1.370042234457195E+03   1.0252321E-15   1.1086786E-16      0
  1.370625230886219E+03   8.2325737E-16   1.0101236E-16      0
  1.371208225768445E+03   5.2930152E-16   8.3348082E-17      0
  1.371791219103887E+03   7.7248531E-16   9.9053416E-17      0
  1.372374210892555E+03   5.6160905E-16   8.4818670E-17      0
  1.372957201134463E+03   5.1671985E-16   8.2443159E-17     16
  1.373540189829622E+03   7.0128515E-16   9.3621281E-17      0
  1.374123176978046E+03   6.9173687E-16   9.5587112E-17      0
  1.374706162579746E+03   6.9531521E-16   9.2301174E-17      0
  1.375289146634734E+03   6.3940071E-16   9.2766056E-17      0
  1.375872129143024E+03   6.2884187E-16   8.8984841E-17      0
  1.376455110104626E+03   4.8852223E-16   8.1201177E-17      0
  1.377038089519554E+03   6.3072403E-16   8.9076367E-17      0
  1.377621067387821E+03   5.8159574E-16   8.8135346E-17      0
  1.378204043709437E+03   6.9524470E-16   9.2937190E-17      0
  1.378787018484415E+03   5.5476571E-16   8.6318944E-17      0
  1.379369991712769E+03   6.0297200E-16   8.6982376E-17      0
  1.379952963394510E+03   3.5395077E-16   7.1487284E-17      0
  1.380535933529650E+03   5.7696682E-16   8.6208797E-17      0
  1.381118902118202E+03   4.1172069E-16   7.5671938E-17      0
  1.381701869160178E+03   5.1832704E-16   8.3596269E-17      0
  1.382284834655590E+03   4.9909278E-16   8.2406485E-17      0
  1.382867798604451E+03   5.0028704E-16   8.1114661E-17      0
  1.383450761006772E+03   3.5046142E-16   7.1860085E-17      0
  1.384033721862568E+03   4.3801707E-16   7.6382758E-17      0
  1.384616681171849E+03   6.0569934E-16   9.1622350E-17      0
  1.385199638934627E+03   6.7216294E-16   9.4838745E-17      0
  1.385782595150916E+03   5.6837547E-16   8.8517339E-17      0
  1.386365549820727E+03   6.0503923E-16   9.1362899E-17     16
  1.386948502944073E+03   5.2927484E-16   8.4344292E-17      0
  1.387531454520967E+03   6.7426861E-16   9.6649510E-17      0
  1.388114404551419E+03   5.2822176E-16   8.5320510E-17      0
  1.388697353035444E+03   5.2356409E-16   8.5595300E-17      0
  1.389280299973052E+03   4.2687115E-16   7.9225374E-17      0
  1.389863245364257E+03   6.0076526E-16   9.1301212E-17     16
  1.390446189209071E+03   4.9885561E-16   8.4722922E-17      0
  1.391029131507505E+03   3.7206499E-16   7.3210904E-17      0
  1.391612072259573E+03   4.4789297E-16   8.1290599E-17      0
  1.392195011465286E+03   4.8096299E-16   8.1817090E-17      0
  1.392777949124657E+03   3.5720698E-16   7.2987353E-17      0
  1.393360885237699E+03   4.9297418E-16   8.3277335E-17      0
  1.393943819804422E+03   3.8193994E-16   7.4934953E-17      0
  1.394526752824841E+03   2.1257217E-16   5.7964178E-17      0
  1.395109684298967E+03   1.8080794E-16   5.5559028E-17      0
  1.395692614226812E+03   4.3490091E-16   7.8735273E-17      0
  1.396275542608389E+03   3.5996830E-16   7.4050671E-17      0
  1.396858469443710E+03   3.8803747E-16   7.6664277E-17      0
  1.397441394732787E+03   3.7104940E-16   7.2282893E-17      0
  1.398024318475633E+03   4.6056098E-16   8.1863584E-17      0
  1.398607240672260E+03   3.2274936E-16   7.0097562E-17      0
  1.399190161322680E+03   3.5418884E-16   7.1543447E-17      0
  1.399773080426905E+03   3.0577723E-16   6.8147923E-17      0
  1.400355997984949E+03   4.0611228E-16   7.8309453E-17      0
  1.400938913996822E+03   3.2139800E-16   7.0626600E-17      0
  1.401521828462538E+03   3.5376074E-16   7.3379411E-17      0
  1.402104741382109E+03   2.4229862E-16   6.1925527E-17      0
  1.402687652755547E+03   4.7212981E-16   8.5259392E-17     16
  1.403270562582864E+03   2.7032884E-16   6.4998086E-17      0
  1.403853470864073E+03   2.9336732E-16   6.6962395E-17      0
  1.404436377599185E+03   1.6361124E-16   5.4550166E-17     16
  1.405019282788214E+03   2.3425991E-16   6.3061146E-17      0
  1.405602186431172E+03   2.9897918E-16   6.7556972E-17      0
  1.406185088528071E+03   2.3624228E-16   6.2605257E-17      0
  1.406767989078922E+03   2.7314917E-16   6.5549683E-17      0
  1.407350888083739E+03   2.5319220E-16   6.3616224E-17      0
  1.407933785542534E+03   3.7345148E-16   7.5478477E-17      0
  1.408516681455319E+03   1.2069376E-16   4.9775024E-17      0
  1.409099575822107E+03   2.4490012E-16   6.3871896E-17      0
  1.409682468642909E+03   2.2896418E-16   6.1887225E-17      0
  1.410265359917738E+03   2.5398698E-16   6.5152365E-17      0
  1.410848249646606E+03   2.9545216E-16   6.9235123E-17      0
  1.411431137829526E+03   2.6284470E-16   6.6871259E-17      0
  1.412014024466510E+03   2.7747878E-16   6.7153262E-17      0
  1.412596909557570E+03   3.3793028E-16   7.3619604E-17      0
  1.413179793102718E+03   2.7085567E-16   6.6401917E-17      0
  1.413762675101968E+03   2.7131371E-16   6.8023158E-17     16
  1.414345555555330E+03   3.3395394E-16   7.3642494E-17     16
  1.414928434462817E+03   2.7659668E-16   7.2621713E-17     16
  1.415511311824443E+03   3.6772374E-16   7.6459050E-17      0
  1.416094187640218E+03   3.0139505E-16   7.0492180E-17      0
  1.416677061910156E+03   1.8818802E-16   5.8007377E-17      0
  1.417259934634268E+03   3.3783562E-16   7.4142806E-17      0
  1.417842805812567E+03   1.8330980E-16   5.7668372E-17      0
  1.418425675445066E+03   3.2853052E-16   7.3762283E-17      0
  1.419008543531776E+03   3.6214219E-16   7.6085118E-17      0
  1.419591410072709E+03   2.3353892E-16   6.5226963E-17      0
  1.420174275067879E+03   1.3406565E-16   5.1731445E-17     16
  1.420757138517297E+03   3.3011471E-16   7.5460008E-17      0
  1.421340000420975E+03   1.6014454E-16   5.5507267E-17      0
  1.421922860778927E+03   1.6399717E-16   5.5552742E-17      0
  1.422505719591164E+03   2.9300209E-16   7.0241180E-17      0
  1.423088576857699E+03   2.7558643E-16   6.8819402E-17      0
  1.423671432578543E+03   4.1013338E-16   8.1560472E-17      0
  1.424254286753709E+03   2.7117620E-16   6.8081299E-17      0
  1.424837139383210E+03   2.4573387E-16   6.5536005E-17      0
  1.425419990467058E+03   2.3379690E-16   6.4467982E-17      0
  1.426002840005265E+03   2.5479484E-16   6.8211689E-17      0
  1.426585687997843E+03   1.6940958E-16   5.7001042E-17     16
  1.427168534444804E+03   2.0353496E-16   6.1840903E-17      0
  1.427751379346162E+03   2.1373947E-16   6.3247553E-17      0
  1.428334222701928E+03   1.8988118E-16   5.9462600E-17     16
  1.428917064512115E+03   1.4835318E-16   5.5423457E-17      0
  1.429499904776734E+03   1.7818306E-16   5.8163450E-17      0
  1.430082743495798E+03   2.1109583E-16   6.3316302E-17      0
  1.430665580669320E+03   2.6024664E-16   6.7081211E-17      0
  1.431248416297311E+03   1.7774364E-16   5.8780513E-17      0
  1.431831250379785E+03   1.4726683E-16   5.4334172E-17      0
  1.432414082916753E+03   3.0478427E-16   7.3323222E-17      0
  1.432996913908227E+03   2.1356007E-16   6.4742149E-17     16
  1.433579743354220E+03   2.6121991E-16   6.8863587E-17      0
  1.434162571254745E+03   1.8232045E-16   5.9117851E-17      0
  1.434745397609813E+03   2.5043712E-16   6.8119329E-17      0
  1.435328222419437E+03   8.7627391E-17   4.6315484E-17      0
  1.435911045683628E+03   2.6095158E-16   7.0458669E-17      0
  1.436493867402400E+03   2.1960617E-16   6.5073048E-17      0
  1.437076687575765E+03   2.2390477E-16   6.3721680E-17      0
  1.437659506203735E+03   2.7445572E-16   7.1099515E-17      0
  1.438242323286322E+03   2.2774953E-16   6.6378240E-17      0
  1.438825138823538E+03   1.5424868E-16   5.5574586E-17      0
  1.439407952815397E+03   2.7443306E-16   7.2206614E-17      0
  1.439990765261909E+03   2.4022654E-16   6.7438924E-17      0
  1.440573576163088E+03   2.4706606E-16   6.8425664E-17      0
  1.441156385518945E+03   3.0734718E-16   7.7052529E-17      0
  1.441739193329494E+03   3.1814518E-16   7.4319630E-17      0
  1.442321999594746E+03   2.8925291E-16   7.4820187E-17      0
  1.442904804314713E+03   1.9285152E-16   6.1540232E-17      0
  1.443487607489408E+03   2.0618680E-16   6.2927136E-17      0
  1.444070409118844E+03   3.7095525E-16   8.3290728E-17      0
  1.444653209203032E+03   1.7647035E-16   5.9360684E-17      0
  1.445236007741984E+03   3.1341998E-16   7.4853652E-17      0
  1.445818804735714E+03   1.7198165E-16   6.0880983E-17      0
  1.446401600184233E+03   3.5607298E-16   8.0266013E-17      0
  1.446984394087554E+03   1.6977654E-16   5.8981631E-17      0
  1.447567186445688E+03   2.8632300E-16   7.4603631E-17      0
  1.448149977258649E+03   3.9270584E-16   8.4725099E-17      0
  1.448732766526448E+03   3.3724971E-16   7.9729140E-17      0
  1.449315554249098E+03   2.9929533E-16   7.3479949E-17      0
  1.449898340426611E+03   3.7280353E-16   8.3986956E-17      0
  1.450481125058999E+03   2.6493295E-16   7.1086228E-17      0
  1.451063908146275E+03   1.7237293E-16   6.0248871E-17      0
  1.451646689688451E+03   3.2170060E-16   7.8141152E-17      0
  1.452229469685539E+03   5.7141393E-16   1.0129799E-16      0
  1.452812248137552E+03   4.2371550E-16   8.7395212E-17      0
  1.453395025044502E+03   3.7413909E-16   8.3752977E-17      0
  1.453977800406400E+03   2.7855732E-16   7.2734071E-17      0
  1.454560574223260E+03   2.9769248E-16   7.6509495E-17      0
  1.455143346495094E+03   2.6238812E-16   7.1844302E-17      0
  1.455726117221913E+03   2.4295507E-16   6.9701038E-17      0
  1.456308886403731E+03   4.1604300E-16   8.7029307E-17      0
  1.456891654040559E+03   3.0353508E-16   7.8196983E-17      0
  1.457474420132411E+03   2.7083781E-16   7.2312539E-17      0
  1.458057184679297E+03   5.2817343E-16   9.9314540E-17      0
  1.458639947681231E+03   3.5866133E-16   8.0978666E-17      0
  1.459222709138224E+03   3.6940714E-16   8.5741181E-17      0
  1.459805469050290E+03   3.3427626E-16   8.1036383E-17      0
  1.460388227417439E+03   3.6123925E-16   8.4114944E-17      0
  1.460970984239685E+03   5.3908125E-16   1.0031998E-16      0
  1.461553739517040E+03   4.5396466E-16   9.2429393E-17      0
  1.462136493249516E+03   4.1268507E-16   8.9498004E-17      0
  1.462719245437126E+03   4.1473732E-16   8.9894363E-17      0
  1.463301996079881E+03   3.8734028E-16   8.6900915E-17      0
  1.463884745177794E+03   3.6737847E-16   8.5615734E-17      0
  1.464467492730878E+03   5.0668087E-16   9.8783868E-17      0
  1.465050238739144E+03   3.4192007E-16   8.3983965E-17      0
  1.465632983202604E+03   4.3010880E-16   9.2779668E-17      0
  1.466215726121272E+03   5.0121062E-16   9.8694704E-17     16
  1.466798467495159E+03   6.3188758E-16   1.1016170E-16     16
  1.467381207324279E+03   6.0932432E-16   1.0840942E-16      0
  1.467963945608642E+03   7.1898084E-16   1.1414227E-16      0
  1.468546682348261E+03   4.7804443E-16   9.7027088E-17      0
  1.469129417543149E+03   3.8643083E-16   8.7555420E-17      0
  1.469712151193317E+03   4.8015423E-16   9.7051394E-17      0
  1.470294883298779E+03   5.8009983E-16   1.0525081E-16      0
  1.470877613859546E+03   4.5720816E-16   9.4732171E-17      0
  1.471460342875631E+03   4.0974155E-16   8.9789139E-17      0
  1.472043070347046E+03   4.8964015E-16   9.7483870E-17      0
  1.472625796273803E+03   6.3312145E-16   1.1100753E-16      0
  1.473208520655914E+03   6.4924032E-16   1.1390881E-16      0
  1.473791243493393E+03   6.1090308E-16   1.0736549E-16      0
  1.474373964786250E+03   6.5821533E-16   1.1307685E-16     16
  1.474956684534499E+03   7.3458339E-16   1.1981102E-16      0
  1.475539402738151E+03   7.4492249E-16   1.1999785E-16      0
  1.476122119397220E+03   6.2760033E-16   1.1183453E-16      0
  1.476704834511716E+03   7.0238540E-16   1.1487542E-16      0
  1.477287548081654E+03   6.6275622E-16   1.1260095E-16      0
  1.477870260107043E+03   8.4908383E-16   1.2733028E-16      0
  1.478452970587898E+03   6.1973356E-16   1.0853302E-16      0
  1.479035679524231E+03   8.2631574E-16   1.2641117E-16      0
  1.479618386916053E+03   7.4395534E-16   1.2261509E-16      0
  1.480201092763377E+03   7.3038868E-16   1.1832044E-16      0
  1.480783797066215E+03   8.7683792E-16   1.3257289E-16      0
  1.481366499824579E+03   8.5165965E-16   1.2629077E-16      0
  1.481949201038483E+03   7.9256741E-16   1.2430167E-16      0
  1.482531900707937E+03   7.1859168E-16   1.1721188E-16      0
  1.483114598832955E+03   4.2586953E-16   9.3059003E-17      0
  1.483697295413548E+03   8.3504965E-16   1.3031725E-16      0
  1.484279990449729E+03   7.0752752E-16   1.1977786E-16      0
  1.484862683941511E+03   8.2566405E-16   1.2917713E-16      0
  1.485445375888905E+03   9.0357176E-16   1.3484551E-16      0
  1.486028066291923E+03   8.4970396E-16   1.2983333E-16      0
  1.486610755150579E+03   7.0185896E-16   1.1739413E-16      0
  1.487193442464884E+03   8.7865862E-16   1.3503185E-16      0
  1.487776128234850E+03   1.0348924E-15   1.4227099E-16      0
  1.488358812460490E+03   8.5339575E-16   1.3032782E-16      0
  1.488941495141816E+03   8.7148451E-16   1.3176554E-16      0
  1.489524176278841E+03   1.0157802E-15   1.4512728E-16      0
  1.490106855871576E+03   9.9436628E-16   1.4208135E-16      0
  1.490689533920035E+03   8.7422270E-16   1.3246360E-16      0
  1.491272210424228E+03   1.1274486E-15   1.5312460E-16      0
  1.491854885384170E+03   8.9068405E-16   1.3427055E-16      0
  1.492437558799871E+03   9.4766756E-16   1.4020760E-16      0
  1.493020230671343E+03   1.0289731E-15   1.4709787E-16      0
  1.493602900998601E+03   1.3446216E-15   1.6410579E-16      0
  1.494185569781655E+03   1.1546830E-15   1.5674124E-16      0
  1.494768237020518E+03   1.0665698E-15   1.4778495E-16      0
  1.495350902715201E+03   9.4780234E-16   1.4357175E-16      0
  1.495933566865719E+03   1.5435133E-15   1.7594051E-16      0
  1.496516229472082E+03   9.1423400E-16   1.3924803E-16      0
  1.497098890534303E+03   1.1548509E-15   1.5682755E-16      0
  1.497681550052395E+03   1.0008068E-15   1.4703678E-16      0
  1.498264208026369E+03   1.2362702E-15   1.5828805E-16      0
  1.498846864456238E+03   1.3709861E-15   1.7243755E-16      0
  1.499429519342014E+03   1.3488113E-15   1.6818091E-16      0
  1.500012172683709E+03   1.2547600E-15   1.6313763E-16      0
  1.500594824481336E+03   1.2970414E-15   1.6998656E-16      0
  1.501177474734907E+03   1.2139112E-15   1.5801413E-16      0
  1.501760123444434E+03   1.2960882E-15   1.6945966E-16      0
  1.502342770609930E+03   1.2138679E-15   1.6319225E-16      0
  1.502925416231406E+03   9.7956195E-16   1.4410868E-16      0
  1.503508060308876E+03   1.4356447E-15   1.7899948E-16      0
  1.504090702842351E+03   1.0236431E-15   1.4866429E-16      0
  1.504673343831843E+03   1.4337115E-15   1.7973715E-16      0
  1.505255983277366E+03   1.3225412E-15   1.7007357E-16      0
  1.505838621178930E+03   1.2642339E-15   1.6523970E-16      0
  1.506421257536548E+03   1.3911475E-15   1.7214682E-16      0
  1.507003892350234E+03   1.3549628E-15   1.7269665E-16      0
  1.507586525619999E+03   1.2145043E-15   1.6179133E-16      0
  1.508169157345854E+03   1.5024653E-15   1.8376852E-16      0
  1.508751787527813E+03   1.5630204E-15   1.8336747E-16      0
  1.509334416165889E+03   1.2301218E-15   1.6496886E-16      0
  1.509917043260091E+03   1.7793687E-15   1.9832196E-16      0
  1.510499668810435E+03   1.2767862E-15   1.6928177E-16      0
  1.511082292816931E+03   1.1806532E-15   1.6122875E-16      0
  1.511664915279592E+03   1.7988731E-15   1.9950125E-16      0
  1.512247536198430E+03   1.5372831E-15   1.8562477E-16      0
  1.512830155573457E+03   1.2099375E-15   1.6636659E-16      0
  1.513412773404686E+03   1.7044687E-15   1.9331171E-16      0
  1.513995389692129E+03   1.3168749E-15   1.7417466E-16      0
  1.514578004435799E+03   1.6323956E-15   1.8979220E-16      0
  1.515160617635706E+03   1.4736701E-15   1.8535450E-16      0
  1.515743229291865E+03   1.4459001E-15   1.8317931E-16     16
  1.516325839404287E+03   1.5044422E-15   1.8399338E-16      0
  1.516908447972983E+03   1.3098678E-15   1.7491708E-16      0
  1.517491054997968E+03   1.3849298E-15   1.7909159E-16      0
  1.518073660479252E+03   1.2612366E-15   1.6888940E-16      0
  1.518656264416849E+03   1.8629772E-15   2.1244282E-16      0
  1.519238866810770E+03   1.3387894E-15   1.7769354E-16      0
  1.519821467661027E+03   1.8985172E-15   2.0726426E-16      0
  1.520404066967634E+03   1.6527422E-15   2.0174919E-16      0
  1.520986664730602E+03   1.9742907E-15   2.1455035E-16      0
  1.521569260949943E+03   1.5327565E-15   1.9112052E-16      0
  1.522151855625670E+03   1.9288124E-15   2.1304585E-16      0
  1.522734448757795E+03   1.5692578E-15   1.9046053E-16      0
  1.523317040346330E+03   1.9038480E-15   2.1817220E-16      0
  1.523899630391288E+03   1.8483881E-15   2.1045849E-16      0
  1.524482218892681E+03   1.5289335E-15   1.9395354E-16      0
  1.525064805850520E+03   1.7559427E-15   2.0705878E-16      0
  1.525647391264820E+03   1.3183807E-15   1.7921101E-16      0
  1.526229975135590E+03   1.3308807E-15   1.7972949E-16      0
  1.526812557462845E+03   1.1510389E-15   1.7105615E-16      0
  1.527395138246596E+03   1.5200989E-15   1.9431359E-16      0
  1.527977717486855E+03   8.9430861E-16   1.4886281E-16      0
  1.528560295183635E+03   9.0437983E-16   1.5199472E-16      0
  1.529142871336948E+03   1.7425468E-15   2.0963120E-16      0
  1.529725445946806E+03   1.5616376E-15   1.9778438E-16      0
  1.530308019013222E+03   1.8429885E-15   2.1685227E-16      0
  1.530890590536208E+03   1.4752796E-15   1.9465246E-16      0
  1.531473160515775E+03   1.8138620E-15   2.1347991E-16      0
  1.532055728951937E+03   1.7797280E-15   2.1068581E-16      0
  1.532638295844705E+03   1.6880445E-15   2.0861629E-16      0
  1.533220861194093E+03   1.7784539E-15   2.0927147E-16      0
  1.533803425000111E+03   1.7115697E-15   2.1118192E-16      0
  1.534385987262773E+03   1.8219378E-15   2.1553796E-16      0
  1.534968547982091E+03   2.2113066E-15   2.3788055E-16      0
  1.535551107158076E+03   1.9707681E-15   2.2418207E-16      0
  1.536133664790741E+03   2.0215439E-15   2.2991052E-16      0
  1.536716220880099E+03   1.9245120E-15   2.2459717E-16      0
  1.537298775426162E+03   2.0432101E-15   2.3087982E-16      0
  1.537881328428942E+03   2.0938455E-15   2.3485638E-16      0
  1.538463879888450E+03   1.7975316E-15   2.2025301E-16      0
  1.539046429804701E+03   1.3255889E-15   1.9009915E-16      0
  1.539628978177705E+03   1.8320653E-15   2.2615031E-16      0
  1.540211525007475E+03   1.7951186E-15   2.2006811E-16      0
  1.540794070294024E+03   1.4309395E-15   1.9867620E-16      0
  1.541376614037363E+03   1.9027367E-15   2.2635706E-16      0
  1.541959156237505E+03   1.7005759E-15   2.1991310E-16      0
  1.542541696894462E+03   1.4742190E-15   1.9936342E-16      0
  1.543124236008246E+03   1.7322328E-15   2.2058318E-16      0
  1.543706773578870E+03   1.7571980E-15   2.2028775E-16      0
  1.544289309606346E+03   1.7555935E-15   2.2343607E-16      0
  1.544871844090685E+03   1.9671059E-15   2.3708018E-16      0
  1.545454377031902E+03   2.1022341E-15   2.4155656E-16      0
  1.546036908430007E+03   1.7292649E-15   2.1987566E-16      0
  1.546619438285013E+03   1.9382513E-15   2.3549845E-16      0
  1.547201966596932E+03   1.5410190E-15   2.0992253E-16      0
  1.547784493365777E+03   1.8204013E-15   2.3136207E-16      0
  1.548367018591559E+03   1.1717676E-15   1.8325744E-16      0
  1.548949542274291E+03   1.2494177E-15   1.9067818E-16      0
  1.549532064413986E+03   1.1621147E-15   1.8623334E-16      0
  1.550114585010655E+03   1.1927257E-15   1.8858803E-16      0
  1.550697104064311E+03   1.4649276E-15   2.0518870E-16      0
  1.551279621574966E+03   1.4668644E-15   2.1147206E-16      0
  1.551862137542632E+03   1.2496032E-15   1.9261295E-16      0
  1.552444651967322E+03   1.4876442E-15   2.1050166E-16      0
  1.553027164849047E+03   1.4555860E-15   2.0785649E-16      0
  1.553609676187821E+03   1.9516740E-15   2.4375888E-16      0
  1.554192185983655E+03   1.8366277E-15   2.3314185E-16      0
  1.554774694236562E+03   1.5072728E-15   2.1722131E-16      0
  1.555357200946553E+03   1.8351020E-15   2.3659441E-16      0
  1.555939706113641E+03   1.7765364E-15   2.3114979E-16      0
  1.556522209737839E+03   1.4262484E-15   2.0569806E-16      0
  1.557104711819159E+03   1.8002624E-15   2.3037679E-16      0
  1.557687212357612E+03   1.7994614E-15   2.3786088E-16      0
  1.558269711353212E+03   1.5959777E-15   2.2513704E-16      0
  1.558852208805970E+03   1.1096816E-15   1.8689384E-16      0
  1.559434704715899E+03   1.6679096E-15   2.2650606E-16      0
  1.560017199083010E+03   1.4222849E-15   2.1363093E-16      0
  1.560599691907317E+03   1.5147705E-15   2.1587635E-16      0
  1.561182183188831E+03   1.5788262E-15   2.2265778E-16      0
  1.561764672927565E+03   1.4690397E-15   2.1367400E-16      0
  1.562347161123531E+03   1.1348113E-15   1.8598144E-16      0
  1.562929647776741E+03   1.4186088E-15   2.1532141E-16      0
  1.563512132887208E+03   6.5073290E-16   1.4758643E-16      0
  1.564094616454944E+03   1.6810888E-15   2.3228650E-16      0
  1.564677098479960E+03   1.3284755E-15   2.0419853E-16      0
  1.565259578962270E+03   1.7139304E-15   2.3458890E-16      0
  1.565842057901885E+03   1.3325415E-15   2.0487465E-16      0
  1.566424535298818E+03   1.3175726E-15   2.0722235E-16      0
  1.567007011153081E+03   1.7093961E-15   2.3833413E-16      0
  1.567589485464686E+03   1.1617347E-15   1.9522229E-16      0
  1.568171958233646E+03   1.5024742E-15   2.2520616E-16      0
  1.568754429459973E+03   1.7037781E-15   2.3580955E-16      0
  1.569336899143678E+03   1.6299553E-15   2.3633876E-16      0
  1.569919367284775E+03   1.6300692E-15   2.3410421E-16      0
  1.570501833883276E+03   1.2266044E-15   2.0316061E-16      0
  1.571084298939192E+03   1.3003938E-15   2.0711325E-16      0
  1.571666762452537E+03   1.0770560E-15   1.9459182E-16      0
  1.572249224423322E+03   1.1197420E-15   1.9614484E-16      0
  1.572831684851559E+03   1.3228637E-15   2.1293420E-16      0
  1.573414143737261E+03   1.4638972E-15   2.2418365E-16      0
  1.573996601080441E+03   1.0644136E-15   1.9532249E-16      0
  1.574579056881110E+03   1.1853124E-15   2.0131744E-16      0
  1.575161511139280E+03   1.7659266E-15   2.4846343E-16      0
  1.575743963854964E+03   1.3314534E-15   2.1692617E-16      0
  1.576326415028175E+03   1.4287154E-15   2.2401748E-16      0
  1.576908864658923E+03   1.1270076E-15   2.0317501E-16      0
  1.577491312747223E+03   1.1594606E-15   2.0009139E-16      0
  1.578073759293085E+03   1.0128932E-15   1.9556180E-16      0
  1.578656204296523E+03   1.0874317E-15   1.9628801E-16      0
  1.579238647757547E+03   1.2623347E-15   2.1993868E-16      0
  1.579821089676172E+03   1.0898173E-15   1.9981580E-16      0
  1.580403530052408E+03   1.1567722E-15   2.0832403E-16      0
  1.580985968886269E+03   1.6038617E-15   2.4532742E-16      0
  1.581568406177766E+03   1.5789125E-15   2.4151149E-16      0
  1.582150841926911E+03   1.2703719E-15   2.1566056E-16      0
  1.582733276133718E+03   1.1291661E-15   2.0726220E-16      0
  1.583315708798197E+03   1.1079640E-15   2.0317087E-16      0
  1.583898139920363E+03   9.4339205E-16   1.8909201E-16      0
  1.584480569500226E+03   1.0305342E-15   1.9864353E-16      0
  1.585062997537798E+03   1.2134375E-15   2.1479792E-16      0
  1.585645424033093E+03   1.2264672E-15   2.1389349E-16      0
  1.586227848986122E+03   1.0311513E-15   1.9944025E-16      0
  1.586810272396898E+03   9.5282493E-16   1.9160604E-16      0
  1.587392694265433E+03   1.4374205E-15   2.3640965E-16      0
  1.587975114591739E+03   1.3948204E-15   2.3092249E-16      0
  1.588557533375829E+03   1.4147966E-15   2.3617621E-16      0
  1.589139950617714E+03   1.5310909E-15   2.3970749E-16      0
  1.589722366317407E+03   1.1342409E-15   2.1367171E-16      0
  1.590304780474921E+03   1.1507407E-15   2.1315583E-16      0
  1.590887193090267E+03   9.8560383E-16   1.9979481E-16      0
  1.591469604163457E+03   1.1083103E-15   2.1289521E-16      0
  1.592052013694505E+03   2.0674325E-15   2.8965308E-16      0
  1.592634421683421E+03   1.0178582E-15   2.0316574E-16      0
  1.593216828130219E+03   1.0523748E-15   2.0988452E-16      0
  1.593799233034911E+03   1.3781830E-15   2.3603158E-16      0
  1.594381636397508E+03   1.3973822E-15   2.3977679E-16      0
  1.594964038218025E+03   1.2222751E-15   2.3355427E-16      0
  1.595546438496471E+03   1.3489907E-15   2.3392617E-16      0
  1.596128837232860E+03   1.4698526E-15   2.4793634E-16      0
  1.596711234427204E+03   9.1521264E-16   1.9804460E-16      0
  1.597293630079515E+03   1.3866159E-15   2.4019851E-16      0
  1.597876024189806E+03   1.4614072E-15   2.5342665E-16      0
  1.598458416758088E+03   1.5332376E-15   2.5883792E-16      0
  1.599040807784374E+03   1.4558499E-15   2.5300369E-16      0
  1.599623197268676E+03   1.7794697E-15   2.7758318E-16      0
  1.600205585211007E+03   1.9540464E-15   2.8999809E-16      0
  1.600787971611378E+03   1.6274595E-15   2.6767747E-16      0
  1.601370356469803E+03   1.3943723E-15   2.4977562E-16      0
  1.601952739786292E+03   1.8996107E-15   2.8509244E-16      0
  1.602535121560859E+03   1.8412097E-15   2.8983630E-16      0
  1.603117501793516E+03   1.6637357E-15   2.7251027E-16      0
  1.603699880484274E+03   1.9758907E-15   2.9681175E-16      0
  1.604282257633147E+03   1.4722914E-15   2.6274271E-16      0
  1.604864633240146E+03   2.0082253E-15   2.9927344E-16      0
  1.605447007305284E+03   2.0673277E-15   3.0750314E-16      0
  1.606029379828572E+03   1.3301788E-15   2.4891408E-16      0
  1.606611750810024E+03   1.6776303E-15   2.7879409E-16      0
  1.607194120249651E+03   1.7372348E-15   2.8293468E-16      0
  1.607776488147466E+03   2.1427621E-15   3.1453764E-16      0
  1.608358854503481E+03   1.4613956E-15   2.6133288E-16      0
  1.608941219317707E+03   1.7015952E-15   2.8311542E-16      0
  1.609523582590159E+03   1.6383092E-15   2.7815014E-16      0
  1.610105944320846E+03   1.2867359E-15   2.4622102E-16      0
  1.610688304509783E+03   2.0261083E-15   3.0455655E-16      0
  1.611270663156981E+03   2.1594061E-15   3.1971687E-16      0
  1.611853020262452E+03   1.4963637E-15   2.6666593E-16      0
  1.612435375826209E+03   2.0004610E-15   3.0711779E-16      0
  1.613017729848263E+03   1.8300776E-15   2.9434019E-16      0
  1.613600082328628E+03   1.9571562E-15   3.1124988E-16      0
  1.614182433267315E+03   1.9822081E-15   3.0823227E-16      0
  1.614764782664336E+03   1.5784247E-15   2.7263889E-16      0
  1.615347130519705E+03   2.1010932E-15   3.1850120E-16      0
  1.615929476833432E+03   1.8497865E-15   2.9425649E-16      0
  1.616511821605531E+03   2.5656344E-15   3.5385148E-16      0
  1.617094164836013E+03   1.8985871E-15   2.9468308E-16      0
  1.617676506524891E+03   2.0324727E-15   3.1898385E-16      0
  1.618258846672177E+03   1.8507509E-15   2.9795774E-16      0
  1.618841185277883E+03   2.7592880E-15   3.7051341E-16      0
  1.619423522342022E+03   2.5407020E-15   3.5082318E-16      0
  1.620005857864606E+03   2.6237299E-15   3.5801415E-16      0
  1.620588191845647E+03   2.3927317E-15   3.3929223E-16      0
  1.621170524285156E+03   2.5329201E-15   3.5301006E-16      0
  1.621752855183148E+03   2.6328465E-15   3.5952160E-16      0
  1.622335184539633E+03   3.0028881E-15   3.9200791E-16      0
  1.622917512354624E+03   1.8221606E-15   3.0096841E-16      0
  1.623499838628133E+03   2.6830520E-15   3.6338907E-16      0
  1.624082163360173E+03   2.4772548E-15   3.5921188E-16      0
  1.624664486550755E+03   2.5064266E-15   3.5257572E-16      0
  1.625246808199892E+03   2.6082942E-15   3.6329743E-16      0
  1.625829128307597E+03   3.2143683E-15   4.0371864E-16      0
  1.626411446873881E+03   2.3039167E-15   3.3772734E-16      0
  1.626993763898756E+03   2.9823395E-15   3.9353548E-16      0
  1.627576079382236E+03   2.8667584E-15   3.8119691E-16      0
  1.628158393324331E+03   2.4390265E-15   3.5312711E-16      0
  1.628740705725056E+03   2.5282642E-15   3.5909647E-16      0
  1.629323016584420E+03   3.0586309E-15   3.9962527E-16      0
  1.629905325902438E+03   2.5087005E-15   3.5239879E-16      0
  1.630487633679120E+03   1.7679104E-15   3.1355209E-16      0
  1.631069939914480E+03   2.3920564E-15   3.4997795E-16      0
  1.631652244608530E+03   2.4839703E-15   3.5889487E-16      0
  1.632234547761281E+03   2.2395172E-15   3.3859396E-16      0
  1.632816849372746E+03   2.5307089E-15   3.7346260E-16      0
  1.633399149442938E+03   2.2259501E-15   3.3651944E-16      0
  1.633981447971868E+03   2.9529326E-15   4.0365710E-16      0
  1.634563744959549E+03   2.5934190E-15   3.7535188E-16      0
  1.635146040405993E+03   2.5951440E-15   3.6774647E-16      0
  1.635728334311212E+03   2.4848482E-15   3.5835989E-16      0
  1.636310626675219E+03   2.0257678E-15   3.2932117E-16      0
  1.636892917498025E+03   2.6172437E-15   3.6715734E-16      0
  1.637475206779643E+03   2.9549627E-15   3.9964036E-16      0
  1.638057494520086E+03   2.3483628E-15   3.5739690E-16      0
  1.638639780719365E+03   3.4590045E-15   4.3006364E-16      0
  1.639222065377493E+03   2.2112939E-15   3.4591677E-16      0
  1.639804348494481E+03   2.6610635E-15   3.7314607E-16      0
  1.640386630070343E+03   2.2650455E-15   3.4930887E-16      0
  1.640968910105090E+03   2.5102190E-15   3.6461764E-16      0
  1.641551188598735E+03   3.2516091E-15   4.1403492E-16      0
  1.642133465551289E+03   2.9633666E-15   4.0802779E-16      0
  1.642715740962766E+03   3.3251589E-15   4.2615093E-16      0
  1.643298014833177E+03   2.4043778E-15   3.6284361E-16      0
  1.643880287162534E+03   2.8810299E-15   3.9673710E-16      0
  1.644462557950850E+03   3.1181998E-15   4.1700790E-16      0
  1.645044827198138E+03   2.3428084E-15   3.5759341E-16      0
  1.645627094904409E+03   3.2086129E-15   4.2180946E-16      0
  1.646209361069675E+03   2.5183708E-15   3.7157887E-16      0
  1.646791625693948E+03   2.8395164E-15   3.9475843E-16      0
  1.647373888777242E+03   2.6289304E-15   3.7973019E-16      0
  1.647956150319568E+03   2.7934721E-15   3.9209460E-16      0
  1.648538410320939E+03   2.6586319E-15   3.8321610E-16      0
  1.649120668781366E+03   2.9829451E-15   4.0319396E-16      0
  1.649702925700862E+03   2.6207125E-15   3.8329620E-16      0
  1.650285181079439E+03   2.3390514E-15   3.5690631E-16      0
  1.650867434917110E+03   2.3017449E-15   3.5959225E-16      0
  1.651449687213886E+03   2.8439620E-15   4.0144145E-16      0
  1.652031937969780E+03   2.6682419E-15   3.8141147E-16      0
  1.652614187184804E+03   2.3586897E-15   3.6935774E-16      0
  1.653196434858970E+03   2.5941229E-15   3.7851105E-16      0
  1.653778680992292E+03   2.4506086E-15   3.7703612E-16      0
  1.654360925584779E+03   2.8290390E-15   3.9625930E-16      0
  1.654943168636446E+03   2.9682033E-15   4.1566480E-16      0
  1.655525410147304E+03   2.6828003E-15   3.8724888E-16      0
  1.656107650117365E+03   2.6927948E-15   3.9381386E-16      0
  1.656689888546642E+03   2.7558164E-15   3.9101900E-16      0
  1.657272125435148E+03   2.8117462E-15   4.1114246E-16      0
  1.657854360782893E+03   2.2176263E-15   3.5512142E-16      0
  1.658436594589891E+03   3.0787572E-15   4.2296127E-16      0
  1.659018826856153E+03   2.6788397E-15   3.9730644E-16      0
  1.659601057581692E+03   2.4310798E-15   3.7960398E-16      0
  1.660183286766521E+03   2.9916719E-15   4.3708888E-16      0
  1.660765514410650E+03   2.1439499E-15   3.5377604E-16      0
  1.661347740514093E+03   2.6190540E-15   3.9187865E-16      0
  1.661929965076862E+03   2.9261261E-15   4.1499331E-16      0
  1.662512188098969E+03   3.0899965E-15   4.2171825E-16      0
  1.663094409580427E+03   2.1590093E-15   3.5479013E-16      0
  1.663676629521246E+03   3.2115705E-15   4.3310213E-16      0
  1.664258847921441E+03   2.7050082E-15   4.0266305E-16      0
  1.664841064781022E+03   2.7173056E-15   4.0497262E-16      0
  1.665423280100003E+03   2.1113404E-15   3.5409956E-16      0
  1.666005493878395E+03   3.3777842E-15   4.4591356E-16      0
  1.666587706116210E+03   2.4955143E-15   3.9445141E-16      0
  1.667169916813462E+03   2.6607037E-15   3.9241173E-16      0
  1.667752125970161E+03   2.5977247E-15   4.0070450E-16      0
  1.668334333586321E+03   3.7909256E-15   4.7165044E-16      0
  1.668916539661954E+03   2.7775841E-15   4.0758701E-16      0
  1.669498744197071E+03   2.5330459E-15   3.9264016E-16      0
  1.670080947191685E+03   2.6560351E-15   4.0681171E-16      0
  1.670663148645808E+03   1.7504905E-15   3.2475698E-16      0
  1.671245348559453E+03   2.0416954E-15   3.5754642E-16      0
  1.671827546932632E+03   1.0516169E-15   2.5457930E-16      0
  1.672409743765356E+03   1.8644946E-15   3.4883631E-16      0
  1.672991939057639E+03   2.3197776E-15   3.7375721E-16      0
  1.673574132809492E+03   2.7672888E-15   4.1930683E-16      0
  1.674156325020927E+03   2.4977748E-15   3.9467122E-16      0
  1.674738515691958E+03   2.4803179E-15   3.8494659E-16      0
  1.675320704822595E+03   3.1897793E-15   4.4225597E-16      0
  1.675902892412852E+03   2.9227865E-15   4.2620715E-16      0
  1.676485078462741E+03   2.3874320E-15   3.8210988E-16      0
  1.677067262972273E+03   2.8200797E-15   4.2234474E-16      0
  1.677649445941460E+03   2.2163545E-15   3.7675020E-16      0
  1.678231627370317E+03   3.6814474E-15   4.7518924E-16      0
  1.678813807258853E+03   2.6792300E-15   4.1318913E-16      0
  1.679395985607083E+03   2.4896700E-15   3.9157566E-16      0
  1.679978162415017E+03   3.1657687E-15   4.4502656E-16      0
  1.680560337682668E+03   2.4120241E-15   3.8923610E-16      0
  1.681142511410048E+03   3.3445962E-15   4.5094700E-16      0
  1.681724683597170E+03   2.0510924E-15   3.6812497E-16      0
  1.682306854244046E+03   3.0125328E-15   4.3936615E-16      0
  1.682889023350688E+03   2.3077461E-15   3.8453509E-16      0
  1.683471190917108E+03   3.4402034E-15   4.6841626E-16      0
  1.684053356943318E+03   2.2864214E-15   3.8473031E-16      0
  1.684635521429332E+03   2.1550816E-15   3.7115957E-16      0
  1.685217684375159E+03   2.5400316E-15   4.0171136E-16      0
  1.685799845780815E+03   3.0019640E-15   4.4261598E-16      0
  1.686382005646309E+03   2.9039803E-15   4.2822894E-16      0
  1.686964163971655E+03   2.1706854E-15   3.7784620E-16      0
  1.687546320756865E+03   2.1451296E-15   3.7217982E-16      0
  1.688128476001951E+03   1.7808474E-15   3.4269487E-16      0
  1.688710629706925E+03   2.7351200E-15   4.2301866E-16      0
  1.689292781871799E+03   2.0308322E-15   3.6481783E-16      0
  1.689874932496586E+03   1.7766980E-15   3.4198111E-16      0
  1.690457081581299E+03   2.2997182E-15   3.8802884E-16      0
  1.691039229125948E+03   2.3536123E-15   3.9867226E-16      0
  1.691621375130547E+03   2.1188944E-15   3.7473275E-16      0
  1.692203519595106E+03   2.7688073E-15   4.3264116E-16      0
  1.692785662519640E+03   2.0861471E-15   3.8095834E-16      0
  1.693367803904160E+03   3.2712442E-15   4.7345960E-16      0
  1.693949943748678E+03   2.3687751E-15   4.0105237E-16      0
  1.694532082053207E+03   2.4934626E-15   4.1584161E-16      0
  1.695114218817758E+03   2.7345662E-15   4.3272094E-16      0
  1.695696354042345E+03   2.1835883E-15   3.8652194E-16      0
  1.696278487726978E+03   2.7025039E-15   4.2791178E-16      0
  1.696860619871671E+03   2.0175010E-15   3.8164988E-16      0
  1.697442750476435E+03   2.8264172E-15   4.3672526E-16      0
  1.698024879541283E+03   2.1292532E-15   3.8302586E-16      0
  1.698607007066227E+03   2.7592797E-15   4.4288433E-16      0
  1.699189133051279E+03   2.4450847E-15   4.1390704E-16      0
  1.699771257496452E+03   2.8213264E-15   4.4170463E-16      0
  1.700353380401757E+03   2.9494051E-15   4.6177515E-16      0
  1.700935501767208E+03   2.2921311E-15   3.9998050E-16      0
  1.701517621592815E+03   2.7006993E-15   4.4484513E-16      0
  1.702099739878591E+03   2.2687418E-15   4.0192277E-16      0
  1.702681856624549E+03   2.3656993E-15   4.1291408E-16      0
  1.703263971830702E+03   2.2328445E-15   4.0859424E-16      0
  1.703846085497060E+03   2.5255670E-15   4.2564107E-16      0
  1.704428197623635E+03   2.3302006E-15   4.0678212E-16      0
  1.705010308210442E+03   2.5606888E-15   4.3386195E-16      0
  1.705592417257491E+03   2.1638846E-15   3.8998366E-16      0
  1.706174524764795E+03   3.0281441E-15   4.6836713E-16      0
  1.706756630732367E+03   1.8139234E-15   3.7152109E-16      0
  1.707338735160217E+03   2.0049683E-15   3.8916696E-16      0
  1.707920838048359E+03   2.5192865E-15   4.2727619E-16      0
  1.708502939396805E+03   2.8873083E-15   4.6980031E-16      0
  1.709085039205566E+03   2.0541119E-15   3.9030513E-16      0
  1.709667137474656E+03   2.2110874E-15   4.1685549E-16      0
  1.710249234204086E+03   2.1868195E-15   4.0786669E-16      0
  1.710831329393869E+03   2.1840838E-15   4.1446810E-16      0
  1.711413423044017E+03   2.0679892E-15   3.8604961E-16      0
  1.711995515154541E+03   1.7836187E-15   3.7195882E-16      0
  1.712577605725455E+03   1.9092631E-15   3.7817599E-16      0
  1.713159694756770E+03   2.7633493E-15   4.6432684E-16   2048
  1.713741782248499E+03   1.3797958E-15   3.0054574E-16   2560
  1.714323868200655E+03   1.3797939E-15   3.2563623E-16   2564
  1.714905952613248E+03   2.3730801E-15   4.2903661E-16   2564
  1.715488035486291E+03   3.9690579E-15   5.5521310E-16   2564
  1.716070116819797E+03   6.1828283E-17   7.7644354E-17   2564
