  1.119787548392745E+03   0.0000000E+00   0.0000000E+00   2564
  1.120371208953399E+03   0.0000000E+00   0.0000000E+00   2564
  1.120954867961681E+03   0.0000000E+00   0.0000000E+00   2564
  1.121538525417603E+03   0.0000000E+00   0.0000000E+00   2564
  1.122122181321179E+03   0.0000000E+00   0.0000000E+00   2560
  1.122705835672420E+03   0.0000000E+00   0.0000000E+00   2560
  1.123289488471339E+03   0.0000000E+00   0.0000000E+00    512
  1.123873139717949E+03   0.0000000E+00   0.0000000E+00    512
  1.124456789412261E+03   0.0000000E+00   0.0000000E+00    512
  1.125040437554288E+03   0.0000000E+00   0.0000000E+00    512
  1.125624084144043E+03   0.0000000E+00   0.0000000E+00    512
  1.126207729181538E+03   0.0000000E+00   0.0000000E+00    512
  1.126791372666784E+03   0.0000000E+00   0.0000000E+00    512
  1.127375014599796E+03   0.0000000E+00   0.0000000E+00    512
  1.127958654980584E+03   0.0000000E+00   0.0000000E+00    512
  1.128542293809162E+03   0.0000000E+00   0.0000000E+00    512
  1.129125931085541E+03   0.0000000E+00   0.0000000E+00    512
  1.129709566809735E+03   0.0000000E+00   0.0000000E+00    512
  1.130293200981755E+03   0.0000000E+00   0.0000000E+00    512
  1.130876833601614E+03   0.0000000E+00   0.0000000E+00    512
  1.131460464669325E+03   0.0000000E+00   0.0000000E+00    512
  1.132044094184899E+03   0.0000000E+00   0.0000000E+00    512
  1.132627722148349E+03   0.0000000E+00   0.0000000E+00    512
  1.133211348559688E+03   0.0000000E+00   0.0000000E+00    512
  1.133794973418927E+03   0.0000000E+00   0.0000000E+00    512
  1.134378596726080E+03   0.0000000E+00   0.0000000E+00    512
  1.134962218481158E+03   0.0000000E+00   0.0000000E+00    512
  1.135545838684174E+03   0.0000000E+00   0.0000000E+00    512
  1.136129457335141E+03   0.0000000E+00   0.0000000E+00    512
  1.136713074434070E+03   0.0000000E+00   0.0000000E+00    512
  1.137296689980974E+03   0.0000000E+00   0.0000000E+00    512
  1.137880303975866E+03   0.0000000E+00   0.0000000E+00    512
  1.138463916418758E+03  -2.5136008E-14   1.1887450E-14      0
  1.139047527309662E+03  -1.2984504E-14   1.6199300E-18      0
  1.139631136648591E+03  -7.8973938E-15   9.9940861E-19      0
  1.140214744435557E+03  -4.6026165E-15   1.3593402E-15      0
  1.140798350670572E+03  -4.4373511E-15   5.6428995E-19      0
  1.141381955353649E+03  -2.4481673E-15   1.0613024E-15      0
  1.141965558484800E+03  -1.8636603E-15   9.3871537E-16      0
  1.142549160064038E+03  -1.1637448E-15   8.6135347E-16      0
  1.143132760091375E+03  -1.2439378E-15   5.9052008E-16      0
  1.143716358566823E+03  -5.7393634E-16   6.6935344E-16      0
  1.144299955490395E+03  -4.1490204E-16   5.7320472E-16      0
  1.144883550862103E+03  -1.0785374E-15   1.2531031E-19      0
  1.145467144681959E+03  -4.6694496E-16   3.6818500E-16      0
  1.146050736949976E+03  -3.4150616E-16   3.3602146E-16      0
  1.146634327666166E+03   2.9273872E-16   4.7587852E-16      0
  1.147217916830542E+03  -4.5440946E-16   2.0156524E-16      0
  1.147801504443116E+03  -4.1650267E-16   1.8036426E-16      0
  1.148385090503900E+03  -2.7629429E-16   2.1359621E-16      0
  1.148968675012907E+03  -4.1572777E-16   1.1427357E-16      0
  1.149552257970149E+03  -4.6716832E-16   5.5085595E-20      0
  1.150135839375639E+03  -4.3466520E-16   5.3213353E-20      0
  1.150719419229388E+03  -3.5633001E-16   7.4292902E-17      0
  1.151302997531410E+03  -3.7743179E-16   4.6378304E-20      0
  1.151886574281716E+03   5.8535271E-17   2.0517860E-16      0
  1.152470149480319E+03  -2.3241385E-16   9.7553089E-17      0
  1.153053723127232E+03  -8.8569418E-17   1.4287204E-16      0
  1.153637295222467E+03  -1.1476932E-16   1.2625600E-16      0
  1.154220865766036E+03  -1.9941739E-16   7.7614304E-17      0
  1.154804434757951E+03  -1.1173528E-16   1.0832779E-16      0
  1.155388002198225E+03  -7.6653471E-17   1.1350067E-16      0
  1.155971568086870E+03  -2.4350246E-16   2.7667040E-20      0
  1.156555132423899E+03  -1.0311949E-16   9.3152409E-17      0
  1.157138695209323E+03  -1.6145261E-16   6.6971679E-17      0
  1.157722256443157E+03  -1.3528916E-16   7.2783106E-17      0
  1.158305816125411E+03  -2.1668605E-16   2.4961198E-20      0
  1.158889374256098E+03  -8.9805457E-17   8.6052545E-17      0
  1.159472930835231E+03  -9.2616945E-17   8.0353112E-17      0
  1.160056485862822E+03   2.6577526E-17   1.1431554E-16      0
  1.160640039338883E+03  -3.1770505E-17   9.5621563E-17      0
  1.161223591263426E+03  -1.3764427E-16   5.5267517E-17      0
  1.161807141636465E+03  -8.8430941E-17   7.4255653E-17      0
  1.162390690458011E+03  -8.0709574E-17   7.3694553E-17      0
  1.162974237728077E+03  -1.0317359E-16   6.1440435E-17      0
  1.163557783446675E+03  -2.2558982E-17   8.9412943E-17      0
  1.164141327613817E+03   5.0890706E-17   1.0191432E-16      0
  1.164724870229516E+03  -1.2064089E-16   4.9943561E-17      0
  1.165308411293785E+03  -1.0898735E-17   8.4614370E-17      0
  1.165891950806636E+03  -1.6477393E-16   1.7598822E-20      0
  1.166475488768080E+03  -4.2211387E-17   7.5109515E-17      0
  1.167059025178130E+03  -1.6040717E-16   1.7316472E-20      0
  1.167642560036800E+03   1.7942474E-16   1.1938381E-16      0
  1.168226093344101E+03  -1.5630103E-16   1.6704155E-20      0
  1.168809625100045E+03   1.0406672E-17   8.2286723E-17      0
  1.169393155304645E+03  -7.0928660E-17   5.7352588E-17      0
  1.169976683957913E+03  -1.3418308E-17   7.3774141E-17      0
  1.170560211059862E+03  -1.4768557E-16   1.5720193E-20      0
  1.171143736610504E+03  -6.7786015E-17   5.4560880E-17      0
  1.171727260609851E+03  -1.0452220E-16   3.8082442E-17      0
  1.172310783057916E+03  -7.7457416E-18   6.9947524E-17      0
  1.172894303954711E+03  -4.7669396E-17   5.7889355E-17      0
  1.173477823300249E+03  -6.5437451E-17   4.9315324E-17      0
  1.174061341094542E+03   3.5309012E-17   8.6652576E-17     16
  1.174644857337602E+03  -2.6957689E-17   6.0105054E-17      0
  1.175228372029441E+03  -9.5439556E-17   3.3580132E-17      0
  1.175811885170072E+03   2.1792796E-16   1.0836572E-16      0
  1.176395396759508E+03  -9.1828033E-17   3.3770750E-17      0
  1.176978906797761E+03  -2.5802615E-17   5.6827725E-17      0
  1.177562415284842E+03   4.0237986E-18   6.3358289E-17      0
  1.178145922220765E+03  -9.5163721E-18   6.0577805E-17      0
  1.178729427605542E+03   4.2773104E-18   6.2099016E-17      0
  1.179312931439185E+03   5.2099810E-18   6.2049200E-17      0
  1.179896433721707E+03  -1.2890915E-17   5.6555477E-17      0
  1.180479934453119E+03  -9.9837333E-18   5.6193271E-17      0
  1.181063433633435E+03  -4.5291642E-17   4.4641459E-17      0
  1.181646931262667E+03  -1.1123488E-17   5.5559035E-17      0
  1.182230427340826E+03   4.5283142E-18   6.0106887E-17     16
  1.182813921867926E+03   9.4640917E-17   7.7778476E-17      0
  1.183397414843979E+03   1.5031882E-16   8.4745732E-17      0
  1.183980906268997E+03  -9.1656236E-18   5.2426704E-17      0
  1.184564396142993E+03   2.6225000E-18   5.4990931E-17      0
  1.185147884465978E+03  -7.6361790E-18   5.2082249E-17      0
  1.185731371237966E+03  -2.6512978E-17   4.5142068E-17      0
  1.186314856458968E+03  -2.6024874E-17   4.4902973E-17      0
  1.186898340128997E+03  -1.5570550E-17   4.7092028E-17      0
  1.187481822248066E+03  -1.6351911E-17   4.8044341E-17      0
  1.188065302816187E+03   7.4296006E-17   6.6086126E-17      0
  1.188648781833371E+03   3.7711786E-17   5.9041419E-17      0
  1.189232259299632E+03   1.1391639E-17   5.1309378E-17      0
  1.189815735214982E+03   1.2158812E-18   4.9420117E-17      0
  1.190399209579433E+03  -2.5105037E-17   4.1179069E-17      0
  1.190982682392998E+03   4.9875500E-17   5.9377221E-17      0
  1.191566153655688E+03   8.2095021E-18   4.8823720E-17      0
  1.192149623367517E+03   1.1526227E-17   4.9968763E-17      0
  1.192733091528497E+03  -1.5190499E-18   4.5371465E-17      0
  1.193316558138639E+03  -4.4638249E-17   3.3043817E-17      0
  1.193900023197958E+03   3.7656792E-17   5.3071276E-17      0
  1.194483486706463E+03  -2.3986540E-17   3.7874493E-17      0
  1.195066948664169E+03  -4.6316619E-17   2.9858755E-17      0
  1.195650409071088E+03   9.4675304E-18   4.6470712E-17      0
  1.196233867927231E+03   7.8484869E-17   5.8524676E-17      0
  1.196817325232612E+03   5.3866144E-17   5.5489661E-17      0
  1.197400780987242E+03  -1.6426667E-17   3.7514083E-17      0
  1.197984235191134E+03   6.6302470E-17   5.7237001E-17      0
  1.198567687844300E+03   4.7421451E-17   5.3952415E-17      0
  1.199151138946753E+03   3.6871212E-17   4.8334727E-17      0
  1.199734588498506E+03   3.1053211E-17   4.8219663E-17      0
  1.200318036499569E+03  -2.4050126E-17   3.3675406E-17      0
  1.200901482949957E+03   1.7436977E-17   4.4396600E-17      0
  1.201484927849680E+03   8.6032806E-18   4.1798886E-17      0
  1.202068371198752E+03   3.9147993E-17   4.9934561E-17      0
  1.202651812997186E+03   1.8254905E-17   4.3245376E-17      0
  1.203235253244992E+03   7.5552751E-17   5.6162010E-17      0
  1.203818691942183E+03   6.3986464E-17   5.1628849E-17      0
  1.204402129088773E+03   1.3644770E-16   6.5630164E-17     16
  1.204985564684773E+03   3.5192482E-17   4.5954360E-17      0
  1.205568998730196E+03   1.1005154E-16   5.7987697E-17      0
  1.206152431225054E+03   8.6287776E-17   5.6224095E-17      0
  1.206735862169359E+03   5.9696910E-17   4.9843521E-17      0
  1.207319291563125E+03   1.9004235E-16   6.9084305E-17      0
  1.207902719406362E+03   1.4178507E-16   6.2628160E-17      0
  1.208486145699083E+03   1.7705114E-16   6.7234491E-17      0
  1.209069570441302E+03  -1.3394758E-16   4.6748969E-17      0
  1.209652993633030E+03  -1.4685687E-16   6.2323407E-17      0
  1.210236415274279E+03  -6.2243058E-17   7.7052278E-17      0
  1.210819835365063E+03   1.7729812E-17   9.4910088E-17      0
  1.211403253905392E+03  -2.3093038E-16   9.1931391E-17      0
  1.211986670895280E+03  -1.0280872E-15   1.0375033E-16      0
  1.212570086334740E+03  -2.8480191E-15   1.5454622E-16      0
  1.213153500223783E+03  -3.4117699E-15   2.4464413E-16      0
  1.213736912562421E+03   6.6553634E-16   4.2093212E-16      0
  1.214320323350668E+03   1.7064425E-16   4.5146655E-16      0
  1.214903732588535E+03  -5.7688645E-16   4.4990690E-16      0
  1.215487140276035E+03  -4.4907576E-17   4.6493368E-16      0
  1.216070546413181E+03   4.4802082E-16   4.5518010E-16      0
  1.216653950999983E+03   9.0292378E-16   4.5790183E-16      0
  1.217237354036456E+03   1.7469487E-15   4.3035089E-16      0
  1.217820755522611E+03   2.5350038E-15   3.8450409E-16      0
  1.218404155458461E+03  -5.7096972E-16   2.2525264E-16     16
  1.218987553844017E+03   1.8491522E-16   1.4128077E-16      0
  1.219570950679293E+03   2.3161487E-17   1.0438436E-16      0
  1.220154345964301E+03   2.0901986E-17   8.5346292E-17      0
  1.220737739699052E+03   2.0307268E-16   8.3265833E-17      0
  1.221321131883560E+03  -1.4166353E-17   5.6369156E-17      0
  1.221904522517837E+03   2.1007396E-17   5.8451308E-17      0
  1.222487911601895E+03  -1.2961808E-17   5.7626914E-17      0
  1.223071299135747E+03  -3.0368484E-17   4.4501126E-17      0
  1.223654685119405E+03   1.1566378E-18   5.9104325E-17      0
  1.224238069552880E+03   4.3147915E-17   5.3045686E-17      0
  1.224821452436187E+03   1.4947467E-16   5.5591083E-17      0
  1.225404833769336E+03   1.3225607E-16   5.1375993E-17      0
  1.225988213552340E+03   1.1148183E-16   4.9467323E-17      0
  1.226571591785212E+03   8.4858560E-17   4.3961811E-17      0
  1.227154968467964E+03   2.5177687E-17   3.4399189E-17      0
  1.227738343600609E+03   6.3524798E-17   4.1357684E-17      0
  1.228321717183158E+03   6.5203233E-17   4.1237918E-17      0
  1.228905089215625E+03   9.8924171E-17   4.4769516E-17      0
  1.229488459698021E+03   8.6461126E-17   4.4140227E-17      0
  1.230071828630358E+03   5.3558466E-17   3.8708651E-17      0
  1.230655196012650E+03   4.9609777E-17   3.7722043E-17      0
  1.231238561844908E+03   5.1905071E-17   3.7833871E-17      0
  1.231821926127145E+03   6.2103132E-17   3.9413267E-17      0
  1.232405288859373E+03   7.2579447E-17   4.0545657E-17      0
  1.232988650041605E+03   2.9316409E-17   3.3445897E-17      0
  1.233572009673853E+03   3.3960595E-17   3.3062442E-17      0
  1.234155367756128E+03   3.7528169E-17   3.4763235E-17      0
  1.234738724288445E+03   4.1896751E-17   3.4278249E-17      0
  1.235322079270815E+03   2.1539783E-16   5.7115729E-17      0
  1.235905432703250E+03   7.7644413E-17   4.0750821E-17     16
  1.236488784585762E+03   3.5536397E-17   3.3399770E-17      0
  1.237072134918365E+03   5.6717637E-17   3.6385372E-17      0
  1.237655483701070E+03   1.5158398E-16   4.9651099E-17      0
  1.238238830933890E+03   3.6516252E-17   3.3428688E-17      0
  1.238822176616837E+03  -2.6227682E-17   1.7126219E-17      0
  1.239405520749923E+03  -4.2697119E-18   2.3934918E-17      0
  1.239988863333161E+03  -3.8499385E-18   2.3517716E-17      0
  1.240572204366564E+03   6.6145018E-18   2.6006203E-17      0
  1.241155543850143E+03   2.1930604E-17   2.9587010E-17      0
  1.241738881783911E+03   7.6465403E-17   3.8037338E-17      0
  1.242322218167880E+03   2.1661079E-17   2.9305851E-17      0
  1.242905553002062E+03   5.9499479E-17   3.7103567E-17     16
  1.243488886286471E+03   7.2766293E-18   2.5172051E-17      0
  1.244072218021118E+03  -6.0599711E-18   2.2018626E-17      0
  1.244655548206015E+03   2.8698489E-17   2.9491593E-17      0
  1.245238876841175E+03   8.5633271E-17   3.8739227E-17      0
  1.245822203926611E+03   5.4742591E-17   3.4587896E-17      0
  1.246405529462334E+03   9.7958123E-17   4.1009206E-17      0
  1.246988853448358E+03   6.3629135E-17   3.5508084E-17      0
  1.247572175884694E+03  -1.4447993E-17   1.9658900E-17      0
  1.248155496771354E+03   3.8772983E-17   3.0771790E-17      0
  1.248738816108352E+03   3.9454123E-17   3.0955514E-17      0
  1.249322133895699E+03   7.5790205E-17   3.7304741E-17      0
  1.249905450133408E+03   1.0727951E-16   4.1345696E-17      0
  1.250488764821491E+03   4.9847006E-17   3.2351312E-17      0
  1.251072077959961E+03   2.9901173E-17   2.9214153E-17      0
  1.251655389548829E+03   4.0262520E-17   3.1032256E-17      0
  1.252238699588109E+03  -2.8285092E-18   2.2110281E-17      0
  1.252822008077812E+03   1.0331223E-17   2.5511342E-17      0
  1.253405315017951E+03   2.8496084E-17   2.8458990E-17      0
  1.253988620408538E+03   2.1652050E-17   2.7965577E-17      0
  1.254571924249586E+03   1.6850549E-17   2.5888692E-17      0
  1.255155226541106E+03   7.2313122E-18   2.3975185E-17      0
  1.255738527283113E+03   4.1218986E-17   3.0976547E-17      0
  1.256321826475616E+03   7.2739260E-18   2.3923604E-17      0
  1.256905124118630E+03   1.6861978E-17   2.5701420E-17      0
  1.257488420212166E+03   3.9478022E-17   3.0249575E-17      0
  1.258071714756237E+03   4.7022710E-17   3.0969520E-17      0
  1.258655007750855E+03   6.1455628E-17   3.3958911E-17      0
  1.259238299196032E+03  -1.2542381E-17   1.9076628E-17      0
  1.259821589091780E+03   6.5485295E-17   3.5220444E-17      0
  1.260404877438113E+03  -1.5032524E-18   2.3952561E-17     16
  1.260988164235043E+03  -7.0951215E-19   2.2249236E-17      0
  1.261571449482581E+03   3.0551356E-18   2.1838763E-17      0
  1.262154733180740E+03  -3.3493175E-17   1.1607165E-17      0
  1.262738015329533E+03   5.6390987E-17   3.2203015E-17      0
  1.263321295928971E+03  -1.2942943E-17   1.8373761E-17      0
  1.263904574979068E+03   5.0228698E-18   2.2313998E-17      0
  1.264487852479835E+03   6.5239512E-18   2.2981435E-17      0
  1.265071128431285E+03   2.6585001E-17   2.6799591E-17      0
  1.265654402833430E+03  -2.0518356E-18   2.1134523E-17      0
  1.266237675686283E+03   5.0982074E-18   2.2010020E-17      0
  1.266820946989855E+03   1.8545245E-17   2.5565203E-17      0
  1.267404216744160E+03   4.7332337E-17   3.0620231E-17      0
  1.267987484949209E+03   1.0396627E-16   3.9071602E-17     16
  1.268570751605016E+03  -2.4080063E-17   1.3941092E-17      0
  1.269154016711591E+03   5.0261370E-17   3.1369991E-17      0
  1.269737280268948E+03   3.3830728E-17   2.7796551E-17      0
  1.270320542277100E+03   4.0293536E-17   2.9679131E-17      0
  1.270903802736057E+03   9.7666638E-17   3.7560131E-17      0
  1.271487061645833E+03   5.9835751E-17   3.2905943E-17      0
  1.272070319006440E+03   3.5010926E-17   2.7688073E-17      0
  1.272653574817890E+03   1.8084044E-17   2.5070738E-17      0
  1.273236829080196E+03   2.4697467E-17   2.5925882E-17      0
  1.273820081793370E+03  -1.2588011E-17   1.7627829E-17      0
  1.274403332957425E+03  -1.3224152E-17   1.7198506E-17      0
  1.274986582572372E+03   5.1162064E-17   3.0510994E-17      0
  1.275569830638224E+03   1.0375196E-16   3.8689335E-17     16
  1.276153077154994E+03   6.0560937E-18   2.1831652E-17      0
  1.276736322122693E+03   7.1124404E-17   3.3787631E-17      0
  1.277319565541334E+03   1.0770596E-16   3.8826763E-17      0
  1.277902807410930E+03   1.1611050E-17   2.3820146E-17      0
  1.278486047731493E+03   1.9740220E-17   2.4600929E-17      0
  1.279069286503034E+03   6.9444683E-18   2.2084920E-17      0
  1.279652523725567E+03   1.0744629E-16   3.8695069E-17      0
  1.280235759399104E+03   6.9197377E-17   3.3322710E-17      0
  1.280818993523657E+03   2.6835833E-17   2.7422232E-17     16
  1.281402226099239E+03   1.1665990E-16   3.9734402E-17      0
  1.281985457125861E+03   1.0167690E-16   3.7409680E-17      0
  1.282568686603536E+03   1.1050572E-17   2.3236837E-17      0
  1.283151914532277E+03   3.4003443E-17   2.6846547E-17      0
  1.283735140912096E+03   8.4916674E-17   3.5530081E-17      0
  1.284318365743005E+03   7.4339172E-17   3.3568769E-17      0
  1.284901589025016E+03   1.5640879E-17   2.3495926E-17      0
  1.285484810758143E+03   7.9661966E-17   3.5116226E-17      0
  1.286068030942396E+03   8.5997303E-18   2.2572571E-17      0
  1.286651249577789E+03   4.9616513E-17   3.0476748E-17      0
  1.287234466664334E+03   1.0712587E-16   3.8447223E-17      0
  1.287817682202043E+03   4.1929061E-17   2.8589126E-17      0
  1.288400896190929E+03   5.2024509E-17   3.0763059E-17      0
  1.288984108631003E+03   6.9283206E-17   3.3462331E-17      0
  1.289567319522279E+03   1.7704413E-17   2.4213865E-17      0
  1.290150528864768E+03   9.6542321E-17   3.6909507E-17      0
  1.290733736658484E+03   4.8597619E-17   3.0588391E-17     16
  1.291316942903437E+03   1.0314429E-16   3.7756050E-17      0
  1.291900147599641E+03   4.1663003E-17   2.8855220E-17      0
  1.292483350747108E+03   5.2776806E-17   3.0365317E-17      0
  1.293066552345851E+03   7.7774896E-17   3.4446944E-17      0
  1.293649752395881E+03   7.8323171E-17   3.4877326E-17      0
  1.294232950897210E+03   9.8974192E-17   3.6235153E-17      0
  1.294816147849853E+03   7.9742435E-17   3.4384498E-17      0
  1.295399343253819E+03   4.2114068E-17   2.7480356E-17      0
  1.295982537109123E+03   6.1977963E-17   2.9559928E-17      0
  1.296565729415776E+03   4.9625086E-17   2.8940872E-17      0
  1.297148920173790E+03   1.1374422E-16   3.9244509E-17      0
  1.297732109383179E+03   1.5697937E-16   4.3831983E-17      0
  1.298315297043954E+03   4.7827874E-17   3.1448408E-17      0
  1.298898483156128E+03   6.8386681E-17   3.7547760E-17      0
  1.299481667719712E+03   4.0762617E-17   4.0847244E-17      0
  1.300064850734720E+03   1.5418100E-16   5.6060624E-17      0
  1.300648032201163E+03   1.2209740E-16   5.9154008E-17      0
  1.301231212119055E+03   9.1639833E-17   5.4924286E-17      0
  1.301814390488406E+03   1.1610413E-16   6.2521262E-17      0
  1.302397567309231E+03   6.3231393E-17   5.7533760E-17      0
  1.302980742581540E+03   7.2589499E-17   6.8780491E-17      0
  1.303563916305347E+03   3.0709375E-17   7.3775511E-17      0
  1.304147088480664E+03   1.6803651E-16   8.1578127E-17      0
  1.304730259107502E+03   4.9479158E-17   6.6976715E-17      0
  1.305313428185874E+03   6.8948111E-17   6.6997547E-17      0
  1.305896595715794E+03   8.1268265E-17   6.8014535E-17      0
  1.306479761697272E+03   7.4835010E-17   6.4260717E-17      0
  1.307062926130322E+03   1.8964803E-16   7.0260999E-17      0
  1.307646089014955E+03   1.1739317E-16   5.5598316E-17      0
  1.308229250351185E+03   2.0876836E-16   5.6066699E-17      0
  1.308812410139022E+03   1.4763798E-16   4.3759826E-17      0
  1.309395568378481E+03   7.6362800E-17   3.3779644E-17      0
  1.309978725069572E+03   9.0381923E-17   3.6362072E-17      0
  1.310561880212309E+03   1.6377100E-16   4.5188606E-17      0
  1.311145033806703E+03   1.2662491E-16   4.1234646E-17      0
  1.311728185852768E+03   9.2670328E-17   3.7013199E-17      0
  1.312311336350514E+03   1.2374594E-16   4.1110771E-17      0
  1.312894485299956E+03   1.0964884E-16   3.8789993E-17      0
  1.313477632701104E+03   7.1163943E-17   3.3726602E-17      0
  1.314060778553972E+03   1.6279742E-16   4.5519580E-17      0
  1.314643922858571E+03   1.1721256E-16   3.9443247E-17      0
  1.315227065614915E+03   1.1970514E-16   4.0063351E-17      0
  1.315810206823014E+03   9.6698863E-17   3.7438740E-17      0
  1.316393346482883E+03   1.1209447E-16   3.8791889E-17      0
  1.316976484594532E+03   1.9851486E-16   4.9865468E-17      0
  1.317559621157975E+03   6.7059757E-17   3.3143400E-17      0
  1.318142756173223E+03   1.6126204E-16   4.4507062E-17      0
  1.318725889640289E+03   1.1823549E-16   3.9676039E-17      0
  1.319309021559186E+03   1.6220779E-16   4.5329150E-17      0
  1.319892151929925E+03   2.1109215E-16   5.0825762E-17     16
  1.320475280752520E+03   1.1538283E-16   4.0890128E-17     16
  1.321058408026981E+03   1.5844465E-16   4.5650728E-17      0
  1.321641533753323E+03   1.3198953E-16   4.1809603E-17      0
  1.322224657931556E+03   2.6957525E-16   5.6624430E-17      0
  1.322807780561693E+03   2.1498055E-16   4.9662898E-17      0
  1.323390901643747E+03   8.8317915E-17   3.7174602E-17      0
  1.323974021177730E+03   1.9019388E-16   4.8191900E-17      0
  1.324557139163655E+03   1.5217288E-16   4.4196879E-17      0
  1.325140255601533E+03   1.8707624E-16   4.8981957E-17      0
  1.325723370491377E+03   1.7902640E-16   4.7909428E-17      0
  1.326306483833199E+03   2.7640077E-16   5.6350429E-17      0
  1.326889595627012E+03   1.7260816E-16   4.7179067E-17      0
  1.327472705872827E+03   2.4894399E-16   5.4074908E-17      0
  1.328055814570658E+03   1.4743362E-16   4.3508397E-17      0
  1.328638921720517E+03   2.1257361E-16   5.1373177E-17      0
  1.329222027322415E+03   2.8612106E-16   5.8280625E-17      0
  1.329805131376366E+03   1.7846321E-16   4.6632062E-17      0
  1.330388233882381E+03   2.1603735E-16   5.1662644E-17      0
  1.330971334840473E+03   2.3930460E-16   5.3464389E-17      0
  1.331554434250655E+03   2.3436711E-16   5.3209233E-17      0
  1.332137532112938E+03   1.8151237E-16   4.7673181E-17      0
  1.332720628427335E+03   1.9673443E-16   4.9426040E-17      0
  1.333303723193858E+03   2.5060536E-16   5.4020899E-17      0
  1.333886816412520E+03   2.3774047E-16   5.3860085E-17      0
  1.334469908083332E+03   1.8504460E-16   4.9190347E-17      0
  1.335052998206308E+03   1.3525003E-16   4.1758774E-17      0
  1.335636086781459E+03   1.3394709E-16   4.3149844E-17      0
  1.336219173808798E+03   2.1669367E-16   5.1365028E-17      0
  1.336802259288337E+03   2.5554084E-16   5.6630968E-17      0
  1.337385343220089E+03   2.0963459E-16   5.0307497E-17      0
  1.337968425604065E+03   3.5765064E-16   6.5521347E-17      0
  1.338551506440279E+03   3.1280302E-16   5.9694111E-17      0
  1.339134585728742E+03   3.4354505E-16   6.4357318E-17      0
  1.339717663469467E+03   3.1847380E-16   6.0384019E-17      0
  1.340300739662466E+03   3.0200277E-16   6.2561291E-17      0
  1.340883814307751E+03   3.4694557E-16   6.2837490E-17      0
  1.341466887405335E+03   3.5767724E-16   6.6095801E-17      0
  1.342049958955231E+03   5.3331206E-16   7.8856061E-17      0
  1.342633028957450E+03   4.7108669E-16   7.4069709E-17      0
  1.343216097412004E+03   4.2808579E-16   7.0909846E-17      0
  1.343799164318907E+03   4.6558934E-16   7.4657021E-17      0
  1.344382229678169E+03   3.8111109E-16   6.7324263E-17      0
  1.344965293489805E+03   4.6937103E-16   7.5420912E-17      0
  1.345548355753826E+03   4.3473355E-16   7.2063108E-17     16
  1.346131416470244E+03   4.8267246E-16   7.6176684E-17      0
  1.346714475639072E+03   4.5181526E-16   7.2407096E-17      0
  1.347297533260321E+03   4.8561378E-16   7.4987886E-17      0
  1.347880589334005E+03   4.7799996E-16   7.4663175E-17      0
  1.348463643860136E+03   4.0716490E-16   6.9093239E-17      0
  1.349046696838726E+03   5.6466843E-16   8.0581553E-17      0
  1.349629748269787E+03   4.3032339E-16   7.1054378E-17      0
  1.350212798153331E+03   4.3658977E-16   7.1317560E-17      0
  1.350795846489372E+03   4.0226391E-16   6.9849460E-17      0
  1.351378893277921E+03   5.3994724E-16   7.9865711E-17      0
  1.351961938518990E+03   4.3419968E-16   7.2208698E-17      0
  1.352544982212592E+03   4.1653488E-16   7.1184192E-17      0
  1.353128024358740E+03   5.7887179E-16   8.3464542E-17      0
  1.353711064957445E+03   4.8625043E-16   7.6005749E-17      0
  1.354294104008720E+03   5.4182352E-16   8.0757266E-17      0
  1.354877141512577E+03   5.7846998E-16   8.1974585E-17      0
  1.355460177469029E+03   6.4029306E-16   8.8526841E-17      0
  1.356043211878087E+03   5.0230488E-16   7.6722233E-17      0
  1.356626244739765E+03   5.6733976E-16   8.2686549E-17      0
  1.357209276054074E+03   5.7391157E-16   8.3731609E-17      0
  1.357792305821027E+03   5.8687054E-16   8.1525763E-17      0
  1.358375334040636E+03   7.7064392E-16   9.5588098E-17      0
  1.358958360712913E+03   5.9609261E-16   8.3743580E-17      0
  1.359541385837871E+03   6.5802797E-16   8.7963405E-17      0
  1.360124409415522E+03   6.8871264E-16   9.0499138E-17      0
  1.360707431445879E+03   7.6860283E-16   9.6686872E-17      0
  1.361290451928954E+03   4.9753450E-16   7.7613695E-17      0
  1.361873470864758E+03   7.3190386E-16   9.4249541E-17      0
  1.362456488253305E+03   5.1677422E-16   7.7115693E-17      0
  1.363039504094606E+03   6.6965006E-16   9.1571422E-17      0
  1.363622518388675E+03   6.6020533E-16   8.8164443E-17      0
  1.364205531135522E+03   5.3403559E-16   8.0344026E-17      0
  1.364788542335162E+03   5.9303032E-16   8.6722257E-17     16
  1.365371551987605E+03   7.5361495E-16   9.6273024E-17      0
  1.365954560092864E+03   7.0997656E-16   9.2325175E-17      0
  1.366537566650952E+03   6.5151297E-16   9.0017712E-17      0
  1.367120571661881E+03   7.4895304E-16   9.4327640E-17      0
  1.367703575125663E+03   6.9534814E-16   9.2924994E-17     16
  1.368286577042311E+03   8.0952733E-16   1.0015404E-16      0
  1.368869577411837E+03   7.3029534E-16   9.5644499E-17      0
  1.369452576234252E+03   6.4374028E-16   8.9069048E-17      0
  1.370035573509570E+03   7.9611091E-16   9.7230608E-17      0
  1.370618569237804E+03   6.2387799E-16   8.7981550E-17      0
  1.371201563418964E+03   6.7502433E-16   9.2362676E-17      0
  1.371784556053063E+03   8.6014200E-16   1.0276407E-16      0
  1.372367547140114E+03   6.5943585E-16   9.0326846E-17      0
  1.372950536680130E+03   7.0310405E-16   9.3609079E-17     16
  1.373533524673121E+03   7.3044871E-16   9.4844529E-17      0
  1.374116511119101E+03   4.9921067E-16   8.1291314E-17      0
  1.374699496018083E+03   5.2820101E-16   8.0342134E-17      0
  1.375282479370078E+03   5.5156461E-16   8.5415570E-17      0
  1.375865461175098E+03   5.9190657E-16   8.5983062E-17      0
  1.376448441433156E+03   6.9870006E-16   9.4634061E-17      0
  1.377031420144265E+03   6.6706783E-16   9.0574490E-17      0
  1.377614397308436E+03   5.8291029E-16   8.7276918E-17      0
  1.378197372925682E+03   6.3799676E-16   8.8350923E-17      0
  1.378780346996015E+03   6.7881416E-16   9.3608761E-17      0
  1.379363319519448E+03   5.3467033E-16   8.1286715E-17      0
  1.379946290495992E+03   6.8419827E-16   9.5113753E-17      0
  1.380529259925661E+03   6.7449271E-16   9.1512421E-17      0
  1.381112227808466E+03   6.3748658E-16   9.1364812E-17      0
  1.381695194144420E+03   4.7360270E-16   7.9245497E-17      0
  1.382278158933535E+03   6.2930588E-16   9.0257323E-17      0
  1.382861122175824E+03   4.7776968E-16   7.8040653E-17      0
  1.383444083871298E+03   4.3995831E-16   7.8026458E-17      0
  1.384027044019970E+03   5.7659830E-16   8.5360983E-17      0
  1.384610002621852E+03   5.8438857E-16   8.9222110E-17      0
  1.385192959676957E+03   5.4949521E-16   8.5269569E-17      0
  1.385775915185298E+03   5.6745739E-16   8.7043534E-17      0
  1.386358869146885E+03   5.1217509E-16   8.3821381E-17     16
  1.386941821561732E+03   5.3814534E-16   8.4159460E-17      0
  1.387524772429851E+03   5.0874599E-16   8.3606414E-17      0
  1.388107721751254E+03   4.3464972E-16   7.6885842E-17      0
  1.388690669525954E+03   4.6350871E-16   7.9652609E-17      0
  1.389273615753962E+03   4.5129725E-16   7.9711809E-17      0
  1.389856560435292E+03   3.7062895E-16   7.2429351E-17     16
  1.390439503569955E+03   4.6245304E-16   8.0464259E-17      0
  1.391022445157963E+03   4.2018700E-16   7.5931230E-17      0
  1.391605385199330E+03   4.2795784E-16   7.7977747E-17      0
  1.392188323694068E+03   4.1318206E-16   7.5347624E-17      0
  1.392771260642188E+03   4.1536301E-16   7.7179425E-17      0
  1.393354196043703E+03   4.1446661E-16   7.5895264E-17      0
  1.393937129898625E+03   4.0605320E-16   7.5772954E-17      0
  1.394520062206967E+03   3.8317380E-16   7.3451587E-17      0
  1.395102992968741E+03   3.2564346E-16   6.9086674E-17      0
  1.395685922183959E+03   3.4924526E-16   7.0822628E-17      0
  1.396268849852633E+03   3.7502217E-16   7.3327735E-17      0
  1.396851775974777E+03   3.0553397E-16   6.7710801E-17      0
  1.397434700550402E+03   4.4981801E-16   7.7573560E-17      0
  1.398017623579520E+03   3.9678231E-16   7.4866681E-17      0
  1.398600545062144E+03   4.0226939E-16   7.5778161E-17      0
  1.399183464998286E+03   3.4047839E-16   6.9126260E-17      0
  1.399766383387959E+03   3.2014608E-16   6.8275733E-17      0
  1.400349300231174E+03   3.1594520E-16   6.8730576E-17      0
  1.400932215527944E+03   3.4015723E-16   7.0837352E-17      0
  1.401515129278282E+03   3.3020081E-16   6.9876095E-17      0
  1.402098041482199E+03   1.4072915E-16   4.8147758E-17      0
  1.402680952139708E+03   3.3252462E-16   7.2293111E-17     16
  1.403263861250821E+03   3.9083021E-16   7.4898796E-17      0
  1.403846768815551E+03   3.8562054E-16   7.3976655E-17      0
  1.404429674833910E+03   2.3947376E-16   6.1087070E-17     16
  1.405012579305910E+03   3.5257476E-16   7.3149640E-17      0
  1.405595482231564E+03   2.4532814E-16   6.0686622E-17      0
  1.406178383610883E+03   2.8987429E-16   6.6812788E-17      0
  1.406761283443880E+03   2.3617769E-16   6.0107900E-17      0
  1.407344181730568E+03   3.0653860E-16   6.7296602E-17      0
  1.407927078470959E+03   3.8560042E-16   7.5103248E-17      0
  1.408509973665064E+03   3.7381319E-16   7.6239232E-17      0
  1.409092867312897E+03   2.4858286E-16   6.2265061E-17      0
  1.409675759414469E+03   2.0121281E-16   5.6674273E-17      0
  1.410258649969794E+03   2.2302309E-16   6.0156234E-17      0
  1.410841538978882E+03   3.2636140E-16   7.0343168E-17      0
  1.411424426441748E+03   4.0807070E-16   7.9503611E-17      0
  1.412007312358402E+03   2.5627776E-16   6.3440749E-17      0
  1.412590196728857E+03   2.6536698E-16   6.4944895E-17      0
  1.413173079553125E+03   3.4695057E-16   7.2109457E-17      0
  1.413755960831220E+03   2.5576284E-16   6.4799397E-17     16
  1.414338840563152E+03   2.7861039E-16   6.6322137E-17     16
  1.414921718748935E+03   2.2277128E-16   6.4855334E-17     16
  1.415504595388580E+03   2.9253069E-16   6.7663268E-17      0
  1.416087470482101E+03   3.0771593E-16   6.9352722E-17      0
  1.416670344029508E+03   2.4402821E-16   6.2676891E-17      0
  1.417253216030816E+03   3.5478716E-16   7.4447460E-17      0
  1.417836086486035E+03   2.2489712E-16   6.1149565E-17      0
  1.418418955395179E+03   3.7174495E-16   7.6291113E-17      0
  1.419001822758258E+03   2.9260195E-16   6.7650437E-17      0
  1.419584688575287E+03   2.3964793E-16   6.4647639E-17      0
  1.420167552846277E+03   3.0343865E-16   6.9572342E-17     16
  1.420750415571240E+03   3.0044555E-16   6.9930273E-17      0
  1.421333276750189E+03   1.7012636E-16   5.4700408E-17      0
  1.421916136383136E+03   2.5212121E-16   6.3482333E-17      0
  1.422498994470092E+03   1.4420552E-16   5.0732850E-17      0
  1.423081851011072E+03   1.4531867E-16   5.1305633E-17      0
  1.423664706006087E+03   3.3824135E-16   7.3311105E-17      0
  1.424247559455149E+03   2.3916280E-16   6.2847158E-17      0
  1.424830411358271E+03   2.3438431E-16   6.2531235E-17      0
  1.425413261715463E+03   1.1936198E-16   4.7663980E-17      0
  1.425996110526741E+03   1.6009714E-16   5.4209857E-17      0
  1.426578957792115E+03   2.5112693E-16   6.5003677E-17     16
  1.427161803511597E+03   1.9412175E-16   5.8214053E-17      0
  1.427744647685201E+03   2.4197222E-16   6.4407207E-17      0
  1.428327490312938E+03   1.5618131E-16   5.3401735E-17     16
  1.428910331394820E+03   2.0266176E-16   6.0345168E-17      0
  1.429493170930860E+03   1.2836179E-16   4.9257444E-17      0
  1.430076008921071E+03   2.7604727E-16   6.8678225E-17      0
  1.430658845365464E+03   1.6047768E-16   5.3147919E-17      0
  1.431241680264052E+03   8.1096734E-17   4.2301947E-17      0
  1.431824513616846E+03   1.8039846E-16   5.6501531E-17      0
  1.432407345423861E+03   2.9362760E-16   7.0786226E-17      0
  1.432990175685107E+03   2.8465858E-16   7.0932081E-17     16
  1.433573004400597E+03   2.3952064E-16   6.4647977E-17      0
  1.434155831570344E+03   3.0716366E-16   7.1284182E-17      0
  1.434738657194359E+03   2.4216659E-16   6.5246617E-17      0
  1.435321481272655E+03   1.7504758E-16   5.6982805E-17      0
  1.435904303805244E+03   2.4328655E-16   6.6472287E-17      0
  1.436487124792139E+03   9.7962815E-17   4.5361827E-17      0
  1.437069944233351E+03   1.3736900E-16   5.0584907E-17      0
  1.437652762128894E+03   2.2804316E-16   6.4525057E-17      0
  1.438235578478779E+03   2.0503816E-16   6.1636781E-17      0
  1.438818393283018E+03   1.7165812E-16   5.5993067E-17      0
  1.439401206541625E+03   2.2137525E-16   6.3715459E-17      0
  1.439984018254611E+03   1.6426765E-16   5.6030310E-17      0
  1.440566828421988E+03   1.4667980E-16   5.3209299E-17      0
  1.441149637043769E+03   2.4720455E-16   6.9194955E-17      0
  1.441732444119967E+03   2.2167661E-16   6.1825477E-17      0
  1.442315249650593E+03   1.5734495E-16   5.6281739E-17      0
  1.442898053635660E+03   1.6814946E-16   5.6100838E-17      0
  1.443480856075180E+03   1.6630145E-16   5.5582937E-17      0
  1.444063656969165E+03   3.2442304E-16   7.6250482E-17      0
  1.444646456317628E+03   2.3957189E-16   6.5633076E-17      0
  1.445229254120581E+03   2.9681273E-16   7.1525990E-17      0
  1.445812050378036E+03   2.7477370E-16   7.1635727E-17      0
  1.446394845090005E+03   3.7794200E-16   8.0802026E-17      0
  1.446977638256502E+03   2.2837742E-16   6.4405500E-17      0
  1.447560429877538E+03   2.4049372E-16   6.7359752E-17      0
  1.448143219953125E+03   2.9945397E-16   7.3862021E-17      0
  1.448726008483276E+03   3.2378115E-16   7.6981167E-17      0
  1.449308795468002E+03   3.6788515E-16   7.9415917E-17      0
  1.449891580907317E+03   3.6065734E-16   8.1205307E-17      0
  1.450474364801233E+03   3.4974387E-16   7.8319849E-17      0
  1.451057147149762E+03   3.1856951E-16   7.5817542E-17      0
  1.451639927952916E+03   2.4470837E-16   6.7816164E-17      0
  1.452222707210707E+03   3.9761889E-16   8.4203532E-17      0
  1.452805484923148E+03   2.8225247E-16   7.1336844E-17      0
  1.453388261090251E+03   3.3455012E-16   7.8072191E-17      0
  1.453971035712029E+03   2.0163116E-16   6.1528804E-17      0
  1.454553808788493E+03   3.5479783E-16   8.0540042E-17      0
  1.455136580319656E+03   2.9743903E-16   7.4051783E-17      0
  1.455719350305530E+03   1.9474452E-16   6.1839950E-17      0
  1.456302118746128E+03   5.4931659E-16   9.7172275E-17      0
  1.456884885641462E+03   4.2403287E-16   8.8666926E-17      0
  1.457467650991544E+03   3.8686724E-16   8.3011565E-17      0
  1.458050414796386E+03   3.3795116E-16   7.9851027E-17      0
  1.458633177056001E+03   3.6524122E-16   7.9781570E-17      0
  1.459215937770401E+03   4.4083139E-16   9.1285369E-17      0
  1.459798696939599E+03   3.1335740E-16   7.6305618E-17      0
  1.460381454563605E+03   4.5792698E-16   9.2362140E-17      0
  1.460964210642434E+03   3.7226211E-16   8.3431031E-17      0
  1.461546965176097E+03   3.8811833E-16   8.4853372E-17      0
  1.462129718164606E+03   3.7788308E-16   8.4523949E-17      0
  1.462712469607975E+03   2.7502149E-16   7.3312515E-17      0
  1.463295219506213E+03   5.0270887E-16   9.6817302E-17      0
  1.463877967859336E+03   4.1964672E-16   8.9342580E-17      0
  1.464460714667354E+03   2.5776441E-16   7.1217392E-17      0
  1.465043459930280E+03   4.7810356E-16   9.5461083E-17      0
  1.465626203648126E+03   3.8308431E-16   8.5508876E-17      0
  1.466208945820905E+03   5.9912763E-16   1.0566574E-16     16
  1.466791686448629E+03   4.4489442E-16   9.2259444E-17     16
  1.467374425531309E+03   4.4277776E-16   9.2061946E-17      0
  1.467957163068959E+03   5.5411715E-16   1.0012395E-16      0
  1.468539899061591E+03   4.3779652E-16   9.1781406E-17      0
  1.469122633509216E+03   5.6545580E-16   1.0257704E-16      0
  1.469705366411848E+03   7.3747289E-16   1.1651715E-16      0
  1.470288097769498E+03   6.9520007E-16   1.1272144E-16      0
  1.470870827582179E+03   7.8639269E-16   1.2121048E-16      0
  1.471453555849903E+03   6.2906453E-16   1.0775133E-16      0
  1.472036282572682E+03   5.7762766E-16   1.0449984E-16      0
  1.472619007750529E+03   6.5419684E-16   1.1097600E-16      0
  1.473201731383457E+03   4.4147217E-16   9.3973468E-17      0
  1.473784453471476E+03   6.6190966E-16   1.1016957E-16      0
  1.474367174014599E+03   6.3223937E-16   1.0957140E-16     16
  1.474949893012840E+03   6.2367613E-16   1.0977402E-16      0
  1.475532610466210E+03   6.5390366E-16   1.1131674E-16      0
  1.476115326374721E+03   5.7893548E-16   1.0568564E-16      0
  1.476698040738386E+03   8.4155836E-16   1.2340935E-16      0
  1.477280753557217E+03   5.7783968E-16   1.0390298E-16      0
  1.477863464831226E+03   5.4523929E-16   1.0255071E-16      0
  1.478446174560425E+03   7.3727489E-16   1.1600263E-16      0
  1.479028882744828E+03   1.0033132E-15   1.3717552E-16      0
  1.479611589384445E+03   7.2040062E-16   1.1937390E-16      0
  1.480194294479290E+03   8.8006056E-16   1.2688170E-16      0
  1.480776998029374E+03   6.7055919E-16   1.1553929E-16      0
  1.481359700034711E+03   9.7188994E-16   1.3325751E-16      0
  1.481942400495312E+03   7.6370497E-16   1.2065164E-16      0
  1.482525099411189E+03   1.0117982E-15   1.3766122E-16      0
  1.483107796782355E+03   1.0095921E-15   1.3762091E-16      0
  1.483690492608823E+03   7.8813896E-16   1.2575853E-16      0
  1.484273186890603E+03   9.6289530E-16   1.3725821E-16      0
  1.484855879627709E+03   1.0425248E-15   1.4333502E-16      0
  1.485438570820153E+03   7.9378099E-16   1.2510044E-16      0
  1.486021260467948E+03   8.2935161E-16   1.2724646E-16      0
  1.486603948571105E+03   8.9974815E-16   1.3074626E-16      0
  1.487186635129637E+03   1.0081497E-15   1.4312951E-16      0
  1.487769320143555E+03   7.8289244E-16   1.2382130E-16      0
  1.488352003612874E+03   1.1570751E-15   1.5030301E-16      0
  1.488934685537604E+03   9.5763914E-16   1.3586218E-16      0
  1.489517365917758E+03   1.1765128E-15   1.5428828E-16      0
  1.490100044753347E+03   1.0180615E-15   1.4377271E-16      0
  1.490682722044386E+03   9.4537908E-16   1.3603385E-16      0
  1.491265397790886E+03   9.7359862E-16   1.4105190E-16      0
  1.491848071992858E+03   9.7742107E-16   1.3943770E-16      0
  1.492430744650316E+03   1.0531390E-15   1.4624617E-16      0
  1.493013415763271E+03   1.0539644E-15   1.4728496E-16      0
  1.493596085331737E+03   1.0139456E-15   1.4244373E-16      0
  1.494178753355724E+03   1.3788709E-15   1.6970148E-16      0
  1.494761419835246E+03   1.3300690E-15   1.6355666E-16      0
  1.495344084770315E+03   1.3041904E-15   1.6689939E-16      0
  1.495926748160943E+03   9.0551295E-16   1.3476546E-16      0
  1.496509410007142E+03   1.1964504E-15   1.5776355E-16      0
  1.497092070308925E+03   9.0857391E-16   1.3849887E-16      0
  1.497674729066304E+03   1.2049664E-15   1.5851365E-16      0
  1.498257386279291E+03   1.0287736E-15   1.4350659E-16      0
  1.498840041947898E+03   1.2355256E-15   1.6349175E-16      0
  1.499422696072138E+03   1.0450294E-15   1.4774665E-16      0
  1.500005348652023E+03   1.0263477E-15   1.4717055E-16      0
  1.500587999687565E+03   1.0922515E-15   1.5488683E-16      0
  1.501170649178777E+03   1.3950103E-15   1.6830390E-16      0
  1.501753297125671E+03   1.1827352E-15   1.6098295E-16      0
  1.502335943528259E+03   1.2885963E-15   1.6657804E-16      0
  1.502918588386553E+03   1.5920113E-15   1.8164240E-16      0
  1.503501231700566E+03   1.3570713E-15   1.7308185E-16      0
  1.504083873470310E+03   1.6918395E-15   1.8876812E-16      0
  1.504666513695797E+03   1.0635750E-15   1.5507601E-16      0
  1.505249152377040E+03   1.5649559E-15   1.8323168E-16      0
  1.505831789514051E+03   1.6357327E-15   1.8626539E-16      0
  1.506414425106841E+03   1.1496718E-15   1.5646308E-16      0
  1.506997059155424E+03   1.1480675E-15   1.5796088E-16      0
  1.507579691659812E+03   1.6382155E-15   1.8560903E-16      0
  1.508162322620017E+03   1.3287370E-15   1.7140650E-16      0
  1.508744952036050E+03   1.4652592E-15   1.7645840E-16      0
  1.509327579907926E+03   1.1899589E-15   1.6115020E-16      0
  1.509910206235654E+03   1.4310544E-15   1.7765103E-16      0
  1.510492831019249E+03   1.3274963E-15   1.7120430E-16      0
  1.511075454258723E+03   1.4682787E-15   1.7769130E-16      0
  1.511658075954087E+03   1.7337482E-15   1.9467804E-16      0
  1.512240696105353E+03   1.5192314E-15   1.8372415E-16      0
  1.512823314712535E+03   1.2996973E-15   1.7039420E-16      0
  1.513405931775645E+03   1.5568317E-15   1.8402124E-16      0
  1.513988547294694E+03   1.4142350E-15   1.7924214E-16      0
  1.514571161269694E+03   1.6894371E-15   1.9239628E-16      0
  1.515153773700660E+03   1.6253920E-15   1.9357208E-16      0
  1.515736384587601E+03   1.4959423E-15   1.8555218E-16     16
  1.516318993930532E+03   1.4688330E-15   1.8051389E-16      0
  1.516901601729464E+03   1.6074855E-15   1.9210429E-16      0
  1.517484207984408E+03   1.2875727E-15   1.7201196E-16      0
  1.518066812695379E+03   1.5242300E-15   1.8459442E-16      0
  1.518649415862388E+03   1.6094708E-15   1.9671161E-16      0
  1.519232017485446E+03   1.8609591E-15   2.0735198E-16      0
  1.519814617564567E+03   1.5227138E-15   1.8534873E-16      0
  1.520397216099763E+03   1.7191726E-15   2.0482595E-16      0
  1.520979813091046E+03   1.5963076E-15   1.9148757E-16      0
  1.521562408538428E+03   1.4953366E-15   1.8809973E-16      0
  1.522145002441921E+03   1.7786273E-15   2.0427589E-16      0
  1.522727594801539E+03   1.8519024E-15   2.0613338E-16      0
  1.523310185617292E+03   1.9308224E-15   2.1906734E-16      0
  1.523892774889194E+03   1.8127291E-15   2.0737516E-16      0
  1.524475362617257E+03   1.7032412E-15   2.0290388E-16      0
  1.525057948801492E+03   1.7911179E-15   2.0786350E-16      0
  1.525640533441913E+03   1.4111611E-15   1.8388716E-16      0
  1.526223116538531E+03   1.7555930E-15   2.0526139E-16      0
  1.526805698091358E+03   9.3652473E-16   1.5318731E-16      0
  1.527388278100408E+03   8.3329328E-16   1.4385237E-16      0
  1.527970856565692E+03   1.5844291E-15   1.9576404E-16      0
  1.528553433487223E+03   1.5330126E-15   1.9503961E-16      0
  1.529136008865012E+03   1.4854225E-15   1.9275111E-16      0
  1.529718582699073E+03   1.8469261E-15   2.1389062E-16      0
  1.530301154989417E+03   1.4769359E-15   1.9301192E-16      0
  1.530883725736056E+03   1.9854694E-15   2.2394310E-16      0
  1.531466294939004E+03   2.0829578E-15   2.2677603E-16      0
  1.532048862598271E+03   2.0490415E-15   2.2440822E-16      0
  1.532631428713871E+03   1.9907657E-15   2.2560757E-16      0
  1.533213993285816E+03   2.0852312E-15   2.2572457E-16      0
  1.533796556314117E+03   1.6744741E-15   2.0785892E-16      0
  1.534379117798788E+03   2.1312528E-15   2.3140667E-16      0
  1.534961677739841E+03   1.9289668E-15   2.2149238E-16      0
  1.535544236137287E+03   2.0603348E-15   2.2778942E-16      0
  1.536126792991140E+03   1.8798272E-15   2.2070743E-16      0
  1.536709348301411E+03   1.8099076E-15   2.1800002E-16      0
  1.537291902068112E+03   1.9065102E-15   2.2361800E-16      0
  1.537874454291256E+03   1.9334459E-15   2.2483465E-16      0
  1.538457004970855E+03   1.7712249E-15   2.1798725E-16      0
  1.539039554106922E+03   1.8022098E-15   2.1888411E-16      0
  1.539622101699469E+03   1.7350096E-15   2.1849903E-16      0
  1.540204647748507E+03   1.9358127E-15   2.2713646E-16      0
  1.540787192254050E+03   2.0628111E-15   2.3688719E-16      0
  1.541369735216109E+03   1.8222391E-15   2.1875002E-16      0
  1.541952276634697E+03   2.0820203E-15   2.4287153E-16      0
  1.542534816509826E+03   1.8750925E-15   2.2257681E-16      0
  1.543117354841508E+03   1.8925410E-15   2.2940162E-16      0
  1.543699891629756E+03   2.2077901E-15   2.4551628E-16      0
  1.544282426874581E+03   1.8971789E-15   2.3048076E-16      0
  1.544864960575997E+03   2.3256857E-15   2.5516148E-16      0
  1.545447492734015E+03   1.9004772E-15   2.3008231E-16      0
  1.546030023348648E+03   1.3679599E-15   1.9548582E-16      0
  1.546612552419908E+03   1.6341587E-15   2.1530018E-16      0
  1.547195079947807E+03   1.5575968E-15   2.0943517E-16      0
  1.547777605932357E+03   1.1855507E-15   1.8765413E-16      0
  1.548360130373571E+03   1.1838719E-15   1.8295548E-16      0
  1.548942653271461E+03   1.2763313E-15   1.9229646E-16      0
  1.549525174626039E+03   1.5960650E-15   2.1703438E-16      0
  1.550107694437318E+03   1.1908228E-15   1.8764216E-16      0
  1.550690212705310E+03   1.4248666E-15   2.0132618E-16      0
  1.551272729430026E+03   1.5367452E-15   2.1517424E-16      0
  1.551855244611480E+03   1.7761686E-15   2.2723011E-16      0
  1.552437758249683E+03   1.8477134E-15   2.3321326E-16      0
  1.553020270344649E+03   1.3557474E-15   1.9878320E-16      0
  1.553602780896388E+03   1.6047994E-15   2.2004279E-16      0
  1.554185289904914E+03   1.6797644E-15   2.2171746E-16      0
  1.554767797370238E+03   1.7520115E-15   2.3374049E-16      0
  1.555350303292374E+03   1.5213288E-15   2.1471483E-16      0
  1.555932807671332E+03   1.2050561E-15   1.8973772E-16      0
  1.556515310507126E+03   1.5069130E-15   2.1036757E-16      0
  1.557097811799767E+03   1.7808067E-15   2.2768590E-16      0
  1.557680311549269E+03   1.6651222E-15   2.2784787E-16      0
  1.558262809755642E+03   2.0942475E-15   2.5535105E-16      0
  1.558845306418900E+03   1.3448527E-15   2.0363777E-16      0
  1.559427801539056E+03   1.6926885E-15   2.2718416E-16      0
  1.560010295116119E+03   1.7107755E-15   2.3235718E-16      0
  1.560592787150105E+03   1.9218335E-15   2.4118480E-16      0
  1.561175277641024E+03   1.6260360E-15   2.2504752E-16      0
  1.561757766588888E+03   1.6626682E-15   2.2563396E-16      0
  1.562340253993711E+03   1.2369906E-15   1.9250298E-16      0
  1.562922739855504E+03   1.5609791E-15   2.2463647E-16      0
  1.563505224174279E+03   1.3584858E-15   2.0842482E-16      0
  1.564087706950049E+03   1.4706439E-15   2.1615976E-16      0
  1.564670188182827E+03   1.1023774E-15   1.8541087E-16      0
  1.565252667872624E+03   1.5043779E-15   2.1853078E-16      0
  1.565835146019452E+03   1.4809858E-15   2.1522494E-16      0
  1.566417622623325E+03   1.4607757E-15   2.1675660E-16      0
  1.567000097684253E+03   1.0410739E-15   1.8583036E-16      0
  1.567582571202250E+03   1.7427302E-15   2.3625340E-16      0
  1.568165043177328E+03   1.6523200E-15   2.3491805E-16      0
  1.568747513609499E+03   1.6299643E-15   2.2774559E-16      0
  1.569329982498774E+03   1.4096340E-15   2.1855122E-16      0
  1.569912449845168E+03   1.3451125E-15   2.1138636E-16      0
  1.570494915648690E+03   1.6197839E-15   2.3265089E-16      0
  1.571077379909356E+03   1.1515918E-15   1.9360619E-16      0
  1.571659842627175E+03   1.5573516E-15   2.3065856E-16      0
  1.572242303802160E+03   1.2315877E-15   2.0364121E-16      0
  1.572824763434325E+03   1.4728596E-15   2.2337606E-16      0
  1.573407221523680E+03   1.3003393E-15   2.0952423E-16      0
  1.573989678070239E+03   1.2485766E-15   2.0943917E-16      0
  1.574572133074013E+03   1.2324563E-15   2.0364373E-16      0
  1.575154586535016E+03   1.2297666E-15   2.0617925E-16      0
  1.575737038453258E+03   1.0351729E-15   1.9045422E-16      0
  1.576319488828753E+03   1.3061716E-15   2.1314486E-16      0
  1.576901937661512E+03   1.3899586E-15   2.2362424E-16      0
  1.577484384951548E+03   1.3726678E-15   2.1559305E-16      0
  1.578066830698873E+03   1.4997158E-15   2.3512353E-16      0
  1.578649274903499E+03   1.0726031E-15   1.9393523E-16      0
  1.579231717565439E+03   9.7467922E-16   1.9227591E-16      0
  1.579814158684705E+03   1.4153330E-15   2.2500451E-16      0
  1.580396598261309E+03   1.8236566E-15   2.5880126E-16      0
  1.580979036295264E+03   1.2886319E-15   2.1881853E-16      0
  1.581561472786580E+03   9.4313085E-16   1.8624639E-16      0
  1.582143907735272E+03   1.1023452E-15   2.0227728E-16      0
  1.582726341141351E+03   1.1526357E-15   2.0795048E-16      0
  1.583308773004830E+03   1.3074121E-15   2.1883737E-16      0
  1.583891203325720E+03   1.2881246E-15   2.1862451E-16      0
  1.584473632104034E+03   1.1567950E-15   2.0863053E-16      0
  1.585056059339785E+03   1.5965560E-15   2.4424446E-16      0
  1.585638485032984E+03   1.1638180E-15   2.0663678E-16      0
  1.586220909183643E+03   1.1598854E-15   2.0915655E-16      0
  1.586803331791775E+03   1.0450125E-15   1.9834176E-16      0
  1.587385752857393E+03   1.1415733E-15   2.0922557E-16      0
  1.587968172380508E+03   1.3893643E-15   2.2913387E-16      0
  1.588550590361133E+03   1.0537013E-15   2.0354670E-16      0
  1.589133006799280E+03   1.3937935E-15   2.2693333E-16      0
  1.589715421694961E+03   1.4120141E-15   2.3590188E-16      0
  1.590297835048189E+03   1.2330753E-15   2.1876788E-16      0
  1.590880246858975E+03   1.0255008E-15   2.0173473E-16      0
  1.591462657127332E+03   1.7121766E-15   2.6159308E-16      0
  1.592045065853273E+03   1.2034686E-15   2.2033279E-16      0
  1.592627473036809E+03   1.5399887E-15   2.4703721E-16      0
  1.593209878677952E+03   1.0999721E-15   2.1236142E-16      0
  1.593792282776717E+03   1.2757270E-15   2.2612413E-16      0
  1.594374685333113E+03   8.6881694E-16   1.9010009E-16      0
  1.594957086347153E+03   1.4434396E-15   2.5153869E-16      0
  1.595539485818851E+03   1.0971662E-15   2.1175120E-16      0
  1.596121883748217E+03   1.4380899E-15   2.4360411E-16      0
  1.596704280135265E+03   1.4585903E-15   2.4685989E-16      0
  1.597286674980006E+03   1.9968211E-15   2.8557110E-16      0
  1.597869068282453E+03   1.6497164E-15   2.6772710E-16      0
  1.598451460042618E+03   1.4613452E-15   2.5099691E-16      0
  1.599033850260513E+03   1.8108457E-15   2.7971953E-16      0
  1.599616238936151E+03   1.5190885E-15   2.5708469E-16      0
  1.600198626069544E+03   1.5742323E-15   2.5909756E-16      0
  1.600781011660704E+03   1.7802708E-15   2.8151092E-16      0
  1.601363395709643E+03   1.4145541E-15   2.5015683E-16      0
  1.601945778216373E+03   1.3441944E-15   2.3808135E-16      0
  1.602528159180908E+03   1.7165522E-15   2.7845996E-16      0
  1.603110538603258E+03   1.6090293E-15   2.6839605E-16      0
  1.603692916483437E+03   1.3628779E-15   2.4488985E-16      0
  1.604275292821456E+03   1.5725348E-15   2.6958732E-16      0
  1.604857667617329E+03   1.4674254E-15   2.5511288E-16      0
  1.605440040871066E+03   1.7252506E-15   2.8004129E-16      0
  1.606022412582681E+03   2.3556041E-15   3.2679145E-16      0
  1.606604782752185E+03   2.3197937E-15   3.2855572E-16      0
  1.607187151379591E+03   1.8466261E-15   2.9187697E-16      0
  1.607769518464911E+03   2.1009750E-15   3.0996665E-16      0
  1.608351884008157E+03   1.5004756E-15   2.6099560E-16      0
  1.608934248009342E+03   1.1717611E-15   2.3416041E-16      0
  1.609516610468478E+03   1.6245403E-15   2.7448656E-16      0
  1.610098971385577E+03   1.3002127E-15   2.4548674E-16      0
  1.610681330760650E+03   1.6921807E-15   2.7824328E-16      0
  1.611263688593712E+03   2.1936660E-15   3.1977071E-16      0
  1.611846044884774E+03   1.7293203E-15   2.8408892E-16      0
  1.612428399633847E+03   1.6147967E-15   2.7694351E-16      0
  1.613010752840945E+03   2.4168514E-15   3.3307742E-16      0
  1.613593104506079E+03   2.2642559E-15   3.3339992E-16      0
  1.614175454629263E+03   2.6918912E-15   3.5632521E-16      0
  1.614757803210507E+03   2.5160260E-15   3.4242813E-16      0
  1.615340150249825E+03   2.2333330E-15   3.2909528E-16      0
  1.615922495747228E+03   2.1387768E-15   3.1494464E-16      0
  1.616504839702729E+03   2.5658580E-15   3.5220855E-16      0
  1.617087182116340E+03   2.2286307E-15   3.1812927E-16      0
  1.617669522988073E+03   2.2897389E-15   3.3728516E-16      0
  1.618251862317941E+03   2.6538163E-15   3.5441208E-16      0
  1.618834200105955E+03   1.6435379E-15   2.8563018E-16      0
  1.619416536352129E+03   2.4550714E-15   3.4338335E-16      0
  1.619998871056474E+03   2.4902203E-15   3.4848283E-16      0
  1.620581204219002E+03   2.6938373E-15   3.5962981E-16      0
  1.621163535839727E+03   2.4060073E-15   3.4321958E-16      0
  1.621745865918659E+03   2.6858678E-15   3.6173966E-16      0
  1.622328194455811E+03   2.5424469E-15   3.5912177E-16      0
  1.622910521451196E+03   2.3633488E-15   3.4054827E-16      0
  1.623492846904826E+03   2.6920655E-15   3.6260401E-16      0
  1.624075170816713E+03   2.4969871E-15   3.5979299E-16      0
  1.624657493186869E+03   2.2226352E-15   3.3074400E-16      0
  1.625239814015307E+03   1.7234232E-15   2.9493250E-16      0
  1.625822133302038E+03   2.1849336E-15   3.3256001E-16      0
  1.626404451047075E+03   2.4736848E-15   3.4919862E-16      0
  1.626986767250431E+03   2.1130567E-15   3.2926765E-16      0
  1.627569081912117E+03   2.3985815E-15   3.4939892E-16      0
  1.628151395032146E+03   2.1366857E-15   3.2932570E-16      0
  1.628733706610529E+03   1.8744087E-15   3.0749512E-16      0
  1.629316016647280E+03   3.1082945E-15   4.0098770E-16      0
  1.629898325142410E+03   2.9473481E-15   3.8027629E-16      0
  1.630480632095932E+03   2.4487178E-15   3.6457039E-16      0
  1.631062937507859E+03   2.5398342E-15   3.5889569E-16      0
  1.631645241378201E+03   2.3881971E-15   3.5144710E-16      0
  1.632227543706971E+03   2.6297254E-15   3.6768546E-16      0
  1.632809844494183E+03   2.4928150E-15   3.7127971E-16      0
  1.633392143739846E+03   2.7451000E-15   3.7304088E-16      0
  1.633974441443976E+03   3.0268159E-15   4.0744810E-16      0
  1.634556737606583E+03   1.4405365E-15   2.7618730E-16      0
  1.635139032227679E+03   2.5878682E-15   3.6533021E-16      0
  1.635721325307278E+03   2.9209127E-15   3.8643663E-16      0
  1.636303616845390E+03   1.9283427E-15   3.2049413E-16      0
  1.636885906842029E+03   2.6273058E-15   3.6705821E-16      0
  1.637468195297206E+03   2.8558213E-15   3.9157528E-16      0
  1.638050482210934E+03   2.4433786E-15   3.6352391E-16      0
  1.638632767583226E+03   3.2029765E-15   4.1339975E-16      0
  1.639215051414092E+03   2.1733728E-15   3.4291385E-16      0
  1.639797333703547E+03   2.2483573E-15   3.4202155E-16      0
  1.640379614451600E+03   2.2181250E-15   3.4548565E-16      0
  1.640961893658267E+03   2.4409821E-15   3.5925804E-16      0
  1.641544171323557E+03   2.8478971E-15   3.8705835E-16      0
  1.642126447447484E+03   2.7669621E-15   3.9436689E-16      0
  1.642708722030060E+03   2.8368190E-15   3.9261380E-16      0
  1.643290995071297E+03   2.6857752E-15   3.8284836E-16      0
  1.643873266571207E+03   3.2163198E-15   4.1778698E-16      0
  1.644455536529802E+03   2.9567100E-15   4.0579670E-16      0
  1.645037804947096E+03   3.0870586E-15   4.0836726E-16      0
  1.645620071823099E+03   1.8596566E-15   3.2253149E-16      0
  1.646202337157824E+03   1.9718559E-15   3.2793045E-16      0
  1.646784600951284E+03   3.1758626E-15   4.1631185E-16      0
  1.647366863203491E+03   2.8339186E-15   3.9221861E-16      0
  1.647949123914457E+03   2.0939629E-15   3.3903365E-16      0
  1.648531383084193E+03   2.5527832E-15   3.7555249E-16      0
  1.649113640712714E+03   2.6243131E-15   3.7764122E-16      0
  1.649695896800030E+03   3.7186483E-15   4.5709619E-16      0
  1.650278151346153E+03   2.8119844E-15   3.8992471E-16      0
  1.650860404351097E+03   2.9238341E-15   4.0468648E-16      0
  1.651442655814873E+03   3.0106041E-15   4.1274928E-16      0
  1.652024905737494E+03   2.6709776E-15   3.8087787E-16      0
  1.652607154118972E+03   3.0668933E-15   4.2042329E-16      0
  1.653189400959319E+03   2.8045557E-15   3.9240450E-16      0
  1.653771646258547E+03   3.4374342E-15   4.4391824E-16      0
  1.654353890016669E+03   2.5547670E-15   3.7587479E-16      0
  1.654936132233696E+03   2.3967011E-15   3.7333279E-16      0
  1.655518372909642E+03   2.6686590E-15   3.8493997E-16      0
  1.656100612044517E+03   2.8243899E-15   4.0323782E-16      0
  1.656682849638336E+03   2.1979448E-15   3.4752782E-16      0
  1.657265085691109E+03   2.5930874E-15   3.9443659E-16      0
  1.657847320202849E+03   2.5941981E-15   3.8245340E-16      0
  1.658429553173568E+03   2.8766169E-15   4.0614880E-16      0
  1.659011784603279E+03   3.3620557E-15   4.4525182E-16      0
  1.659594014491993E+03   2.4309668E-15   3.7900079E-16      0
  1.660176242839723E+03   3.1258235E-15   4.3702985E-16      0
  1.660758469646481E+03   2.4677375E-15   3.7826186E-16      0
  1.661340694912280E+03   3.3342099E-15   4.4365338E-16      0
  1.661922918637132E+03   2.4193237E-15   3.7698160E-16      0
  1.662505140821048E+03   2.8224495E-15   4.0339116E-16      0
  1.663087361464042E+03   2.6746840E-15   3.9461184E-16      0
  1.663669580566124E+03   3.1428772E-15   4.2816573E-16      0
  1.664251798127309E+03   2.6196569E-15   3.9539996E-16      0
  1.664834014147607E+03   3.2039496E-15   4.3866958E-16      0
  1.665416228627031E+03   3.3920298E-15   4.4988959E-16      0
  1.665998441565593E+03   2.7074146E-15   3.9857289E-16      0
  1.666580652963306E+03   2.6854360E-15   4.0692744E-16      0
  1.667162862820182E+03   3.0380461E-15   4.2110558E-16      0
  1.667745071136232E+03   2.4292979E-15   3.8553763E-16      0
  1.668327277911470E+03   2.4802590E-15   3.8215649E-16      0
  1.668909483145908E+03   2.7848002E-15   4.0875221E-16      0
  1.669491686839556E+03   2.1952811E-15   3.6522819E-16      0
  1.670073888992429E+03   2.3490269E-15   3.8197615E-16      0
  1.670656089604538E+03   1.9301664E-15   3.4054377E-16      0
  1.671238288675896E+03   1.4524272E-15   3.0191253E-16      0
  1.671820486206514E+03   2.3228060E-15   3.7317561E-16      0
  1.672402682196404E+03   1.1086118E-15   2.7076361E-16      0
  1.672984876645580E+03   2.1470218E-15   3.5926008E-16      0
  1.673567069554053E+03   2.5481506E-15   4.0231947E-16      0
  1.674149260921836E+03   2.3495519E-15   3.8263845E-16      0
  1.674731450748941E+03   3.1589372E-15   4.3366991E-16      0
  1.675313639035379E+03   3.2683454E-15   4.4868955E-16      0
  1.675895825781164E+03   3.3563757E-15   4.5651995E-16      0
  1.676478010986307E+03   2.8359599E-15   4.1537831E-16      0
  1.677060194650820E+03   2.9666910E-15   4.3255349E-16      0
  1.677642376774717E+03   2.6476660E-15   4.0838696E-16      0
  1.678224557358009E+03   2.9174928E-15   4.2303483E-16      0
  1.678806736400708E+03   2.5424117E-15   4.0174542E-16      0
  1.679388913902827E+03   2.6342515E-15   4.0158732E-16      0
  1.679971089864378E+03   2.3819250E-15   3.8645899E-16      0
  1.680553264285373E+03   3.2730058E-15   4.5177709E-16      0
  1.681135437165824E+03   2.6251620E-15   4.0032487E-16      0
  1.681717608505743E+03   2.5662799E-15   4.1086323E-16      0
  1.682299778305143E+03   3.0236561E-15   4.3906403E-16      0
  1.682881946564037E+03   3.0535711E-15   4.4084761E-16      0
  1.683464113282435E+03   2.0491919E-15   3.6226170E-16      0
  1.684046278460351E+03   2.6413615E-15   4.1263694E-16      0
  1.684628442097797E+03   2.8336850E-15   4.2459250E-16      0
  1.685210604194784E+03   2.5965412E-15   4.0583749E-16      0
  1.685792764751326E+03   2.2485898E-15   3.8378065E-16      0
  1.686374923767434E+03   2.0726680E-15   3.6122337E-16      0
  1.686957081243121E+03   2.6101128E-15   4.1642654E-16      0
  1.687539237178398E+03   1.8355274E-15   3.4324663E-16      0
  1.688121391573279E+03   2.2912769E-15   3.8774402E-16      0
  1.688703544427774E+03   2.9354069E-15   4.3801148E-16      0
  1.689285695741898E+03   2.1943890E-15   3.7850123E-16      0
  1.689867845515660E+03   2.7517367E-15   4.2378856E-16      0
  1.690449993749075E+03   2.4034668E-15   3.9580023E-16      0
  1.691032140442155E+03   2.1614172E-15   3.8271087E-16      0
  1.691614285594910E+03   2.9332922E-15   4.3913039E-16      0
  1.692196429207354E+03   2.6188209E-15   4.2128912E-16      0
  1.692778571279499E+03   3.7794161E-15   5.1032454E-16      0
  1.693360711811357E+03   2.3074323E-15   3.9680360E-16      0
  1.693942850802940E+03   2.9065258E-15   4.4418387E-16      0
  1.694524988254262E+03   1.5410974E-15   3.2849277E-16      0
  1.695107124165332E+03   2.0913599E-15   3.8317118E-16      0
  1.695689258536165E+03   2.7104178E-15   4.2913524E-16      0
  1.696271391366772E+03   1.9661761E-15   3.6654411E-16      0
  1.696853522657165E+03   2.3628812E-15   4.1276289E-16      0
  1.697435652407357E+03   2.8181705E-15   4.3578448E-16      0
  1.698017780617360E+03   2.2662087E-15   3.9549204E-16      0
  1.698599907287186E+03   1.8330900E-15   3.6113170E-16      0
  1.699182032416847E+03   2.4492735E-15   4.1557723E-16      0
  1.699764156006356E+03   2.2555526E-15   3.9462148E-16      0
  1.700346278055725E+03   2.9502676E-15   4.6252673E-16      0
  1.700928398564966E+03   2.1406784E-15   3.8667028E-16      0
  1.701510517534091E+03   2.1693390E-15   3.9819667E-16      0
  1.702092634963112E+03   1.7696480E-15   3.5622921E-16      0
  1.702674750852042E+03   1.7525677E-15   3.6022993E-16      0
  1.703256865200893E+03   2.8989775E-15   4.6697604E-16      0
  1.703838978009677E+03   2.2001425E-15   3.9748927E-16      0
  1.704421089278407E+03   2.1196712E-15   3.8953968E-16      0
  1.705003199007094E+03   1.5388006E-15   3.3869168E-16      0
  1.705585307195751E+03   2.0195135E-15   3.7784800E-16      0
  1.706167413844390E+03   2.7947598E-15   4.4998271E-16      0
  1.706749518953023E+03   2.0310616E-15   3.9366521E-16      0
  1.707331622521662E+03   2.8838439E-15   4.6437099E-16      0
  1.707913724550321E+03   2.6378478E-15   4.3753519E-16      0
  1.708495825039010E+03   2.2591218E-15   4.1559600E-16      0
  1.709077923987743E+03   1.9017090E-15   3.7812787E-16      0
  1.709660021396531E+03   2.0709312E-15   4.0352020E-16      0
  1.710242117265386E+03   2.1136983E-15   4.0300277E-16      0
  1.710824211594321E+03   1.5564928E-15   3.5213637E-16      0
  1.711406304383348E+03   2.0057346E-15   3.8891753E-16      0
  1.711988395632479E+03   1.3491920E-15   3.2451637E-16      0
  1.712570485341727E+03   2.6702150E-15   4.4502211E-16      0
  1.713152573511104E+03   1.6880055E-15   3.6295949E-16   2048
  1.713734660140621E+03   1.5069638E-15   3.1372210E-16   2560
  1.714316745230292E+03   1.3009988E-15   3.1596579E-16   2564
  1.714898828780128E+03   1.5228455E-15   3.4402225E-16   2564
  1.715480910790141E+03   4.4633169E-15   5.8812759E-16   2564
  1.716062991260345E+03  -1.5790051E-17   2.0881714E-20   2564
