

  2.887674231464134E+03  -1.6415164E-13   4.1157395E-14  18960
  2.890419001269803E+03  -6.7044264E-14   2.5029327E-14  18944
  2.893163793719301E+03  -2.5970218E-14   1.8850798E-14    512
  2.895908608749038E+03  -1.4266888E-14   1.4639647E-14    512
  2.898653446295416E+03  -1.4724790E-14   1.2138536E-14    512
  2.901398306294832E+03   3.6945565E-15   1.0543178E-14    512
  2.904143188683679E+03  -2.6415743E-15   8.9365144E-15    512
  2.906888093398344E+03  -1.6341563E-15   7.9607214E-15    512
  2.909633020375209E+03  -1.0606468E-15   9.3005412E-15    528
  2.912377969550650E+03   1.9485085E-14   6.5143995E-15    512
  2.915122940861039E+03   8.1159844E-16   5.5543919E-15    512
  2.917867934242742E+03   7.8580000E-15   5.0594269E-15    512
  2.920612949632121E+03  -4.7614276E-15   4.6927082E-15  16912
  2.923357986965531E+03   7.4107998E-16   4.2335473E-15    512
  2.926103046179325E+03  -1.1676329E-15   3.5786024E-15  16912
  2.928848127209847E+03   7.4075987E-15   3.2787510E-15    512
  2.931593229993439E+03  -2.0303536E-15   3.3457537E-15  16912
  2.934338354466435E+03   1.7544089E-14   3.0204172E-15    528
  2.937083500565168E+03  -4.6767992E-15   5.0038717E-15  16912
  2.939828668225962E+03   2.8305590E-15   1.9236220E-15    512
  2.942573857385139E+03   2.0840064E-15   1.6880546E-15    512
  2.945319067979014E+03   4.5372561E-15   1.6181824E-15    528
  2.948064299943898E+03   1.6809682E-15   1.3936172E-15    528
  2.950809553216096E+03   1.5923557E-15   1.3037623E-15    528
  2.953554827731908E+03   1.8719608E-15   1.1238055E-15    512
  2.956300123427632E+03   5.0572441E-15   1.0912623E-15    512
  2.959045440239558E+03   2.4348023E-15   1.1782697E-15    528
  2.961790778103971E+03   3.0637345E-15   9.1095259E-16    512
  2.964536136957152E+03   2.1705276E-15   8.3634175E-16    512
  2.967281516735379E+03   4.1054086E-15   8.2795792E-16    512
  2.970026917374922E+03   2.1416087E-15   7.5178669E-16      0
  2.972772338812047E+03   3.2524214E-15   7.4296616E-16      0
  2.975517780983016E+03   2.4934964E-15   7.3872168E-16      0
  2.978263243824085E+03   4.1814412E-15   7.1536072E-16      0
  2.981008727271507E+03   3.2598362E-15   6.9629020E-16     16
  2.983754231261529E+03   3.8094862E-15   7.6501125E-16      0
  2.986499755730393E+03   2.2980576E-15   7.7841682E-16     16
  2.989245300614337E+03   4.8535454E-15   6.9121711E-16      0
  2.991990865849592E+03   2.5660747E-15   6.3212645E-16      0
  2.994736451372389E+03   3.4397610E-15   6.6839386E-16     16
  2.997482057118948E+03   3.2660252E-15   6.2913505E-16      0
  3.000227683025490E+03   4.2820730E-15   6.4887711E-16      0
  3.002973329028229E+03   2.8459822E-15   6.1269085E-16      0
  3.005718995063371E+03   6.1119178E-15   1.0492343E-15     16
  3.008464681067125E+03   3.5645603E-15   6.1093670E-16      0
  3.011210386975688E+03   2.1578078E-15   5.7674653E-16      0
  3.013956112725256E+03   3.8387016E-15   6.0908551E-16      0
  3.016701858252020E+03   6.0791233E-15   1.0467419E-15     16
  3.019447623492164E+03   3.6603212E-15   5.7830005E-16      0
  3.022193408381873E+03   3.3897640E-15   5.6132778E-16      0
  3.024939212857321E+03   4.0528002E-15   5.7109248E-16      0
  3.027685036854680E+03   3.8324256E-15   5.5078069E-16      0
  3.030430880310120E+03   2.6360891E-15   5.1572003E-16      0
  3.033176743159803E+03   3.4453050E-15   5.3320750E-16      0
  3.035922625339887E+03   4.8291644E-15   6.1039455E-16     16
  3.038668526786527E+03   3.9794472E-15   5.7811820E-16     16
  3.041414447435872E+03   5.2971200E-15   5.4773296E-16      0
  3.044160387224068E+03   4.3787728E-15   5.1880419E-16      0
  3.046906346087255E+03   3.9626014E-15   4.9874814E-16      0
  3.049652323961569E+03   4.8503944E-15   5.1282138E-16      0
  3.052398320783143E+03   4.7375091E-15   5.1238198E-16     16
  3.055144336488103E+03   6.0814314E-15   5.2417681E-16      0
  3.057890371012573E+03   3.2459969E-15   5.1046917E-16      0
  3.060636424292671E+03   5.0099022E-15   4.9128536E-16      0
  3.063382496264512E+03   5.8227154E-15   5.2440551E-16     16
  3.066128586864204E+03   5.6221977E-15   4.9551036E-16      0
  3.068874696027855E+03   5.1347252E-15   4.8194369E-16      0
  3.071620823691564E+03   6.3746573E-15   4.9413091E-16      0
  3.074366969791429E+03   6.2551465E-15   4.9589840E-16      0
  3.077113134263542E+03   6.4888124E-15   4.9180480E-16      0
  3.079859317043993E+03   6.2476591E-15   4.9160643E-16     16
  3.082605518068864E+03   6.0021691E-15   4.9160675E-16      0
  3.085351737274234E+03   7.7714748E-15   5.0018847E-16      0
  3.088097974596181E+03   7.5743202E-15   5.2171046E-16     16
  3.090844229970775E+03   8.9374097E-15   5.1704760E-16      0
  3.093590503334083E+03   7.2894038E-15   5.1099730E-16     16
  3.096336794622168E+03   7.2218165E-15   4.9592736E-16     16
  3.099083103771089E+03   7.4876705E-15   4.8179430E-16      0
  3.101829430716899E+03   7.2058160E-15   5.1584179E-16      0
  3.104575775395650E+03   8.3678808E-15   4.9849414E-16      0
  3.107322137743388E+03   7.7017513E-15   4.9809153E-16     16
  3.110068517696154E+03   8.5378134E-15   4.9595230E-16      0
  3.112814915189987E+03   8.4737176E-15   4.9690478E-16      0
  3.115561330160921E+03   9.8949864E-15   5.9170699E-16     16
  3.118307762544985E+03   8.9495011E-15   4.9610471E-16      0
  3.121054212278204E+03   8.4731823E-15   4.8842048E-16      0
  3.123800679296602E+03   8.8463833E-15   4.9306857E-16      0
  3.126547163536195E+03   8.4528611E-15   4.8656235E-16      0
  3.129293664932997E+03   9.7813645E-15   5.1424932E-16     16
  3.132040183423017E+03   8.3020520E-15   4.7828419E-16      0
  3.134786718942261E+03   8.8477995E-15   4.9181740E-16     16
  3.137533271426732E+03   8.0539992E-15   4.7004812E-16      0
  3.140279840812425E+03   9.2155779E-15   7.1399721E-16     16
  3.143026427035335E+03   7.1708191E-15   5.4775980E-16     16
  3.145773030031453E+03   8.3576859E-15   4.6961179E-16      0
  3.148519649736764E+03   8.5607740E-15   4.7754436E-16     16
  3.151266286087248E+03   8.5640206E-15   4.6844421E-16      0
  3.154012939018886E+03   8.1871816E-15   4.6492929E-16     16
  3.156759608467651E+03   7.1598984E-15   4.4431606E-16     16
  3.159506294369513E+03   7.9544000E-15   4.6726371E-16     16
  3.162252996660439E+03   8.3105265E-15   6.0384365E-16     16
  3.164999715276392E+03   7.5885512E-15   4.4106451E-16      0
  3.167746450153330E+03   7.9290644E-15   4.4723742E-16      0
  3.170493201227208E+03   8.6304568E-15   4.5834324E-16     16
  3.173239968433978E+03   8.9473242E-15   4.6148901E-16     16
  3.175986751709586E+03   7.6786688E-15   4.3481769E-16      0
  3.178733550989978E+03   7.7098015E-15   4.4159502E-16     16
  3.181480366211093E+03   7.7429408E-15   4.2919167E-16      0
  3.184227197308866E+03   7.6009391E-15   4.2359104E-16      0
  3.186974044219231E+03   8.8952630E-15   4.7515139E-16     16
  3.189720906878118E+03   7.1537489E-15   4.1152519E-16      0
  3.192467785221449E+03   7.6454566E-15   4.1607309E-16      0
  3.195214679185148E+03   7.4506356E-15   4.1593018E-16     16
  3.197961588705132E+03   6.9632491E-15   4.0422802E-16      0
  3.200708513717316E+03   7.5517925E-15   4.1146470E-16      0
  3.203455454157609E+03   7.9079216E-15   4.2002503E-16      0
  3.206202409961919E+03   9.8963120E-15   7.7750462E-16     16
  3.208949381066150E+03   7.0275257E-15   3.9818444E-16      0
  3.211696367406200E+03   8.6369146E-15   5.6222643E-16     16
  3.214443368917968E+03   7.1078736E-15   3.9835007E-16     16
  3.217190385537344E+03   7.1802322E-15   4.0226759E-16     16
  3.219937417200219E+03   6.8456949E-15   3.8496620E-16      0
  3.222684463842478E+03   6.4693979E-15   3.7898152E-16      0
  3.225431525400003E+03   7.5709804E-15   4.0574210E-16     16
  3.228178601808673E+03   7.7619457E-15   3.9545856E-16      0
  3.230925693004363E+03   6.7804356E-15   3.7839590E-16      0
  3.233672798922945E+03   7.7906762E-15   4.2577848E-16     16
  3.236419919500287E+03   7.2448329E-15   3.8164719E-16      0
  3.239167054672253E+03   7.4453883E-15   4.3359889E-16     16
  3.241914204374707E+03   7.8352691E-15   3.9344469E-16     16
  3.244661368543505E+03   6.6847883E-15   3.6797557E-16      0
  3.247408547114502E+03   7.4451291E-15   3.8218963E-16     16
  3.250155740023550E+03   7.6001251E-15   4.4156513E-16      0
  3.252902947206496E+03   6.9465341E-15   3.9789031E-16      0
  3.255650168599185E+03   8.1680302E-15   4.1670543E-16     16
  3.258397404137459E+03   7.5959806E-15   3.9102331E-16      0
  3.261144653757155E+03   8.2377342E-15   3.8571869E-16      0
  3.263891917394108E+03   8.2194569E-15   3.8741900E-16      0
  3.266639194984149E+03   9.0273595E-15   3.9746013E-16      0
  3.269386486463107E+03   8.3316439E-15   3.8181087E-16      0
  3.272133791766806E+03   9.5352760E-15   4.1015667E-16     16
  3.274881110831069E+03   1.0130169E-14   4.0790497E-16      0
  3.277628443591713E+03   8.9897801E-15   3.8909274E-16      0
  3.280375789984555E+03   8.7637442E-15   3.8528212E-16      0
  3.283123149945404E+03   9.1364150E-15   3.9253847E-16     16
  3.285870523410073E+03   1.1483251E-14   4.2536796E-16      0
  3.288617910314364E+03   9.7242525E-15   3.9424376E-16      0
  3.291365310594081E+03   8.3111635E-15   3.7244772E-16      0
  3.294112724185024E+03   9.7549007E-15   4.0319547E-16      0
  3.296860151022989E+03   1.0729503E-14   4.1415144E-16      0
  3.299607591043768E+03   1.0000219E-14   3.9475685E-16      0
  3.302355044183153E+03   1.0951655E-14   4.0621188E-16      0
  3.305102510376930E+03   1.0953213E-14   4.0345381E-16      0
  3.307849989560883E+03   1.0500039E-14   3.9762141E-16      0
  3.310597481670793E+03   1.1236728E-14   4.0547078E-16      0
  3.313344986642439E+03   1.1767849E-14   4.1064734E-16      0
  3.316092504411594E+03   1.2481679E-14   4.1716971E-16      0
  3.318840034914032E+03   1.2408469E-14   4.1631243E-16      0
  3.321587578085520E+03   1.2603190E-14   4.2112609E-16      0
  3.324335133861826E+03   1.3426090E-14   4.4214336E-16     16
  3.327082702178711E+03   1.3919340E-14   5.7444806E-16      0
  3.329830282971937E+03   1.4910626E-14   5.9814926E-16     16
  3.332577876177259E+03   1.4057842E-14   5.1552919E-16      0
  3.335325481730434E+03   1.3796281E-14   4.2680852E-16      0
  3.338073099567212E+03   1.4840751E-14   4.3701828E-16      0
  3.340820729623340E+03   1.4587517E-14   4.3436914E-16      0
  3.343568371834566E+03   1.5106441E-14   4.6656226E-16      0
  3.346316026136632E+03   1.6214394E-14   4.7047386E-16     16
  3.349063692465277E+03   1.3612327E-14   6.2606476E-16     16
  3.351811370756240E+03   1.5159894E-14   4.3464577E-16      0
  3.354559060945254E+03   1.5942392E-14   4.4503122E-16      0
  3.357306762968051E+03   1.6273485E-14   4.5305511E-16     16
  3.360054476760359E+03   1.6353357E-14   4.4503196E-16      0
  3.362802202257906E+03   1.6731308E-14   4.4791198E-16      0
  3.365549939396414E+03   1.5824595E-14   4.3554156E-16      0
  3.368297688111602E+03   1.7262238E-14   4.5044566E-16      0
  3.371045448339191E+03   1.6893024E-14   4.4660326E-16      0
  3.373793220014894E+03   1.6705240E-14   4.4330306E-16      0
  3.376541003074425E+03   1.7699888E-14   4.5159948E-16      0
  3.379288797453492E+03   1.8060960E-14   4.5987367E-16      0
  3.382036603087804E+03   1.7785634E-14   4.5640798E-16     16
  3.384784419913064E+03   1.7227276E-14   5.2971964E-16      0
  3.387532247864974E+03   1.7528845E-14   4.4268086E-16      0
  3.390280086879235E+03   1.8460687E-14   5.2604690E-16     16
  3.393027936891542E+03   1.8948359E-14   5.0495700E-16     16
  3.395775797837590E+03   1.7922038E-14   4.8482456E-16     16
  3.398523669653070E+03   1.9280171E-14   4.7074258E-16     16
  3.401271552273671E+03   1.9402548E-14   4.6146900E-16     16
  3.404019445635081E+03   2.0300403E-14   4.9667418E-16     16
  3.406767349672981E+03   2.0715831E-14   4.6666687E-16      0
  3.409515264323056E+03   2.0618801E-14   4.6380549E-16      0
  3.412263189520982E+03   2.1376889E-14   4.9203869E-16     16
  3.415011125202437E+03   2.1933164E-14   4.7685610E-16     16
  3.417759071303095E+03   2.1738567E-14   4.7195887E-16     16
  3.420507027758627E+03   2.2219597E-14   4.9796294E-16     16
  3.423254994504704E+03   2.2383516E-14   4.7187750E-16      0
  3.426002971476990E+03   2.4761116E-14   4.9401804E-16      0
  3.428750958611152E+03   2.4521773E-14   4.9523761E-16      0
  3.431498955842850E+03   2.5302939E-14   5.1165512E-16     16
  3.434246963107743E+03   2.6607777E-14   5.0887029E-16     16
  3.436994980341492E+03   2.6957135E-14   5.2445675E-16     16
  3.439743007479749E+03   2.6684782E-14   5.0615153E-16      0
  3.442491044458167E+03   2.7136967E-14   5.0906902E-16      0
  3.445239091212396E+03   2.8359480E-14   5.1699741E-16      0
  3.447987147678086E+03   2.7645714E-14   5.1529509E-16     16
  3.450735213790882E+03   2.9035805E-14   5.3451670E-16     16
  3.453483289486426E+03   3.0066193E-14   5.2833029E-16      0
  3.456231374700359E+03   2.8214039E-14   5.1469613E-16      0
  3.458979469368322E+03   3.0930936E-14   5.3282946E-16      0
  3.461727573425952E+03   3.0928866E-14   5.3046164E-16      0
  3.464475686808883E+03   3.0137361E-14   5.2276835E-16      0
  3.467223809452745E+03   3.1361046E-14   5.3448854E-16      0
  3.469971941293171E+03   3.1215637E-14   5.3141894E-16      0
  3.472720082265788E+03   3.2090480E-14   5.3904107E-16      0
  3.475468232306223E+03   3.1525919E-14   5.3101147E-16      0
  3.478216391350099E+03   3.3304719E-14   5.4213783E-16      0
  3.480964559333038E+03   3.3168784E-14   5.3907321E-16      0
  3.483712736190659E+03   3.2018662E-14   5.3158718E-16      0
  3.486460921858581E+03   3.3109481E-14   5.3782272E-16      0
  3.489209116272418E+03   3.3823872E-14   5.4399272E-16      0
  3.491957319367783E+03   3.3436886E-14   5.4223476E-16     16
  3.494705531080289E+03   3.3558121E-14   5.4078279E-16      0
  3.497453751345545E+03   3.3860257E-14   5.4427150E-16     16
  3.500201980099157E+03   3.5100947E-14   5.5111638E-16      0
  3.502950217276732E+03   3.3763231E-14   5.3949868E-16      0
  3.505698462813873E+03   3.5783015E-14   5.5903089E-16     16
  3.508446716646181E+03   3.4087005E-14   5.4070279E-16      0
  3.511194978709256E+03   3.4736601E-14   5.4584735E-16      0
  3.513943248938695E+03   3.4169133E-14   5.4148201E-16      0
  3.516691527270094E+03   3.4848619E-14   5.4405630E-16      0
  3.519439813639046E+03   3.5112287E-14   5.4536576E-16      0
  3.522188107981144E+03   3.5776253E-14   5.4820073E-16      0
  3.524936410231978E+03   3.5299126E-14   5.5001814E-16      0
  3.527684720327135E+03   3.6376474E-14   5.5700701E-16      0
  3.530433038202203E+03   3.5666016E-14   5.4533008E-16      0
  3.533181363792764E+03   3.6782233E-14   5.5371894E-16      0
  3.535929697034403E+03   3.7589147E-14   5.8345043E-16     16
  3.538678037862700E+03   3.7078207E-14   5.6043167E-16      0
  3.541426386213234E+03   3.6545314E-14   5.4987590E-16      0
  3.544174742021582E+03   3.6896992E-14   5.5311352E-16      0
  3.546923105223320E+03   3.8175341E-14   5.6423093E-16     16
  3.549671475754022E+03   3.6258977E-14   5.4630422E-16      0
  3.552419853549260E+03   3.6272458E-14   5.4742575E-16      0
  3.555168238544605E+03   3.6594158E-14   5.4799914E-16     16
  3.557916630675624E+03   3.6343673E-14   5.4624361E-16      0
  3.560665029877885E+03   3.6846269E-14   5.5204134E-16      0
  3.563413436086954E+03   3.6202957E-14   5.4724713E-16     16
  3.566161849238395E+03   3.7241142E-14   5.5250959E-16     16
  3.568910269267769E+03   3.5484338E-14   5.3854932E-16      0
  3.571658696110636E+03   3.6109109E-14   5.4345936E-16      0
  3.574407129702558E+03   3.5354396E-14   5.4896184E-16     16
  3.577155569979089E+03   3.3991551E-14   5.5121018E-16      0
  3.579904016875786E+03   3.3667266E-14   6.2678866E-16     16
  3.582652470328203E+03   3.4410348E-14   5.2772667E-16      0
  3.585400930271893E+03   3.3671044E-14   5.2548103E-16     16
  3.588149396642407E+03   3.1622549E-14   6.0578044E-16      0
  3.590897869375294E+03   3.2752677E-14   5.1295166E-16      0
  3.593646348406105E+03   3.0841849E-14   4.9776971E-16      0
  3.596394833670382E+03   3.1695800E-14   5.0435089E-16      0
  3.599143325103674E+03   3.0844627E-14   5.0400414E-16      0
  3.601891822641523E+03   2.9713448E-14   4.9002275E-16      0
  3.604640326219473E+03   2.9616636E-14   4.8864447E-16      0
  3.607388835773062E+03   2.8489675E-14   4.8069951E-16     16
  3.610137351237833E+03   2.8331378E-14   4.7904181E-16     16
  3.612885872549321E+03   2.6856665E-14   4.8708730E-16     16
  3.615634399643065E+03   2.6399835E-14   4.6654564E-16     16
  3.618382932454599E+03   2.4867835E-14   4.4923721E-16      0
  3.621131470919458E+03   2.4778348E-14   4.4960504E-16      0
  3.623880014973174E+03   2.3793608E-14   4.4445894E-16     16
  3.626628564551278E+03   2.1772255E-14   4.2656706E-16     16
  3.629377119589303E+03   2.2653471E-14   4.3623081E-16      0
  3.632125680022774E+03   2.2644653E-14   4.3378352E-16     16
  3.634874245787221E+03   2.1171832E-14   4.1262429E-16      0
  3.637622816818169E+03   1.9661366E-14   3.9915840E-16   1024
  3.640371393051144E+03   1.9981641E-14   4.0061733E-16   1024
  3.643119974421671E+03   1.8471593E-14   3.8816772E-16   1024
  3.645868560865270E+03   1.7984734E-14   3.8166151E-16   1024
  3.648617152317463E+03   1.7377658E-14   3.7572108E-16   1024
  3.651365748713773E+03   1.7275500E-14   3.7402982E-16   1024
  3.654114349989716E+03   1.6131431E-14   3.8170359E-16   1040
  3.656862956080811E+03   1.6371983E-14   3.6486744E-16   1024
  3.659611566922575E+03   1.5795167E-14   3.5859002E-16   1024
  3.662360182450524E+03   1.4990901E-14   3.4912602E-16   1024
  3.665108802600173E+03   1.4214985E-14   3.4514869E-16   1040
  3.667857427307034E+03   1.4414786E-14   3.4423030E-16   1040
  3.670606056506622E+03   1.3675173E-14   3.3465046E-16   1024
  3.673354690134446E+03   1.3816264E-14   3.4379082E-16   1040
  3.676103328126017E+03   1.3675635E-14   3.6376433E-16   1040
  3.678851970416846E+03   1.3141393E-14   3.2861697E-16   1024
  3.681600616942439E+03   1.3749102E-14   3.3316185E-16   1024
  3.684349267638305E+03   1.2882984E-14   3.3390047E-16   1040
  3.687097922439950E+03   1.2147901E-14   3.1549955E-16   1024
  3.689846581282879E+03   1.3058644E-14   3.2452810E-16   1040
  3.692595244102597E+03   1.2564276E-14   3.1777198E-16   1024
  3.695343910834607E+03   1.2846207E-14   3.2365507E-16   1024
  3.698092581414413E+03   1.2355517E-14   3.2076852E-16   1040
  3.700841255777515E+03   1.7338397E-14   3.7548243E-16   1040
  3.703589933859414E+03   1.3049147E-14   3.1913007E-16   1040
  3.706338615595612E+03   1.4179731E-14   3.3034817E-16   1040
  3.709087300921606E+03   1.3731238E-14   3.2592698E-16   1024
  3.711835989772895E+03   1.4327991E-14   3.2653724E-16   1024
  3.714584682084977E+03   1.3915987E-14   3.2249040E-16   1024
  3.717333377793347E+03   1.5481504E-14   3.3603518E-16   1024
  3.720082076833502E+03   1.5290242E-14   3.3518645E-16   1024
  3.722830779140937E+03   1.6267932E-14   3.4360101E-16      0
  3.725579484651147E+03   1.6544171E-14   3.4322556E-16      0
  3.728328193299624E+03   1.7421487E-14   3.4918613E-16      0
  3.731076905021861E+03   1.9280066E-14   3.6714082E-16      0
  3.733825619753351E+03   1.9899187E-14   3.7578942E-16     16
  3.736574337429586E+03   1.9585382E-14   3.6316183E-16      0
  3.739323057986055E+03   2.0835669E-14   3.7377060E-16     16
  3.742071781358249E+03   2.0563793E-14   3.6920837E-16      0
  3.744820507481656E+03   2.2458757E-14   3.8562813E-16      0
  3.747569236291767E+03   2.3596385E-14   3.9238542E-16      0
  3.750317967724068E+03   2.3644711E-14   3.9122056E-16      0
  3.753066701714048E+03   2.4000238E-14   3.9460637E-16     16
  3.755815438197192E+03   2.4567311E-14   4.0594001E-16     16
  3.758564177108988E+03   2.4528793E-14   3.9187299E-16      0
  3.761312918384921E+03   2.5546888E-14   4.0518726E-16     16
  3.764061661960476E+03   2.5490689E-14   3.9690349E-16      0
  3.766810407771137E+03   2.6734479E-14   4.0861648E-16     16
  3.769559155752390E+03   2.7003871E-14   4.0603885E-16      0
  3.772307905839717E+03   2.8173234E-14   4.1021231E-16      0
  3.775056657968602E+03   2.7875548E-14   4.0952325E-16      0
  3.777805412074527E+03   2.8327965E-14   4.1188216E-16      0
  3.780554168092974E+03   2.8406027E-14   4.1112655E-16      0
  3.783302925959425E+03   2.9778738E-14   4.2280801E-16      0
  3.786051685609361E+03   3.0787113E-14   4.4513805E-16     16
  3.788800446978263E+03   2.9419890E-14   4.8721716E-16     16
  3.791549210001611E+03   3.2390564E-14   4.3094755E-16      0
  3.794297974614886E+03   3.2688218E-14   4.3543364E-16     16
  3.797046740753567E+03   3.2637809E-14   4.2861013E-16      0
  3.799795508353134E+03   3.4022298E-14   4.3605862E-16      0
  3.802544277349065E+03   3.5070545E-14   4.4020797E-16      0
  3.805293047676838E+03   3.5534570E-14   4.4336696E-16      0
  3.808041819271933E+03   3.7204218E-14   4.5045265E-16      0
  3.810790592069828E+03   3.8232042E-14   5.3823846E-16     16
  3.813539366006000E+03   4.0155840E-14   4.6641043E-16      0
  3.816288141015926E+03   4.2161248E-14   4.8579335E-16     16
  3.819036917035084E+03   4.3556670E-14   4.8227277E-16      0
  3.821785693998951E+03   4.4391648E-14   4.8339964E-16      0
  3.824534471843003E+03   4.5752793E-14   4.8917460E-16      0
  3.827283250502718E+03   4.8741020E-14   5.0388719E-16      0
  3.830032029913570E+03   5.0364274E-14   5.1211506E-16      0
  3.832780810011037E+03   5.3120696E-14   5.2298429E-16      0
  3.835529590730595E+03   5.4751600E-14   5.2812102E-16      0
  3.838278372007720E+03   5.5945191E-14   5.3086609E-16      0
  3.841027153777887E+03   5.7676723E-14   5.3669278E-16      0
  3.843775935976572E+03   5.9241830E-14   5.4375508E-16      0
  3.846524718539251E+03   6.1560918E-14   5.5301018E-16     16
  3.849273501401398E+03   6.3407491E-14   5.5765833E-16     16
  3.852022284498491E+03   6.3662386E-14   5.5944811E-16     16
  3.854771067766002E+03   6.6444957E-14   5.6550688E-16      0
  3.857519851139408E+03   6.7353221E-14   5.6835387E-16      0
  3.860268634554185E+03   6.8771235E-14   5.7704141E-16     16
  3.863017417945807E+03   7.0747763E-14   5.8523592E-16      0
  3.865766201249749E+03   6.8988184E-14   5.7258421E-16     16
  3.868514984401487E+03   7.1208169E-14   6.9355259E-16      0
  3.871263767336497E+03   7.1848608E-14   6.2993014E-16     16
  3.874012549990254E+03   7.3679039E-14   5.8576293E-16      0
  3.876761332298232E+03   7.5857459E-14   5.9597122E-16     16
  3.879510114195908E+03   7.6690546E-14   6.0510573E-16     16
  3.882258895618758E+03   7.6894905E-14   5.9385739E-16      0
  3.885007676502256E+03   7.6999395E-14   5.9982861E-16      0
  3.887756456781879E+03   7.6387010E-14   5.8828476E-16      0
  3.890505236393103E+03   7.9668809E-14   6.0020765E-16      0
  3.893254015271404E+03   7.9188534E-14   5.9461390E-16      0
  3.896002793352257E+03   8.0630869E-14   5.9920455E-16      0
  3.898751570571141E+03   8.0866710E-14   5.9950049E-16     16
  3.901500346863530E+03   8.3437909E-14   6.0524051E-16      0
  3.904249122164903E+03   8.3556534E-14   6.0799130E-16      0
  3.906997896410737E+03   8.5772698E-14   6.1563403E-16      0
  3.909746669536509E+03   8.4758914E-14   6.1202069E-16     16
  3.912495441477696E+03   8.8149248E-14   6.1934827E-16      0
  3.915244212169776E+03   8.7477660E-14   6.2056704E-16      0
  3.917992981548228E+03   8.7846824E-14   6.1481579E-16     16
  3.920741749548531E+03   8.9112338E-14   6.1745901E-16      0
  3.923490516106162E+03   8.9464596E-14   6.1754081E-16      0
  3.926239281156602E+03   8.8073883E-14   6.1250943E-16      0
  3.928988044635330E+03   8.8612596E-14   6.1235215E-16      0
  3.931736806477825E+03   8.7726877E-14   6.0890239E-16      0
  3.934485566619569E+03   8.3976107E-14   5.9544907E-16      0
  3.937234324996042E+03   6.7778817E-14   6.1915933E-16      0
  3.939983081542724E+03   5.6810828E-14   4.9410465E-16      0
  3.942731836195098E+03   7.4749167E-14   5.5965463E-16      0
  3.945480588888646E+03   8.2507880E-14   5.8355626E-16      0
  3.948229339558849E+03   8.4149735E-14   5.8942048E-16      0
  3.950978088141192E+03   8.3760791E-14   5.8796019E-16     16
  3.953726834571157E+03   8.5057537E-14   5.8478885E-16      0
  3.956475578784228E+03   8.4481108E-14   5.8348886E-16      0
  3.959224320715890E+03   8.3387975E-14   5.8034965E-16      0
  3.961973060301628E+03   8.1853171E-14   5.7367689E-16      0
  3.964721797476926E+03   8.0608887E-14   5.6723578E-16      0
  3.967470532177273E+03   7.9858788E-14   5.6483677E-16      0
  3.970219264338153E+03   7.7659545E-14   5.5362253E-16      0
  3.972967993895055E+03   6.4332999E-14   5.0292894E-16     16
  3.975716720783465E+03   6.4287199E-14   5.0378772E-16     16
  3.978465444938874E+03   7.7507662E-14   5.4852117E-16     16
  3.981214166296769E+03   8.0426198E-14   5.5783838E-16      0
  3.983962884792641E+03   8.0789948E-14   5.6513710E-16     16
  3.986711600361980E+03   8.0947910E-14   5.5923535E-16     16
  3.989460312940279E+03   8.0803453E-14   5.6099712E-16      0
  3.992209022463026E+03   8.2355455E-14   5.6577894E-16     16
  3.994957728865717E+03   8.2806917E-14   5.6350090E-16      0
  3.997706432083844E+03   8.3748228E-14   5.6640378E-16     16
  4.000455132052902E+03   8.5872207E-14   5.7166169E-16      0
  4.003203828708384E+03   8.7174090E-14   5.7751474E-16      0
  4.005952521985787E+03   8.6056840E-14   5.7339117E-16     16
  4.008701211820608E+03   8.7657962E-14   5.7481990E-16      0
  4.011449898148342E+03   9.1318608E-14   5.8924535E-16     16
  4.014198580904488E+03   9.2131421E-14   5.9255381E-16     16
  4.016947260024547E+03   9.1875279E-14   5.8714164E-16     16
  4.019695935444015E+03   9.4414345E-14   5.9321476E-16      0
  4.022444607098396E+03   9.4842252E-14   6.3440603E-16      0
  4.025193274923189E+03   9.6564080E-14   5.9840887E-16      0
  4.027941938853899E+03   9.6586001E-14   5.9822120E-16      0
  4.030690598826026E+03   9.9230554E-14   6.0714628E-16     16
  4.033439254775077E+03   9.8895095E-14   6.0226547E-16      0
  4.036187906636555E+03   9.9800424E-14   6.0407187E-16      0
  4.038936554345968E+03   1.0207055E-13   6.1124296E-16     16
  4.041685197838822E+03   1.0161903E-13   6.0797891E-16      0
  4.044433837050626E+03   1.0277968E-13   6.0877761E-16      0
  4.047182471916888E+03   1.0318105E-13   6.0914041E-16      0
  4.049931102373119E+03   1.0259432E-13   6.2171768E-16     16
  4.052679728354829E+03   1.0420513E-13   6.1544715E-16     16
  4.055428349797532E+03   1.0675887E-13   6.2124610E-16      0
  4.058176966636740E+03   1.0736994E-13   6.3963942E-16     16
  4.060925578807967E+03   1.0886103E-13   6.2568021E-16     16
  4.063674186246729E+03   1.0936402E-13   6.2354664E-16      0
  4.066422788888543E+03   1.0942411E-13   6.2442083E-16      0
  4.069171386668926E+03   1.0958064E-13   6.2422633E-16      0
  4.071919979523397E+03   1.0913248E-13   6.2540053E-16      0
  4.074668567387476E+03   1.0871055E-13   6.2208032E-16      0
  4.077417150196684E+03   1.1038174E-13   6.2595767E-16      0
  4.080165727886545E+03   1.0941036E-13   6.2257117E-16      0
  4.082914300392579E+03   1.0909973E-13   6.1900564E-16      0
  4.085662867650314E+03   1.1154199E-13   6.2942372E-16     16
  4.088411429595274E+03   1.1018609E-13   6.2205152E-16      0
  4.091159986162988E+03   1.0943485E-13   6.2037847E-16      0
  4.093908537288982E+03   1.0707078E-13   7.3232838E-16     16
  4.096657082908789E+03   1.0735034E-13   6.6251000E-16     16
  4.099405622957937E+03   1.0798732E-13   6.1748278E-16      0
  4.102154157371960E+03   1.0783223E-13   6.1675142E-16      0
  4.104902686086391E+03   1.0551151E-13   6.0774937E-16     16
  4.107651209036766E+03   1.0474516E-13   6.0389082E-16      0
  4.110399726158621E+03   1.0504725E-13   6.0949235E-16      0
  4.113148237387493E+03   1.0469957E-13   6.0602052E-16      0
  4.115896742658922E+03   1.0428751E-13   6.0403232E-16      0
  4.118645241908446E+03   1.0356800E-13   5.9976847E-16     16
  4.121393735071611E+03   1.0318135E-13   6.0076818E-16      0
  4.124142222083958E+03   1.0361762E-13   6.0173739E-16      0
  4.126890702881033E+03   1.0299605E-13   6.0051523E-16      0
  4.129639177398381E+03   1.0431516E-13   6.0572411E-16      0
  4.132387645571549E+03   1.0142516E-13   5.8964515E-16     16
  4.135136107336089E+03   1.0133201E-13   5.8988804E-16     16
  4.137884562627550E+03   1.0178684E-13   5.9122762E-16     16
  4.140633011381484E+03   1.0102033E-13   5.8771307E-16     16
  4.143381453533444E+03   9.9417863E-14   5.8161761E-16      0
  4.146129889018988E+03   9.9730723E-14   5.8212890E-16      0
  4.148878317773670E+03   1.0050799E-13   5.8606898E-16     16
  4.151626739733053E+03   9.8609963E-14   5.7761877E-16      0
  4.154375154832691E+03   1.0010451E-13   5.8520871E-16     16
  4.157123563008149E+03   1.0090579E-13   5.8595638E-16      0
  4.159871964194991E+03   9.9275677E-14   5.7658618E-16      0
  4.162620358328780E+03   9.9287474E-14   5.7680953E-16      0
  4.165368745345084E+03   9.8923453E-14   5.7646098E-16      0
  4.168117125179470E+03   9.7873763E-14   5.8592948E-16      0
  4.170865497767508E+03   9.6828117E-14   5.6714250E-16      0
  4.173613863044772E+03   9.4977147E-14   5.6396592E-16      0
  4.176362220946833E+03   9.4327439E-14   5.6214787E-16      0
  4.179110571409267E+03   9.4076365E-14   5.6100125E-16     16
  4.181858914367650E+03   9.2756505E-14   5.5243568E-16      0
  4.184607249757561E+03   9.1558359E-14   5.5145990E-16     16
  4.187355577514581E+03   9.0906923E-14   5.5101399E-16      0
  4.190103897574292E+03   8.9227162E-14   5.4655362E-16     16
  4.192852209872277E+03   8.9451097E-14   5.4416149E-16      0
  4.195600514344122E+03   8.8258753E-14   5.3897501E-16      0
  4.198348810925416E+03   8.6772867E-14   5.3287653E-16     16
  4.201097099551747E+03   8.6522430E-14   5.3363849E-16      0
  4.203845380158707E+03   8.5552252E-14   5.2957839E-16      0
  4.206593652681890E+03   8.2479325E-14   5.1906396E-16     16
  4.209341917056889E+03   8.2827422E-14   5.2065898E-16      0
  4.212090173219301E+03   8.3252619E-14   5.2673342E-16     16
  4.214838421104728E+03   8.1860937E-14   5.1653467E-16     16
  4.217586660648768E+03   8.0288877E-14   5.1639872E-16      0
  4.220334891787025E+03   7.9082567E-14   5.2034055E-16     16
  4.223083114455106E+03   7.8994035E-14   5.0478023E-16      0
  4.225831328588612E+03   7.7477982E-14   5.0182716E-16      0
  4.228579534123157E+03   7.7355406E-14   5.4337550E-16      0
  4.231327730994351E+03   7.5664904E-14   6.0100863E-16      0
  4.234075919137804E+03   7.5734225E-14   4.9404319E-16      0
  4.236824098489134E+03   7.1489608E-14   5.8610662E-16     16
  4.239572268983955E+03   7.2088447E-14   4.8438807E-16      0
  4.242320430557889E+03   7.2346087E-14   4.8421253E-16     16
  4.245068583146556E+03   7.2482168E-14   4.8699386E-16      0
  4.247816726685581E+03   7.1328468E-14   4.7772499E-16      0
  4.250564861110585E+03   7.0442011E-14   4.7648864E-16     16
  4.253312986357198E+03   6.9518372E-14   4.7411245E-16      0
  4.256061102361051E+03   6.8620978E-14   4.6912581E-16      0
  4.258809209057774E+03   6.5932563E-14   4.5845293E-16      0
  4.261557306383001E+03   6.5731065E-14   4.5769711E-16      0
  4.264305394272368E+03   6.5608448E-14   4.6201248E-16     16
  4.267053472661514E+03   6.4803834E-14   4.5445149E-16      0
  4.269801541486081E+03   6.4447200E-14   4.5734469E-16      0
  4.272549600681709E+03   6.4950568E-14   4.5412359E-16     16
  4.275297650184047E+03   6.4575176E-14   4.5216583E-16      0
  4.278045689928737E+03   6.4871861E-14   4.5166560E-16      0
  4.280793719851434E+03   6.5850903E-14   4.5511038E-16      0
  4.283541739887786E+03   6.6257804E-14   4.5885056E-16      0
  4.286289749973450E+03   6.6183821E-14   4.5810348E-16     16
  4.289037750044081E+03   6.7729120E-14   4.5991083E-16      0
  4.291785740035338E+03   6.7336714E-14   4.5853297E-16      0
  4.294533719882884E+03   6.9387184E-14   4.6377362E-16      0
  4.297281689522380E+03   7.0672912E-14   4.6843876E-16     16
  4.300029648889496E+03   7.2809007E-14   4.7384198E-16      0
  4.302777597919896E+03   7.4252914E-14   4.7832909E-16      0
  4.305525536549254E+03   7.5435264E-14   4.8248368E-16      0
  4.308273464713243E+03   7.5775757E-14   4.8360451E-16      0
  4.311021382347538E+03   7.8036597E-14   4.9011153E-16     16
  4.313769289387817E+03   7.9262816E-14   4.9325884E-16      0
  4.316517185769761E+03   7.9834156E-14   5.1135130E-16     16
  4.319265071429055E+03   8.1688955E-14   5.0950525E-16     16
  4.322012946301383E+03   8.0474933E-14   4.9519822E-16      0
  4.324760810322434E+03   8.1699967E-14   5.0077366E-16      0
  4.327508663427898E+03   8.3198361E-14   5.0209148E-16     16
  4.330256505553469E+03   8.4573062E-14   5.0766809E-16      0
  4.333004336634844E+03   8.6281703E-14   5.0980192E-16      0
  4.335752156607718E+03   8.7214300E-14   5.1176550E-16      0
  4.338499965407796E+03   8.9657035E-14   5.1876221E-16     16
  4.341247762970782E+03   8.8658254E-14   5.1825849E-16     16
  4.343995549232380E+03   9.1197645E-14   5.2329558E-16      0
  4.346743324128300E+03   9.2879365E-14   5.2739236E-16      0
  4.349491087594254E+03   9.3928188E-14   5.3046021E-16      0
  4.352238839565955E+03   9.5342489E-14   5.3366268E-16      0
  4.354986579979121E+03   9.6787128E-14   5.3683768E-16      0
  4.357734308769474E+03   9.8122465E-14   5.3968683E-16      0
  4.360482025872733E+03   9.8931456E-14   5.4238844E-16      0
  4.363229731224626E+03   9.9344564E-14   5.4125125E-16     16
  4.365977424760878E+03   9.9520808E-14   5.4035122E-16      0
  4.368725106417223E+03   1.0002132E-13   5.4349430E-16      0
  4.371472776129393E+03   9.9395373E-14   5.4071201E-16      0
  4.374220433833124E+03   9.9365272E-14   5.3870491E-16      0
  4.376968079464157E+03   9.6342158E-14   5.3044983E-16      0
  4.379715712958232E+03   9.7304719E-14   5.3234930E-16      0
  4.382463334251093E+03   9.7937771E-14   5.4226303E-16     16
  4.385210943278491E+03   9.5220700E-14   5.2703274E-16      0
  4.387958539976175E+03   9.4697504E-14   5.2443367E-16      0
  4.390706124279897E+03   9.3858860E-14   5.2203768E-16      0
  4.393453696125417E+03   9.1569656E-14   5.2785516E-16     16
  4.396201255448489E+03   9.2415611E-14   5.1744941E-16      0
  4.398948802184880E+03   9.0673542E-14   5.1343246E-16      0
  4.401696336270352E+03   9.0013629E-14   5.0911069E-16     16
  4.404443857640676E+03   9.1848526E-14   5.1577509E-16      0
  4.407191366231620E+03   8.9738262E-14   5.0686695E-16      0
  4.409938861978960E+03   8.9037732E-14   5.0717654E-16      0
  4.412686344818473E+03   9.0038267E-14   5.0970541E-16      0
  4.415433814685938E+03   9.0326868E-14   5.7197964E-16      0
  4.418181271517141E+03   9.0911626E-14   5.0912673E-16      0
  4.420928715247864E+03   9.0808356E-14   5.0912122E-16     16
  4.423676145813899E+03   9.1301044E-14   5.1107263E-16      0
  4.426423563151037E+03   9.1089937E-14   5.0949439E-16     16
  4.429170967195077E+03   9.1520290E-14   5.1048452E-16     16
  4.431918357881811E+03   9.2085099E-14   5.5143597E-16     16
  4.434665735147048E+03   9.2549923E-14   5.4978696E-16     16
  4.437413098926587E+03   9.6068525E-14   5.1979273E-16      0
  4.440160449156238E+03   9.8936030E-14   5.3838468E-16      0
  4.442907785771814E+03   1.0058879E-13   5.3138273E-16     16
  4.445655108709126E+03   1.0332306E-13   5.9326505E-16     16
  4.448402417903994E+03   1.0721437E-13   5.4598997E-16      0
  4.451149713292239E+03   1.0860759E-13   5.4949971E-16      0
  4.453896994809682E+03   1.1116107E-13   5.5687890E-16      0
  4.456644262392153E+03   1.1439868E-13   5.6557782E-16     16
  4.459391515975482E+03   1.1542410E-13   5.8099139E-16     16
  4.462138755495502E+03   1.1736913E-13   5.7296347E-16      0
  4.464885980888051E+03   1.1759876E-13   5.7138958E-16      0
  4.467633192088969E+03   1.1859644E-13   6.5211044E-16      0
  4.470380389034099E+03   1.2064129E-13   5.7960151E-16   1040
  4.473127571659288E+03   1.2224560E-13   5.7897915E-16   1040
  4.475874739900388E+03   1.2223371E-13   5.8065803E-16   1040
  4.478621893693252E+03   1.2356270E-13   5.8289218E-16   1024
  4.481369032973736E+03   1.2640696E-13   5.9286711E-16   1040
  4.484116157677700E+03   1.2674363E-13   5.9018323E-16   1040
  4.486863267741011E+03   1.2838093E-13   5.9454640E-16   1024
  4.489610363099535E+03   1.2885279E-13   5.9324689E-16   1024
  4.492357443689140E+03   1.3099247E-13   6.0334808E-16   1024
  4.495104509445704E+03   1.3066741E-13   6.0042846E-16   1024
  4.497851560305103E+03   1.3124259E-13   5.9763887E-16   1024
  4.500598596203218E+03   1.3257410E-13   6.0377250E-16   1024
  4.503345617075934E+03   1.3087967E-13   6.0120456E-16   1040
  4.506092622859140E+03   1.3055029E-13   6.0224540E-16   1040
  4.508839613488726E+03   1.2917518E-13   5.9559614E-16   1024
  4.511586588900589E+03   1.3010694E-13   5.9742827E-16   1024
  4.514333549030626E+03   1.2960789E-13   5.9626927E-16   1024
  4.517080493814742E+03   1.3146171E-13   6.0115077E-16   1024
  4.519827423188840E+03   1.3051352E-13   5.9880544E-16   1280
  4.522574337088831E+03   1.3161260E-13   6.0009849E-16      0
  4.525321235450629E+03   1.3166862E-13   5.9886447E-16      0
  4.528068118210150E+03   1.3091564E-13   5.9700105E-16      0
  4.530814985303314E+03   1.2981571E-13   5.9617355E-16     16
  4.533561836666046E+03   1.3256200E-13   6.0260470E-16      0
  4.536308672234274E+03   1.3130503E-13   6.2100453E-16     16
  4.539055491943929E+03   1.3248780E-13   6.2511053E-16     16
  4.541802295730945E+03   1.3278026E-13   6.0230845E-16     16
  4.544549083531263E+03   1.3390034E-13   6.0325057E-16     16
  4.547295855280826E+03   1.3455932E-13   6.0756403E-16      0
  4.550042610915577E+03   1.3196502E-13   6.0050485E-16      0
  4.552789350371469E+03   1.3434342E-13   6.0372199E-16      0
  4.555536073584457E+03   1.3109778E-13   5.9926644E-16      0
  4.558282780490496E+03   1.3505240E-13   6.0748774E-16      0
  4.561029471025549E+03   1.3456554E-13   6.0387366E-16      0
  4.563776145125582E+03   1.3483760E-13   6.0548165E-16     16
  4.566522802726562E+03   1.3524728E-13   6.0429570E-16      0
  4.569269443764465E+03   1.3524936E-13   6.0659301E-16     16
  4.572016068175266E+03   1.3552421E-13   6.0770384E-16     16
  4.574762675894945E+03   1.3478971E-13   6.0208177E-16     16
  4.577509266859490E+03   1.3689992E-13   6.0838576E-16      0
  4.580255841004888E+03   1.3547804E-13   6.0257696E-16      0
  4.583002398267131E+03   1.3390022E-13   6.0221141E-16      0
  4.585748938582215E+03   1.3261098E-13   6.0006683E-16      0
  4.588495461886143E+03   1.3303171E-13   6.0064901E-16      0
  4.591241968114918E+03   1.3348551E-13   6.0330181E-16      0
  4.593988457204547E+03   1.2946352E-13   5.9282751E-16     16
  4.596734929091045E+03   1.2844806E-13   5.8928103E-16      0
  4.599481383710427E+03   1.2692533E-13   5.8568908E-16      0
  4.602227820998713E+03   1.2653656E-13   5.8377500E-16      0
  4.604974240891930E+03   1.2456517E-13   5.7974561E-16      0
  4.607720643326104E+03   1.2369576E-13   5.7883098E-16      0
  4.610467028237271E+03   1.2305930E-13   5.7755635E-16      0
  4.613213395561464E+03   1.2091675E-13   5.7488735E-16      0
  4.615959745234725E+03   1.1954370E-13   5.6840384E-16      0
  4.618706077193100E+03   1.1775318E-13   5.6586486E-16     16
  4.621452391372639E+03   1.1766399E-13   5.6551948E-16     16
  4.624198687709392E+03   1.1622874E-13   5.6496071E-16      0
  4.626944966139419E+03   1.1509499E-13   5.6173393E-16     16
  4.629691226598784E+03   1.1403554E-13   5.6282888E-16     16
  4.632437469023547E+03   1.1443087E-13   5.5684211E-16      0
  4.635183693349783E+03   1.1371358E-13   5.5539257E-16     16
  4.637929899513562E+03   1.1373407E-13   5.5928183E-16      0
  4.640676087450966E+03   1.1318027E-13   5.8123697E-16     16
  4.643422257098078E+03   1.1161777E-13   5.5085914E-16      0
  4.646168408390984E+03   1.1036797E-13   5.4702695E-16      0
  4.648914541265773E+03   1.0998505E-13   5.4864113E-16      0
  4.651660655658544E+03   1.0999687E-13   5.7143723E-16      0
  4.654406751505396E+03   1.0905477E-13   5.6700841E-16      0
  4.657152828742433E+03   1.0893000E-13   5.4428442E-16      0
  4.659898887305762E+03   1.0862727E-13   5.4206159E-16     16
  4.662644927131500E+03   1.0891808E-13   5.4525464E-16      0
  4.665390948155760E+03   1.0863877E-13   5.5343359E-16     16
  4.668136950314667E+03   1.0838521E-13   5.4060443E-16      0
  4.670882933544344E+03   1.1009736E-13   5.4841630E-16      0
  4.673628897780925E+03   1.0668533E-13   5.7111694E-16      0
  4.676374842960544E+03   1.0744030E-13   5.7194396E-16      0
  4.679120769019339E+03   1.0720176E-13   5.3908242E-16      0
  4.681866675893453E+03   1.0716802E-13   5.3982071E-16     16
  4.684612563519039E+03   1.0701289E-13   5.3939688E-16      0
  4.687358431832246E+03   1.0566861E-13   6.7491728E-16     16
  4.690104280769231E+03   1.0600373E-13   5.3833730E-16     16
  4.692850110266158E+03   1.0629482E-13   5.3983421E-16      0
  4.695595920259193E+03   1.0600901E-13   5.3889083E-16      0
  4.698341710684506E+03   1.0341118E-13   5.3007909E-16      0
  4.701087481478274E+03   1.0374082E-13   5.3266948E-16      0
  4.703833232576675E+03   1.0222517E-13   5.2860997E-16      0
  4.706578963915896E+03   1.0140086E-13   5.2781153E-16      0
  4.709324675432124E+03   1.0035943E-13   5.2316874E-16      0
  4.712070367061556E+03   9.8881562E-14   6.1931396E-16   1024
  4.714816038740388E+03   9.8853095E-14   5.2009295E-16   1040
  4.717561690404823E+03   9.9278794E-14   5.2022053E-16   1024
  4.720307321991070E+03   9.7176404E-14   5.1483240E-16   1040
  4.723052933435342E+03   9.7532957E-14   5.1640211E-16   1024
  4.725798524673855E+03   9.7356036E-14   5.1707222E-16   1024
  4.728544095642832E+03   9.6766094E-14   5.1476574E-16   1024
  4.731289646278499E+03   9.6551246E-14   5.1326226E-16   1024
  4.734035176517089E+03   9.6341385E-14   5.1140864E-16   1040
  4.736780686294836E+03   9.9082546E-14   5.1955132E-16   1024
  4.739526175547982E+03   1.0007017E-13   5.2188516E-16   1024
  4.742271644212773E+03   1.0220853E-13   5.2993764E-16   1024
  4.745017092225458E+03   1.0194024E-13   5.3191001E-16   1024
  4.747762519522295E+03   1.0221895E-13   5.3169777E-16   1024
  4.750507926039541E+03   1.0376275E-13   5.3442543E-16   1024
  4.753253311713465E+03   1.0493517E-13   5.3643999E-16     16
  4.755998676480333E+03   1.0624454E-13   5.3840633E-16      0
  4.758744020276422E+03   1.0557947E-13   5.3970753E-16      0
  4.761489343038012E+03   1.0587658E-13   5.3772473E-16      0
  4.764234644701384E+03   1.0472399E-13   5.3579519E-16     16
  4.766979925202832E+03   1.0481992E-13   5.3647208E-16     16
  4.769725184478648E+03   1.0403324E-13   5.3319612E-16      0
  4.772470422465132E+03   1.0390012E-13   5.3325012E-16      0
  4.775215639098587E+03   1.0390885E-13   5.3240928E-16     16
  4.777960834315324E+03   1.0415528E-13   5.3626836E-16     16
  4.780706008051658E+03   1.0336108E-13   5.3041113E-16      0
  4.783451160243904E+03   1.0264641E-13   5.2678784E-16      0
  4.786196290828391E+03   9.9765553E-14   5.1979950E-16      0
  4.788941399741445E+03   1.0088406E-13   5.2510108E-16      0
  4.791686486919401E+03   9.9769388E-14   5.1854341E-16      0
  4.794431552298602E+03   9.7631423E-14   5.1426367E-16     16
  4.797176595815388E+03   9.6855019E-14   5.1448824E-16     16
  4.799921617406109E+03   9.5172270E-14   5.0753833E-16      0
  4.802666617007122E+03   9.3597330E-14   5.0288950E-16      0
  4.805411594554786E+03   9.2137317E-14   4.9896053E-16      0
  4.808156549985465E+03   9.0177133E-14   5.2005139E-16     16
  4.810901483235530E+03   8.8439157E-14   4.8824308E-16      0
  4.813646394241355E+03   8.8242151E-14   4.9021672E-16      0
  4.816391282939322E+03   8.7399902E-14   4.8670878E-16     16
  4.819136149265815E+03   8.5875161E-14   4.8030813E-16      0
  4.821880993157228E+03   8.5729702E-14   4.8094536E-16     16
  4.824625814549952E+03   8.4231186E-14   4.7745850E-16     16
  4.827370613380393E+03   8.4926193E-14   4.7944929E-16      0
  4.830115389584955E+03   8.4186767E-14   4.7822649E-16      0
  4.832860143100051E+03   8.2084743E-14   5.5783689E-16      0
  4.835604873862096E+03   8.3141434E-14   4.7304032E-16      0
  4.838349581807515E+03   8.2782922E-14   4.7333498E-16      0
  4.841094266872733E+03   8.2681759E-14   4.7261199E-16     16
  4.843838928994187E+03   8.2689694E-14   4.7333858E-16     16
  4.846583568108311E+03   8.5112283E-14   4.7912800E-16      0
  4.849328184151550E+03   8.5269126E-14   4.7867870E-16     16
  4.852072777060355E+03   8.5509751E-14   4.8142833E-16      0
  4.854817346771179E+03   8.6618809E-14   4.8331044E-16      0
  4.857561893220481E+03   8.6014963E-14   4.8041951E-16     16
  4.860306416344727E+03   8.8388396E-14   4.8996944E-16     16
  4.863050916080389E+03   8.8949532E-14   4.9124777E-16     16
  4.865795392363941E+03   8.8932673E-14   4.9015155E-16      0
  4.868539845131865E+03   8.9109025E-14   4.8772512E-16     16
  4.871284274320648E+03   9.0318303E-14   4.9113638E-16      0
  4.874028679866785E+03   9.0347861E-14   5.1964503E-16      0
  4.876773061706771E+03   9.1188823E-14   5.0076376E-16     16
  4.879517419777110E+03   9.1115375E-14   4.9294755E-16      0
  4.882261754014312E+03   9.0282701E-14   4.9055929E-16      0
  4.885006064354890E+03   9.1115253E-14   4.9311209E-16      0
  4.887750350735367E+03   9.0597167E-14   4.9170623E-16     16
  4.890494613092266E+03   9.1450990E-14   4.9452002E-16      0
  4.893238851362119E+03   9.1071702E-14   4.8968049E-16      0
  4.895983065481464E+03   9.1928994E-14   4.9229412E-16      0
  4.898727255386842E+03   9.2849394E-14   4.9685555E-16      0
  4.901471421014802E+03   9.3232083E-14   5.0178142E-16     16
  4.904215562301897E+03   9.3440270E-14   4.9714815E-16    256
  4.906959679184688E+03   9.4316516E-14   4.9989396E-16      0
  4.909703771599738E+03   9.4078316E-14   4.9756833E-16      0
  4.912447839483620E+03   9.5560367E-14   4.9958009E-16      0
  4.915191882772910E+03   9.5086787E-14   4.9776706E-16      0
  4.917935901404187E+03   9.5582410E-14   5.0266540E-16     16
  4.920679895314044E+03   9.5055196E-14   5.0005564E-16      0
  4.923423864439071E+03   9.5420111E-14   5.0003558E-16      0
  4.926167808715868E+03   9.5708252E-14   4.9898573E-16     16
  4.928911728081042E+03   9.5131422E-14   4.9753154E-16     16
  4.931655622471202E+03   9.7080709E-14   5.0542604E-16     16
  4.934399491822967E+03   9.5814924E-14   5.0087377E-16      0
  4.937143336072957E+03   9.6171674E-14   5.0373362E-16      0
  4.939887155157801E+03   9.6216065E-14   5.0966099E-16     16
  4.942630949014135E+03   9.7228086E-14   5.0171816E-16      0
  4.945374717578597E+03   9.6871587E-14   5.0349941E-16     16
  4.948118460787835E+03   9.8259169E-14   5.0408720E-16      0
  4.950862178578499E+03   9.8831716E-14   5.0569413E-16      0
  4.953605870887249E+03   9.7477988E-14   5.0209868E-16     16
  4.956349537650746E+03   9.8756866E-14   5.0417053E-16      0
  4.959093178805661E+03   9.9935251E-14   5.0899184E-16      0
  4.961836794288672E+03   9.9462315E-14   5.0541101E-16     16
  4.964580384036456E+03   1.0083574E-13   5.0806831E-16     16
  4.967323947985703E+03   1.0112373E-13   5.1197625E-16     16
  4.970067486073106E+03   1.0073069E-13   5.0811516E-16      0
  4.972810998235364E+03   1.0202408E-13   5.1105262E-16      0
  4.975554484409185E+03   1.0404232E-13   5.1705813E-16      0
  4.978297944531278E+03   1.0573577E-13   5.1971671E-16      0
  4.981041378538362E+03   1.0680640E-13   5.2236442E-16      0
  4.983784786367159E+03   1.0706954E-13   5.2249217E-16      0
  4.986528167954400E+03   1.1031192E-13   5.3233173E-16     16
  4.989271523236821E+03   1.0924531E-13   5.2798565E-16     16
  4.992014852151163E+03   1.1079707E-13   5.3273947E-16      0
  4.994758154634174E+03   1.1232562E-13   5.3588810E-16     16
  4.997501430622608E+03   1.1450785E-13   5.4014264E-16      0
  5.000244680053228E+03   1.1516154E-13   5.4084298E-16      0
  5.002987902862797E+03   1.1597370E-13   5.4313838E-16      0
  5.005731098988092E+03   1.1730395E-13   5.5005954E-16      0
  5.008474268365885E+03   1.2074049E-13   5.5669133E-16      0
  5.011217410932967E+03   1.2014189E-13   6.5240436E-16      0
  5.013960526626127E+03   1.2163053E-13   6.5713637E-16      0
  5.016703615382162E+03   1.2658475E-13   5.6810648E-16      0
  5.019446677137877E+03   1.2619417E-13   5.6811532E-16     16
  5.022189711830081E+03   1.2817124E-13   5.6841448E-16      0
  5.024932719395591E+03   1.3046895E-13   5.7442974E-16     16
  5.027675699771229E+03   1.3011722E-13   5.7303304E-16      0
  5.030418652893823E+03   1.3144372E-13   5.7806065E-16      0
  5.033161578700211E+03   1.3252001E-13   5.8416538E-16     16
  5.035904477127232E+03   1.3467411E-13   5.8285883E-16     16
  5.038647348111734E+03   1.3626581E-13   5.8625353E-16      0
  5.041390191590573E+03   1.3562172E-13   5.8370533E-16      0
  5.044133007500606E+03   1.3721262E-13   5.8483167E-16      0
  5.046875795778705E+03   1.3835906E-13   5.9022897E-16     16
  5.049618556361739E+03   1.4002692E-13   5.9532811E-16      0
  5.052361289186590E+03   1.4051833E-13   5.9378645E-16      0
  5.055103994190144E+03   1.4154922E-13   5.9483709E-16     16
  5.057846671309292E+03   1.4416921E-13   6.0101180E-16      0
  5.060589320480935E+03   1.4377829E-13   6.0103790E-16      0
  5.063331941641977E+03   1.4518040E-13   6.0228648E-16      0
  5.066074534729333E+03   1.4615811E-13   6.4751328E-16     16
  5.068817099679919E+03   1.4807415E-13   6.4177018E-16     16
  5.071559636430660E+03   1.5100848E-13   6.1577464E-16      0
  5.074302144918488E+03   1.5011419E-13   6.4227538E-16      0
  5.077044625080342E+03   1.5417107E-13   6.1881019E-16      0
  5.079787076853167E+03   1.5301206E-13   6.1772773E-16      0
  5.082529500173912E+03   1.5500765E-13   6.5105642E-16     16
  5.085271894979538E+03   1.5289023E-13   7.2976785E-16     16
  5.088014261207007E+03   1.5629624E-13   6.2567507E-16     16
  5.090756598793291E+03   1.5790326E-13   6.2509729E-16      0
  5.093498907675368E+03   1.5591953E-13   6.5661523E-16      0
  5.096241187790221E+03   1.5634071E-13   6.2468569E-16      0
  5.098983439074844E+03   1.5913975E-13   6.2710571E-16      0
  5.101725661466231E+03   1.5841666E-13   6.2552388E-16     16
  5.104467854901390E+03   1.5751356E-13   6.2622247E-16     16
  5.107210019317328E+03   1.5684886E-13   6.2119226E-16    256
  5.109952154651067E+03   1.5687745E-13   6.2313059E-16    256
  5.112694260839628E+03   1.5586625E-13   6.2220473E-16    256
  5.115436337820046E+03   1.5628347E-13   6.2193108E-16      0
  5.118178385529355E+03   1.5778423E-13   6.2658082E-16     16
  5.120920403904603E+03   1.5614733E-13   6.1903704E-16      0
  5.123662392882839E+03   1.5793652E-13   6.2254306E-16      0
  5.126404352401123E+03   1.5823161E-13   6.2573754E-16      0
  5.129146282396520E+03   1.5931543E-13   6.2399615E-16   1024
  5.131888182806102E+03   1.6084295E-13   6.3018065E-16   1024
  5.134630053566948E+03   1.6215207E-13   6.3290768E-16   1040
  5.137371894616143E+03   1.6230679E-13   6.3110540E-16   1024
  5.140113705890782E+03   1.6317462E-13   6.3242212E-16   1024
  5.142855487327960E+03   1.6441281E-13   6.3425906E-16   1040
  5.145597238864787E+03   1.6671307E-13   6.3873860E-16   1024
  5.148338960438375E+03   1.6884902E-13   6.4442912E-16   1024
  5.151080651985843E+03   1.6820155E-13   6.4130866E-16   1024
  5.153822313444321E+03   1.6925522E-13   6.4423399E-16   1040
  5.156563944750942E+03   1.6831852E-13   6.4268715E-16   1024
  5.159305545842846E+03   1.6985100E-13   6.4314677E-16   1024
  5.162047116657182E+03   1.7062076E-13   6.4436306E-16   1024
  5.164788657131106E+03   1.7353496E-13   6.5136278E-16   1040
  5.167530167201777E+03   1.7039847E-13   7.5441185E-16   1024
  5.170271646806366E+03   1.7226922E-13   6.4828969E-16      0
  5.173013095882050E+03   1.7122484E-13   6.4750168E-16      0
  5.175754514366011E+03   1.6981201E-13   6.4347674E-16     16
  5.178495902195440E+03   1.6868620E-13   6.4508621E-16      0
  5.181237259307532E+03   1.6793664E-13   6.4457693E-16     16
  5.183978585639496E+03   1.6716492E-13   6.3807574E-16      0
  5.186719881128538E+03   1.6577037E-13   6.7838863E-16     16
  5.189461145711882E+03   1.6289510E-13   6.6983572E-16     16
  5.192202379326749E+03   1.5933277E-13   6.3238665E-16      0
  5.194943581910376E+03   1.5770145E-13   6.2197486E-16     16
  5.197684753399999E+03   1.5361912E-13   6.1301966E-16      0
  5.200425893732870E+03   1.5433595E-13   6.1637031E-16      0
  5.203167002846239E+03   1.4978784E-13   6.4418629E-16      0
  5.205908080677371E+03   1.4663027E-13   6.3976796E-16     16
  5.208649127163533E+03   1.4468293E-13   5.9847711E-16     16
  5.211390142242001E+03   1.4292090E-13   5.9520423E-16      0
  5.214131125850060E+03   1.4073294E-13   5.8987936E-16      0
  5.216872077925000E+03   1.3742221E-13   5.8257476E-16      0
  5.219612998404118E+03   1.3500475E-13   5.7694135E-16      0
  5.222353887224720E+03   1.3331885E-13   5.7423291E-16      0
  5.225094744324118E+03   1.3303074E-13   5.7407753E-16     16
  5.227835569639632E+03   1.3067615E-13   5.7511038E-16      0
  5.230576363108590E+03   1.3006387E-13   5.6747433E-16      0
  5.233317124668326E+03   1.2875851E-13   5.6431622E-16      0
  5.236057854256181E+03   1.2596597E-13   5.5793229E-16      0
  5.238798551809505E+03   1.2600360E-13   5.5662061E-16      0
  5.241539217265656E+03   1.2530596E-13   5.5400629E-16      0
  5.244279850561996E+03   1.2348996E-13   5.5008469E-16      0
  5.247020451635896E+03   1.2316581E-13   5.4955619E-16      0
  5.249761020424737E+03   1.2271203E-13   5.5032615E-16     16
  5.252501556865904E+03   1.2253763E-13   5.5025870E-16      0
  5.255242060896791E+03   1.2371737E-13   5.5340183E-16      0
  5.257982532454799E+03   1.2465438E-13   5.5409873E-16     16
  5.260722971477338E+03   1.2558981E-13   5.5747087E-16      0
  5.263463377901823E+03   1.2609694E-13   5.6678940E-16     16
  5.266203751665678E+03   1.2485173E-13   5.5800821E-16     16
  5.268944092706334E+03   1.2582120E-13   5.5937680E-16      0
  5.271684400961231E+03   1.2782634E-13   5.6458536E-16      0
  5.274424676367815E+03   1.3086166E-13   5.7267156E-16      0
  5.277164918863538E+03   1.3065066E-13   5.7296014E-16     16
  5.279905128385863E+03   1.3125880E-13   5.7168244E-16      0
  5.282645304872261E+03   1.3284121E-13   5.7522002E-16      0
  5.285385448260206E+03   1.3214692E-13   5.7486056E-16      0
  5.288125558487183E+03   1.3375531E-13   5.7920394E-16     16
  5.290865635490683E+03   1.3448732E-13   5.8245051E-16      0
  5.293605679208209E+03   1.3725936E-13   5.9027720E-16      0
  5.296345689577266E+03   1.3535612E-13   5.8023917E-16     16
  5.299085666535369E+03   1.3833135E-13   5.8704264E-16      0
  5.301825610020040E+03   1.4088545E-13   5.9385411E-16      0
  5.304565519968811E+03   1.4006037E-13   5.9300628E-16      0
  5.307305396319219E+03   1.4074745E-13   5.9322921E-16      0
  5.310045239008811E+03   1.4322685E-13   5.9886987E-16      0
  5.312785047975139E+03   1.4418656E-13   5.9818430E-16      0
  5.315524823155765E+03   1.4596884E-13   6.0424620E-16      0
  5.318264564488259E+03   1.4616720E-13   6.0712982E-16      0
  5.321004271910198E+03   1.4656355E-13   6.0789808E-16      0
  5.323743945359165E+03   1.4967453E-13   6.1404944E-16      0
  5.326483584772754E+03   1.4892587E-13   7.0694609E-16      0
  5.329223190088565E+03   1.4901143E-13   6.1143640E-16      0
  5.331962761244205E+03   1.5060848E-13   6.1719654E-16      0
  5.334702298177293E+03   1.5080112E-13   7.1346146E-16     16
  5.337441800825451E+03   1.5101737E-13   7.2468777E-16     16
  5.340181269126310E+03   1.5275970E-13   6.3211380E-16      0
  5.342920703017511E+03   1.5446559E-13   6.2646271E-16      0
  5.345660102436701E+03   1.5413766E-13   6.2584586E-16     16
  5.348399467321537E+03   1.5429232E-13   6.2738423E-16     16
  5.351138797609681E+03   1.5506686E-13   6.2702371E-16      0
  5.353878093238805E+03   1.5560096E-13   6.3922892E-16     16
  5.356617354146589E+03   1.5316479E-13   6.2583553E-16      0
  5.359356580270720E+03   1.5432509E-13   6.2633655E-16      0
  5.362095771548893E+03   1.5452499E-13   6.2973480E-16      0
  5.364834927918812E+03   1.5415939E-13   6.2976455E-16      0
  5.367574049318188E+03   1.5500237E-13   6.2829426E-16      0
  5.370313135684741E+03   1.5279799E-13   6.2740482E-16      0
  5.373052186956198E+03   1.5108594E-13   6.2025348E-16      0
  5.375791203070295E+03   1.4906697E-13   6.1829625E-16      0
  5.378530183964775E+03   1.4928260E-13   6.2023193E-16      0
  5.381269129577391E+03   1.4799467E-13   6.1541592E-16      0
  5.384008039845903E+03   1.4669632E-13   6.1221540E-16      0
  5.386746914708077E+03   1.4665462E-13   6.1315085E-16      0
  5.389485754101692E+03   1.4547586E-13   6.1222207E-16      0
  5.392224557964529E+03   1.4219826E-13   6.0511997E-16      0
  5.394963326234383E+03   1.4151257E-13   6.0599384E-16      0
  5.397702058849054E+03   1.3936989E-13   6.0544422E-16     16
  5.400440755746350E+03   1.3967896E-13   6.0340679E-16      0
  5.403179416864090E+03   1.3760309E-13   5.9660564E-16      0
  5.405918042140096E+03   1.3946463E-13   6.0137751E-16     16
  5.408656631512205E+03   1.3582289E-13   5.9242104E-16      0
  5.411395184918256E+03   1.3381951E-13   5.8755234E-16      0
  5.414133702296100E+03   1.3418158E-13   5.8842336E-16      0
  5.416872183583596E+03   1.3452725E-13   5.8927542E-16     16
  5.419610628718608E+03   1.3369075E-13   5.8939263E-16      0
  5.422349037639014E+03   1.3310628E-13   6.7840965E-16      0
  5.425087410282696E+03   1.3363904E-13   6.0472514E-16      0
  5.427825746587543E+03   1.3370027E-13   5.9115223E-16      0
  5.430564046491459E+03   1.3551610E-13   5.9209519E-16     16
  5.433302309932349E+03   1.3669317E-13   5.9725294E-16      0
  5.436040536848131E+03   1.3758794E-13   6.0053762E-16     16
  5.438778727176728E+03   1.3874373E-13   6.0159054E-16      0
  5.441516880856077E+03   1.3903038E-13   6.0286951E-16     16
  5.444254997824115E+03   1.4097114E-13   6.0690922E-16      0
  5.446993078018795E+03   1.4242076E-13   6.1050048E-16      0
  5.449731121378075E+03   1.4473472E-13   6.1498022E-16      0
  5.452469127839921E+03   1.4520549E-13   6.1698245E-16      0
  5.455207097342311E+03   1.4846325E-13   6.2546840E-16      0
  5.457945029823227E+03   1.5013303E-13   6.3021491E-16      0
  5.460682925220661E+03   1.5539025E-13   6.3945619E-16      0
  5.463420783472614E+03   1.5831126E-13   6.4411440E-16      0
  5.466158604517095E+03   1.6115633E-13   6.4890104E-16     16
  5.468896388292124E+03   1.6362417E-13   6.5743214E-16      0
  5.471634134735727E+03   1.6592333E-13   6.6198542E-16      0
  5.474371843785937E+03   1.7120245E-13   6.7491225E-16      0
  5.477109515380799E+03   1.7278021E-13   6.7738670E-16      0
  5.479847149458365E+03   1.9679625E-13   8.2225925E-16     16
  5.482584745956696E+03   1.7694574E-13   6.8132064E-16     16
  5.485322304813862E+03   1.7956640E-13   7.8596844E-16      0
  5.488059825967938E+03   1.8228779E-13   7.2162405E-16      0
  5.490797309357014E+03   1.8287405E-13   7.9456926E-16     16
  5.493534754919184E+03   1.8509659E-13   7.1686897E-16      0
  5.496272162592551E+03   1.8762276E-13   7.5597230E-16     16
  5.499009532315230E+03   1.9115728E-13   7.0975707E-16      0
  5.501746864025340E+03   1.9293277E-13   8.1019294E-16      0
  5.504484157661012E+03   1.9661390E-13   7.2007330E-16      0
  5.507221413160385E+03   1.9704907E-13   7.2328583E-16      0
  5.509958630461606E+03   1.9791453E-13   7.2390940E-16     16
  5.512695809502830E+03   1.9955367E-13   7.2852356E-16      0
  5.515432950222225E+03   2.0000176E-13   7.2847639E-16      0
  5.518170052557963E+03   2.0237666E-13   7.3167987E-16      0
  5.520907116448225E+03   2.0057746E-13   7.2916953E-16     16
  5.523644141831203E+03   2.0123122E-13   7.2987447E-16      0
  5.526381128645099E+03   1.9958481E-13   7.2719388E-16     16
  5.529118076828122E+03   1.9678206E-13   7.2190823E-16      0
  5.531854986318486E+03   1.9745020E-13   7.2332357E-16      0
  5.534591857054421E+03   1.9488385E-13   7.1764448E-16      0
  5.537328688974161E+03   1.9212254E-13   8.0923797E-16      0
  5.540065482015953E+03   1.9263147E-13   7.1496299E-16     16
  5.542802236118046E+03   1.9256214E-13   7.1768816E-16      0
  5.545538951218706E+03   1.9218234E-13   7.1593311E-16      0
  5.548275627256200E+03   1.9352112E-13   7.1794698E-16     16
  5.551012264168813E+03   1.9547874E-13   7.3034643E-16     16
  5.553748861894829E+03   1.9370683E-13   7.1829982E-16      0
  5.556485420372550E+03   1.9519081E-13   7.1826033E-16      0
  5.559221939540279E+03   1.9553479E-13   7.2228951E-16     16
  5.561958419336337E+03   1.9892376E-13   7.3166039E-16      0
  5.564694859699044E+03   2.0206750E-13   7.3200730E-16      0
  5.567431260566735E+03   2.0139162E-13   7.3016072E-16      0
  5.570167621877753E+03   2.0415561E-13   7.3551375E-16      0
  5.572903943570453E+03   2.0364644E-13   7.3239911E-16      0
  5.575640225583191E+03   2.0688745E-13   7.4297368E-16     16
  5.578376467854339E+03   2.0808908E-13   7.4465615E-16     16
  5.581112670322278E+03   2.0945400E-13   7.4506257E-16     16
  5.583848832925394E+03   2.1050562E-13   7.7722356E-16      0
  5.586584955602085E+03   2.1266913E-13   7.8191676E-16      0
  5.589321038290757E+03   2.1105177E-13   8.4008246E-16      0
  5.592057080929827E+03   2.1343986E-13   8.5721148E-16      0
  5.594793083457718E+03   2.1371999E-13   7.5580925E-16     16
  5.597529045812865E+03   2.1458302E-13   7.5439841E-16     16
  5.600264967933709E+03   2.1506503E-13   7.5667613E-16      0
  5.603000849758703E+03   2.1661145E-13   7.5842488E-16     16
  5.605736691226311E+03   2.1726407E-13   8.6592888E-16     16
  5.608472492275001E+03   2.1617361E-13   8.6097225E-16      0
  5.611208252843252E+03   2.1759305E-13   7.6279303E-16      0
  5.613943972869555E+03   2.1779372E-13   7.6090823E-16     16
  5.616679652292409E+03   2.1881650E-13   7.9882026E-16     16
  5.619415291050320E+03   2.1858066E-13   7.6751000E-16      0
  5.622150889081803E+03   2.1918171E-13   7.6369941E-16      0
  5.624886446325389E+03   2.1886457E-13   7.6482544E-16      0
  5.627621962719609E+03   2.1832730E-13   7.6596877E-16      0
  5.630357438203009E+03   2.2093228E-13   7.7205528E-16     16
  5.633092872714145E+03   2.2096952E-13   7.7023565E-16     16
  5.635828266191577E+03   2.2187491E-13   7.6918363E-16      0
  5.638563618573881E+03   2.2165517E-13   7.7276160E-16      0
  5.641298929799638E+03   2.2361022E-13   7.7628060E-16      0
  5.644034199807439E+03   2.2197966E-13   7.7032511E-16     16
  5.646769428535885E+03   2.2453414E-13   7.7827494E-16      0
  5.649504615923584E+03   2.2658902E-13   7.8788575E-16      0
  5.652239761909163E+03   2.2568164E-13   7.8197589E-16      0
  5.654974866431244E+03   2.2575117E-13   7.8059698E-16      0
  5.657709929428467E+03   2.2557874E-13   7.8153348E-16      0
  5.660444950839481E+03   2.2534784E-13   7.8237305E-16     16
  5.663179930602945E+03   2.2414819E-13   8.0857633E-16      0
  5.665914868657524E+03   2.2243667E-13   7.7592120E-16      0
  5.668649764941894E+03   2.2258110E-13   7.7549112E-16      0
  5.671384619394742E+03   2.2005236E-13   7.7031479E-16      0
  5.674119431954766E+03   2.2091285E-13   7.7895368E-16      0
  5.676854202560666E+03   2.1924453E-13   8.7715566E-16     16
  5.679588931151161E+03   2.1735971E-13   8.0307008E-16      0
  5.682323617664973E+03   2.1568713E-13   7.9490617E-16     16
  5.685058262040837E+03   2.1585550E-13   7.6599720E-16     16
  5.687792864217495E+03   2.1657945E-13   7.7236244E-16     16
  5.690527424133700E+03   2.1272491E-13   7.6319077E-16      0
  5.693261941728218E+03   2.1232129E-13   7.5892929E-16     16
  5.695996416939816E+03   3.1001175E-13   1.5049058E-14    512
