

  2.887441940575432E+03  -1.3722329E-13   4.2329296E-14  18960
  2.890186702469957E+03   2.1605460E-15   2.6191995E-14   2560
  2.892931487012978E+03  -2.2973809E-14   2.0288724E-14  16896
  2.895676294140906E+03   1.5908255E-14   1.5263269E-14    512
  2.898421123790142E+03  -3.7245208E-14   1.1995330E-14  16896
  2.901165975897085E+03   1.9898176E-14   1.0754547E-14    512
  2.903910850398127E+03   2.2691980E-14   9.4701189E-15    512
  2.906655747229656E+03  -1.1339662E-14   7.9171051E-15  16896
  2.909400666328056E+03  -1.5601207E-14   9.0407443E-15  16912
  2.912145607629701E+03   1.2598826E-14   6.4460423E-15    512
  2.914890571070966E+03   6.4497387E-16   5.6106649E-15    512
  2.917635556588216E+03  -3.1601063E-15   4.9927362E-15  16896
  2.920380564117814E+03  -4.2079602E-15   4.5229510E-15  16912
  2.923125593596117E+03   6.1231173E-15   4.1494696E-15    512
  2.925870644959475E+03  -5.7222492E-15   3.5640669E-15  16912
  2.928615718144235E+03   8.9352722E-16   3.2282181E-15    512
  2.931360813086740E+03  -2.4676471E-15   3.3555183E-15  16912
  2.934105929723323E+03   1.4485182E-14   2.9739911E-15    528
  2.936851067990318E+03  -3.2441021E-15   4.9058043E-15  16912
  2.939596227824050E+03  -8.1929458E-16   1.8836801E-15  16896
  2.942341409160841E+03   4.4087887E-15   1.7455571E-15    512
  2.945086611937006E+03   2.0251745E-15   1.5602527E-15    528
  2.947831836088857E+03  -1.7152003E-15   1.3722741E-15  16912
  2.950577081552699E+03  -6.3126682E-16   1.2484958E-15  16912
  2.953322348264836E+03   2.3309536E-15   1.2022021E-15    512
  2.956067636161561E+03   2.1429046E-15   1.0435446E-15    512
  2.958812945179167E+03  -9.3801911E-17   1.1400660E-15    528
  2.961558275253942E+03   3.7344518E-15   9.2129180E-16    512
  2.964303626322164E+03   5.1175829E-15   9.0034711E-16    512
  2.967048998320112E+03   2.9764035E-15   8.0982200E-16    512
  2.969794391184057E+03   2.7379112E-15   7.6343794E-16      0
  2.972539804850266E+03   3.1151587E-15   7.4745184E-16      0
  2.975285239255001E+03   3.6557637E-15   7.3120204E-16      0
  2.978030694334519E+03   3.3965756E-15   7.0160607E-16      0
  2.980776170025074E+03   3.7124395E-15   7.2294453E-16     16
  2.983521666262911E+03   4.8465014E-15   7.3889177E-16      0
  2.986267182984275E+03   2.4557838E-15   7.7451099E-16     16
  2.989012720125403E+03   2.4596791E-15   6.5182552E-16      0
  2.991758277622528E+03   3.8762642E-15   6.6181977E-16      0
  2.994503855411879E+03   4.4128900E-15   6.8488543E-16     16
  2.997249453429680E+03   3.3599311E-15   6.3161722E-16      0
  2.999995071612149E+03   3.7157167E-15   6.3849751E-16      0
  3.002740709895502E+03   3.6636077E-15   6.3004841E-16      0
  3.005486368215948E+03   5.8768344E-15   1.0241148E-15     16
  3.008232046509691E+03   2.5648213E-15   5.9694668E-16      0
  3.010977744712934E+03   3.6590083E-15   6.1084051E-16      0
  3.013723462761869E+03   4.5211425E-15   6.1498843E-16      0
  3.016469200592690E+03   1.9296395E-15   9.8766932E-16     16
  3.019214958141582E+03   3.5440250E-15   5.8225325E-16      0
  3.021960735344728E+03   3.4950104E-15   5.6748068E-16      0
  3.024706532138305E+03   4.8939929E-15   5.9199630E-16      0
  3.027452348458485E+03   4.4522288E-15   5.6380816E-16      0
  3.030198184241436E+03   1.7010673E-15   5.0064740E-16      0
  3.032944039423323E+03   3.2711972E-15   5.3299638E-16      0
  3.035689913940305E+03   4.9278001E-15   6.0905666E-16     16
  3.038435807728535E+03   3.9154852E-15   5.6798170E-16     16
  3.041181720724164E+03   4.0264401E-15   5.2445644E-16      0
  3.043927652863338E+03   4.9943392E-15   5.3185749E-16      0
  3.046673604082199E+03   4.4637463E-15   5.0859585E-16      0
  3.049419574316881E+03   4.1161037E-15   5.0788487E-16      0
  3.052165563503518E+03   4.4223810E-15   5.0820066E-16     16
  3.054911571578239E+03   5.2086542E-15   5.0775168E-16      0
  3.057657598477165E+03   5.0582339E-15   5.0161810E-16      0
  3.060403644136416E+03   4.1050914E-15   4.7458377E-16      0
  3.063149708492108E+03   5.8670779E-15   5.2594981E-16     16
  3.065895791480350E+03   6.3244244E-15   5.0692915E-16      0
  3.068641893037247E+03   5.4577501E-15   4.8767551E-16      0
  3.071388013098903E+03   5.0963160E-15   4.7349073E-16      0
  3.074134151601414E+03   6.4022519E-15   4.9759962E-16      0
  3.076880308480873E+03   6.1334071E-15   4.8598452E-16      0
  3.079626483673369E+03   5.3096036E-15   4.7430960E-16     16
  3.082372677114986E+03   5.3305088E-15   4.6094252E-16      0
  3.085118888741804E+03   7.9648626E-15   5.0393436E-16      0
  3.087865118489900E+03   7.3065613E-15   5.1800538E-16     16
  3.090611366295346E+03   6.9732000E-15   4.8902441E-16      0
  3.093357632094207E+03   7.5066135E-15   5.1409770E-16     16
  3.096103915822549E+03   6.7964568E-15   4.8760341E-16     16
  3.098850217416430E+03   8.1270778E-15   4.9342486E-16      0
  3.101596536811905E+03   7.5687307E-15   4.8886930E-16      0
  3.104342873945023E+03   7.8499117E-15   4.9530379E-16      0
  3.107089228751835E+03   7.7803068E-15   4.9832748E-16     16
  3.109835601168380E+03   7.3701446E-15   4.9018506E-16      0
  3.112581991130697E+03   8.5128505E-15   4.9874327E-16      0
  3.115328398574820E+03   9.2984863E-15   5.7823498E-16     16
  3.118074823436781E+03   9.4905663E-15   5.0680379E-16      0
  3.120821265652604E+03   7.6928447E-15   4.7462824E-16      0
  3.123567725158313E+03   9.6774954E-15   5.0757788E-16      0
  3.126314201889924E+03   9.9655146E-15   5.0986847E-16      0
  3.129060695783453E+03   9.0827055E-15   5.0524409E-16     16
  3.131807206774909E+03   8.6885429E-15   4.8253672E-16      0
  3.134553734800299E+03   9.8650336E-15   5.0982426E-16     16
  3.137300279795624E+03   8.4509324E-15   4.7660712E-16      0
  3.140046841696882E+03   7.9045445E-15   7.0084274E-16     16
  3.142793420440068E+03   8.7728075E-15   4.8721187E-16     16
  3.145540015961172E+03   9.4751248E-15   4.8801327E-16      0
  3.148286628196179E+03   9.3872121E-15   4.8979283E-16     16
  3.151033257081074E+03   8.1667859E-15   4.6133528E-16      0
  3.153779902551833E+03   9.8282368E-15   4.9690309E-16     16
  3.156526564544431E+03   9.9604120E-15   4.8892976E-16     16
  3.159273242994841E+03   9.5603126E-15   4.9110669E-16     16
  3.162019937839027E+03   8.7071972E-15   5.9439574E-16     16
  3.164766649012953E+03   8.9407758E-15   4.6211031E-16      0
  3.167513376452580E+03   9.0286792E-15   4.6524963E-16      0
  3.170260120093861E+03   8.6852158E-15   4.5981882E-16     16
  3.173006879872749E+03   8.2464265E-15   4.5199377E-16     16
  3.175753655725192E+03   9.5225451E-15   4.6448719E-16      0
  3.178500447587134E+03   8.7942628E-15   4.5851985E-16     16
  3.181247255394515E+03   9.2690434E-15   4.5559853E-16      0
  3.183994079083272E+03   9.0190865E-15   4.4514032E-16      0
  3.186740918589338E+03   1.0206858E-14   4.9152178E-16     16
  3.189487773848642E+03   8.7083254E-15   4.3562619E-16      0
  3.192234644797109E+03   7.8159838E-15   4.2231615E-16      0
  3.194981531370663E+03   9.3337381E-15   4.4468790E-16     16
  3.197728433505220E+03   8.8286989E-15   4.3324565E-16      0
  3.200475351136696E+03   8.3830063E-15   4.2710890E-16      0
  3.203222284201002E+03   7.3526500E-15   4.1065965E-16      0
  3.205969232634045E+03   1.1752245E-14   7.7373246E-16     16
  3.208716196371729E+03   8.0650149E-15   4.1690874E-16      0
  3.211463175349953E+03   7.0459487E-15   5.3521042E-16     16
  3.214210169504615E+03   8.8220591E-15   4.2368744E-16     16
  3.216957178771609E+03   8.2527521E-15   4.1846302E-16     16
  3.219704203086822E+03   8.1610701E-15   4.0745744E-16      0
  3.222451242386143E+03   7.0480328E-15   3.8820994E-16      0
  3.225198296605452E+03   8.4049063E-15   4.1846090E-16     16
  3.227945365680629E+03   8.4454191E-15   4.0524566E-16      0
  3.230692449547551E+03   8.3264948E-15   4.0270085E-16      0
  3.233439548142088E+03   7.5756441E-15   4.2165213E-16     16
  3.236186661400110E+03   8.2826956E-15   3.9827659E-16      0
  3.238933789257482E+03   8.4471606E-15   4.4396067E-16     16
  3.241680931650065E+03   7.4951913E-15   3.8959738E-16      0
  3.244428088513719E+03   7.2302275E-15   3.7735448E-16      0
  3.247175259784298E+03   7.8525316E-15   3.8914591E-16     16
  3.249922445397654E+03   7.8658546E-15   3.8927128E-16      0
  3.252669645289635E+03   7.2170646E-15   3.7547528E-16      0
  3.255416859396087E+03   8.8040757E-15   4.2510935E-16     16
  3.258164087652851E+03   8.5379778E-15   3.9204994E-16      0
  3.260911329995765E+03   8.2426445E-15   3.8663258E-16      0
  3.263658586360663E+03   6.7934846E-15   3.6788475E-16      0
  3.266405856683380E+03   9.6864596E-15   4.0746549E-16      0
  3.269153140899743E+03   1.0042500E-14   4.0629124E-16      0
  3.271900438945575E+03   8.3053842E-15   4.1425970E-16     16
  3.274647750756702E+03   9.6793851E-15   4.0288947E-16     16
  3.277395076268941E+03   9.7498007E-15   3.9986872E-16      0
  3.280142415418106E+03   8.8629343E-15   3.8664031E-16      0
  3.282889768140012E+03   9.4937909E-15   3.9837437E-16     16
  3.285637134370467E+03   1.1439889E-14   4.2364591E-16      0
  3.288384514045277E+03   1.1212996E-14   4.1410096E-16      0
  3.291131907100245E+03   9.7182055E-15   3.9217551E-16      0
  3.293879313471172E+03   9.6787067E-15   3.9471518E-16      0
  3.296626733093853E+03   1.0279053E-14   4.5088638E-16      0
  3.299374165904082E+03   1.0672166E-14   4.0375583E-16      0
  3.302121611837650E+03   1.0323034E-14   3.9812624E-16      0
  3.304869070830344E+03   1.0581081E-14   3.9847037E-16      0
  3.307616542817949E+03   1.0794171E-14   4.0135865E-16      0
  3.310364027736246E+03   1.0542579E-14   3.9642606E-16      0
  3.313111525521013E+03   1.2410490E-14   4.1897484E-16      0
  3.315859036108026E+03   1.1643873E-14   4.1527746E-16      0
  3.318606559433055E+03   1.3301210E-14   4.2717386E-16      0
  3.321354095431873E+03   1.2075013E-14   4.1510067E-16      0
  3.324101644040244E+03   1.2980244E-14   4.3573085E-16     16
  3.326849205193932E+03   1.4129397E-14   4.3446469E-16      0
  3.329596778828697E+03   1.4715209E-14   4.4852713E-16     16
  3.332344364880297E+03   1.4568621E-14   4.4584881E-16      0
  3.335091963284487E+03   1.3697297E-14   4.2603494E-16      0
  3.337839573977017E+03   1.5525099E-14   4.4560508E-16      0
  3.340587196893639E+03   1.4797865E-14   4.3696328E-16      0
  3.343334831970096E+03   1.3950621E-14   4.2619813E-16      0
  3.346082479142132E+03   1.6033868E-14   4.5859798E-16     16
  3.348830138345488E+03   1.6312852E-14   7.7045032E-16     16
  3.351577809515901E+03   1.5589369E-14   4.3972691E-16      0
  3.354325492589106E+03   1.5250716E-14   4.3764694E-16      0
  3.357073187500834E+03   1.6005467E-14   4.5012405E-16     16
  3.359820894186816E+03   1.6532777E-14   4.4681851E-16      0
  3.362568612582776E+03   1.6426701E-14   4.7974633E-16      0
  3.365316342624439E+03   1.7598431E-14   4.5584057E-16      0
  3.368064084247526E+03   1.7651335E-14   4.5509021E-16      0
  3.370811837387755E+03   1.7828773E-14   4.5690191E-16      0
  3.373559601980842E+03   1.7317487E-14   4.4925786E-16      0
  3.376307377962499E+03   1.8176360E-14   4.5693907E-16      0
  3.379055165268437E+03   1.8572246E-14   4.5882351E-16      0
  3.381802963834361E+03   1.8638763E-14   4.5788806E-16     16
  3.384550773595980E+03   1.7602541E-14   4.4954553E-16      0
  3.387298594488993E+03   1.7810323E-14   4.4640537E-16      0
  3.390046426449101E+03   1.9791033E-14   5.3321179E-16     16
  3.392794269412001E+03   1.9433031E-14   5.0568582E-16     16
  3.395542123313387E+03   2.0922586E-14   4.8210982E-16     16
  3.398289988088950E+03   2.0607119E-14   4.8247992E-16     16
  3.401037863674381E+03   1.9723689E-14   4.6492167E-16     16
  3.403785750005367E+03   2.0367542E-14   4.9547065E-16     16
  3.406533647017591E+03   2.1887963E-14   4.7808451E-16      0
  3.409281554646735E+03   2.0806158E-14   4.6588421E-16      0
  3.412029472828480E+03   2.0741047E-14   4.8539885E-16     16
  3.414777401498500E+03   2.1647418E-14   4.7446540E-16     16
  3.417525340592473E+03   2.1644982E-14   4.7088330E-16     16
  3.420273290046067E+03   2.1886747E-14   4.9302786E-16     16
  3.423021249794954E+03   2.2197815E-14   4.7075428E-16      0
  3.425769219774801E+03   2.4191574E-14   4.8946318E-16      0
  3.428517199921271E+03   2.4264357E-14   4.9336551E-16      0
  3.431265190170028E+03   2.3610149E-14   4.9706371E-16     16
  3.434013190456732E+03   2.4599177E-14   4.9248873E-16     16
  3.436761200717039E+03   2.5195707E-14   5.0940302E-16     16
  3.439509220886606E+03   2.5692249E-14   4.9824416E-16      0
  3.442257250901085E+03   2.5733728E-14   4.9769152E-16      0
  3.445005290696127E+03   2.6519961E-14   5.0211187E-16      0
  3.447753340207380E+03   2.7410720E-14   5.1303393E-16     16
  3.450501399370491E+03   2.8209418E-14   5.3549794E-16     16
  3.453249468121103E+03   2.9500297E-14   5.2460239E-16      0
  3.455997546394857E+03   2.8715498E-14   5.2237321E-16     16
  3.458745634127394E+03   3.0792385E-14   5.3239869E-16      0
  3.461493731254349E+03   3.1177114E-14   5.3334060E-16      0
  3.464241837711358E+03   3.1067685E-14   5.3059081E-16      0
  3.466989953434054E+03   3.0941382E-14   5.3173552E-16      0
  3.469738078358068E+03   3.0125120E-14   5.2341506E-16      0
  3.472486212419027E+03   3.2045852E-14   5.3957476E-16      0
  3.475234355552558E+03   3.2007573E-14   5.3547427E-16      0
  3.477982507694285E+03   3.3014576E-14   5.4061216E-16      0
  3.480730668779830E+03   3.3082854E-14   5.3901651E-16      0
  3.483478838744813E+03   3.3733067E-14   5.4536179E-16      0
  3.486227017524852E+03   3.3971561E-14   5.4483822E-16      0
  3.488975205055562E+03   3.4382514E-14   5.4859587E-16      0
  3.491723401272558E+03   3.4319366E-14   5.4949304E-16     16
  3.494471606111450E+03   3.4055790E-14   5.4979776E-16      0
  3.497219819507849E+03   3.5465707E-14   5.5627692E-16     16
  3.499968041397363E+03   3.7703229E-14   5.7013258E-16      0
  3.502716271715597E+03   3.6219125E-14   5.5781588E-16      0
  3.505464510398153E+03   3.5859550E-14   5.6026063E-16     16
  3.508212757380636E+03   3.4923260E-14   6.6153734E-16      0
  3.510961012598643E+03   3.6527655E-14   5.5919866E-16      0
  3.513709275987774E+03   3.7272197E-14   5.6417937E-16      0
  3.516457547483622E+03   3.6899737E-14   5.6001546E-16      0
  3.519205827021784E+03   3.6956823E-14   5.5899754E-16      0
  3.521954114537852E+03   3.7622425E-14   5.6157909E-16      0
  3.524702409967415E+03   3.6950006E-14   5.6236847E-16      0
  3.527450713246060E+03   3.8223988E-14   5.7078427E-16      0
  3.530199024309377E+03   3.8920158E-14   5.6834661E-16      0
  3.532947343092948E+03   3.8577726E-14   5.6687606E-16      0
  3.535695669532358E+03   4.0350535E-14   6.0063249E-16     16
  3.538444003563187E+03   4.0019830E-14   5.7812556E-16      0
  3.541192345121014E+03   3.9489560E-14   5.7075102E-16      0
  3.543940694141417E+03   4.0128206E-14   5.7565174E-16      0
  3.546689050559972E+03   4.1818220E-14   5.8889780E-16     16
  3.549437414312253E+03   3.9986247E-14   5.7235721E-16      0
  3.552185785333833E+03   4.2035552E-14   5.8692951E-16      0
  3.554934163560282E+03   4.1331884E-14   5.8035166E-16     16
  3.557682548927169E+03   4.0149426E-14   5.7270878E-16      0
  3.560430941370061E+03   4.1477347E-14   5.8406966E-16      0
  3.563179340824525E+03   4.1775587E-14   5.9191875E-16     16
  3.565927747226123E+03   4.2043290E-14   5.9195612E-16     16
  3.568676160510419E+03   4.0547020E-14   5.7349096E-16      0
  3.571424580612974E+03   4.1628573E-14   5.8109997E-16      0
  3.574173007469346E+03   4.0332897E-14   5.8206357E-16     16
  3.576921441015093E+03   4.0863292E-14   5.7314098E-16      0
  3.579669881185771E+03   3.9984187E-14   5.7126205E-16     16
  3.582418327916935E+03   3.9301102E-14   5.6095154E-16      0
  3.585166781144137E+03   3.8635151E-14   5.6053856E-16     16
  3.587915240802929E+03   3.9190880E-14   5.6215867E-16      0
  3.590663706828861E+03   3.7330368E-14   5.4617923E-16      0
  3.593412179157481E+03   3.7684828E-14   5.4614879E-16      0
  3.596160657724336E+03   3.7969702E-14   5.4880143E-16      0
  3.598909142464972E+03   3.7587057E-14   5.4666162E-16      0
  3.601657633314933E+03   3.8474008E-14   5.5157107E-16      0
  3.604406130209761E+03   3.7458247E-14   5.4465717E-16      0
  3.607154633084996E+03   3.5750811E-14   5.3341905E-16     16
  3.609903141876181E+03   3.5418446E-14   5.3021091E-16     16
  3.612651656518851E+03   3.4555776E-14   5.4040241E-16     16
  3.615400176948546E+03   3.4427393E-14   5.2621488E-16     16
  3.618148703100799E+03   3.2828236E-14   5.0979027E-16      0
  3.620897234911146E+03   3.3616796E-14   5.1701509E-16      0
  3.623645772315119E+03   3.1954504E-14   5.0708533E-16     16
  3.626394315248250E+03   3.0786639E-14   4.9336943E-16     16
  3.629142863646070E+03   3.1126757E-14   4.9509536E-16      0
  3.631891417444107E+03   2.9182948E-14   4.8425096E-16     16
  3.634639976577890E+03   2.8499067E-14   4.7161535E-16      0
  3.637388540982944E+03   2.7906429E-14   4.6690680E-16   1024
  3.640137110594795E+03   2.6286912E-14   4.5300365E-16   1024
  3.642885685348969E+03   2.5881026E-14   4.5067611E-16   1024
  3.645634265180985E+03   2.4716252E-14   4.3907853E-16   1024
  3.648382850026369E+03   2.2141807E-14   4.1800570E-16   1024
  3.651131439820638E+03   2.3322414E-14   4.2672797E-16   1024
  3.653880034499313E+03   2.2648501E-14   4.3891559E-16   1040
  3.656628633997912E+03   2.1352935E-14   4.0978048E-16   1024
  3.659377238251953E+03   2.0658073E-14   4.0217016E-16   1024
  3.662125847196950E+03   2.0260720E-14   3.9759896E-16   1024
  3.664874460768420E+03   1.8745717E-14   3.8693291E-16   1040
  3.667623078901875E+03   1.7774829E-14   3.7465210E-16   1040
  3.670371701532829E+03   1.7892458E-14   3.7489443E-16   1024
  3.673120328596793E+03   1.7719778E-14   3.7899195E-16   1040
  3.675868960029277E+03   1.7184054E-14   3.9260215E-16   1040
  3.678617595765792E+03   1.5428549E-14   3.5086447E-16   1024
  3.681366235741846E+03   1.6203601E-14   3.5668939E-16   1024
  3.684114879892946E+03   1.5670584E-14   3.5984895E-16   1040
  3.686863528154599E+03   1.4352619E-14   3.3782903E-16   1024
  3.689612180462312E+03   1.5688253E-14   3.5043733E-16   1040
  3.692360836751588E+03   1.4585509E-14   3.3812539E-16   1024
  3.695109496957931E+03   1.4470957E-14   3.3517668E-16   1024
  3.697858161016844E+03   1.4532399E-14   3.3656179E-16   1040
  3.700606828863829E+03   1.8129332E-14   3.7415325E-16   1040
  3.703355500434387E+03   1.4673609E-14   3.3472820E-16   1040
  3.706104175664019E+03   1.4619587E-14   3.3471142E-16   1040
  3.708852854488222E+03   1.4999835E-14   3.3409176E-16   1024
  3.711601536842498E+03   1.5002070E-14   3.3291058E-16   1024
  3.714350222662342E+03   1.4249849E-14   3.2566966E-16   1024
  3.717098911883251E+03   1.5145862E-14   3.3295714E-16   1024
  3.719847604440722E+03   1.5268882E-14   3.3524820E-16   1024
  3.722596300270250E+03   1.6463486E-14   3.4557502E-16      0
  3.725344999307329E+03   1.5403525E-14   3.9261264E-16      0
  3.728093701487453E+03   1.7000568E-14   3.4699065E-16      0
  3.730842406746116E+03   1.7620006E-14   3.5319612E-16      0
  3.733591115018808E+03   1.8548844E-14   3.6472312E-16     16
  3.736339826241022E+03   1.8844259E-14   3.5738562E-16      0
  3.739088540348249E+03   2.0247916E-14   3.6940761E-16     16
  3.741837257275979E+03   2.0461917E-14   3.6912886E-16      0
  3.744585976959702E+03   2.2063975E-14   3.8281477E-16      0
  3.747334699334906E+03   2.1792613E-14   3.7887704E-16      0
  3.750083424337079E+03   2.1817082E-14   3.7669943E-16      0
  3.752832151901709E+03   2.2634682E-14   3.8457072E-16     16
  3.755580881964285E+03   2.3780381E-14   3.9992555E-16     16
  3.758329614460290E+03   2.3243590E-14   3.8279560E-16      0
  3.761078349325212E+03   2.3732223E-14   3.9183696E-16     16
  3.763827086494536E+03   2.4404640E-14   3.8940783E-16      0
  3.766575825903747E+03   2.5153841E-14   4.0229877E-16     16
  3.769324567488329E+03   2.5554608E-14   3.9602369E-16      0
  3.772073311183765E+03   2.6991330E-14   4.0255569E-16      0
  3.774822056925540E+03   2.8015145E-14   4.1108775E-16      0
  3.777570804649135E+03   2.6560195E-14   4.0023643E-16      0
  3.780319554290033E+03   2.8302049E-14   4.0951502E-16      0
  3.783068305783716E+03   2.9030272E-14   4.1852070E-16      0
  3.785817059065666E+03   2.9916967E-14   4.3986736E-16     16
  3.788565814071363E+03   2.9136927E-14   4.1409569E-16     16
  3.791314570736287E+03   3.0901415E-14   4.2214756E-16      0
  3.794063328995920E+03   3.1580363E-14   4.2745589E-16     16
  3.796812088785740E+03   3.1675275E-14   4.2309375E-16      0
  3.799560850041228E+03   3.3236346E-14   4.3176499E-16      0
  3.802309612697863E+03   3.4348833E-14   4.3634301E-16      0
  3.805058376691123E+03   3.5229876E-14   4.4226949E-16      0
  3.807807141956486E+03   3.6386069E-14   4.4629160E-16      0
  3.810555908429431E+03   3.7247207E-14   4.5074795E-16     16
  3.813304676045438E+03   3.9470062E-14   4.6335540E-16      0
  3.816053444739980E+03   4.1275136E-14   4.8110344E-16     16
  3.818802214448539E+03   4.1965312E-14   4.7428271E-16      0
  3.821550985106589E+03   4.3965116E-14   4.8191717E-16      0
  3.824299756649608E+03   4.4139050E-14   4.8149053E-16      0
  3.827048529013072E+03   4.6945564E-14   4.9573096E-16      0
  3.829797302132459E+03   4.9192397E-14   5.0566279E-16      0
  3.832546075943244E+03   5.1778375E-14   5.1717354E-16      0
  3.835294850380905E+03   5.3644186E-14   5.2390576E-16      0
  3.838043625380915E+03   5.3542613E-14   5.2035907E-16      0
  3.840792400878754E+03   5.7951311E-14   5.3874731E-16      0
  3.843541176809893E+03   5.8768542E-14   5.4230596E-16      0
  3.846289953109811E+03   6.3022097E-14   5.6030012E-16     16
  3.849038729713983E+03   6.3787314E-14   5.6004649E-16     16
  3.851787506557884E+03   6.6852665E-14   5.7333527E-16     16
  3.854536283576991E+03   6.9958287E-14   5.8111251E-16      0
  3.857285060706777E+03   7.2631557E-14   5.9043909E-16      0
  3.860033837882718E+03   7.3548975E-14   5.9694483E-16     16
  3.862782615040290E+03   7.4106689E-14   5.9937232E-16      0
  3.865531392114969E+03   7.6040472E-14   6.0140700E-16     16
  3.868280169042230E+03   7.6193968E-14   5.9951986E-16      0
  3.871028945757548E+03   7.8119945E-14   6.2901080E-16     16
  3.873777722196398E+03   7.9448472E-14   6.0883881E-16      0
  3.876526498294257E+03   8.1934026E-14   6.1983923E-16     16
  3.879275273986600E+03   8.1189409E-14   6.2226746E-16     16
  3.882024049208902E+03   8.2938837E-14   6.1750798E-16      0
  3.884772823896640E+03   8.3013511E-14   6.4665073E-16      0
  3.887521597985289E+03   8.4534518E-14   6.1926404E-16      0
  3.890270371410326E+03   8.5044141E-14   6.2092269E-16      0
  3.893019144107226E+03   8.5687459E-14   6.1931185E-16      0
  3.895767916011468E+03   8.8156038E-14   6.2714166E-16      0
  3.898516687058526E+03   8.8332458E-14   6.3572533E-16     16
  3.901265457183877E+03   9.0397972E-14   6.3834663E-16      0
  3.904014226323000E+03   8.9862904E-14   6.7068942E-16      0
  3.906762994411371E+03   9.2163595E-14   6.3884411E-16      0
  3.909511761384466E+03   9.1369024E-14   6.4083892E-16     16
  3.912260527177767E+03   9.2190443E-14   6.3412444E-16      0
  3.915009291726747E+03   9.5544544E-14   6.4910978E-16      0
  3.917758054966888E+03   9.1326930E-14   6.4776845E-16     16
  3.920506816833667E+03   9.2891711E-14   7.2978395E-16      0
  3.923255577262564E+03   9.4165473E-14   6.3448798E-16      0
  3.926004336189057E+03   9.3854889E-14   6.3303007E-16      0
  3.928753093548626E+03   9.4105828E-14   6.3203550E-16      0
  3.931501849276753E+03   9.2381736E-14   6.2536649E-16      0
  3.934250603308916E+03   8.7736269E-14   6.0868936E-16      0
  3.936999355580597E+03   7.3974985E-14   5.5643569E-16      0
  3.939748106027277E+03   6.2537818E-14   5.1301170E-16      0
  3.942496854584437E+03   8.1159072E-14   5.8342883E-16      0
  3.945245601187561E+03   9.0684066E-14   6.1234336E-16      0
  3.947994345772130E+03   9.2377860E-14   6.1796819E-16      0
  3.950743088273626E+03   8.9285906E-14   6.0705973E-16     16
  3.953491828627535E+03   9.0923613E-14   6.0555354E-16      0
  3.956240566769340E+03   9.1161074E-14   6.0690922E-16      0
  3.958989302634525E+03   9.0996587E-14   6.0696772E-16      0
  3.961738036158576E+03   8.8931724E-14   5.9878342E-16      0
  3.964486767276978E+03   8.8308321E-14   5.9428726E-16      0
  3.967235495925217E+03   8.7582251E-14   5.9236259E-16      0
  3.969984222038780E+03   8.4333744E-14   5.7731267E-16      0
  3.972732945553155E+03   6.9371788E-14   5.2251880E-16     16
  3.975481666403830E+03   7.2367879E-14   5.3422702E-16     16
  3.978230384526293E+03   8.4807717E-14   5.7408346E-16     16
  3.980979099856032E+03   8.7951232E-14   5.8396082E-16      0
  3.983727812328540E+03   8.8225475E-14   5.8999873E-16     16
  3.986476521879305E+03   8.9541615E-14   5.8881220E-16     16
  3.989225228443819E+03   8.8450392E-14   5.8749401E-16      0
  3.991973931957575E+03   8.9725712E-14   5.9092200E-16     16
  3.994722632356064E+03   9.1643740E-14   5.9303090E-16      0
  3.997471329574780E+03   9.1957122E-14   5.9396941E-16     16
  4.000220023549219E+03   9.3156087E-14   5.9587148E-16      0
  4.002968714214872E+03   9.3956527E-14   5.9994941E-16      0
  4.005717401507239E+03   9.5463696E-14   6.0439374E-16     16
  4.008466085361812E+03   9.5742912E-14   6.0150557E-16      0
  4.011214765714093E+03   9.8614774E-14   6.1268826E-16     16
  4.013963442499577E+03   1.0072062E-13   6.2006639E-16     16
  4.016712115653764E+03   1.0101119E-13   6.1626179E-16     16
  4.019460785112153E+03   1.0193771E-13   6.1921703E-16      0
  4.022209450810246E+03   1.0595132E-13   6.2932669E-16      0
  4.024958112683544E+03   1.0506370E-13   6.2514187E-16      0
  4.027706770667549E+03   1.0631537E-13   6.2813867E-16      0
  4.030455424697765E+03   1.0778696E-13   6.3357927E-16     16
  4.033204074709695E+03   1.0827619E-13   6.3116575E-16      0
  4.035952720638847E+03   1.0936867E-13   6.3295755E-16      0
  4.038701362420723E+03   1.1035834E-13   6.3642752E-16     16
  4.041449999990834E+03   1.0994326E-13   6.3327021E-16      0
  4.044198633284687E+03   1.1198402E-13   6.3628353E-16      0
  4.046947262237790E+03   1.1127603E-13   6.3367424E-16      0
  4.049695886785654E+03   1.1349708E-13   6.4744832E-16     16
  4.052444506863791E+03   1.1462782E-13   6.4586421E-16     16
  4.055193122407713E+03   1.1462168E-13   6.4431080E-16      0
  4.057941733352931E+03   1.1699672E-13   6.4982525E-16     16
  4.060690339634963E+03   1.1813433E-13   6.5242252E-16     16
  4.063438941189322E+03   1.1853562E-13   6.5012637E-16      0
  4.066187537951526E+03   1.2026160E-13   6.5289326E-16      0
  4.068936129857091E+03   1.1960346E-13   6.5277542E-16      0
  4.071684716841538E+03   1.1941241E-13   6.5254794E-16      0
  4.074433298840385E+03   1.2073453E-13   6.5632274E-16      0
  4.077181875789155E+03   1.2018350E-13   6.5385814E-16      0
  4.079930447623370E+03   1.1965410E-13   6.5435460E-16      0
  4.082679014278552E+03   1.1799824E-13   6.6597346E-16      0
  4.085427575690228E+03   1.1899219E-13   6.5005750E-16     16
  4.088176131793922E+03   1.2001608E-13   6.5000038E-16      0
  4.090924682525163E+03   1.1996705E-13   6.5026831E-16      0
  4.093673227819478E+03   1.1959181E-13   6.4904800E-16     16
  4.096421767612398E+03   1.1847352E-13   6.4745012E-16     16
  4.099170301839454E+03   1.2042277E-13   6.5280321E-16      0
  4.101918830436178E+03   1.1825405E-13   6.5422866E-16      0
  4.104667353338104E+03   1.1821195E-13   6.4394621E-16     16
  4.107415870480766E+03   1.1813213E-13   6.4424246E-16      0
  4.110164381799702E+03   1.1651385E-13   6.4223452E-16      0
  4.112912887230448E+03   1.1663184E-13   6.4030265E-16      0
  4.115661386708546E+03   1.1618030E-13   6.3803048E-16      0
  4.118409880169534E+03   1.1429032E-13   6.3080603E-16     16
  4.121158367548955E+03   1.1433191E-13   6.3338456E-16      0
  4.123906848782352E+03   1.1291541E-13   6.2896511E-16      0
  4.126655323805269E+03   1.1354270E-13   6.2884811E-16      0
  4.129403792553255E+03   1.1337245E-13   6.2757746E-16      0
  4.132152254961855E+03   1.1153466E-13   6.1922619E-16     16
  4.134900710966619E+03   1.1394244E-13   6.7008671E-16     16
  4.137649160503100E+03   1.1328733E-13   6.2635799E-16     16
  4.140397603506845E+03   1.1468489E-13   6.2669458E-16     16
  4.143146039913414E+03   1.1164952E-13   6.1692459E-16      0
  4.145894469658359E+03   1.1237125E-13   6.1849928E-16      0
  4.148642892677237E+03   1.1193376E-13   6.1898357E-16     16
  4.151391308905607E+03   1.1214452E-13   6.1668631E-16      0
  4.154139718279028E+03   1.1367160E-13   6.2441892E-16     16
  4.156888120733063E+03   1.1335199E-13   6.2168486E-16      0
  4.159636516203277E+03   1.1429600E-13   6.1933826E-16      0
  4.162384904625232E+03   1.1317140E-13   6.1649758E-16      0
  4.165133285934494E+03   1.1304240E-13   6.1705614E-16      0
  4.167881660066634E+03   1.1133097E-13   6.1168273E-16      0
  4.170630026957220E+03   1.1150233E-13   6.0924793E-16      0
  4.173378386541825E+03   1.1081792E-13   6.0967192E-16      0
  4.176126738756022E+03   1.0818978E-13   6.0272652E-16      0
  4.178875083535388E+03   1.0920768E-13   6.0459528E-16     16
  4.181623420815495E+03   1.0689800E-13   5.9361313E-16      0
  4.184371750531925E+03   1.0610223E-13   5.9414957E-16     16
  4.187120072620257E+03   1.0509861E-13   5.9294074E-16      0
  4.189868387016075E+03   1.0211822E-13   5.9954215E-16     16
  4.192616693654962E+03   1.0255844E-13   5.8323015E-16      0
  4.195364992472502E+03   1.0150292E-13   5.7848925E-16      0
  4.198113283404286E+03   9.9548252E-14   5.7121520E-16     16
  4.200861566385902E+03   1.0036735E-13   5.7521515E-16      0
  4.203609841352940E+03   9.7159334E-14   5.6473624E-16      0
  4.206358108240995E+03   9.6043927E-14   5.6056699E-16     16
  4.209106366985660E+03   9.4755760E-14   5.5727965E-16      0
  4.211854617522536E+03   9.5178382E-14   5.6277605E-16     16
  4.214602859787216E+03   9.3708177E-14   5.5316768E-16     16
  4.217351093715307E+03   9.1775241E-14   5.5267899E-16      0
  4.220099319242408E+03   9.1498437E-14   5.4822053E-16     16
  4.222847536304126E+03   9.1089503E-14   5.4258151E-16      0
  4.225595744836065E+03   8.9434197E-14   5.3946253E-16      0
  4.228343944773836E+03   9.0536953E-14   5.4201458E-16      0
  4.231092136053050E+03   8.7588696E-14   5.3273444E-16      0
  4.233840318609319E+03   8.6535014E-14   5.2858683E-16      0
  4.236588492378258E+03   8.3789231E-14   5.2328330E-16     16
  4.239336657295483E+03   8.3267283E-14   5.2094623E-16      0
  4.242084813296615E+03   8.3149267E-14   5.1935793E-16     16
  4.244832960317273E+03   8.2970238E-14   5.1887587E-16      0
  4.247581098293082E+03   8.1519210E-14   5.1103711E-16      0
  4.250329227159666E+03   8.0818409E-14   5.1069205E-16     16
  4.253077346852654E+03   7.8628009E-14   5.0437847E-16      0
  4.255825457307675E+03   7.6925601E-14   4.9714878E-16      0
  4.258573558460359E+03   7.5651799E-14   4.9137901E-16      0
  4.261321650246342E+03   7.4387890E-14   4.8711451E-16      0
  4.264069732601260E+03   7.2804643E-14   4.8640809E-16     16
  4.266817805460751E+03   7.2190233E-14   4.8182786E-16      0
  4.269565868760455E+03   7.2416458E-14   4.8048346E-16      0
  4.272313922436015E+03   7.1547748E-14   4.7707500E-16     16
  4.275061966423078E+03   7.0417881E-14   4.7231256E-16      0
  4.277810000657289E+03   7.1120993E-14   4.7340603E-16      0
  4.280558025074297E+03   7.1308451E-14   4.7400943E-16      0
  4.283306039609757E+03   7.1550303E-14   4.7738200E-16      0
  4.286054044199323E+03   7.0705249E-14   4.7394696E-16     16
  4.288802038778647E+03   7.2414764E-14   4.7605639E-16      0
  4.291550023283394E+03   7.2078282E-14   4.7484805E-16      0
  4.294297997649222E+03   7.2806913E-14   4.7559317E-16      0
  4.297045961811794E+03   7.3825826E-14   4.7939847E-16     16
  4.299793915706779E+03   7.5451377E-14   4.8317380E-16      0
  4.302541859269842E+03   7.6593584E-14   4.8647638E-16      0
  4.305289792436656E+03   7.7542648E-14   4.8982391E-16      0
  4.308037715142895E+03   7.8055428E-14   4.9154402E-16      0
  4.310785627324232E+03   8.1884952E-14   5.0265773E-16     16
  4.313533528916349E+03   8.3959430E-14   5.0834592E-16      0
  4.316281419854924E+03   8.4340853E-14   5.2445728E-16     16
  4.319029300075641E+03   8.4541247E-14   5.1826436E-16     16
  4.321777169514186E+03   8.5161160E-14   5.1005952E-16      0
  4.324525028106245E+03   8.6273911E-14   5.1505437E-16      0
  4.327272875787513E+03   8.7838055E-14   5.1651746E-16     16
  4.330020712493680E+03   8.9069126E-14   5.2394335E-16      0
  4.332768538160443E+03   8.9337297E-14   5.3074264E-16      0
  4.335516352723501E+03   9.0631272E-14   5.2246051E-16      0
  4.338264156118554E+03   9.2145380E-14   5.2669107E-16     16
  4.341011948281308E+03   9.3184134E-14   5.3193928E-16     16
  4.343759729147466E+03   9.4575626E-14   5.3360656E-16      0
  4.346507498652739E+03   9.5042924E-14   5.3430918E-16      0
  4.349255256732840E+03   9.6466705E-14   5.3851750E-16      0
  4.352003003323481E+03   9.9366804E-14   5.4550759E-16      0
  4.354750738360379E+03   1.0022328E-13   5.4696777E-16      0
  4.357498461779255E+03   1.0062011E-13   5.4725539E-16      0
  4.360246173515831E+03   1.0230407E-13   5.5230471E-16      0
  4.362993873505832E+03   1.0394746E-13   5.5442531E-16     16
  4.365741561684987E+03   1.0501048E-13   5.5589676E-16      0
  4.368489237989025E+03   1.0546889E-13   5.5892184E-16      0
  4.371236902353680E+03   1.0688587E-13   5.6146198E-16      0
  4.373984554714690E+03   1.0923567E-13   5.6566332E-16      0
  4.376732195007792E+03   1.0625570E-13   5.5771148E-16      0
  4.379479823168730E+03   1.0977422E-13   5.6595417E-16      0
  4.382227439133246E+03   1.1066590E-13   5.7331822E-16     16
  4.384975042837089E+03   1.0744510E-13   5.6051876E-16      0
  4.387722634216011E+03   1.0819026E-13   5.6093619E-16      0
  4.390470213205763E+03   1.0886848E-13   5.6269558E-16      0
  4.393217779742103E+03   1.0548170E-13   5.5581291E-16     16
  4.395965333760789E+03   1.0367987E-13   5.4863473E-16      0
  4.398712875197583E+03   1.0241897E-13   5.4334289E-16      0
  4.401460403988252E+03   1.0374550E-13   5.4704718E-16     16
  4.404207920068561E+03   1.0357495E-13   5.4813021E-16      0
  4.406955423374284E+03   1.0019795E-13   5.3618885E-16      0
  4.409702913841194E+03   1.0131558E-13   5.4159821E-16      0
  4.412450391405067E+03   9.8998697E-14   5.3497219E-16      0
  4.415197856001684E+03   9.8583929E-14   5.3098500E-16      0
  4.417945307566828E+03   9.7541163E-14   5.2802620E-16      0
  4.420692746036284E+03   9.7533513E-14   5.2800709E-16     16
  4.423440171345844E+03   9.7327196E-14   5.2832812E-16      0
  4.426187583431297E+03   9.7213463E-14   5.2703258E-16     16
  4.428934982228439E+03   9.7223655E-14   5.2675724E-16     16
  4.431682367673072E+03   9.7472418E-14   5.2736986E-16     16
  4.434429739700993E+03   9.8497009E-14   5.2809053E-16     16
  4.437177098248008E+03   1.0058728E-13   5.3273825E-16      0
  4.439924443249926E+03   1.0283773E-13   5.3966724E-16      0
  4.442671774642557E+03   1.0715325E-13   5.4918652E-16     16
  4.445419092361718E+03   1.0951540E-13   5.5450657E-16     16
  4.448166396343221E+03   1.1354334E-13   5.6269055E-16      0
  4.450913686522892E+03   1.1706470E-13   5.7131996E-16      0
  4.453660962836552E+03   1.2024492E-13   5.8001889E-16      0
  4.456408225220029E+03   1.2305276E-13   5.8735112E-16     16
  4.459155473609153E+03   1.2558360E-13   6.0513580E-16     16
  4.461902707939757E+03   1.2641510E-13   5.9551149E-16      0
  4.464649928147679E+03   1.2766165E-13   5.9626641E-16      0
  4.467397134168760E+03   1.3173985E-13   6.0637548E-16      0
  4.470144325938842E+03   1.3246457E-13   6.0425573E-16   1040
  4.472891503393772E+03   1.3435477E-13   6.0789988E-16   1040
  4.475638666469402E+03   1.3535070E-13   6.1199285E-16   1040
  4.478385815101584E+03   1.3725558E-13   6.1518457E-16   1024
  4.481132949226174E+03   1.3745388E-13   6.3696698E-16   1040
  4.483880068779035E+03   1.3914226E-13   6.1920464E-16   1040
  4.486627173696030E+03   1.4018470E-13   6.2209520E-16   1024
  4.489374263913025E+03   1.3892200E-13   6.1686609E-16   1024
  4.492121339365892E+03   1.4317234E-13   6.3191850E-16   1024
  4.494868399990503E+03   1.4349011E-13   6.4851616E-16   1024
  4.497615445722739E+03   1.4246449E-13   6.4193710E-16   1024
  4.500362476498478E+03   1.4654867E-13   6.3905274E-16   1024
  4.503109492253607E+03   1.4409880E-13   6.3159933E-16   1040
  4.505856492924012E+03   1.4506022E-13   6.4993648E-16   1040
  4.508603478445585E+03   1.4403244E-13   6.2976577E-16   1024
  4.511350448754222E+03   1.4352035E-13   6.2855700E-16   1024
  4.514097403785821E+03   1.4414644E-13   6.2983030E-16   1024
  4.516844343476286E+03   1.4657810E-13   6.3581168E-16   1024
  4.519591267761520E+03   1.4591643E-13   6.3398473E-16   1024
  4.522338176577434E+03   1.4557852E-13   6.3201115E-16      0
  4.525085069859941E+03   1.4534503E-13   6.3025149E-16      0
  4.527831947544956E+03   1.4450173E-13   6.2808769E-16      0
  4.530578809568403E+03   1.4316289E-13   6.2690020E-16     16
  4.533325655866204E+03   1.4464848E-13   6.3044615E-16      0
  4.536072486374286E+03   1.4391256E-13   6.2757915E-16     16
  4.538819301028580E+03   1.4508341E-13   6.3109513E-16     16
  4.541566099765024E+03   1.4484251E-13   6.2982109E-16     16
  4.544312882519554E+03   1.4644099E-13   6.3169541E-16     16
  4.547059649228115E+03   1.4760681E-13   6.5788805E-16      0
  4.549806399826650E+03   1.4415681E-13   6.4963795E-16      0
  4.552553134251112E+03   1.4548303E-13   6.7819969E-16    256
  4.555299852437452E+03   1.4463543E-13   6.3043461E-16    256
  4.558046554321631E+03   1.4815579E-13   6.3718133E-16      0
  4.560793239839608E+03   1.4724193E-13   6.3263800E-16      0
  4.563539908927348E+03   1.4861910E-13   6.3660561E-16     16
  4.566286561520823E+03   1.4861411E-13   6.3475839E-16      0
  4.569033197556003E+03   1.4884651E-13   6.3722156E-16     16
  4.571779816968866E+03   1.4963467E-13   6.3936456E-16     16
  4.574526419695393E+03   1.4982415E-13   6.3574820E-16     16
  4.577273005671567E+03   1.5251037E-13   6.4292225E-16      0
  4.580019574833380E+03   1.5300989E-13   6.4131496E-16      0
  4.582766127116820E+03   1.5103679E-13   6.4029354E-16      0
  4.585512662457887E+03   1.5036098E-13   6.3982460E-16      0
  4.588259180792579E+03   1.5058038E-13   6.4003556E-16      0
  4.591005682056902E+03   1.4957926E-13   6.3941278E-16      0
  4.593752166186863E+03   1.4827980E-13   6.3505395E-16     16
  4.596498633118475E+03   1.4823388E-13   6.3386001E-16      0
  4.599245082787754E+03   1.4801970E-13   6.3333744E-16      0
  4.601991515130720E+03   1.4540422E-13   6.2655456E-16      0
  4.604737930083400E+03   1.4549921E-13   6.2728624E-16      0
  4.607484327581818E+03   1.4332002E-13   6.2388476E-16      0
  4.610230707562011E+03   1.4147091E-13   6.8854165E-16      0
  4.612977069960012E+03   1.4110962E-13   6.8959668E-16      0
  4.615723414711864E+03   1.3942058E-13   6.1466068E-16      0
  4.618469741753612E+03   1.3790451E-13   6.1324333E-16     16
  4.621216051021304E+03   1.3807411E-13   6.1332279E-16     16
  4.623962342450993E+03   1.3615270E-13   6.1233521E-16      0
  4.626708615978737E+03   1.3354513E-13   6.0549541E-16     16
  4.629454871540596E+03   1.3172703E-13   6.0077389E-16     16
  4.632201109072638E+03   1.3154113E-13   5.9784597E-16      0
  4.634947328510932E+03   1.3088535E-13   5.9654016E-16     16
  4.637693529791551E+03   1.2985556E-13   5.9831972E-16      0
  4.640439712850574E+03   1.2924095E-13   6.1642309E-16     16
  4.643185877624084E+03   1.2855197E-13   5.9171122E-16      0
  4.645932024048169E+03   1.2584326E-13   5.8497429E-16      0
  4.648678152058917E+03   1.2594842E-13   5.8767315E-16      0
  4.651424261592427E+03   1.2513475E-13   5.8545599E-16      0
  4.654170352584797E+03   1.2218461E-13   5.7482657E-16      0
  4.656916424972130E+03   1.2356148E-13   5.8026627E-16      0
  4.659662478690537E+03   1.2176165E-13   5.7451121E-16     16
  4.662408513676129E+03   1.2067593E-13   5.7459015E-16      0
  4.665154529865023E+03   1.2229328E-13   5.8581005E-16     16
  4.667900527193341E+03   1.2161543E-13   5.7329101E-16      0
  4.670646505597209E+03   1.2220574E-13   5.7843250E-16      0
  4.673392465012758E+03   1.2013222E-13   5.7127131E-16      0
  4.676138405376122E+03   1.2040136E-13   5.7172500E-16      0
  4.678884326623441E+03   1.2048881E-13   5.7223984E-16      0
  4.681630228690859E+03   1.2045055E-13   5.7296993E-16     16
  4.684376111514522E+03   1.1919446E-13   5.6999494E-16      0
  4.687121975030585E+03   1.1932245E-13   5.7451884E-16     16
  4.689867819175203E+03   1.1853235E-13   5.7007615E-16     16
  4.692613643884540E+03   1.2016581E-13   5.7449486E-16      0
  4.695359449094761E+03   1.1722496E-13   5.6740021E-16      0
  4.698105234742036E+03   1.1787592E-13   5.6664561E-16      0
  4.700851000762542E+03   1.1701291E-13   5.6646186E-16      0
  4.703596747092458E+03   1.1644410E-13   5.6491057E-16      0
  4.706342473667968E+03   1.1595268E-13   5.6508787E-16      0
  4.709088180425263E+03   1.1381904E-13   5.5791831E-16      0
  4.711833867300536E+03   1.1352240E-13   5.5595399E-16   1024
  4.714579534229983E+03   1.1283367E-13   5.5599777E-16   1040
  4.717325181149810E+03   1.1248625E-13   5.5442674E-16   1024
  4.720070807996222E+03   1.0994892E-13   5.4828633E-16   1040
  4.722816414705434E+03   1.0929892E-13   5.4727768E-16   1024
  4.725562001213661E+03   1.0768067E-13   5.4450544E-16   1024
  4.728307567457128E+03   1.0754970E-13   5.4328233E-16   1024
  4.731053113372058E+03   1.0758065E-13   5.4222968E-16   1024
  4.733798638894683E+03   1.0508272E-13   5.3466647E-16   1040
  4.736544143961240E+03   1.0668721E-13   5.3992141E-16   1024
  4.739289628507968E+03   1.0722005E-13   5.4086823E-16   1024
  4.742035092471115E+03   1.0893113E-13   6.1206103E-16   1024
  4.744780535786928E+03   1.1022839E-13   5.5394827E-16   1024
  4.747525958391666E+03   1.0946545E-13   5.5105767E-16   1024
  4.750271360221586E+03   1.1036404E-13   5.5208623E-16   1024
  4.753016741212955E+03   1.1252641E-13   5.5625792E-16     16
  4.755762101302041E+03   1.1274881E-13   5.5547267E-16      0
  4.758507440425119E+03   1.1284088E-13   5.5869991E-16      0
  4.761252758518469E+03   1.1371873E-13   5.5797676E-16      0
  4.763998055518374E+03   1.1278154E-13   5.5672384E-16     16
  4.766743331361125E+03   1.1391959E-13   5.5988115E-16     16
  4.769488585983014E+03   1.1220467E-13   5.5454850E-16      0
  4.772233819320342E+03   1.1199095E-13   5.5438243E-16      0
  4.774979031309412E+03   1.1193187E-13   5.8219947E-16     16
  4.777724221886533E+03   1.1183668E-13   5.5593605E-16     16
  4.780469390988020E+03   1.1299629E-13   5.5534164E-16      0
  4.783214538550191E+03   1.1089645E-13   5.4824245E-16      0
  4.785959664509371E+03   1.0969251E-13   5.4567609E-16      0
  4.788704768801887E+03   1.0910462E-13   5.4448278E-16      0
  4.791449851364076E+03   1.0779015E-13   5.3964464E-16      0
  4.794194912132276E+03   1.0683162E-13   5.3856494E-16     16
  4.796939951042830E+03   1.0726915E-13   5.4201887E-16     16
  4.799684968032089E+03   1.0536509E-13   5.6830209E-16      0
  4.802429963036407E+03   1.0387892E-13   5.3027582E-16      0
  4.805174935992143E+03   1.0225122E-13   5.2622997E-16      0
  4.807919886835663E+03   1.0093626E-13   5.2310007E-16     16
  4.810664815503334E+03   9.9036590E-14   5.1715755E-16      0
  4.813409721931534E+03   9.7833146E-14   5.1697126E-16      0
  4.816154606056642E+03   9.7627520E-14   5.1937969E-16     16
  4.818899467815043E+03   9.5358610E-14   5.0665742E-16      0
  4.821644307143128E+03   9.5483395E-14   5.0801558E-16     16
  4.824389123977293E+03   9.4395263E-14   5.0585284E-16     16
  4.827133918253938E+03   9.5071147E-14   5.0769260E-16      0
  4.829878689909471E+03   9.3837854E-14   5.0572833E-16      0
  4.832623438880302E+03   9.2879480E-14   5.0073803E-16      0
  4.835368165102849E+03   9.3315018E-14   5.0172176E-16      0
  4.838112868513535E+03   9.3220482E-14   5.0295736E-16      0
  4.840857549048784E+03   9.2226831E-14   4.9947871E-16     16
  4.843602206645030E+03   9.2622226E-14   5.0139739E-16     16
  4.846346841238714E+03   9.3950963E-14   5.0384908E-16      0
  4.849091452766276E+03   9.3031289E-14   5.0049647E-16     16
  4.851836041164167E+03   9.5089267E-14   5.3233363E-16      0
  4.854580606368839E+03   9.7096945E-14   5.1235403E-16      0
  4.857325148316753E+03   9.5845959E-14   5.0742319E-16     16
  4.860069666944374E+03   9.8209750E-14   5.1684399E-16     16
  4.862814162188172E+03   9.8561248E-14   5.1760336E-16     16
  4.865558633984624E+03   1.0015557E-13   5.2074564E-16      0
  4.868303082270209E+03   9.9519839E-14   5.1601586E-16     16
  4.871047506981416E+03   1.0197575E-13   5.2234849E-16      0
  4.873791908054734E+03   1.0257604E-13   5.2670171E-16      0
  4.876536285426665E+03   1.0275458E-13   5.2646205E-16     16
  4.879280639033710E+03   1.0296283E-13   5.2443584E-16      0
  4.882024968812379E+03   1.0303551E-13   5.2458677E-16      0
  4.884769274699183E+03   1.0397981E-13   5.2735800E-16      0
  4.887513556630646E+03   1.0174745E-13   5.2660705E-16     16
  4.890257814543292E+03   1.0294520E-13   5.2513740E-16      0
  4.893002048373651E+03   1.0272555E-13   5.4596620E-16      0
  4.895746258058260E+03   1.0369888E-13   5.2347600E-16      0
  4.898490443533661E+03   1.0422272E-13   5.2705699E-16      0
  4.901234604736404E+03   1.0431518E-13   5.3100104E-16     16
  4.903978741603039E+03   1.0482644E-13   5.2719474E-16      0
  4.906722854070129E+03   1.0610234E-13   5.3088896E-16      0
  4.909466942074235E+03   1.0446491E-13   5.2470679E-16      0
  4.912211005551932E+03   1.0456859E-13   5.2325206E-16      0
  4.914955044439790E+03   1.0482458E-13   5.2341220E-16      0
  4.917699058674397E+03   1.0517152E-13   5.2795018E-16     16
  4.920443048192337E+03   1.0406877E-13   5.2395648E-16      0
  4.923187012930205E+03   1.0405569E-13   5.2278746E-16      0
  4.925930952824599E+03   1.0435092E-13   5.2164535E-16     16
  4.928674867812126E+03   1.0533619E-13   5.2405754E-16     16
  4.931418757829393E+03   1.0511546E-13   5.2573334E-16     16
  4.934162622813021E+03   1.0481187E-13   5.5875037E-16      0
  4.936906462699628E+03   1.0624269E-13   5.3024390E-16      0
  4.939650277425845E+03   1.0490451E-13   5.3186194E-16     16
  4.942394066928306E+03   1.0515646E-13   5.2241361E-16      0
  4.945137831143649E+03   1.0600119E-13   5.2696937E-16     16
  4.947881570008521E+03   1.0624969E-13   5.2494957E-16      0
  4.950625283459573E+03   1.0712331E-13   5.2704582E-16      0
  4.953368971433462E+03   1.0564816E-13   5.2848895E-16     16
  4.956112633866854E+03   1.0603253E-13   5.4935238E-16      0
  4.958856270696415E+03   1.0773282E-13   5.2917648E-16      0
  4.961599881858822E+03   1.0817849E-13   5.2784737E-16     16
  4.964343467290757E+03   1.0837362E-13   5.2749051E-16     16
  4.967087026928905E+03   1.0677879E-13   5.3644179E-16     16
  4.969830560709961E+03   1.0873173E-13   5.2858567E-16      0
  4.972574068570624E+03   1.0993376E-13   5.3214067E-16      0
  4.975317550447598E+03   1.1266378E-13   5.3887749E-16      0
  4.978061006277597E+03   1.1015386E-13   5.3141873E-16      0
  4.980804435997335E+03   1.1440745E-13   5.4155449E-16      0
  4.983547839543537E+03   1.1545882E-13   5.4331965E-16      0
  4.986291216852931E+03   1.1654336E-13   5.4805806E-16      0
  4.989034567862254E+03   1.1739729E-13   5.4821317E-16     16
  4.991777892508248E+03   1.1727029E-13   5.4901520E-16      0
  4.994521190727660E+03   1.1979438E-13   5.5407279E-16     16
  4.997264462457242E+03   1.2137740E-13   5.5685841E-16      0
  5.000007707633758E+03   1.2281608E-13   5.5942249E-16      0
  5.002750926193971E+03   1.2536341E-13   5.6549111E-16      0
  5.005494118074654E+03   1.2628944E-13   5.7171066E-16      0
  5.008237283212587E+03   1.2773509E-13   5.7354216E-16      0
  5.010980421544552E+03   1.3048124E-13   5.7729213E-16      0
  5.013723533007342E+03   1.3266703E-13   5.8234939E-16      0
  5.016466617537753E+03   1.3458929E-13   5.8644114E-16      0
  5.019209675072590E+03   1.3414443E-13   5.8641134E-16     16
  5.021952705548660E+03   1.3611220E-13   5.8664507E-16      0
  5.024695708902782E+03   1.3711777E-13   5.8981641E-16     16
  5.027438685071776E+03   1.3970486E-13   5.9486367E-16      0
  5.030181633992472E+03   1.4103845E-13   5.9966984E-16      0
  5.032924555601702E+03   1.4362493E-13   6.0865972E-16     16
  5.035667449836312E+03   1.4458014E-13   6.0491340E-16     16
  5.038410316633144E+03   1.4653055E-13   6.0869995E-16      0
  5.041153155929057E+03   1.4808455E-13   6.1090700E-16      0
  5.043895967660908E+03   1.5013017E-13   6.1275782E-16      0
  5.046638751765565E+03   1.5349877E-13   6.2266647E-16     16
  5.049381508179899E+03   1.5373209E-13   6.2569519E-16      0
  5.052124236840793E+03   1.5501951E-13   6.3649883E-16      0
  5.054866937685129E+03   1.5560540E-13   6.2454238E-16     16
  5.057609610649803E+03   1.5981823E-13   6.3385625E-16      0
  5.060352255671711E+03   1.5995670E-13   6.3498979E-16      0
  5.063094872687759E+03   1.6047507E-13   6.3426399E-16      0
  5.065837461634858E+03   1.6293554E-13   6.4046628E-16     16
  5.068580022449928E+03   1.6557976E-13   6.4303464E-16     16
  5.071322555069893E+03   1.6615690E-13   6.4724461E-16      0
  5.074065059431684E+03   1.6894540E-13   6.5094969E-16      0
  5.076807535472240E+03   1.7201488E-13   6.5465498E-16      0
  5.079549983128501E+03   1.7096119E-13   6.5406915E-16      0
  5.082292402337424E+03   1.7396086E-13   6.5873313E-16     16
  5.085034793035963E+03   1.7271828E-13   6.5985407E-16     16
  5.087777155161084E+03   1.7549100E-13   6.6340129E-16     16
  5.090519488649756E+03   1.7785868E-13   6.6441291E-16      0
  5.093261793438957E+03   1.7810850E-13   6.6484606E-16      0
  5.096004069465670E+03   1.7873782E-13   6.6900954E-16      0
  5.098746316666889E+03   1.7918716E-13   7.1002389E-16      0
  5.101488534979606E+03   1.8113668E-13   6.7006373E-16      0
  5.104230724340830E+03   1.8314040E-13   6.7589158E-16     16
  5.106972884687571E+03   1.8152056E-13   6.6929865E-16      0
  5.109715015956844E+03   1.8112405E-13   6.7062648E-16      0
  5.112457118085673E+03   1.7995929E-13   6.6974916E-16      0
  5.115199191011092E+03   1.7956014E-13   6.6775403E-16      0
  5.117941234670137E+03   1.8197531E-13   6.7343508E-16     16
  5.120683248999851E+03   1.7924833E-13   7.0014076E-16      0
  5.123425233937289E+03   1.8092476E-13   7.0430472E-16      0
  5.126167189419505E+03   1.8189967E-13   6.7191667E-16      0
  5.128909115383566E+03   1.8162918E-13   6.6736143E-16   1024
  5.131651011766543E+03   1.8449531E-13   6.7581985E-16   1024
  5.134392878505514E+03   1.8286400E-13   6.7301823E-16   1040
  5.137134715537566E+03   1.8467648E-13   6.7435411E-16   1024
  5.139876522799790E+03   1.8395563E-13   6.7272569E-16   1024
  5.142618300229286E+03   1.8552888E-13   6.7498785E-16   1040
  5.145360047763157E+03   1.8721301E-13   6.7798539E-16   1024
  5.148101765338520E+03   1.8816922E-13   6.8136686E-16   1024
  5.150843452892493E+03   1.8807259E-13   6.7915070E-16   1024
  5.153585110362202E+03   1.8798449E-13   6.7979423E-16   1040
  5.156326737684783E+03   1.8733496E-13   6.7907325E-16   1024
  5.159068334797375E+03   1.8844111E-13   6.7856296E-16   1024
  5.161809901637124E+03   1.8985627E-13   6.8079114E-16   1024
  5.164551438141188E+03   1.9343899E-13   6.8887210E-16   1040
  5.167292944246727E+03   1.9356233E-13   6.8831512E-16   1024
  5.170034419890909E+03   1.9413362E-13   6.8932028E-16      0
  5.172775865010912E+03   1.9447981E-13   6.9115496E-16      0
  5.175517279543918E+03   1.9469279E-13   6.9002025E-16     16
  5.178258663427115E+03   1.9462546E-13   6.9389415E-16      0
  5.181000016597701E+03   1.9237208E-13   6.9046410E-16     16
  5.183741338992881E+03   1.9269428E-13   6.8612385E-16      0
  5.186482630549865E+03   1.9309901E-13   7.0510093E-16     16
  5.189223891205873E+03   1.9030872E-13   6.8306982E-16     16
  5.191965120898127E+03   1.8672562E-13   6.7533111E-16      0
  5.194706319563863E+03   1.8652758E-13   6.7711629E-16     16
  5.197447487140319E+03   1.8362997E-13   6.7131549E-16      0
  5.200188623564743E+03   1.8230181E-13   6.7101484E-16      0
  5.202929728774387E+03   1.7789269E-13   6.6227860E-16      0
  5.205670802706512E+03   1.7536099E-13   6.5873149E-16     16
  5.208411845298391E+03   1.7077854E-13   6.5112990E-16     16
  5.211152856487295E+03   1.6954760E-13   6.4917510E-16      0
  5.213893836210510E+03   1.6549368E-13   6.4046358E-16      0
  5.216634784405325E+03   1.6398720E-13   6.3740770E-16      0
  5.219375701009037E+03   1.5880156E-13   6.2676203E-16      0
  5.222116585958951E+03   1.5523050E-13   6.2062787E-16      0
  5.224857439192379E+03   1.5458746E-13   6.1960931E-16     16
  5.227598260646642E+03   1.5043315E-13   6.0842684E-16      0
  5.230339050259066E+03   1.5108275E-13   6.1249916E-16      0
  5.233079807966984E+03   1.4792337E-13   6.0566477E-16      0
  5.235820533707737E+03   1.4630835E-13   6.0216943E-16      0
  5.238561227418676E+03   1.4290348E-13   5.9353912E-16      0
  5.241301889037156E+03   1.4241895E-13   5.9139364E-16      0
  5.244042518500542E+03   1.3998488E-13   5.8636878E-16      0
  5.246783115746203E+03   1.3832098E-13   5.8334376E-16      0
  5.249523680711518E+03   1.3791350E-13   5.8422054E-16     16
  5.252264213333873E+03   1.3757637E-13   5.8391709E-16      0
  5.255004713550663E+03   1.3772898E-13   5.8475909E-16      0
  5.257745181299286E+03   1.3748150E-13   5.8271108E-16     16
  5.260485616517154E+03   1.3772296E-13   5.8453791E-16      0
  5.263226019141679E+03   1.3914164E-13   5.9583506E-16     16
  5.265966389110285E+03   1.3793956E-13   5.8734620E-16     16
  5.268706726360406E+03   1.3773444E-13   5.8606453E-16      0
  5.271447030829477E+03   1.4110646E-13   5.9275366E-16      0
  5.274187302454945E+03   1.4269891E-13   5.9889777E-16      0
  5.276927541174264E+03   1.4247327E-13   5.9929868E-16     16
  5.279667746924893E+03   1.4324649E-13   5.9833026E-16      0
  5.282407919644305E+03   1.4501360E-13   6.0183327E-16      0
  5.285148059269974E+03   1.4494288E-13   6.0296654E-16      0
  5.287888165739383E+03   1.4446324E-13   6.0265007E-16     16
  5.290628238990023E+03   1.4707095E-13   6.0841471E-16      0
  5.293368278959397E+03   1.4795391E-13   6.1368103E-16      0
  5.296108285585007E+03   1.4879149E-13   6.0935990E-16     16
  5.298848258804370E+03   1.5077188E-13   6.1362725E-16      0
  5.301588198555009E+03   1.5061623E-13   6.1480627E-16      0
  5.304328104774453E+03   1.5326953E-13   6.2143800E-16      0
  5.307067977400240E+03   1.5328208E-13   6.1991679E-16      0
  5.309807816369915E+03   1.5483745E-13   6.2377237E-16      0
  5.312547621621032E+03   1.5539378E-13   6.2194252E-16      0
  5.315287393091151E+03   1.5730058E-13   6.3044456E-16      0
  5.318027130717841E+03   1.5796567E-13   6.3202046E-16      0
  5.320766834438678E+03   1.5837773E-13   6.3273329E-16      0
  5.323506504191247E+03   1.6042807E-13   6.3648814E-16      0
  5.326246139913140E+03   1.6214059E-13   6.3939346E-16      0
  5.328985741541956E+03   1.6320730E-13   6.4093316E-16      0
  5.331725309015305E+03   1.6451937E-13   6.4603912E-16      0
  5.334464842270801E+03   1.6633487E-13   6.5059447E-16     16
  5.337204341246068E+03   1.6711025E-13   6.9427871E-16     16
  5.339943805878735E+03   1.7056895E-13   6.5666610E-16      0
  5.342683236106446E+03   1.7054481E-13   6.5907422E-16      0
  5.345422631866844E+03   1.7169241E-13   6.7258053E-16     16
  5.348161993097587E+03   1.7135955E-13   6.6183962E-16     16
  5.350901319736337E+03   1.7191802E-13   6.6118571E-16      0
  5.353640611720763E+03   1.7521470E-13   7.0855990E-16     16
  5.356379868988548E+03   1.7322323E-13   6.6442318E-16      0
  5.359119091477374E+03   1.7527763E-13   6.6867343E-16      0
  5.361858279124942E+03   1.7608338E-13   6.7303046E-16      0
  5.364597431868950E+03   1.7703073E-13   6.7560613E-16      0
  5.367336549647111E+03   1.7458646E-13   6.6777547E-16      0
  5.370075632397144E+03   1.7435337E-13   6.7110346E-16      0
  5.372814680056776E+03   1.7145550E-13   6.6163993E-16      0
  5.375553692563743E+03   1.7300044E-13   7.1418848E-16      0
  5.378292669855785E+03   1.7242796E-13   6.6780586E-16      0
  5.381031611870657E+03   1.6911807E-13   6.5877871E-16      0
  5.383770518546117E+03   1.7075810E-13   6.6157471E-16      0
  5.386509389819934E+03   1.6918201E-13   6.5961436E-16      0
  5.389248225629880E+03   1.6771190E-13   6.5831342E-16      0
  5.391987025913741E+03   1.6743495E-13   6.5765613E-16      0
  5.394725790609311E+03   1.6592585E-13   6.5718258E-16      0
  5.397464519654387E+03   1.6187949E-13   6.5286769E-16     16
  5.400203212986778E+03   1.6106994E-13   6.4892258E-16      0
  5.402941870544302E+03   1.6026411E-13   6.4476540E-16      0
  5.405680492264783E+03   1.5952752E-13   6.4407379E-16     16
  5.408419078086054E+03   1.5609869E-13   6.3620613E-16      0
  5.411157627945956E+03   1.5496000E-13   6.3303844E-16      0
  5.413896141782338E+03   1.5300884E-13   6.2922081E-16      0
  5.416634619533058E+03   1.5289351E-13   6.2913012E-16     16
  5.419373061135983E+03   1.5213070E-13   6.2989287E-16     16
  5.422111466528986E+03   1.5122605E-13   6.3072831E-16      0
  5.424849835649951E+03   1.5149893E-13   6.3141817E-16      0
  5.427588168436768E+03   1.5044159E-13   6.2793300E-16      0
  5.430326464827337E+03   1.4913186E-13   6.2194644E-16     16
  5.433064724759563E+03   1.5117901E-13   6.2895764E-16      0
  5.435802948171367E+03   1.5091707E-13   6.2964416E-16     16
  5.438541135000669E+03   1.5113205E-13   6.2874446E-16      0
  5.441279285185404E+03   1.5127685E-13   6.2962225E-16     16
  5.444017398663512E+03   1.5284742E-13   6.3291085E-16      0
  5.446755475372944E+03   1.5307577E-13   6.3410813E-16      0
  5.449493515251656E+03   1.5402413E-13   6.3544078E-16      0
  5.452231518237617E+03   1.5411102E-13   6.3652689E-16      0
  5.454969484268800E+03   1.5814056E-13   6.4635607E-16      0
  5.457707413283188E+03   1.5865831E-13   6.4874973E-16      0
  5.460445305218775E+03   1.6426603E-13   6.5827600E-16      0
  5.463183160013559E+03   1.6695556E-13   6.6435441E-16      0
  5.465920977605551E+03   1.7012083E-13   6.6775631E-16     16
  5.468658757932768E+03   1.7312256E-13   6.7734853E-16      0
  5.471396500933235E+03   1.7814697E-13   6.8726226E-16      0
  5.474134206544986E+03   1.8275783E-13   6.9848343E-16      0
  5.476871874706068E+03   1.8457282E-13   7.0091950E-16      0
  5.479609505354526E+03   2.0934722E-13   7.5231613E-16     16
  5.482347098428427E+03   1.9244403E-13   7.1157454E-16     16
  5.485084653865835E+03   1.9528601E-13   7.1729842E-16      0
  5.487822171604830E+03   1.9903175E-13   7.2547255E-16      0
  5.490559651583499E+03   1.9936350E-13   7.2762454E-16     16
  5.493297093739934E+03   2.0035959E-13   7.3010487E-16      0
  5.496034498012239E+03   2.0465986E-13   7.4058383E-16     16
  5.498771864338528E+03   2.0908993E-13   7.4344389E-16      0
  5.501509192656921E+03   2.1143937E-13   7.4496791E-16      0
  5.504246482905546E+03   2.1650531E-13   7.5687873E-16      0
  5.506983735022543E+03   2.1659600E-13   7.5947923E-16      0
  5.509720948946057E+03   2.1838876E-13   7.6173064E-16     16
  5.512458124614247E+03   2.2114812E-13   7.6835020E-16      0
  5.515195261965274E+03   2.2508934E-13   7.7405539E-16      0
  5.517932360937312E+03   2.2853402E-13   7.7873409E-16      0
  5.520669421468546E+03   2.2836531E-13   7.7889783E-16     16
  5.523406443497162E+03   2.3335549E-13   7.8591116E-16      0
  5.526143426961363E+03   2.3122921E-13   7.8391570E-16     16
  5.528880371799355E+03   2.3223442E-13   7.8556980E-16      0
  5.531617277949358E+03   2.3232384E-13   7.8598998E-16      0
  5.534354145349596E+03   2.3377879E-13   7.8736710E-16      0
  5.537090973938306E+03   2.3074744E-13   7.8128027E-16      0
  5.539827763653728E+03   2.3086557E-13   7.8392148E-16     16
  5.542564514434119E+03   2.3169029E-13   7.8838190E-16      0
  5.545301226217738E+03   2.3307905E-13   7.8968019E-16      0
  5.548037898942855E+03   2.3224435E-13   7.8757981E-16     16
  5.550774532547754E+03   2.3083315E-13   7.9409916E-16     16
  5.553511126970718E+03   2.3218816E-13   7.8780486E-16      0
  5.556247682150047E+03   2.3159106E-13   7.8348795E-16      0
  5.558984198024046E+03   2.3117529E-13   7.8690118E-16     16
  5.561720674531031E+03   2.3242766E-13   7.9249938E-16      0
  5.564457111609328E+03   2.3373046E-13   7.8848661E-16      0
  5.567193509197268E+03   2.3565763E-13   7.9135387E-16      0
  5.569929867233196E+03   2.3658937E-13   7.9349199E-16      0
  5.572666185655459E+03   2.3696800E-13   7.9147293E-16      0
  5.575402464402421E+03   2.4204166E-13   8.0452100E-16     16
  5.578138703412451E+03   2.4296057E-13   8.0577376E-16     16
  5.580874902623926E+03   2.4313356E-13   8.0409192E-16     16
  5.583611061975234E+03   2.4585187E-13   8.1038760E-16      0
  5.586347181404773E+03   2.4647027E-13   8.1138228E-16      0
  5.589083260850950E+03   2.4676837E-13   8.0965132E-16      0
  5.591819300252177E+03   2.4846995E-13   8.1336768E-16      0
  5.594555299546877E+03   2.4920972E-13   8.1761909E-16     16
  5.597291258673489E+03   2.5009086E-13   8.1637353E-16     16
  5.600027177570451E+03   2.4908607E-13   8.1577463E-16      0
  5.602763056176216E+03   2.5333658E-13   8.2151656E-16     16
  5.605498894429243E+03   2.5443138E-13   8.2458583E-16     16
  5.608234692268005E+03   2.5408384E-13   8.2209688E-16      0
  5.610970449630981E+03   2.5367637E-13   8.2495445E-16      0
  5.613706166456656E+03   2.5212794E-13   8.2368004E-16     16
  5.616441842683533E+03   2.5437560E-13   8.3803301E-16     16
  5.619177478250112E+03   2.5282280E-13   8.2320438E-16      0
  5.621913073094917E+03   2.5495385E-13   8.2528564E-16      0
  5.624648627156469E+03   2.5451540E-13   8.2630314E-16      0
  5.627384140373303E+03   2.5627997E-13   8.3109518E-16      0
  5.630119612683965E+03   2.5552401E-13   8.3135844E-16     16
  5.632855044027007E+03   2.5614913E-13   8.3038811E-16     16
  5.635590434340994E+03   2.5545264E-13   8.2662078E-16      0
  5.638325783564494E+03   2.5557581E-13   8.3135400E-16      0
  5.641061091636094E+03   2.5711451E-13   8.3411109E-16      0
  5.643796358494380E+03   2.5762481E-13   8.3117781E-16     16
  5.646531584077955E+03   2.5921379E-13   8.3747206E-16      0
  5.649266768325428E+03   2.6031491E-13   8.4567568E-16      0
  5.652001911175418E+03   2.5768195E-13   8.3670687E-16      0
  5.654737012566555E+03   2.5990920E-13   8.3907041E-16      0
  5.657472072437476E+03   2.5701040E-13   9.5662673E-16      0
  5.660207090726828E+03   2.5855872E-13   8.3976863E-16     16
  5.662942067373267E+03   2.5884760E-13   8.3953226E-16      0
  5.665677002315462E+03   2.5736734E-13   8.3600701E-16      0
  5.668411895492089E+03   2.5770071E-13   8.3600352E-16      0
  5.671146746841830E+03   2.5710716E-13   8.3421586E-16      0
  5.673881556303384E+03   2.5722249E-13   8.4254558E-16      0
  5.676616323815454E+03   2.5421752E-13   8.3257584E-16      0
  5.679351049316753E+03   2.5360397E-13   8.3713992E-16      0
  5.682085732746005E+03   2.5131928E-13   8.2771419E-16     16
  5.684820374041944E+03   2.5388269E-13   8.3202839E-16     16
  5.687554973143313E+03   2.5357564E-13   8.3893844E-16     16
  5.690289529988864E+03   2.5144616E-13   8.3086896E-16      0
  5.693024044517358E+03   2.5339664E-13   8.3034672E-16     16
  5.695758516667567E+03   3.6521984E-13   1.7610340E-14    512
