

  2.887784526871988E+03  -5.7288287E-14   2.2872336E-14  18960
  2.890529303504618E+03  -2.3784545E-14   1.3535337E-14   2560
  2.893274102783453E+03  -1.6697052E-14   1.0281656E-14    512
  2.896018924644903E+03  -1.7659615E-14   7.8031699E-15    512
  2.898763769025367E+03  -5.0595743E-15   6.7363637E-15    512
  2.901508635861247E+03  -9.6718034E-15   5.5994053E-15    512
  2.904253525088933E+03  -5.4985063E-15   4.9200006E-15    512
  2.906998436644812E+03  -1.0712670E-14   4.2199029E-15    512
  2.909743370465267E+03  -1.2924971E-15   5.8895721E-15    528
  2.912488326486674E+03  -8.4833966E-15   3.3511920E-15    512
  2.915233304645405E+03   1.0323514E-15   3.1200071E-15    512
  2.917978304877826E+03   2.3979429E-15   2.7304895E-15    512
  2.920723327120299E+03   1.8986201E-15   2.5156633E-15    528
  2.923468371309179E+03   6.0364074E-15   2.2898462E-15    512
  2.926213437380819E+03   1.0935117E-15   2.1035316E-15    528
  2.928958525271563E+03   6.8468227E-15   1.8669006E-15    512
  2.931703634917754E+03   3.1780464E-15   2.1802128E-15    528
  2.934448766255725E+03   8.5879832E-15   1.7472589E-15    528
  2.937193919221809E+03   1.4629687E-14   3.8083364E-15    528
  2.939939093752331E+03   2.2837421E-15   1.0568944E-15    512
  2.942684289783612E+03  -1.6514859E-16   9.0569506E-16    512
  2.945429507251968E+03   2.3625819E-16   8.4617353E-16    528
  2.948174746093708E+03   1.9121817E-15   7.7498258E-16    528
  2.950920006245140E+03   2.1783722E-15   7.6012361E-16    528
  2.953665287642564E+03   1.9394056E-15   6.3140488E-16    512
  2.956410590222275E+03   2.7826667E-15   6.0008954E-16    512
  2.959155913920565E+03   2.3808413E-15   7.5076876E-16    528
  2.961901258673719E+03   2.5975940E-15   5.1208557E-16    512
  2.964646624418019E+03   1.8376848E-15   4.6642367E-16    512
  2.967392011089741E+03   2.1944123E-15   4.5981697E-16    512
  2.970137418625156E+03   2.7775123E-15   4.4044437E-16      0
  2.972882846960530E+03   1.7167982E-15   4.3267391E-16      0
  2.975628296032125E+03   1.6869433E-15   3.9102972E-16      0
  2.978373765776199E+03   2.3885855E-15   3.9193347E-16      0
  2.981119256129002E+03   2.7877195E-15   4.0942211E-16     16
  2.983864767026782E+03   2.3746226E-15   4.0912951E-16      0
  2.986610298405781E+03   2.2050639E-15   4.9552010E-16     16
  2.989355850202238E+03   2.6162895E-15   3.8006808E-16      0
  2.992101422352384E+03   2.9671712E-15   3.7498358E-16      0
  2.994847014792448E+03   2.7733637E-15   3.9719987E-16     16
  2.997592627458653E+03   2.8226962E-15   3.6522171E-16      0
  3.000338260287218E+03   2.7346359E-15   3.6257206E-16      0
  3.003083913214357E+03   3.4139405E-15   3.7818952E-16      0
  3.005829586176279E+03   6.5420619E-15   7.4294091E-16     16
  3.008575279109189E+03   3.2412916E-15   3.6104496E-16      0
  3.011320991949285E+03   3.1109559E-15   3.5660143E-16      0
  3.014066724632766E+03   4.1328080E-15   3.7226455E-16      0
  3.016812477095819E+03   5.3039077E-15   7.3584621E-16     16
  3.019558249274632E+03   3.2982082E-15   3.4422381E-16      0
  3.022304041105385E+03   3.3871418E-15   3.4002118E-16      0
  3.025049852524257E+03   3.6276532E-15   3.4322347E-16      0
  3.027795683467419E+03   3.0906301E-15   3.2173162E-16      0
  3.030541533871038E+03   3.1947277E-15   3.1727120E-16      0
  3.033287403671279E+03   4.0234014E-15   3.3432637E-16      0
  3.036033292804299E+03   4.2060226E-15   3.8746101E-16     16
  3.038779201206253E+03   3.1815197E-15   3.6863207E-16     16
  3.041525128813291E+03   3.4419650E-15   3.1327050E-16      0
  3.044271075561557E+03   4.3010974E-15   3.2208955E-16      0
  3.047017041387193E+03   4.4797993E-15   3.1726831E-16      0
  3.049763026226335E+03   4.2387672E-15   3.1165511E-16      0
  3.052509030015115E+03   4.4732034E-15   3.2708823E-16     16
  3.055255052689659E+03   4.0790096E-15   3.0109385E-16      0
  3.058001094186091E+03   5.5129804E-15   3.2260833E-16      0
  3.060747154440532E+03   4.4372859E-15   2.9903132E-16      0
  3.063493233389091E+03   5.2006205E-15   3.3107458E-16     16
  3.066239330967882E+03   4.9275731E-15   3.3203167E-16      0
  3.068985447113010E+03   5.5977434E-15   3.0930851E-16      0
  3.071731581760575E+03   5.8095550E-15   3.0935369E-16      0
  3.074477734846674E+03   5.7670336E-15   3.1008161E-16      0
  3.077223906307401E+03   5.9243280E-15   3.1120528E-16      0
  3.079970096078843E+03   5.8096770E-15   3.1176263E-16     16
  3.082716304097084E+03   5.6407494E-15   2.9756252E-16     16
  3.085462530298204E+03   6.9700791E-15   3.1620584E-16      0
  3.088208774618279E+03   7.0613503E-15   3.3979140E-16     16
  3.090955036993380E+03   6.4980692E-15   3.0824641E-16      0
  3.093701317359573E+03   6.8082467E-15   3.3301561E-16     16
  3.096447615652924E+03   6.5340740E-15   3.3484793E-16     16
  3.099193931809488E+03   7.3034086E-15   3.1230475E-16      0
  3.101940265765321E+03   7.0073727E-15   3.1087221E-16      0
  3.104686617456473E+03   7.7915698E-15   3.2118394E-16      0
  3.107432986818992E+03   7.3300308E-15   3.2363435E-16     16
  3.110179373788918E+03   7.4376972E-15   3.1365267E-16      0
  3.112925778302290E+03   7.2762197E-15   3.1232789E-16      0
  3.115672200295141E+03   8.2777963E-15   3.8878878E-16     16
  3.118418639703502E+03   6.9817661E-15   3.0299562E-16      0
  3.121165096463399E+03   7.3969651E-15   3.0597493E-16      0
  3.123911570510852E+03   7.1117352E-15   3.0359808E-16      0
  3.126658061781879E+03   7.0246103E-15   3.0248060E-16     16
  3.129404570212494E+03   7.4828847E-15   3.1682164E-16     16
  3.132151095738708E+03   7.4171838E-15   3.0273418E-16      0
  3.134897638296524E+03   7.7518312E-15   3.1364156E-16     16
  3.137644197821946E+03   6.2733628E-15   2.8600255E-16      0
  3.140390774250970E+03   7.6333449E-15   4.9632462E-16     16
  3.143137367519591E+03   6.7016565E-15   2.9687451E-16     16
  3.145883977563798E+03   6.6726808E-15   2.8887045E-16      0
  3.148630604319577E+03   6.2451951E-15   2.8963614E-16     16
  3.151377247722910E+03   6.4818553E-15   2.8376181E-16      0
  3.154123907709776E+03   6.2809056E-15   2.8481091E-16     16
  3.156870584216148E+03   6.3833712E-15   2.8243011E-16     16
  3.159617277177996E+03   6.2593681E-15   2.9106448E-16     16
  3.162363986531288E+03   6.0403436E-15   4.4825910E-16     16
  3.165110712211986E+03   6.2874544E-15   2.7253105E-16      0
  3.167857454156048E+03   5.4439807E-15   2.6254189E-16      0
  3.170604212299429E+03   5.9287847E-15   3.0508438E-16     16
  3.173350986578083E+03   6.0394783E-15   2.7265983E-16     16
  3.176097776927955E+03   5.7081343E-15   2.6022636E-16      0
  3.178844583284990E+03   6.4292626E-15   2.7797501E-16     16
  3.181591405585126E+03   5.8571397E-15   2.5826074E-16      0
  3.184338243764302E+03   5.7038762E-15   2.5371310E-16      0
  3.187085097758449E+03   6.6483654E-15   2.9619112E-16     16
  3.189831967503495E+03   5.5648548E-15   2.5021684E-16      0
  3.192578852935367E+03   5.4790771E-15   2.4614081E-16      0
  3.195325753989986E+03   6.0171933E-15   2.5768264E-16     16
  3.198072670603270E+03   5.8462955E-15   2.5103330E-16      0
  3.200819602711132E+03   6.0608257E-15   2.5235883E-16      0
  3.203566550249484E+03   5.6599525E-15   2.5047392E-16      0
  3.206313513154232E+03   6.9779688E-15   5.4630539E-16     16
  3.209060491361281E+03   5.6344695E-15   2.4397132E-16      0
  3.211807484806529E+03   6.2663260E-15   3.5332574E-16     16
  3.214554493425873E+03   5.6465681E-15   2.4465927E-16     16
  3.217301517155207E+03   5.4677607E-15   2.3759150E-16      0
  3.220048555930418E+03   5.7394266E-15   2.3963968E-16      0
  3.222795609687392E+03   5.2989331E-15   2.6221895E-16      0
  3.225542678362013E+03   6.1707506E-15   2.5441066E-16     16
  3.228289761890157E+03   5.7960580E-15   2.3807669E-16      0
  3.231036860207703E+03   5.5160636E-15   2.3309651E-16      0
  3.233783973250519E+03   6.1318481E-15   2.7142138E-16     16
  3.236531100954475E+03   6.0616401E-15   2.3819453E-16      0
  3.239278243255435E+03   6.9683681E-15   2.9322123E-16     16
  3.242025400089262E+03   5.4104602E-15   2.3239410E-16     16
  3.244772571391813E+03   5.9996864E-15   2.3432523E-16      0
  3.247519757098942E+03   5.8335214E-15   2.3824734E-16      0
  3.250266957146502E+03   6.3942390E-15   2.4154108E-16      0
  3.253014171470340E+03   6.5393692E-15   2.4183942E-16      0
  3.255761400006301E+03   7.0962807E-15   2.7201153E-16     16
  3.258508642690225E+03   6.7692273E-15   2.4153978E-16      0
  3.261255899457952E+03   6.5253627E-15   2.3783738E-16      0
  3.264003170245315E+03   6.0139449E-15   2.3303120E-16      0
  3.266750454988146E+03   7.0040451E-15   2.8122034E-16      0
  3.269497753622274E+03   7.2187290E-15   2.4319277E-16      0
  3.272245066083522E+03   7.4007310E-15   2.5481663E-16     16
  3.274992392307713E+03   8.4526155E-15   2.6032689E-16      0
  3.277739732230666E+03   7.4672383E-15   2.4510344E-16      0
  3.280487085788195E+03   7.2809826E-15   2.4292169E-16      0
  3.283234452916112E+03   7.6631664E-15   2.4915043E-16     16
  3.285981833550226E+03   8.6475898E-15   2.6088509E-16     16
  3.288729227626344E+03   8.2908728E-15   2.5119336E-16      0
  3.291476635080267E+03   7.8821227E-15   2.4475398E-16      0
  3.294224055847795E+03   8.2315704E-15   2.5087676E-16      0
  3.296971489864724E+03   8.4800585E-15   2.5100003E-16      0
  3.299718937066849E+03   8.3131922E-15   2.5029996E-16      0
  3.302466397389957E+03   8.8911592E-15   2.5557806E-16      0
  3.305213870769838E+03   8.6038515E-15   2.5042204E-16      0
  3.307961357142273E+03   9.1350936E-15   2.5663089E-16      0
  3.310708856443046E+03   9.7837837E-15   2.6257955E-16      0
  3.313456368607933E+03   1.0464735E-14   2.6933845E-16      0
  3.316203893572709E+03   1.0290671E-14   2.6578441E-16      0
  3.318951431273147E+03   1.0435054E-14   2.6662646E-16      0
  3.321698981645015E+03   1.0728474E-14   2.7160530E-16      0
  3.324446544624080E+03   1.0885524E-14   2.8363234E-16     16
  3.327194120146104E+03   1.1403452E-14   2.7554355E-16      0
  3.329941708146847E+03   1.1900408E-14   2.8769882E-16     16
  3.332689308562066E+03   1.2465786E-14   2.8470556E-16      0
  3.335436921327517E+03   1.1615063E-14   2.7502212E-16      0
  3.338184546378950E+03   1.1778120E-14   2.7518499E-16      0
  3.340932183652114E+03   1.2367531E-14   2.8075129E-16      0
  3.343679833082752E+03   1.2175711E-14   2.8003248E-16      0
  3.346427494606612E+03   1.3315061E-14   2.9584113E-16     16
  3.349175168159429E+03   1.1425278E-14   4.4203314E-16     16
  3.351922853676943E+03   1.3067772E-14   2.8365392E-16      0
  3.354670551094888E+03   1.2756359E-14   2.8176154E-16      0
  3.357418260348995E+03   1.2991010E-14   2.8844654E-16     16
  3.360165981374992E+03   1.3186668E-14   2.8230417E-16      0
  3.362913714108606E+03   1.4122438E-14   2.9134895E-16      0
  3.365661458485560E+03   1.3686859E-14   2.8560739E-16      0
  3.368409214441574E+03   1.3564715E-14   2.8404924E-16      0
  3.371156981912368E+03   1.4415210E-14   2.9180560E-16      0
  3.373904760833655E+03   1.4021127E-14   2.8703975E-16      0
  3.376652551141147E+03   1.4173882E-14   2.8831705E-16      0
  3.379400352770557E+03   1.4951368E-14   2.9319903E-16      0
  3.382148165657588E+03   1.5270500E-14   2.9418534E-16     16
  3.384895989737947E+03   1.5101757E-14   2.9410638E-16      0
  3.387643824947336E+03   1.4997469E-14   2.8981508E-16      0
  3.390391671221454E+03   1.5863696E-14   3.5842120E-16     16
  3.393139528495996E+03   1.6488835E-14   3.2597354E-16     16
  3.395887396706658E+03   1.6108142E-14   3.0544892E-16     16
  3.398635275789130E+03   1.7114153E-14   3.1677140E-16     16
  3.401383165679104E+03   1.6284017E-14   3.0183511E-16     16
  3.404131066312262E+03   1.7366439E-14   3.3317527E-16     16
  3.406878977624292E+03   1.8059232E-14   3.0942209E-16      0
  3.409626899550873E+03   1.7890346E-14   3.0809047E-16      0
  3.412374832027685E+03   1.9361720E-14   3.3956812E-16     16
  3.415122774990405E+03   1.9107645E-14   3.1614250E-16     16
  3.417870728374705E+03   1.9259520E-14   3.1666184E-16     16
  3.420618692116258E+03   1.9950602E-14   3.3892427E-16     16
  3.423366666150734E+03   2.0043188E-14   3.1800441E-16     16
  3.426114650413798E+03   2.2054321E-14   3.7867908E-16      0
  3.428862644841115E+03   2.2256462E-14   3.3535617E-16      0
  3.431610649368347E+03   2.2764830E-14   3.4289638E-16     16
  3.434358663931153E+03   2.3603801E-14   3.4219099E-16     16
  3.437106688465193E+03   2.4112116E-14   3.5551376E-16     16
  3.439854722906118E+03   2.3674605E-14   3.4180744E-16      0
  3.442602767189583E+03   2.5063712E-14   3.4898554E-16      0
  3.445350821251237E+03   2.5344296E-14   3.4984390E-16      0
  3.448098885026730E+03   2.5876396E-14   3.5523807E-16     16
  3.450846958451705E+03   2.6446202E-14   3.6708600E-16     16
  3.453595041461807E+03   2.6639276E-14   3.5657551E-16      0
  3.456343133992678E+03   2.7156439E-14   3.6002381E-16      0
  3.459091235979956E+03   2.7084492E-14   3.5798228E-16      0
  3.461839347359277E+03   2.7619969E-14   3.5969484E-16      0
  3.464587468066277E+03   2.7547820E-14   3.5827569E-16      0
  3.467335598036586E+03   2.7984690E-14   3.6187884E-16      0
  3.470083737205838E+03   2.7958874E-14   3.6063063E-16      0
  3.472831885509658E+03   2.8420662E-14   3.6356531E-16      0
  3.475580042883673E+03   2.8911881E-14   3.6348767E-16      0
  3.478328209263507E+03   3.0497570E-14   3.7253422E-16      0
  3.481076384584780E+03   3.0109107E-14   3.6945769E-16      0
  3.483824568783114E+03   2.9668630E-14   3.6651100E-16      0
  3.486572761794126E+03   2.9889740E-14   3.6700379E-16      0
  3.489320963553429E+03   3.0038038E-14   3.6888576E-16      0
  3.492069173996640E+03   3.0293005E-14   3.6999545E-16     16
  3.494817393059367E+03   3.0350783E-14   3.6933418E-16      0
  3.497565620677221E+03   3.0606827E-14   3.7185911E-16     16
  3.500313856785810E+03   3.1092631E-14   3.7289988E-16      0
  3.503062101320738E+03   2.9604537E-14   3.6301429E-16      0
  3.505810354217609E+03   3.0199618E-14   3.6906231E-16     16
  3.508558615412023E+03   2.9012454E-14   3.5924758E-16      0
  3.511306884839582E+03   2.9829461E-14   3.6435911E-16      0
  3.514055162435881E+03   3.0157832E-14   3.6517033E-16      0
  3.516803448136518E+03   3.0266734E-14   3.6484001E-16      0
  3.519551741877084E+03   3.0140556E-14   3.6422803E-16      0
  3.522300043593172E+03   3.0690789E-14   3.6636290E-16      0
  3.525048353220373E+03   3.0179028E-14   3.7061741E-16      0
  3.527796670694274E+03   3.0305595E-14   3.6534498E-16      0
  3.530544995950461E+03   3.0918810E-14   3.6554866E-16      0
  3.533293328924520E+03   3.0734838E-14   3.6483175E-16      0
  3.536041669552032E+03   3.0831840E-14   3.8576861E-16     16
  3.538790017768578E+03   3.0688661E-14   3.6634913E-16      0
  3.541538373509737E+03   3.0729749E-14   3.6277450E-16      0
  3.544286736711087E+03   3.1035541E-14   3.6571180E-16      0
  3.547035107308203E+03   3.0690785E-14   3.6610130E-16     16
  3.549783485236659E+03   2.9411549E-14   3.5515795E-16      0
  3.552531870432027E+03   2.9959898E-14   3.5839944E-16      0
  3.555280262829876E+03   2.9741590E-14   3.5798344E-16     16
  3.558028662365777E+03   2.9075331E-14   3.5259168E-16      0
  3.560777068975296E+03   2.8598458E-14   3.5044575E-16      0
  3.563525482593998E+03   2.8393388E-14   3.5079451E-16     16
  3.566273903157447E+03   2.8352631E-14   3.4842081E-16     16
  3.569022330601206E+03   2.8130515E-14   3.4590396E-16      0
  3.571770764860833E+03   2.7311198E-14   3.4215949E-16      0
  3.574519205871889E+03   2.7119649E-14   3.5008618E-16     16
  3.577267653569931E+03   2.6582127E-14   3.3493369E-16      0
  3.580016107890514E+03   2.5908825E-14   3.3566629E-16     16
  3.582764568769192E+03   2.4823315E-14   3.2468967E-16      0
  3.585513036141519E+03   2.4711480E-14   3.2549626E-16     16
  3.588261509943044E+03   2.3454549E-14   3.1765490E-16      0
  3.591009990109318E+03   2.3309808E-14   3.1301142E-16      0
  3.593758476575889E+03   2.2828749E-14   3.0984836E-16      0
  3.596506969278304E+03   2.2650266E-14   3.0824567E-16      0
  3.599255468152106E+03   2.2224981E-14   3.0612880E-16      0
  3.602003973132842E+03   2.0972661E-14   2.9885604E-16      0
  3.604752484156052E+03   2.0841927E-14   2.9708156E-16      0
  3.607501001157276E+03   2.0235566E-14   2.9389290E-16     16
  3.610249524072056E+03   1.8894393E-14   2.8568238E-16     16
  3.612998052835929E+03   1.8364303E-14   2.9884185E-16     16
  3.615746587384431E+03   1.7704681E-14   2.7688559E-16     16
  3.618495127653098E+03   1.7082222E-14   2.6933956E-16      0
  3.621243673577464E+03   1.6471508E-14   2.6486456E-16      0
  3.623992225093061E+03   1.6119381E-14   2.6598605E-16     16
  3.626740782135422E+03   1.5416005E-14   2.5875541E-16     16
  3.629489344640074E+03   1.5277046E-14   2.5524954E-16      0
  3.632237912542550E+03   1.5033107E-14   2.6590866E-16     16
  3.634986485778373E+03   1.4359458E-14   2.4550506E-16      0
  3.637735064283072E+03   1.3801237E-14   2.4114342E-16   1024
  3.640483647992171E+03   1.3708177E-14   2.3940899E-16   1024
  3.643232236841196E+03   1.2985295E-14   2.3458604E-16   1024
  3.645980830765666E+03   1.2958742E-14   2.3304963E-16   1024
  3.648729429701105E+03   1.2110243E-14   2.2600253E-16   1024
  3.651478033583032E+03   1.2066265E-14   2.2481281E-16   1024
  3.654226642346966E+03   1.2441002E-14   2.4432914E-16   1040
  3.656975255928427E+03   1.1841308E-14   2.2260116E-16   1024
  3.659723874262929E+03   1.1192693E-14   2.1776134E-16   1024
  3.662472497285989E+03   1.1373336E-14   2.1756937E-16   1024
  3.665221124933120E+03   1.1504711E-14   2.2749415E-16   1040
  3.667969757139839E+03   1.1284252E-14   2.1856167E-16   1040
  3.670718393841655E+03   1.0748197E-14   2.1157878E-16   1024
  3.673467034974081E+03   1.1168865E-14   2.2865056E-16   1040
  3.676215680472627E+03   1.1124161E-14   2.4026248E-16   1040
  3.678964330272802E+03   1.0404687E-14   2.0852466E-16   1024
  3.681712984310115E+03   1.1073979E-14   2.1324052E-16   1024
  3.684461642520072E+03   1.1458635E-14   2.2451831E-16   1040
  3.687210304838181E+03   1.0425752E-14   2.0667847E-16   1024
  3.689958971199946E+03   1.0900355E-14   2.1048141E-16   1040
  3.692707641540871E+03   1.1148250E-14   2.1145856E-16   1024
  3.695456315796461E+03   1.1628311E-14   2.1441946E-16   1024
  3.698204993902219E+03   1.1688198E-14   2.1639619E-16   1040
  3.700953675793644E+03   2.1821691E-14   3.0861937E-16   1040
  3.703702361406239E+03   1.2103237E-14   2.1861424E-16   1040
  3.706451050675503E+03   1.2233787E-14   2.3797369E-16   1040
  3.709199743536935E+03   1.2936416E-14   2.2028151E-16   1024
  3.711948439926033E+03   1.3587353E-14   2.2477864E-16   1024
  3.714697139778295E+03   1.3148992E-14   2.2155933E-16   1024
  3.717445843029217E+03   1.4821792E-14   2.3287188E-16   1024
  3.720194549614296E+03   1.5065235E-14   2.3551907E-16   1024
  3.722943259469024E+03   1.5609755E-14   2.3796758E-16      0
  3.725691972528899E+03   1.6165526E-14   2.4081422E-16      0
  3.728440688729410E+03   1.6435343E-14   2.8943931E-16      0
  3.731189408006054E+03   1.8097564E-14   2.5403516E-16      0
  3.733938130294322E+03   1.8636809E-14   2.6058032E-16     16
  3.736686855529703E+03   1.8840159E-14   2.5395647E-16      0
  3.739435583647690E+03   2.0089460E-14   2.6201527E-16     16
  3.742184314583771E+03   2.0663894E-14   2.6343164E-16      0
  3.744933048273437E+03   2.1460637E-14   2.6909832E-16      0
  3.747681784652176E+03   2.1789447E-14   2.7001025E-16      0
  3.750430523655475E+03   2.1845259E-14   2.6852440E-16      0
  3.753179265218822E+03   2.2604729E-14   2.7455866E-16     16
  3.755928009277704E+03   2.3119353E-14   2.8392862E-16     16
  3.758676755767607E+03   2.4012759E-14   2.7794221E-16      0
  3.761425504624017E+03   2.4686506E-14   2.9025318E-16     16
  3.764174255782419E+03   2.4436114E-14   2.7929437E-16      0
  3.766923009178296E+03   2.4998956E-14   2.8573688E-16     16
  3.769671764747133E+03   2.5586077E-14   2.8370238E-16      0
  3.772420522424415E+03   2.6337331E-14   2.8556445E-16      0
  3.775169282145622E+03   2.6638790E-14   3.0901475E-16      0
  3.777918043846240E+03   2.6927325E-14   3.0852521E-16      0
  3.780666807461747E+03   2.8550238E-14   2.9483795E-16      0
  3.783415572927627E+03   2.8273375E-14   2.9570243E-16      0
  3.786164340179361E+03   2.9646539E-14   3.0328661E-16     16
  3.788913109152430E+03   2.9620051E-14   2.9951855E-16     16
  3.791661879782313E+03   3.0754940E-14   3.0233094E-16      0
  3.794410652004491E+03   3.0244999E-14   3.0185176E-16     16
  3.797159425754443E+03   3.0785440E-14   3.0046789E-16      0
  3.799908200967649E+03   3.2587333E-14   3.0823690E-16      0
  3.802656977579587E+03   3.3943392E-14   3.1297987E-16      0
  3.805405755525735E+03   3.4764194E-14   3.1610330E-16      0
  3.808154534741573E+03   3.5891175E-14   3.2000772E-16      0
  3.810903315162577E+03   3.7357080E-14   3.2577856E-16     16
  3.813652096724226E+03   3.7976055E-14   3.2772679E-16      0
  3.816400879361998E+03   3.9632614E-14   3.4135393E-16     16
  3.819149663011367E+03   4.1115467E-14   3.3922410E-16      0
  3.821898447607814E+03   4.3708357E-14   3.4703146E-16      0
  3.824647233086811E+03   4.3878109E-14   3.4707551E-16      0
  3.827396019383839E+03   4.5934922E-14   3.5413426E-16      0
  3.830144806434372E+03   4.7669276E-14   3.6092492E-16      0
  3.832893594173885E+03   4.9069391E-14   3.7500613E-16      0
  3.835642382537856E+03   5.1381818E-14   3.7071652E-16      0
  3.838391171461760E+03   5.1704050E-14   3.7044660E-16      0
  3.841139960881073E+03   5.2890055E-14   3.7344568E-16      0
  3.843888750731269E+03   5.2957960E-14   4.2598597E-16      0
  3.846637540947825E+03   5.4089813E-14   3.8821450E-16     16
  3.849386331466216E+03   5.5453780E-14   3.7969313E-16     16
  3.852135122221917E+03   5.7503508E-14   3.8695596E-16     16
  3.854883913150403E+03   5.7734504E-14   3.8282287E-16      0
  3.857632704187149E+03   5.9694674E-14   3.8947099E-16      0
  3.860381495267631E+03   5.9507764E-14   3.9017771E-16     16
  3.863130286327324E+03   6.0642213E-14   3.9403194E-16      0
  3.865879077301703E+03   6.0263399E-14   3.8911643E-16     16
  3.868627868126242E+03   6.1575453E-14   3.9205116E-16      0
  3.871376658736418E+03   6.2785504E-14   4.3521310E-16     16
  3.874125449067706E+03   6.3414457E-14   3.9491498E-16      0
  3.876874239055579E+03   6.4955636E-14   4.0106801E-16     16
  3.879623028635515E+03   6.4903744E-14   4.0648473E-16     16
  3.882371817742989E+03   6.3755967E-14   4.7310994E-16      0
  3.885120606313475E+03   6.5522823E-14   4.8088512E-16      0
  3.887869394282451E+03   6.6830120E-14   4.1340679E-16      0
  3.890618181585391E+03   6.8187934E-14   4.0325317E-16      0
  3.893366968157771E+03   6.8252729E-14   4.0097912E-16      0
  3.896115753935069E+03   7.0175379E-14   4.0676859E-16      0
  3.898864538852760E+03   7.0574704E-14   4.0771322E-16      0
  3.901613322846321E+03   7.1257162E-14   4.0691945E-16      0
  3.904362105851228E+03   7.3913416E-14   4.1589220E-16      0
  3.907110887802959E+03   7.3456771E-14   4.1423548E-16      0
  3.909859668636991E+03   7.5137894E-14   4.1982076E-16     16
  3.912608448288801E+03   7.6262008E-14   4.1934555E-16      0
  3.915357226693867E+03   7.7148466E-14   4.2329283E-16      0
  3.918106003787669E+03   7.6292698E-14   4.1726812E-16     16
  3.920854779505682E+03   7.6697139E-14   4.2479814E-16      0
  3.923603553783387E+03   7.6650010E-14   4.1551895E-16      0
  3.926352326556262E+03   7.5797983E-14   4.1346124E-16      0
  3.929101097759788E+03   7.4832454E-14   4.0930562E-16     16
  3.931849867329444E+03   7.4221404E-14   4.0813870E-16      0
  3.934598635200708E+03   6.9504955E-14   3.9388448E-16      0
  3.937347401309064E+03   5.5345651E-14   3.5009534E-16      0
  3.940096165589991E+03   5.1984543E-14   3.4004471E-16      0
  3.942844927978971E+03   6.5793379E-14   3.8292456E-16      0
  3.945593688411486E+03   6.9749836E-14   4.0770083E-16      0
  3.948342446823018E+03   7.0576120E-14   4.0725871E-16      0
  3.951091203149049E+03   6.9925531E-14   3.9193570E-16     16
  3.953839957325064E+03   7.0403922E-14   3.8687835E-16      0
  3.956588709286546E+03   6.9626000E-14   3.8553660E-16      0
  3.959337458968979E+03   7.0493578E-14   3.8828345E-16      0
  3.962086206307848E+03   6.8531748E-14   3.8120977E-16      0
  3.964834951238638E+03   6.8730679E-14   3.8164115E-16      0
  3.967583693696836E+03   6.7317252E-14   3.9206349E-16      0
  3.970332433617928E+03   6.4322788E-14   3.6726499E-16     16
  3.973081170937401E+03   5.2570063E-14   3.3061361E-16     16
  3.975829905590743E+03   5.8313943E-14   3.4919036E-16     16
  3.978578637513442E+03   6.5555810E-14   3.8212007E-16     16
  3.981327366640987E+03   6.7489234E-14   3.7192047E-16      0
  3.984076092908868E+03   6.8368928E-14   3.7977654E-16     16
  3.986824816252576E+03   6.9116330E-14   3.7577129E-16     16
  3.989573536607600E+03   6.8725197E-14   3.7603853E-16      0
  3.992322253909433E+03   6.9119156E-14   3.7751517E-16     16
  3.995070968093568E+03   7.0986640E-14   3.8014299E-16      0
  3.997819679095498E+03   7.1360832E-14   3.8053736E-16     16
  4.000568386850715E+03   7.3021464E-14   3.8431632E-16      0
  4.003317091294717E+03   7.2452366E-14   3.8337974E-16      0
  4.006065792362996E+03   7.3445299E-14   3.8483494E-16      0
  4.008814489991051E+03   7.4246707E-14   3.8486181E-16      0
  4.011563184114377E+03   7.7625115E-14   3.9599889E-16     16
  4.014311874668474E+03   7.7889674E-14   3.9676598E-16     16
  4.017060561588838E+03   7.8876013E-14   3.9646621E-16     16
  4.019809244810971E+03   7.9814668E-14   3.9755936E-16     16
  4.022557924270373E+03   8.1835316E-14   4.0230968E-16      0
  4.025306599902544E+03   8.2811470E-14   4.0333795E-16      0
  4.028055271642987E+03   8.3616396E-14   4.0747608E-16     16
  4.030803939427206E+03   8.4248153E-14   4.0723777E-16     16
  4.033552603190704E+03   8.3653834E-14   4.0319737E-16      0
  4.036301262868986E+03   8.5159310E-14   4.0655821E-16      0
  4.039049918397559E+03   8.5652900E-14   4.0759580E-16     16
  4.041798569711928E+03   8.6622272E-14   4.0912689E-16      0
  4.044547216747604E+03   8.6679849E-14   4.0772161E-16     16
  4.047295859440092E+03   8.8566964E-14   4.1106533E-16     16
  4.050044497724905E+03   8.8974767E-14   4.4215085E-16     16
  4.052793131537553E+03   8.9459317E-14   4.2083101E-16     16
  4.055541760813548E+03   9.0556685E-14   4.4147241E-16      0
  4.058290385488403E+03   9.0582449E-14   4.1626457E-16     16
  4.061039005497632E+03   9.1396793E-14   4.1769100E-16     16
  4.063787620776751E+03   9.1310884E-14   4.1534692E-16      0
  4.066536231261276E+03   9.2689203E-14   4.1778320E-16      0
  4.069284836886724E+03   9.1998695E-14   4.1678010E-16      0
  4.072033437588615E+03   9.2715942E-14   4.1879564E-16      0
  4.074782033302467E+03   9.2677046E-14   4.1845386E-16      0
  4.077530623963802E+03   9.2421676E-14   4.1704318E-16      0
  4.080279209508142E+03   9.2438603E-14   4.1705515E-16      0
  4.083027789871011E+03   9.2146817E-14   4.1470601E-16      0
  4.085776364987932E+03   9.1452575E-14   4.1765032E-16     16
  4.088524934794432E+03   9.1018312E-14   4.1268337E-16      0
  4.091273499226039E+03   9.0542509E-14   4.1155928E-16      0
  4.094022058218279E+03   8.9806126E-14   4.0948937E-16     16
  4.096770611706684E+03   8.8176774E-14   4.0710304E-16     16
  4.099519159626782E+03   8.8276764E-14   4.0664292E-16      0
  4.102267701914108E+03   8.8234765E-14   4.0628843E-16      0
  4.105016238504194E+03   8.6679111E-14   4.0160198E-16     16
  4.107764769332574E+03   8.6187310E-14   4.2033650E-16      0
  4.110513294334787E+03   8.6334775E-14   4.0149036E-16      0
  4.113261813446368E+03   8.6755893E-14   4.0192923E-16      0
  4.116010326602857E+03   8.7070948E-14   4.0239155E-16      0
  4.118758833739795E+03   8.6710742E-14   3.9963470E-16     16
  4.121507334792723E+03   8.5871990E-14   3.9838569E-16      0
  4.124255829697184E+03   8.5652744E-14   3.9912264E-16     16
  4.127004318388722E+03   8.4381951E-14   4.6485729E-16      0
  4.129752800802884E+03   8.3960420E-14   4.6194016E-16      0
  4.132501276875218E+03   8.3989395E-14   3.9534320E-16      0
  4.135249746541272E+03   8.3470638E-14   4.1083835E-16     16
  4.137998209736596E+03   8.3668796E-14   4.1188748E-16     16
  4.140746666396744E+03   8.4100275E-14   3.9093525E-16      0
  4.143495116457269E+03   8.3795065E-14   3.8939481E-16      0
  4.146243559853727E+03   8.3226401E-14   3.8789366E-16      0
  4.148991996521671E+03   8.2272595E-14   4.0744431E-16     16
  4.151740426396665E+03   8.2363824E-14   3.8483767E-16      0
  4.154488849414262E+03   8.2704710E-14   3.8638575E-16      0
  4.157237265510030E+03   8.3440443E-14   3.8855019E-16      0
  4.159985674619528E+03   8.2180275E-14   3.8280876E-16      0
  4.162734076678322E+03   8.1528575E-14   3.8116948E-16     16
  4.165482471621979E+03   8.1617777E-14   3.8097403E-16      0
  4.168230859386066E+03   8.0453629E-14   3.7809801E-16      0
  4.170979239906153E+03   7.8554601E-14   3.7314684E-16      0
  4.173727613117812E+03   7.8043380E-14   3.7253282E-16      0
  4.176475978956617E+03   7.6894972E-14   3.6993992E-16      0
  4.179224337358140E+03   7.6856016E-14   3.6961558E-16     16
  4.181972688257962E+03   7.5007010E-14   3.6227504E-16      0
  4.184721031591655E+03   7.3529446E-14   4.2099999E-16     16
  4.187469367294806E+03   7.3074129E-14   3.5949751E-16      0
  4.190217695302993E+03   7.2145930E-14   3.5788203E-16     16
  4.192966015551800E+03   7.2483679E-14   3.5724843E-16      0
  4.195714327976815E+03   7.1529737E-14   3.5380823E-16      0
  4.198462632513622E+03   6.9854428E-14   3.4934704E-16     16
  4.201210929097814E+03   6.9802386E-14   3.4902477E-16      0
  4.203959217664979E+03   6.8278696E-14   3.4507596E-16      0
  4.206707498150711E+03   6.8478230E-14   3.4454442E-16     16
  4.209455770490606E+03   6.6714449E-14   3.9741600E-16      0
  4.212204034620259E+03   6.7321820E-14   3.4533210E-16     16
  4.214952290475270E+03   6.6461105E-14   3.5919504E-16     16
  4.217700537991240E+03   6.5811506E-14   3.3975405E-16      0
  4.220448777103770E+03   6.4865648E-14   3.3611429E-16     16
  4.223197007748467E+03   6.2867266E-14   3.2813723E-16      0
  4.225945229860934E+03   6.3851349E-14   3.8270418E-16      0
  4.228693443376783E+03   6.2575250E-14   3.7686486E-16      0
  4.231441648231624E+03   6.1826778E-14   3.2542821E-16      0
  4.234189844361069E+03   6.0043252E-14   3.2494873E-16      0
  4.236938031700732E+03   5.8636771E-14   3.1871404E-16     16
  4.239686210186231E+03   5.8862095E-14   3.1829359E-16      0
  4.242434379753184E+03   5.9327197E-14   3.1939611E-16     16
  4.245182540337211E+03   5.8674934E-14   3.1744336E-16     16
  4.247930691873938E+03   5.6845906E-14   3.1046344E-16      0
  4.250678834298989E+03   5.7080602E-14   3.1217026E-16      0
  4.253426967547991E+03   5.6160951E-14   3.0998253E-16      0
  4.256175091556571E+03   5.4947823E-14   3.0551076E-16      0
  4.258923206260364E+03   5.4566120E-14   3.0322440E-16      0
  4.261671311595002E+03   5.3924547E-14   3.0234738E-16      0
  4.264419407496122E+03   5.4366891E-14   3.0618698E-16     16
  4.267167493899362E+03   5.3987962E-14   3.0182216E-16     16
  4.269915570740362E+03   5.4212958E-14   3.0211055E-16      0
  4.272663637954764E+03   5.4329198E-14   3.0217813E-16      0
  4.275411695478214E+03   5.4755520E-14   3.0266081E-16      0
  4.278159743246359E+03   5.5127371E-14   3.0290097E-16      0
  4.280907781194849E+03   5.6817415E-14   3.0737341E-16      0
  4.283655809259333E+03   5.7566311E-14   3.1062824E-16      0
  4.286403827375470E+03   5.7891232E-14   3.1195832E-16     16
  4.289151835478910E+03   5.8902061E-14   3.1210372E-16      0
  4.291899833505318E+03   5.8844212E-14   3.1203301E-16      0
  4.294647821390352E+03   6.0845595E-14   3.1631426E-16      0
  4.297395799069675E+03   6.1497906E-14   3.3822309E-16     16
  4.300143766478955E+03   6.2918935E-14   3.7205403E-16      0
  4.302891723553858E+03   6.4276106E-14   3.2415506E-16      0
  4.305639670230057E+03   6.5017321E-14   3.2623008E-16      0
  4.308387606443224E+03   6.6145338E-14   3.2875522E-16      0
  4.311135532129035E+03   6.7157122E-14   3.3045188E-16     16
  4.313883447223167E+03   6.6959811E-14   3.5128270E-16      0
  4.316631351661300E+03   6.8259600E-14   3.4569569E-16     16
  4.319379245379121E+03   7.0834655E-14   3.4578691E-16     16
  4.322127128312311E+03   6.9832039E-14   3.8828655E-16      0
  4.324875000396560E+03   7.0364565E-14   3.3836420E-16      0
  4.327622861567559E+03   7.2520461E-14   3.4110861E-16     16
  4.330370711761001E+03   7.2719120E-14   3.4271273E-16     16
  4.333118550912581E+03   7.4028199E-14   3.9662617E-16      0
  4.335866378957998E+03   7.5154990E-14   3.4635511E-16      0
  4.338614195832953E+03   7.6256811E-14   3.4870676E-16     16
  4.341362001473149E+03   7.7867122E-14   3.5357641E-16     16
  4.344109795814293E+03   7.8700603E-14   3.5445102E-16      0
  4.346857578792094E+03   7.9899547E-14   3.5636169E-16      0
  4.349605350342263E+03   8.0066894E-14   3.5647374E-16      0
  4.352353110400513E+03   8.1851436E-14   3.6044500E-16      0
  4.355100858902562E+03   8.1968320E-14   3.6029176E-16      0
  4.357848595784131E+03   8.2076381E-14   3.5997526E-16      0
  4.360596320980940E+03   8.3447775E-14   3.6284051E-16      0
  4.363344034428715E+03   8.1660244E-14   4.1205858E-16     16
  4.366091736063183E+03   8.2076110E-14   3.5761548E-16      0
  4.368839425820075E+03   8.0128680E-14   4.2051660E-16      0
  4.371587103635126E+03   7.9503861E-14   4.0557375E-16     16
  4.374334769444070E+03   7.9235968E-14   3.5005704E-16      0
  4.377082423182647E+03   7.6970650E-14   3.4619552E-16      0
  4.379830064786598E+03   7.7783219E-14   3.4789671E-16      0
  4.382577694191669E+03   7.7261114E-14   3.4799954E-16     16
  4.385325311333606E+03   7.5944778E-14   3.4869459E-16      0
  4.388072916148160E+03   7.5640334E-14   3.4217799E-16      0
  4.390820508571084E+03   7.5811339E-14   3.4185818E-16      0
  4.393568088538133E+03   7.5044666E-14   3.4038673E-16      0
  4.396315655985069E+03   7.4636417E-14   3.8930021E-16      0
  4.399063210847651E+03   7.3601695E-14   3.8438469E-16      0
  4.401810753061646E+03   7.4953146E-14   3.3878621E-16     16
  4.404558282562822E+03   7.5790042E-14   3.4097166E-16      0
  4.407305799286946E+03   7.5611927E-14   3.3905646E-16      0
  4.410053303169797E+03   7.5747304E-14   3.9052136E-16      0
  4.412800794147150E+03   7.6813508E-14   3.4269341E-16      0
  4.415548272154782E+03   7.7956549E-14   3.4366493E-16      0
  4.418295737128480E+03   7.9238062E-14   3.4651321E-16      0
  4.421043189004028E+03   7.8552385E-14   3.4626826E-16     16
  4.423790627717217E+03   7.8639413E-14   3.4599041E-16      0
  4.426538053203836E+03   7.9601527E-14   3.4734505E-16     16
  4.429285465399681E+03   8.0051756E-14   3.4810693E-16     16
  4.432032864240552E+03   8.0826594E-14   3.4937044E-16     16
  4.434780249662250E+03   8.1881726E-14   3.5050284E-16     16
  4.437527621600578E+03   8.4110765E-14   3.5443517E-16      0
  4.440274979991345E+03   8.5196376E-14   3.9009028E-16      0
  4.443022324770362E+03   8.7959052E-14   3.6229187E-16     16
  4.445769655873442E+03   8.9387611E-14   4.1663256E-16     16
  4.448516973236404E+03   9.2088358E-14   4.2155205E-16      0
  4.451264276795067E+03   9.2771860E-14   3.8556929E-16      0
  4.454011566485256E+03   9.4011103E-14   4.2539572E-16      0
  4.456758842242796E+03   9.6293829E-14   3.8531185E-16     16
  4.459506104003519E+03   9.8071690E-14   4.1656204E-16     16
  4.462253351703259E+03   9.9110573E-14   4.1243691E-16      0
  4.465000585277851E+03   9.7547309E-14   4.3895982E-16      0
  4.467747804663136E+03   1.0096083E-13   3.8649094E-16      0
  4.470495009794958E+03   1.0086391E-13   3.8510673E-16   1040
  4.473242200609162E+03   1.0197013E-13   3.8633112E-16   1040
  4.475989377041600E+03   1.0288506E-13   3.8831958E-16   1040
  4.478736539028125E+03   1.0455653E-13   4.4440658E-16   1024
  4.481483686504593E+03   1.0607398E-13   3.9619254E-16   1040
  4.484230819406865E+03   1.0651349E-13   3.9515275E-16   1040
  4.486977937670804E+03   1.0722902E-13   3.9673589E-16   1024
  4.489725041232279E+03   1.0690870E-13   4.4914827E-16   1024
  4.492472130027158E+03   1.0791276E-13   4.5358090E-16   1024
  4.495219203991316E+03   1.0812281E-13   3.9802581E-16   1024
  4.497966263060631E+03   1.0884728E-13   3.9770680E-16   1024
  4.500713307170982E+03   1.0891647E-13   3.9847847E-16   1024
  4.503460336258257E+03   1.0663385E-13   4.5748969E-16   1040
  4.506207350258342E+03   1.0614397E-13   4.4929174E-16   1040
  4.508954349107125E+03   1.0545272E-13   4.4586581E-16   1024
  4.511701332740507E+03   1.0663708E-13   3.9428026E-16   1024
  4.514448301094384E+03   1.0611244E-13   3.9330813E-16   1024
  4.517195254104658E+03   1.0681445E-13   3.9467267E-16   1024
  4.519942191707234E+03   1.0722857E-13   3.9581365E-16   1280
  4.522689113838022E+03   1.0791415E-13   4.3601601E-16      0
  4.525436020432935E+03   1.0782232E-13   4.0411873E-16      0
  4.528182911427891E+03   1.0787881E-13   3.9623132E-16      0
  4.530929786758806E+03   1.0684135E-13   3.9462654E-16     16
  4.533676646361609E+03   1.0856899E-13   3.9742053E-16      0
  4.536423490172224E+03   1.0737949E-13   4.4704927E-16     16
  4.539170318126584E+03   1.0898052E-13   4.5041872E-16     16
  4.541917130160623E+03   1.0903219E-13   4.5021125E-16     16
  4.544663926210281E+03   1.1036364E-13   3.9958440E-16     16
  4.547410706211498E+03   1.0994025E-13   4.5183543E-16      0
  4.550157470100224E+03   1.0794116E-13   3.9567614E-16      0
  4.552904217812405E+03   1.0956144E-13   3.9759491E-16      0
  4.555650949283997E+03   1.0843500E-13   3.9649226E-16      0
  4.558397664450957E+03   1.0991211E-13   3.9892414E-16      0
  4.561144363249246E+03   1.0967966E-13   3.9770134E-16      0
  4.563891045614829E+03   1.0989115E-13   3.9806284E-16     16
  4.566637711483675E+03   1.0890425E-13   3.9542418E-16      0
  4.569384360791758E+03   1.0877347E-13   4.4722096E-16     16
  4.572130993475053E+03   1.0958870E-13   3.9840830E-16     16
  4.574877609469542E+03   1.0832513E-13   3.9347589E-16     16
  4.577624208711209E+03   1.0945299E-13   3.9740795E-16      0
  4.580370791136042E+03   1.0869094E-13   3.9406818E-16      0
  4.583117356680034E+03   1.0685954E-13   3.9315969E-16      0
  4.585863905279180E+03   1.0551323E-13   4.0107661E-16      0
  4.588610436869483E+03   1.0513925E-13   3.9999069E-16      0
  4.591356951386944E+03   1.0408281E-13   3.9836637E-16      0
  4.594103448767573E+03   1.0261846E-13   3.8500898E-16     16
  4.596849928947383E+03   1.0052356E-13   3.8037330E-16      0
  4.599596391862387E+03   1.0052481E-13   3.7974507E-16      0
  4.602342837448609E+03   9.9329616E-14   3.7790783E-16      0
  4.605089265642070E+03   9.8495735E-14   3.7635339E-16      0
  4.607835676378801E+03   9.7770506E-14   3.7469614E-16      0
  4.610582069594832E+03   9.5910747E-14   3.7140897E-16      0
  4.613328445226202E+03   9.5057473E-14   3.7108267E-16      0
  4.616074803208950E+03   9.4683274E-14   3.6934692E-16      0
  4.618821143479123E+03   9.4386325E-14   3.6920959E-16     16
  4.621567465972766E+03   9.2766330E-14   3.6619344E-16     16
  4.624313770625935E+03   9.2593712E-14   3.6701382E-16      0
  4.627060057374686E+03   9.1789694E-14   3.9680042E-16     16
  4.629806326155081E+03   9.2066268E-14   3.6512091E-16     16
  4.632552576903186E+03   9.1148944E-14   4.0588104E-16      0
  4.635298809555069E+03   8.9930884E-14   4.2418923E-16     16
  4.638045024046806E+03   8.9949796E-14   3.9323907E-16      0
  4.640791220314473E+03   9.1775213E-14   3.8613892E-16     16
  4.643537398294156E+03   8.9691289E-14   3.6150599E-16      0
  4.646283557921937E+03   8.9946395E-14   3.5968055E-16      0
  4.649029699133913E+03   8.9327363E-14   3.6065355E-16      0
  4.651775821866174E+03   8.7623390E-14   3.6775616E-16      0
  4.654521926054822E+03   8.6866664E-14   3.5409866E-16      0
  4.657268011635961E+03   8.8395491E-14   3.5745979E-16      0
  4.660014078545699E+03   8.7139687E-14   3.5382668E-16     16
  4.662760126720149E+03   8.7022749E-14   3.5550960E-16      0
  4.665506156095428E+03   8.8022282E-14   3.6544310E-16     16
  4.668252166607656E+03   8.7863947E-14   3.5540020E-16      0
  4.670998158192961E+03   8.8773959E-14   3.5932879E-16      0
  4.673744130787473E+03   8.7696885E-14   3.5631092E-16      0
  4.676490084327325E+03   8.6788344E-14   3.5344438E-16      0
  4.679236018748657E+03   8.7544047E-14   3.5493404E-16      0
  4.681981933987615E+03   8.7687365E-14   3.5621550E-16     16
  4.684727829980343E+03   8.6332444E-14   3.5330353E-16      0
  4.687473706662996E+03   8.5084683E-14   3.5305170E-16     16
  4.690219563971731E+03   8.4765684E-14   3.5109778E-16     16
  4.692965401842709E+03   8.5410987E-14   3.5270740E-16      0
  4.695711220212096E+03   8.4362211E-14   3.5038000E-16      0
  4.698457019016063E+03   8.3645337E-14   3.4760001E-16      0
  4.701202798190786E+03   8.3331643E-14   3.4780020E-16      0
  4.703948557672443E+03   8.3008822E-14   3.4695753E-16      0
  4.706694297397220E+03   8.2745110E-14   3.4770657E-16      0
  4.709440017301305E+03   8.1293797E-14   3.4289776E-16      0
  4.712185717320893E+03   8.1432596E-14   3.4270537E-16   1024
  4.714931397392181E+03   8.1575975E-14   3.4447697E-16   1040
  4.717677057451372E+03   8.1349993E-14   3.4308921E-16   1024
  4.720422697434674E+03   8.0225154E-14   3.4063877E-16   1040
  4.723168317278300E+03   8.1702176E-14   3.4433549E-16   1024
  4.725913916918464E+03   8.0772140E-14   3.4323162E-16   1024
  4.728659496291391E+03   8.2585231E-14   3.4686537E-16   1024
  4.731405055333307E+03   8.1423292E-14   3.4425155E-16   1024
  4.734150593980441E+03   8.1709867E-14   3.5538355E-16   1040
  4.736896112169031E+03   8.4136955E-14   3.4833285E-16   1024
  4.739641609835317E+03   8.4196749E-14   3.8723826E-16   1024
  4.742387086915543E+03   8.6163945E-14   3.9401537E-16   1024
  4.745132543345962E+03   8.7595912E-14   3.6899775E-16   1024
  4.747877979062827E+03   8.8324401E-14   3.5933856E-16   1024
  4.750623394002399E+03   8.9625146E-14   3.6161051E-16   1024
  4.753368788100942E+03   8.9256666E-14   3.6063749E-16     16
  4.756114161294725E+03   9.0784036E-14   3.6281801E-16      0
  4.758859513520024E+03   8.9159413E-14   4.0174648E-16      0
  4.761604844713117E+03   8.9601164E-14   3.6099340E-16      0
  4.764350154810289E+03   8.8925198E-14   3.5966379E-16     16
  4.767095443747829E+03   8.8174429E-14   3.5868992E-16     16
  4.769840711462031E+03   8.8381017E-14   3.5841003E-16      0
  4.772585957889195E+03   8.8302060E-14   3.5864021E-16      0
  4.775331182965623E+03   8.6719416E-14   3.5444745E-16     16
  4.778076386627625E+03   8.6791414E-14   3.5768759E-16     16
  4.780821568811515E+03   8.6147120E-14   3.5278795E-16      0
  4.783566729453611E+03   8.5058080E-14   3.5002165E-16      0
  4.786311868490239E+03   8.2728190E-14   3.4503344E-16      0
  4.789056985857726E+03   8.2407625E-14   3.4481173E-16      0
  4.791802081492408E+03   8.2023682E-14   3.4341982E-16      0
  4.794547155330622E+03   8.0386368E-14   3.4024379E-16     16
  4.797292207308714E+03   7.9228758E-14   3.3876683E-16     16
  4.800037237363032E+03   7.8293430E-14   3.3554792E-16      0
  4.802782245429930E+03   7.6721093E-14   3.3239219E-16      0
  4.805527231445768E+03   7.5228127E-14   3.2861969E-16      0
  4.808272195346912E+03   7.4328042E-14   3.2784442E-16     16
  4.811017137069730E+03   7.2325128E-14   3.2208094E-16      0
  4.813762056550599E+03   7.1986660E-14   3.2188440E-16      0
  4.816506953725895E+03   7.1282972E-14   3.2034680E-16     16
  4.819251828532007E+03   6.9501608E-14   3.2639194E-16      0
  4.821996680905325E+03   6.9324287E-14   3.1548205E-16     16
  4.824741510782244E+03   6.8314264E-14   3.1365217E-16     16
  4.827486318099165E+03   6.8993693E-14   3.1540884E-16      0
  4.830231102792494E+03   6.7778926E-14   3.4519319E-16      0
  4.832975864798644E+03   6.8199569E-14   3.1227847E-16      0
  4.835720604054029E+03   6.8142601E-14   3.1218056E-16      0
  4.838465320495074E+03   6.8199813E-14   3.1254378E-16      0
  4.841210014058204E+03   6.9105115E-14   3.1549394E-16     16
  4.843954684679853E+03   6.8925707E-14   3.1465842E-16     16
  4.846699332296459E+03   7.0052721E-14   3.1685898E-16      0
  4.849443956844464E+03   7.1013521E-14   3.1861062E-16     16
  4.852188558260317E+03   7.1302149E-14   3.1994285E-16      0
  4.854933136480476E+03   7.2453518E-14   3.2183094E-16      0
  4.857677691441395E+03   7.2816448E-14   3.2252084E-16     16
  4.860422223079543E+03   7.2504218E-14   3.2330059E-16     16
  4.863166731331386E+03   7.4148187E-14   3.2648903E-16     16
  4.865911216133404E+03   7.3209512E-14   3.3580010E-16      0
  4.868655677422078E+03   7.4012343E-14   3.2397208E-16     16
  4.871400115133892E+03   7.3748882E-14   3.5370087E-16      0
  4.874144529205339E+03   7.5391706E-14   3.2793934E-16      0
  4.876888919572917E+03   7.5100008E-14   3.2815279E-16     16
  4.879633286173131E+03   7.5788137E-14   3.2808540E-16      0
  4.882377628942487E+03   7.5288896E-14   3.2667536E-16      0
  4.885121947817502E+03   7.5929578E-14   3.2805202E-16      0
  4.887866242734692E+03   7.4535891E-14   3.5856067E-16     16
  4.890610513630586E+03   7.6297455E-14   3.2962957E-16      0
  4.893354760441714E+03   7.6590244E-14   3.2745968E-16      0
  4.896098983104611E+03   7.7055123E-14   3.6295386E-16      0
  4.898843181555820E+03   7.7779708E-14   3.7044655E-16      0
  4.901587355731889E+03   7.8783869E-14   3.7629621E-16     16
  4.904331505569372E+03   7.9137035E-14   3.3987581E-16    256
  4.907075631004828E+03   8.0450112E-14   3.3643140E-16      0
  4.909819731974821E+03   8.1046382E-14   3.7181544E-16      0
  4.912563808415923E+03   8.0352866E-14   3.3420752E-16      0
  4.915307860264708E+03   8.0141744E-14   3.3280666E-16      0
  4.918051887457759E+03   8.0860394E-14   3.4905357E-16     16
  4.920795889931664E+03   8.0773956E-14   3.3799743E-16      0
  4.923539867623014E+03   8.0921638E-14   3.3580724E-16      0
  4.926283820468412E+03   8.0588063E-14   3.6833257E-16     16
  4.929027748404460E+03   8.1394066E-14   3.4782108E-16     16
  4.931771651367769E+03   8.2207753E-14   3.3790617E-16     16
  4.934515529294956E+03   8.2416441E-14   3.3839019E-16      0
  4.937259382122644E+03   8.3123788E-14   3.4057715E-16      0
  4.940003209787460E+03   8.3561948E-14   3.4680033E-16     16
  4.942747012226037E+03   8.3700618E-14   3.3938469E-16      0
  4.945490789375017E+03   8.3761638E-14   3.4139708E-16     16
  4.948234541171043E+03   8.4623626E-14   3.4076202E-16      0
  4.950978267550770E+03   8.5569545E-14   3.4339362E-16      0
  4.953721968450854E+03   8.5062701E-14   3.4205877E-16     16
  4.956465643807956E+03   8.4161519E-14   3.7402495E-16      0
  4.959209293558748E+03   8.6030778E-14   3.7952031E-16      0
  4.961952917639905E+03   8.6436751E-14   3.4335481E-16     16
  4.964696515988107E+03   8.6627205E-14   3.7462017E-16     16
  4.967440088540043E+03   8.7243404E-14   3.6089972E-16     16
  4.970183635232404E+03   8.7892347E-14   3.5942358E-16      0
  4.972927156001891E+03   8.9148408E-14   3.4819846E-16      0
  4.975670650785208E+03   9.0945480E-14   3.5151730E-16      0
  4.978414119519066E+03   9.1370128E-14   3.8998403E-16      0
  4.981157562140183E+03   9.2434246E-14   3.6748389E-16      0
  4.983900978585283E+03   9.3267204E-14   3.9152854E-16      0
  4.986644368791094E+03   9.4618757E-14   3.5902198E-16     16
  4.989387732694351E+03   9.5429422E-14   3.5965969E-16     16
  4.992131070231798E+03   9.6083067E-14   3.6105076E-16      0
  4.994874381340182E+03   9.8382755E-14   3.6568739E-16     16
  4.997617665956253E+03   9.8877761E-14   3.6638127E-16      0
  5.000360924016777E+03   1.0020703E-13   3.6781715E-16      0
  5.003104155458515E+03   1.0077344E-13   3.8357628E-16      0
  5.005847360218243E+03   1.0370801E-13   3.7662854E-16      0
  5.008590538232736E+03   1.0496762E-13   3.7814211E-16      0
  5.011333689438782E+03   1.0543618E-13   4.2601218E-16      0
  5.014076813773171E+03   1.0727655E-13   3.8069838E-16      0
  5.016819911172697E+03   1.0939648E-13   3.8561635E-16      0
  5.019562981574169E+03   1.1006822E-13   3.8715168E-16     16
  5.022306024914391E+03   1.1069138E-13   3.8552702E-16      0
  5.025049041130183E+03   1.1134004E-13   3.8723702E-16     16
  5.027792030158365E+03   1.1031561E-13   3.8458072E-16      0
  5.030534991935768E+03   1.1253837E-13   3.9045260E-16      0
  5.033277926399223E+03   1.1331341E-13   4.3207688E-16     16
  5.036020833485573E+03   1.1419339E-13   4.2921759E-16     16
  5.038763713131667E+03   1.1590255E-13   3.9497213E-16      0
  5.041506565274357E+03   1.1540610E-13   3.9260893E-16      0
  5.044249389850504E+03   1.1651478E-13   3.9359821E-16      0
  5.046992186796973E+03   1.1901560E-13   3.9884272E-16     16
  5.049734956050639E+03   1.1959831E-13   4.1664338E-16      0
  5.052477697548381E+03   1.1906325E-13   4.0176570E-16      0
  5.055220411227084E+03   1.2144814E-13   4.0217466E-16     16
  5.057963097023640E+03   1.2374360E-13   4.0591232E-16      0
  5.060705754874950E+03   1.2369856E-13   4.0626532E-16      0
  5.063448384717917E+03   1.2410048E-13   4.0607310E-16      0
  5.066190986489453E+03   1.2481991E-13   4.6225976E-16     16
  5.068933560126478E+03   1.2663362E-13   4.1016308E-16     16
  5.071676105565915E+03   1.2815622E-13   4.1348869E-16      0
  5.074418622744696E+03   1.2803177E-13   4.1246857E-16      0
  5.077161111599758E+03   1.2920786E-13   4.1725462E-16      0
  5.079903572068046E+03   1.2786668E-13   4.2839705E-16      0
  5.082646004086511E+03   1.2938042E-13   4.1323858E-16     16
  5.085388407592110E+03   1.2969877E-13   4.1538154E-16     16
  5.088130782521807E+03   1.2966829E-13   4.2283022E-16     16
  5.090873128812574E+03   1.3021798E-13   4.1483367E-16      0
  5.093615446401388E+03   1.3005695E-13   4.1386636E-16      0
  5.096357735225231E+03   1.2855767E-13   4.1279669E-16      0
  5.099099995221096E+03   1.2910887E-13   4.1193613E-16      0
  5.101842226325979E+03   1.2965230E-13   4.1266304E-16     16
  5.104584428476885E+03   1.2978803E-13   4.1459367E-16     16
  5.107326601610824E+03   1.2948690E-13   4.1167453E-16    256
  5.110068745664814E+03   1.2964173E-13   4.1276707E-16    256
  5.112810860575879E+03   1.2895677E-13   4.1262247E-16    256
  5.115552946281048E+03   1.2896880E-13   4.1612947E-16      0
  5.118295002717363E+03   1.3048186E-13   4.1593955E-16     16
  5.121037029821864E+03   1.3028626E-13   4.1335761E-16      0
  5.123779027531605E+03   1.3038217E-13   4.1287668E-16      0
  5.126520995783642E+03   1.3226047E-13   4.1746900E-16      0
  5.129262934515041E+03   1.3324486E-13   4.1653308E-16   1024
  5.132004843662875E+03   1.3367787E-13   4.6072864E-16   1024
  5.134746723164219E+03   1.3510405E-13   4.5938080E-16   1040
  5.137488572956161E+03   1.3623681E-13   4.5994657E-16   1024
  5.140230392975794E+03   1.3705943E-13   4.2264083E-16   1024
  5.142972183160213E+03   1.3893904E-13   4.2521650E-16   1040
  5.145713943446529E+03   1.4042162E-13   4.2792044E-16   1024
  5.148455673771851E+03   1.4169580E-13   4.6951650E-16   1024
  5.151197374073301E+03   1.4288896E-13   4.3620045E-16   1024
  5.153939044288006E+03   1.4285136E-13   4.3720847E-16   1040
  5.156680684353097E+03   1.4262566E-13   4.3661639E-16   1024
  5.159422294205717E+03   1.4227470E-13   4.4799827E-16   1024
  5.162163873783014E+03   1.4260300E-13   4.3458243E-16   1024
  5.164905423022142E+03   1.4320106E-13   4.3134679E-16   1040
  5.167646941860262E+03   1.4264717E-13   4.3063851E-16   1024
  5.170388430234543E+03   1.4132106E-13   4.2848541E-16      0
  5.173129888082162E+03   1.4022582E-13   4.6594398E-16      0
  5.175871315340300E+03   1.3970970E-13   4.8198875E-16     16
  5.178612711946147E+03   1.3833081E-13   4.4981240E-16      0
  5.181354077836902E+03   1.3654114E-13   4.4324482E-16     16
  5.184095412949768E+03   1.3492838E-13   4.1887235E-16      0
  5.186836717221954E+03   1.3442413E-13   4.2000393E-16     16
  5.189577990590681E+03   1.3181410E-13   4.1440378E-16     16
  5.192319232993174E+03   1.2854342E-13   4.2666550E-16      0
  5.195060444366664E+03   1.2666540E-13   4.6008712E-16     16
  5.197801624648393E+03   1.2320688E-13   4.3604796E-16      0
  5.200542773775605E+03   1.2333263E-13   4.1947975E-16      0
  5.203283891685556E+03   1.2133559E-13   3.9927344E-16      0
  5.206024978315507E+03   1.1895911E-13   4.1264634E-16     16
  5.208766033602727E+03   1.1694576E-13   3.9197688E-16     16
  5.211507057484491E+03   1.1563042E-13   3.9056168E-16      0
  5.214248049898082E+03   1.1438086E-13   3.8790589E-16      0
  5.216989010780791E+03   1.1315445E-13   3.8511608E-16      0
  5.219729940069915E+03   1.1116158E-13   3.8173223E-16      0
  5.222470837702757E+03   1.1015520E-13   3.8040827E-16      0
  5.225211703616633E+03   1.1007295E-13   3.8087474E-16     16
  5.227952537748859E+03   1.0884274E-13   3.7761499E-16      0
  5.230693340036764E+03   1.0827560E-13   3.7745890E-16      0
  5.233434110417682E+03   1.0715330E-13   3.7531882E-16      0
  5.236174848828952E+03   1.0637042E-13   3.7395695E-16      0
  5.238915555207926E+03   1.0602374E-13   3.7276205E-16      0
  5.241656229491959E+03   1.0661162E-13   3.7298884E-16      0
  5.244396871618414E+03   1.0533952E-13   3.7113659E-16      0
  5.247137481524661E+03   1.0542415E-13   3.7076453E-16      0
  5.249878059148082E+03   1.0607182E-13   3.7304467E-16      0
  5.252618604426059E+03   1.0573116E-13   3.7267229E-16      0
  5.255359117295989E+03   1.0706763E-13   3.7521625E-16      0
  5.258099597695270E+03   1.0675093E-13   3.7390843E-16     16
  5.260840045561313E+03   1.0820626E-13   3.7751578E-16      0
  5.263580460831530E+03   1.0847082E-13   3.8036046E-16      0
  5.266320843443349E+03   1.0827775E-13   3.7857645E-16     16
  5.269061193334198E+03   1.0907063E-13   4.1139829E-16      0
  5.271801510441516E+03   1.1037488E-13   4.1323704E-16      0
  5.274541794702749E+03   1.1240244E-13   3.8696473E-16      0
  5.277282046055350E+03   1.1248555E-13   3.8740534E-16     16
  5.280022264436780E+03   1.1361317E-13   3.8744055E-16      0
  5.282762449784510E+03   1.1381510E-13   3.8860564E-16      0
  5.285502602036015E+03   1.1464400E-13   3.9032652E-16      0
  5.288242721128778E+03   1.1613647E-13   3.9378961E-16     16
  5.290982807000290E+03   1.1726396E-13   3.9503896E-16      0
  5.293722859588052E+03   1.1904860E-13   4.0085559E-16      0
  5.296462878829571E+03   1.1891421E-13   3.9642974E-16      0
  5.299202864662361E+03   1.1998612E-13   4.3148483E-16     16
  5.301942817023944E+03   1.2200297E-13   4.0329242E-16      0
  5.304682735851851E+03   1.2303187E-13   4.0497421E-16      0
  5.307422621083620E+03   1.2252802E-13   4.0412077E-16      0
  5.310162472656792E+03   1.2366776E-13   4.0577211E-16      0
  5.312902290508926E+03   1.2565394E-13   4.0792808E-16      0
  5.315642074577580E+03   1.2549247E-13   4.3033001E-16      0
  5.318381824800324E+03   1.2549429E-13   4.3763940E-16      0
  5.321121541114733E+03   1.2626059E-13   4.1775586E-16      0
  5.323861223458392E+03   1.2747872E-13   4.8013703E-16      0
  5.326600871768894E+03   1.2859231E-13   4.1541071E-16      0
  5.329340485983837E+03   1.2903398E-13   4.1489627E-16      0
  5.332080066040831E+03   1.2822371E-13   4.1543144E-16      0
  5.334819611877490E+03   1.2899538E-13   4.1798842E-16     16
  5.337559123431440E+03   1.3000557E-13   4.1954939E-16     16
  5.340298600640309E+03   1.2969534E-13   4.1731601E-16      0
  5.343038043441739E+03   1.2880831E-13   4.3979070E-16      0
  5.345777451773376E+03   1.2892171E-13   4.5829009E-16     16
  5.348516825572875E+03   1.2915137E-13   4.5269390E-16     16
  5.351256164777899E+03   1.2977006E-13   4.1896515E-16      0
  5.353995469326122E+03   1.2969422E-13   4.2335022E-16      0
  5.356734739155218E+03   1.2688762E-13   4.2011413E-16      0
  5.359473974202878E+03   1.2705097E-13   4.2081518E-16      0
  5.362213174406796E+03   1.2870988E-13   4.1938830E-16      0
  5.364952339704674E+03   1.2748082E-13   4.7951949E-16      0
  5.367691470034224E+03   1.2735941E-13   4.3876150E-16      0
  5.370430565333165E+03   1.2585184E-13   4.1531169E-16      0
  5.373169625539223E+03   1.2342902E-13   4.0941533E-16      0
  5.375908650590135E+03   1.2256542E-13   4.0869750E-16      0
  5.378647640423643E+03   1.2204007E-13   4.0886992E-16      0
  5.381386594977499E+03   1.2125518E-13   4.4738507E-16      0
  5.384125514189463E+03   1.1963295E-13   4.0350537E-16      0
  5.386864397997301E+03   1.1908591E-13   4.0288198E-16      0
  5.389603246338789E+03   1.1862181E-13   4.0304874E-16      0
  5.392342059151712E+03   1.1724157E-13   4.6958734E-16      0
  5.395080836373862E+03   1.1748384E-13   4.0224483E-16      0
  5.397819577943038E+03   1.1520822E-13   4.0299670E-16     16
  5.400558283797049E+03   1.1457977E-13   3.9813992E-16      0
  5.403296953873712E+03   1.1412922E-13   3.9608886E-16      0
  5.406035588110853E+03   1.1350875E-13   3.9562950E-16     16
  5.408774186446301E+03   1.1237312E-13   3.9238023E-16      0
  5.411512748817901E+03   1.1229366E-13   3.9277397E-16      0
  5.414251275163500E+03   1.1245768E-13   3.9321599E-16      0
  5.416989765420958E+03   1.1275153E-13   3.9379734E-16     16
  5.419728219528140E+03   1.1325400E-13   3.9525850E-16      0
  5.422466637422921E+03   1.1466533E-13   4.0589602E-16      0
  5.425205019043183E+03   1.1445113E-13   3.9964743E-16      0
  5.427943364326818E+03   1.1576398E-13   4.2480118E-16      0
  5.430681673211723E+03   1.1671312E-13   4.2400460E-16     16
  5.433419945635808E+03   1.1858988E-13   4.2941262E-16      0
  5.436158181536989E+03   1.2025485E-13   4.0963792E-16     16
  5.438896380853189E+03   1.2180850E-13   4.1115162E-16      0
  5.441634543522342E+03   1.2222456E-13   4.1265537E-16      0
  5.444372669482388E+03   1.2533528E-13   4.1753338E-16      0
  5.447110758671279E+03   1.2598676E-13   4.1821140E-16      0
  5.449848811026970E+03   1.2700180E-13   4.1986799E-16      0
  5.452586826487431E+03   1.2899970E-13   4.5648543E-16      0
  5.455324804990633E+03   1.3174859E-13   4.2992359E-16      0
  5.458062746474563E+03   1.3417116E-13   4.3510542E-16      0
  5.460800650877211E+03   1.3569578E-13   4.3656555E-16      0
  5.463538518136578E+03   1.3941509E-13   4.4086246E-16      0
  5.466276348190673E+03   1.4290641E-13   4.4598471E-16     16
  5.469014140977514E+03   1.4474186E-13   4.5076044E-16      0
  5.471751896435126E+03   1.4523506E-13   4.5120662E-16      0
  5.474489614501545E+03   1.5026268E-13   4.6068073E-16      0
  5.477227295114811E+03   1.5171291E-13   4.6429015E-16      0
  5.479964938212980E+03   1.7236223E-13   5.0776470E-16     16
  5.482702543734108E+03   1.5565046E-13   4.6750909E-16     16
  5.485440111616268E+03   1.5633314E-13   4.6742063E-16      0
  5.488177641797535E+03   1.5752494E-13   4.6989740E-16      0
  5.490915134215997E+03   1.5731997E-13   4.7048090E-16     16
  5.493652588809747E+03   1.5904271E-13   4.7384924E-16      0
  5.496390005516889E+03   1.6159166E-13   4.8751505E-16     16
  5.499127384275535E+03   1.6183617E-13   4.8541134E-16     16
  5.501864725023807E+03   1.6317346E-13   4.7719062E-16      0
  5.504602027699834E+03   1.6490075E-13   4.8153495E-16      0
  5.507339292241754E+03   1.6399799E-13   4.8188975E-16      0
  5.510076518587714E+03   1.6343285E-13   4.7981161E-16      0
  5.512813706675869E+03   1.6180785E-13   4.7819478E-16      0
  5.515550856444386E+03   1.6065819E-13   4.7651051E-16      0
  5.518287967831436E+03   1.6175082E-13   4.7751461E-16      0
  5.521025040775201E+03   1.6102151E-13   4.7745506E-16     16
  5.523762075213874E+03   1.5938367E-13   4.7279569E-16      0
  5.526499071085651E+03   1.5926098E-13   4.7431934E-16      0
  5.529236028328745E+03   1.5795549E-13   4.7248048E-16      0
  5.531972946881369E+03   1.5810037E-13   4.8107686E-16     16
  5.534709826681753E+03   1.5618191E-13   4.9695291E-16      0
  5.537446667668129E+03   1.5552459E-13   4.9624378E-16      0
  5.540183469778743E+03   1.5562792E-13   5.0233220E-16     16
  5.542920232951846E+03   1.5702321E-13   4.7297653E-16      0
  5.545656957125701E+03   1.5908040E-13   4.7517505E-16      0
  5.548393642238578E+03   1.5924538E-13   4.7559312E-16     16
  5.551130288228755E+03   1.6006029E-13   4.8343648E-16     16
  5.553866895034525E+03   1.5997764E-13   4.7630558E-16      0
  5.556603462594182E+03   1.6328754E-13   4.8028997E-16      0
  5.559339990846032E+03   1.6455629E-13   4.8282524E-16     16
  5.562076479728393E+03   1.6558930E-13   4.8575254E-16      0
  5.564812929179587E+03   1.6681386E-13   4.8567080E-16      0
  5.567549339137948E+03   1.6774871E-13   4.8611893E-16      0
  5.570285709541818E+03   1.6843636E-13   4.8725750E-16      0
  5.573022040329551E+03   1.6876978E-13   4.8655457E-16      0
  5.575758331439504E+03   1.7180941E-13   5.0412177E-16     16
  5.578494582810050E+03   1.7236515E-13   4.9613859E-16     16
  5.581230794379565E+03   1.7197849E-13   5.2709055E-16     16
  5.583966966086437E+03   1.7406476E-13   5.3259674E-16      0
  5.586703097869064E+03   1.7480803E-13   5.8727087E-16      0
  5.589439189665850E+03   1.7397319E-13   5.8815623E-16      0
  5.592175241415213E+03   1.7647980E-13   4.9832547E-16      0
  5.594911253055574E+03   1.7768225E-13   5.3578550E-16     16
  5.597647224525369E+03   1.7772318E-13   5.0080500E-16     16
  5.600383155763040E+03   1.7715576E-13   5.3355834E-16      0
  5.603119046707038E+03   1.7866298E-13   5.0298738E-16     16
  5.605854897295824E+03   1.7910357E-13   5.0516569E-16     16
  5.608590707467869E+03   1.7919139E-13   5.0315043E-16      0
  5.611326477161651E+03   1.7818048E-13   6.2030166E-16      0
  5.614062206315660E+03   1.8031900E-13   5.0502275E-16     16
  5.616797894868393E+03   1.8071962E-13   5.1882362E-16     16
  5.619533542758358E+03   1.8005363E-13   5.0613824E-16      0
  5.622269149924069E+03   1.7999339E-13   5.0481665E-16      0
  5.625004716304054E+03   1.8014508E-13   5.0630479E-16     16
  5.627740241836846E+03   1.8082217E-13   5.0974930E-16      0
  5.630475726460992E+03   1.8131894E-13   5.1100518E-16     16
  5.633211170115042E+03   1.8138128E-13   5.6401711E-16     16
  5.635946572737564E+03   1.8177766E-13   5.4137423E-16      0
  5.638681934267126E+03   1.8357530E-13   5.1304553E-16      0
  5.641417254642310E+03   1.8277692E-13   5.4412322E-16      0
  5.644152533801710E+03   1.8233453E-13   6.3262530E-16     16
  5.646887771683922E+03   1.8692315E-13   5.1879344E-16      0
  5.649622968227561E+03   1.8490876E-13   6.0859180E-16      0
  5.652358123371242E+03   1.8482018E-13   6.0462212E-16      0
  5.655093237053595E+03   1.8244544E-13   6.0360780E-16      0
  5.657828309213259E+03   1.8406060E-13   5.4799278E-16      0
  5.660563339788881E+03   1.8344614E-13   5.1460322E-16     16
  5.663298328719117E+03   1.8376011E-13   5.1472895E-16      0
  5.666033275942636E+03   1.8084986E-13   5.1078268E-16      0
  5.668768181398113E+03   1.8012061E-13   5.0911058E-16      0
  5.671503045024230E+03   1.7751607E-13   5.8600307E-16      0
  5.674237866759689E+03   1.7728390E-13   5.1763237E-16      0
  5.676972646543190E+03   1.7602216E-13   5.0489501E-16     16
  5.679707384313446E+03   1.7534096E-13   5.0477102E-16      0
  5.682442080009184E+03   1.7246546E-13   4.9868435E-16     16
  5.685176733569136E+03   1.7247880E-13   5.0046126E-16     16
  5.687911344932046E+03   1.7314561E-13   5.0508972E-16     16
  5.690645914036664E+03   1.7055221E-13   5.4127518E-16      0
  5.693380440821755E+03   1.6993584E-13   4.9476481E-16     16
  5.696114925226088E+03   2.5032274E-13   1.1651592E-14    512
