

  2.887622862495494E+03  -7.6467831E-14   4.0732053E-14  18960
  2.890367610758103E+03  -8.3500982E-15   2.5612116E-14   2560
  2.893112381663664E+03  -4.6659691E-15   1.8938008E-14    512
  2.895857175148582E+03  -1.4933599E-14   1.4794288E-14  16896
  2.898601991149262E+03  -1.0955748E-14   1.1959856E-14    512
  2.901346829602101E+03   1.1060423E-14   1.0495456E-14    512
  2.904091690443493E+03  -9.5267210E-15   8.9548510E-15  16896
  2.906836573609824E+03  -1.2897473E-14   7.6750341E-15  16896
  2.909581479037478E+03  -4.9167391E-15   9.0329254E-15  16912
  2.912326406662832E+03   5.3148243E-15   6.2421394E-15    512
  2.915071356422256E+03  -9.8542648E-16   5.5296306E-15  16896
  2.917816328252118E+03  -4.5877570E-15   4.8912011E-15  16896
  2.920561322088780E+03   6.2123609E-16   4.5136056E-15    528
  2.923306337868599E+03   3.1577486E-15   3.9987960E-15    512
  2.926051375527925E+03  -5.0764832E-15   3.5125008E-15  16912
  2.928796435003105E+03   3.4200760E-16   3.1354398E-15    512
  2.931541516230481E+03   8.3816646E-15   3.4405492E-15    528
  2.934286619146389E+03   1.1317238E-14   2.8560771E-15    528
  2.937031743687159E+03   6.1885341E-15   4.8620708E-15    528
  2.939776889789118E+03   1.7583483E-15   1.9013810E-15    512
  2.942522057388587E+03   3.2625049E-15   1.7160051E-15    512
  2.945267246421882E+03   2.4055302E-15   1.5536266E-15    528
  2.948012456825314E+03   1.2645328E-15   1.4136358E-15    528
  2.950757688535189E+03   1.2019153E-15   1.2649913E-15    528
  2.953502941487809E+03   4.0251501E-15   1.1521516E-15    512
  2.956248215619469E+03   2.1969978E-15   1.0264114E-15    512
  2.958993510866462E+03  -9.1518829E-16   1.1654729E-15  16912
  2.961738827165073E+03   6.0987373E-16   8.9899916E-16    512
  2.964484164451584E+03   3.2760687E-15   8.5565871E-16    512
  2.967229522662270E+03   2.6645065E-15   7.9368639E-16    512
  2.969974901733406E+03   2.0577960E-15   7.4224147E-16      0
  2.972720301601255E+03   1.5814699E-15   7.0677827E-16      0
  2.975465722202081E+03   1.2889092E-15   6.8696098E-16      0
  2.978211163472142E+03   4.1204286E-15   7.0925092E-16      0
  2.980956625347689E+03   2.8633534E-15   6.8635524E-16     16
  2.983702107764970E+03   2.7100084E-15   6.7352555E-16      0
  2.986447610660227E+03   5.4561596E-16   7.2325200E-16     16
  2.989193133969699E+03   2.9165631E-15   6.4816851E-16      0
  2.991938677629619E+03   2.1075571E-15   6.5305811E-16      0
  2.994684241576214E+03   1.7799419E-15   6.3835495E-16     16
  2.997429825745710E+03   3.3791763E-15   6.2747338E-16      0
  3.000175430074326E+03   3.3091447E-15   6.2070982E-16      0
  3.002921054498274E+03   1.6718552E-15   6.2339931E-16      0
  3.005666698953765E+03   4.9050878E-15   9.8777647E-16     16
  3.008412363377005E+03   2.5509748E-15   5.8915843E-16      0
  3.011158047704192E+03   1.9008840E-15   5.7137910E-16      0
  3.013903751871524E+03   2.2109235E-15   5.7543215E-16      0
  3.016649475815190E+03   1.9923767E-15   9.4632395E-16     16
  3.019395219471378E+03   1.5420587E-15   5.3059266E-16      0
  3.022140982776270E+03   2.4614907E-15   5.4456749E-16      0
  3.024886765666042E+03   3.4997618E-15   5.6035316E-16      0
  3.027632568076867E+03   1.9550816E-15   5.5790566E-16      0
  3.030378389944914E+03   2.1608499E-15   5.1161748E-16      0
  3.033124231206345E+03   2.5999054E-15   5.1825939E-16      0
  3.035870091797321E+03   2.6201133E-15   5.5871363E-16     16
  3.038615971653996E+03   2.4680408E-15   5.3827424E-16     16
  3.041361870712519E+03   2.9384270E-15   4.9542248E-16      0
  3.044107788909036E+03   3.3086028E-15   4.9227654E-16      0
  3.046853726179690E+03   2.4642482E-15   4.6511146E-16      0
  3.049599682460615E+03   2.9379592E-15   4.7531757E-16      0
  3.052345657687944E+03   3.0516460E-15   4.7614210E-16     16
  3.055091651797806E+03   2.6618387E-15   4.5596472E-16      0
  3.057837664726323E+03   2.9462326E-15   4.5978277E-16      0
  3.060583696409616E+03   2.7244006E-15   4.4402161E-16      0
  3.063329746783797E+03   2.7808882E-15   4.6659445E-16     16
  3.066075815784979E+03   3.2719108E-15   4.4562377E-16      0
  3.068821903349265E+03   3.0444960E-15   4.3848138E-16      0
  3.071568009412759E+03   2.6554197E-15   4.2223483E-16      0
  3.074314133911557E+03   3.6508492E-15   4.4921259E-16      0
  3.077060276781754E+03   2.3229281E-15   4.3875026E-16      0
  3.079806437959436E+03   2.6968828E-15   4.2024211E-16     16
  3.082552617380689E+03   3.2327019E-15   4.4670919E-16      0
  3.085298814981592E+03   3.8430562E-15   4.2623116E-16      0
  3.088045030698222E+03   3.9746564E-15   4.5497877E-16     16
  3.090791264466652E+03   4.3144161E-15   4.3341583E-16      0
  3.093537516222947E+03   4.6023340E-15   4.5843805E-16     16
  3.096283785903171E+03   3.5114276E-15   4.2339016E-16     16
  3.099030073443383E+03   3.7829271E-15   4.1459417E-16      0
  3.101776378779639E+03   4.2769789E-15   4.2421686E-16      0
  3.104522701847989E+03   4.2298195E-15   4.2682551E-16      0
  3.107269042584479E+03   3.4032426E-15   4.6137249E-16     16
  3.110015400925153E+03   3.5195526E-15   4.2357322E-16      0
  3.112761776806049E+03   4.6440945E-15   4.2668798E-16      0
  3.115508170163199E+03   5.8730491E-15   5.2070810E-16     16
  3.118254580932637E+03   4.5673096E-15   4.1948780E-16      0
  3.121001009050387E+03   4.9628681E-15   4.2580047E-16      0
  3.123747454452471E+03   5.7757529E-15   4.4051449E-16      0
  3.126493917074908E+03   5.3855922E-15   4.3078783E-16      0
  3.129240396853711E+03   5.9792013E-15   4.4874519E-16     16
  3.131986893724891E+03   5.2809679E-15   4.5475076E-16      0
  3.134733407624453E+03   6.0649359E-15   4.5540785E-16     16
  3.137479938488401E+03   5.0982125E-15   4.1757096E-16      0
  3.140226486252730E+03   5.0322062E-15   6.3605213E-16     16
  3.142973050853438E+03   5.0831883E-15   4.2157529E-16     16
  3.145719632226513E+03   5.6142136E-15   4.2112120E-16      0
  3.148466230307940E+03   6.3519585E-15   4.3929352E-16     16
  3.151212845033705E+03   7.1886136E-15   4.4421997E-16      0
  3.153959476339783E+03   6.4094229E-15   4.4041240E-16     16
  3.156706124162150E+03   6.6772187E-15   4.3456949E-16     16
  3.159452788436778E+03   6.8506437E-15   4.4730915E-16     16
  3.162199469099633E+03   7.1103003E-15   5.5215754E-16     16
  3.164946166086676E+03   6.2692085E-15   4.1756562E-16      0
  3.167692879333870E+03   5.8653106E-15   4.1169931E-16      0
  3.170439608777168E+03   7.0888425E-15   4.3152387E-16     16
  3.173186354352523E+03   7.0786916E-15   4.3060929E-16     16
  3.175933115995882E+03   6.8065276E-15   4.1913803E-16      0
  3.178679893643190E+03   6.9377004E-15   4.3768710E-16     16
  3.181426687230387E+03   7.1021299E-15   4.2058058E-16      0
  3.184173496693410E+03   6.8487145E-15   4.0909047E-16      0
  3.186920321968191E+03   6.2864151E-15   4.3340272E-16     16
  3.189667162990661E+03   6.7360799E-15   4.0230399E-16      0
  3.192414019696744E+03   6.2153173E-15   3.9830830E-16      0
  3.195160892022363E+03   7.3438426E-15   4.1854079E-16     16
  3.197907779903436E+03   6.5074767E-15   3.9562852E-16      0
  3.200654683275878E+03   6.0539715E-15   4.1637342E-16      0
  3.203401602075600E+03   6.4866435E-15   3.9356780E-16      0
  3.206148536238509E+03   9.3227563E-15   7.3755659E-16     16
  3.208895485700509E+03   6.2548254E-15   3.8628064E-16      0
  3.211642450397499E+03   6.0170010E-15   5.1336983E-16     16
  3.214389430265379E+03   6.4767794E-15   3.8665161E-16     16
  3.217136425240040E+03   6.8261890E-15   4.0042781E-16     16
  3.219883435257371E+03   5.9784784E-15   3.7186271E-16      0
  3.222630460253260E+03   5.4681614E-15   3.6117466E-16      0
  3.225377500163588E+03   6.4129440E-15   3.8648393E-16     16
  3.228124554924235E+03   5.8302713E-15   3.6359805E-16      0
  3.230871624471076E+03   5.6615847E-15   3.5920555E-16      0
  3.233618708739984E+03   4.9218450E-15   3.7719582E-16     16
  3.236365807666828E+03   5.8897619E-15   3.6067846E-16      0
  3.239112921187472E+03   5.1557218E-15   3.9459853E-16     16
  3.241860049237780E+03   5.3984260E-15   3.5297565E-16      0
  3.244607191753607E+03   5.3496212E-15   3.4708660E-16      0
  3.247354348670811E+03   5.0608681E-15   3.4475080E-16     16
  3.250101519925244E+03   5.6364935E-15   3.5335057E-16      0
  3.252848705452753E+03   4.7824967E-15   3.3498928E-16      0
  3.255595905189183E+03   6.0011492E-15   3.8234564E-16     16
  3.258343119070377E+03   5.0168017E-15   3.3687403E-16      0
  3.261090347032173E+03   5.3321982E-15   3.3980704E-16      0
  3.263837589010406E+03   4.2483810E-15   3.2408148E-16      0
  3.266584844940906E+03   5.8227137E-15   3.5642125E-16      0
  3.269332114759505E+03   5.7553602E-15   3.4102388E-16      0
  3.272079398402027E+03   5.6680412E-15   3.6868888E-16     16
  3.274826695804293E+03   6.1551580E-15   3.4908552E-16     16
  3.277574006902123E+03   5.8171148E-15   3.4008402E-16      0
  3.280321331631332E+03   5.8013422E-15   3.3946034E-16      0
  3.283068669927733E+03   5.8967435E-15   3.4318887E-16     16
  3.285816021727136E+03   7.1258180E-15   3.6119722E-16      0
  3.288563386965346E+03   5.6166861E-15   3.3336962E-16      0
  3.291310765578166E+03   5.5882778E-15   3.2937482E-16      0
  3.294058157501397E+03   6.1296844E-15   3.3958821E-16      0
  3.296805562670835E+03   6.5370691E-15   3.4207955E-16      0
  3.299552981022274E+03   6.0897675E-15   3.3652561E-16      0
  3.302300412491505E+03   6.2732277E-15   3.3894463E-16      0
  3.305047857014314E+03   5.9753300E-15   3.3331400E-16      0
  3.307795314526486E+03   6.2926637E-15   3.3704794E-16      0
  3.310542784963804E+03   6.3799580E-15   3.5654491E-16      0
  3.313290268262044E+03   7.2266403E-15   3.7053644E-16      0
  3.316037764356984E+03   6.7536800E-15   3.3877567E-16      0
  3.318785273184394E+03   7.1634915E-15   3.4387968E-16      0
  3.321532794680045E+03   5.4865195E-15   3.7154346E-16      0
  3.324280328779703E+03   6.9285389E-15   3.5588680E-16     16
  3.327027875419131E+03   8.5151434E-15   3.6167952E-16      0
  3.329775434534090E+03   8.3006722E-15   3.6627367E-16     16
  3.332523006060338E+03   8.6311014E-15   3.6114647E-16      0
  3.335270589933629E+03   7.9993368E-15   3.5989628E-16      0
  3.338018186089715E+03   7.8868940E-15   3.4842057E-16      0
  3.340765794464346E+03   8.9147982E-15   3.6261502E-16      0
  3.343513414993266E+03   8.4978801E-15   3.5722085E-16      0
  3.346261047612221E+03   9.9659754E-15   3.8532146E-16     16
  3.349008692256949E+03   1.1134501E-14   7.1896808E-16     16
  3.351756348863189E+03   9.0899773E-15   3.5957049E-16      0
  3.354504017366675E+03   9.4213044E-15   3.6555247E-16      0
  3.357251697703140E+03   8.8850614E-15   3.6437925E-16     16
  3.359999389808312E+03   9.3198197E-15   3.5992071E-16      0
  3.362747093617919E+03   1.0152822E-14   3.7077401E-16      0
  3.365494809067684E+03   9.8651005E-15   3.6423814E-16      0
  3.368242536093328E+03   9.8663473E-15   3.6356600E-16      0
  3.370990274630568E+03   1.1006084E-14   3.7826646E-16      0
  3.373738024615122E+03   1.0113873E-14   3.6580081E-16      0
  3.376485785982703E+03   1.0075746E-14   3.6370030E-16      0
  3.379233558669018E+03   1.0877073E-14   3.7230931E-16      0
  3.381981342609779E+03   1.1377109E-14   3.7703125E-16     16
  3.384729137740687E+03   1.0930122E-14   3.7334690E-16      0
  3.387476943997447E+03   1.0533133E-14   3.6414071E-16      0
  3.390224761315758E+03   1.1016500E-14   4.4720804E-16     16
  3.392972589631317E+03   1.1339641E-14   4.2485378E-16     16
  3.395720428879819E+03   1.2334828E-14   3.9301535E-16     16
  3.398468278996956E+03   1.3053526E-14   4.1390379E-16     16
  3.401216139918416E+03   1.1643671E-14   3.7748431E-16     16
  3.403964011579888E+03   1.1459649E-14   4.0601055E-16     16
  3.406711893917056E+03   1.2071553E-14   4.0347451E-16      0
  3.409459786865601E+03   1.2716894E-14   3.8165068E-16      0
  3.412207690361203E+03   1.2779366E-14   4.0540921E-16     16
  3.414955604339540E+03   1.2680383E-14   3.8191895E-16     16
  3.417703528736285E+03   1.2751936E-14   3.7979462E-16     16
  3.420451463487110E+03   1.2816693E-14   4.2741568E-16     16
  3.423199408527687E+03   1.2548587E-14   3.7319517E-16      0
  3.425947363793679E+03   1.3898671E-14   3.8956345E-16      0
  3.428695329220756E+03   1.3273439E-14   3.8452273E-16      0
  3.431443304744577E+03   1.3048639E-14   3.9460705E-16     16
  3.434191290300802E+03   1.3947893E-14   3.8909761E-16     16
  3.436939285825091E+03   1.4239301E-14   4.0677728E-16     16
  3.439687291253098E+03   1.4649577E-14   3.9416009E-16      0
  3.442435306520476E+03   1.4040505E-14   3.8574624E-16      0
  3.445183331562877E+03   1.5015465E-14   3.9493581E-16      0
  3.447931366315948E+03   1.4516114E-14   3.9398499E-16     16
  3.450679410715336E+03   1.4927692E-14   4.0922991E-16     16
  3.453427464696684E+03   1.5580605E-14   3.9926558E-16      0
  3.456175528195635E+03   1.5651307E-14   4.0392701E-16     16
  3.458923601147828E+03   1.4949962E-14   4.1559833E-16      0
  3.461671683488901E+03   1.6990837E-14   4.0977326E-16      0
  3.464419775154488E+03   1.5335994E-14   4.2511350E-16      0
  3.467167876080222E+03   1.6811556E-14   4.0796863E-16      0
  3.469915986201734E+03   1.7085383E-14   4.0942912E-16      0
  3.472664105454652E+03   1.8004612E-14   4.1911301E-16      0
  3.475412233774603E+03   1.8560211E-14   4.6133274E-16      0
  3.478160371097212E+03   2.0272531E-14   4.3576261E-16      0
  3.480908517358100E+03   1.8623536E-14   4.1862478E-16      0
  3.483656672492888E+03   1.8758910E-14   4.2149400E-16      0
  3.486404836437192E+03   2.0562895E-14   4.3607416E-16      0
  3.489153009126632E+03   2.1327587E-14   4.4347612E-16      0
  3.491901190496818E+03   2.1233568E-14   4.4439875E-16     16
  3.494649380483363E+03   2.1983769E-14   4.4826339E-16      0
  3.497397579021877E+03   2.3119300E-14   4.5973682E-16     16
  3.500145786047969E+03   2.3099964E-14   4.5785455E-16      0
  3.502894001497242E+03   2.3424469E-14   4.5868015E-16      0
  3.505642225305303E+03   2.4584252E-14   4.7333488E-16     16
  3.508390457407752E+03   2.5299736E-14   4.7349867E-16      0
  3.511138697740190E+03   2.5058140E-14   5.0061564E-16      0
  3.513886946238214E+03   2.6276209E-14   4.8155115E-16      0
  3.516635202837421E+03   2.7620360E-14   4.9123543E-16      0
  3.519383467473405E+03   2.7943480E-14   4.9257872E-16      0
  3.522131740081758E+03   2.6907198E-14   4.8255631E-16     16
  3.524880020598071E+03   2.8556571E-14   5.0041494E-16      0
  3.527628308957931E+03   2.9218774E-14   5.0552933E-16      0
  3.530376605096927E+03   2.9424454E-14   5.0043294E-16      0
  3.533124908950644E+03   2.9977512E-14   5.0556813E-16      0
  3.535873220454663E+03   3.1618147E-14   5.4051645E-16     16
  3.538621539544567E+03   3.0436733E-14   5.0981913E-16      0
  3.541369866155935E+03   3.0408429E-14   5.0663015E-16      0
  3.544118200224344E+03   3.1477682E-14   5.1519673E-16      0
  3.546866541685372E+03   3.2832129E-14   5.2752100E-16     16
  3.549614890474592E+03   3.1218270E-14   5.1114325E-16      0
  3.552363246527576E+03   3.2914220E-14   5.2456438E-16      0
  3.555111609779898E+03   3.4334450E-14   5.3277382E-16     16
  3.557859980167123E+03   3.3311336E-14   5.2582937E-16      0
  3.560608357624821E+03   3.3484537E-14   5.2961402E-16      0
  3.563356742088558E+03   3.3057616E-14   5.2569729E-16     16
  3.566105133493897E+03   3.4710583E-14   5.3595136E-16     16
  3.568853531776402E+03   3.5042919E-14   5.3658981E-16      0
  3.571601936871632E+03   3.4881057E-14   5.3571642E-16      0
  3.574350348715148E+03   3.4001583E-14   5.3914134E-16     16
  3.577098767242509E+03   3.4857567E-14   5.3317198E-16      0
  3.579847192389267E+03   3.4205938E-14   5.3196194E-16     16
  3.582595624090981E+03   3.4180829E-14   5.2635649E-16      0
  3.585344062283202E+03   3.4299823E-14   5.3084084E-16     16
  3.588092506901482E+03   3.3799406E-14   5.2561624E-16      0
  3.590840957881373E+03   3.3426353E-14   5.3870840E-16      0
  3.593589415158420E+03   3.4522132E-14   6.9066071E-16      0
  3.596337878668174E+03   3.3283363E-14   6.3489725E-16      0
  3.599086348346177E+03   3.2759714E-14   5.2095581E-16      0
  3.601834824127975E+03   3.4023694E-14   5.2141014E-16      0
  3.604583305949112E+03   3.2990121E-14   5.1404132E-16      0
  3.607331793745127E+03   3.3297926E-14   5.1654308E-16     16
  3.610080287451563E+03   3.4218183E-14   5.2182899E-16     16
  3.612828787003955E+03   3.4116959E-14   5.3667113E-16     16
  3.615577292337844E+03   3.4079446E-14   5.2412016E-16     16
  3.618325803388762E+03   3.3373708E-14   5.1405768E-16      0
  3.621074320092247E+03   3.5233077E-14   5.3410541E-16      0
  3.623822842383830E+03   3.4639673E-14   5.2601778E-16     16
  3.626571370199043E+03   3.4986438E-14   5.2307329E-16     16
  3.629319903473419E+03   3.4690648E-14   5.2061742E-16      0
  3.632068442142484E+03   3.4031463E-14   5.1816722E-16     16
  3.634816986141769E+03   3.3665592E-14   5.2173778E-16      0
  3.637565535406799E+03   3.2801951E-14   5.0300210E-16   1024
  3.640314089873099E+03   3.3713859E-14   5.0801230E-16   1024
  3.643062649476195E+03   3.2538259E-14   5.0032378E-16   1024
  3.645811214151610E+03   3.2250437E-14   4.9579835E-16   1024
  3.648559783834865E+03   3.1493593E-14   4.9043901E-16   1024
  3.651308358461481E+03   3.0752436E-14   4.8403137E-16   1024
  3.654056937966979E+03   3.0615460E-14   4.9740718E-16   1040
  3.656805522286876E+03   2.9745619E-14   4.7585713E-16   1024
  3.659554111356689E+03   2.7693244E-14   4.5821687E-16   1024
  3.662302705111935E+03   2.6325930E-14   4.4700973E-16   1024
  3.665051303488130E+03   2.4467734E-14   4.3433798E-16   1040
  3.667799906420786E+03   2.3686704E-14   4.2514270E-16   1040
  3.670548513845418E+03   2.3044677E-14   4.1903003E-16   1024
  3.673297125697537E+03   2.1792120E-14   4.1224921E-16   1040
  3.676045741912653E+03   2.0970999E-14   4.2231718E-16   1040
  3.678794362426278E+03   2.0020450E-14   3.9238264E-16   1024
  3.681542987173919E+03   1.9508632E-14   3.9160393E-16   1024
  3.684291616091085E+03   1.9158515E-14   3.9121005E-16   1040
  3.687040249113282E+03   1.7401978E-14   3.6650520E-16   1024
  3.689788886176017E+03   1.8279371E-14   3.7412810E-16   1040
  3.692537527214793E+03   1.6572584E-14   3.5699209E-16   1024
  3.695286172165117E+03   1.5444817E-14   3.4455553E-16   1024
  3.698034820962489E+03   1.6134511E-14   3.5156886E-16   1040
  3.700783473542414E+03   1.8187048E-14   3.7188698E-16   1040
  3.703532129840392E+03   1.5087412E-14   3.3841251E-16   1040
  3.706280789791922E+03   1.4785168E-14   3.3617663E-16   1040
  3.709029453332506E+03   1.5220933E-14   3.3733143E-16   1024
  3.711778120397642E+03   1.4466040E-14   3.2779217E-16   1024
  3.714526790922828E+03   1.4130155E-14   3.2453723E-16   1024
  3.717275464843561E+03   1.4352904E-14   3.2967025E-16   1024
  3.720024142095337E+03   1.3898502E-14   3.2227724E-16   1024
  3.722772822613651E+03   1.4472134E-14   3.2733268E-16      0
  3.725521506333999E+03   1.3527114E-14   3.1528348E-16      0
  3.728270193191875E+03   1.3926557E-14   3.1748465E-16      0
  3.731018883122771E+03   1.4870870E-14   3.2826897E-16      0
  3.733767576062181E+03   1.5016734E-14   3.3370830E-16     16
  3.736516271945597E+03   1.4343854E-14   3.1769003E-16      0
  3.739264970708508E+03   1.5641263E-14   3.3015510E-16     16
  3.742013672286407E+03   1.5220094E-14   3.2453358E-16      0
  3.744762376614783E+03   1.5871071E-14   3.3146072E-16      0
  3.747511083629124E+03   1.5538328E-14   3.2754433E-16      0
  3.750259793264920E+03   1.5773600E-14   3.2686821E-16      0
  3.753008505457658E+03   1.6429129E-14   3.3548966E-16     16
  3.755757220142827E+03   1.7382329E-14   3.5085820E-16     16
  3.758505937255911E+03   1.6967933E-14   3.3268034E-16      0
  3.761254656732399E+03   1.7587364E-14   3.4282883E-16     16
  3.764003378507774E+03   1.6678053E-14   3.2840685E-16      0
  3.766752102517524E+03   1.7732094E-14   3.5105680E-16     16
  3.769500828697132E+03   1.8419743E-14   3.4178452E-16      0
  3.772249556982081E+03   1.8660397E-14   3.4057437E-16      0
  3.774998287307856E+03   1.8761527E-14   3.4300292E-16      0
  3.777747019609940E+03   1.8977899E-14   3.4392865E-16      0
  3.780495753823815E+03   1.9465325E-14   3.4544809E-16      0
  3.783244489884964E+03   2.0757537E-14   3.5945855E-16      0
  3.785993227728868E+03   2.0974702E-14   3.8243379E-16     16
  3.788741967291009E+03   2.1186127E-14   3.5800620E-16     16
  3.791490708506867E+03   2.1662652E-14   3.5892555E-16      0
  3.794239451311923E+03   2.2633933E-14   3.6750099E-16     16
  3.796988195641658E+03   2.3363161E-14   3.6759070E-16      0
  3.799736941431550E+03   2.3855514E-14   3.7020554E-16      0
  3.802485688617080E+03   2.4678342E-14   3.7423766E-16      0
  3.805234437133727E+03   2.5621264E-14   4.5273096E-16      0
  3.807983186916968E+03   2.6464536E-14   4.6801440E-16      0
  3.810731937902283E+03   2.7924875E-14   3.9399468E-16     16
  3.813480690025151E+03   2.9740740E-14   4.0587156E-16      0
  3.816229443221049E+03   3.0067406E-14   4.1678015E-16     16
  3.818978197425456E+03   3.1546753E-14   4.1448337E-16      0
  3.821726952573847E+03   3.2490666E-14   4.1927416E-16      0
  3.824475708601700E+03   3.3702319E-14   4.2371934E-16      0
  3.827224465444493E+03   3.3763899E-14   4.2415064E-16      0
  3.829973223037704E+03   3.6814051E-14   4.4052868E-16      0
  3.832721981316806E+03   3.7636842E-14   4.4414183E-16      0
  3.835470740217279E+03   4.0351813E-14   4.5748239E-16      0
  3.838219499674598E+03   4.0573881E-14   4.5581585E-16      0
  3.840968259624239E+03   4.4112588E-14   4.7263729E-16      0
  3.843717020001678E+03   4.3728469E-14   4.7055782E-16      0
  3.846465780742391E+03   4.7877741E-14   4.9117254E-16     16
  3.849214541781856E+03   4.9108510E-14   4.9379676E-16     16
  3.851963303055547E+03   5.2085682E-14   5.0859050E-16     16
  3.854712064498940E+03   5.2735492E-14   5.9851110E-16      0
  3.857460826047510E+03   5.5835250E-14   5.1988489E-16      0
  3.860209587636735E+03   5.7939466E-14   5.3212611E-16     16
  3.862958349202088E+03   6.0071902E-14   5.4135051E-16      0
  3.865707110679047E+03   6.1796752E-14   5.4431407E-16     16
  3.868455872003087E+03   6.4509067E-14   5.5318271E-16      0
  3.871204633109683E+03   6.7074188E-14   5.7938144E-16     16
  3.873953393934312E+03   6.8566965E-14   5.6710238E-16      0
  3.876702154412450E+03   7.2039007E-14   5.8279329E-16     16
  3.879450914479572E+03   7.2181552E-14   5.8846698E-16     16
  3.882199674071154E+03   7.3386630E-14   5.8211487E-16      0
  3.884948433122674E+03   7.5955613E-14   5.9123826E-16      0
  3.887697191569607E+03   7.7929288E-14   5.9573373E-16      0
  3.890445949347429E+03   8.0055496E-14   6.0362961E-16      0
  3.893194706391618E+03   8.1908655E-14   6.0660164E-16      0
  3.895943462637650E+03   8.2287652E-14   6.0694024E-16      0
  3.898692218021002E+03   8.2368764E-14   6.0653758E-16     16
  3.901440972477151E+03   8.4538875E-14   6.1094448E-16      0
  3.904189725941575E+03   8.5638467E-14   6.1686048E-16      0
  3.906938478349752E+03   8.6547807E-14   6.2011721E-16      0
  3.909687229637158E+03   8.7000970E-14   6.4393298E-16     16
  3.912435979739274E+03   8.8053974E-14   6.2053734E-16      0
  3.915184728591576E+03   8.8845875E-14   6.2705044E-16      0
  3.917933476129544E+03   8.7250357E-14   6.1444231E-16     16
  3.920682222288656E+03   8.8335840E-14   6.1649472E-16      0
  3.923430967004392E+03   8.6167042E-14   6.0817511E-16      0
  3.926179710212233E+03   8.6182329E-14   6.0767435E-16      0
  3.928928451847657E+03   8.6569911E-14   6.0747265E-16      0
  3.931677191846145E+03   8.5335479E-14   6.0179573E-16      0
  3.934425930143178E+03   8.1712997E-14   5.8859997E-16      0
  3.937174666674238E+03   6.6910548E-14   5.3024797E-16      0
  3.939923401374805E+03   5.6096414E-14   4.8701552E-16      0
  3.942672134180363E+03   7.2535748E-14   5.5396034E-16      0
  3.945420865026393E+03   8.1050733E-14   5.8021381E-16      0
  3.948169593848379E+03   8.3242590E-14   5.8752741E-16      0
  3.950918320581802E+03   8.2084472E-14   5.8328552E-16     16
  3.953667045162149E+03   8.2240008E-14   5.7728329E-16      0
  3.956415767524903E+03   8.2353178E-14   5.8348532E-16      0
  3.959164487605551E+03   8.1652072E-14   5.8175636E-16      0
  3.961913205339575E+03   8.0779005E-14   5.7211776E-16      0
  3.964661920662462E+03   8.0874733E-14   5.6970769E-16      0
  3.967410633509700E+03   7.8304401E-14   5.6140428E-16      0
  3.970159343816777E+03   7.5089572E-14   5.4716232E-16      0
  3.972908051519178E+03   6.1645567E-14   4.9379310E-16     16
  3.975656756552392E+03   6.1786629E-14   4.9512257E-16     16
  3.978405458851910E+03   7.2790346E-14   5.3303085E-16     16
  3.981154158353219E+03   7.5575844E-14   5.4270640E-16      0
  3.983902854991812E+03   7.5602143E-14   5.4790469E-16     16
  3.986651548703178E+03   7.5336527E-14   5.4159514E-16     16
  3.989400239422810E+03   7.3952373E-14   5.3863100E-16      0
  3.992148927086199E+03   7.5621360E-14   5.4402046E-16     16
  3.994897611628840E+03   7.5681798E-14   5.4025620E-16      0
  3.997646292986224E+03   7.7423562E-14   5.4648422E-16     16
  4.000394971093848E+03   7.6938517E-14   5.4272366E-16      0
  4.003143645887207E+03   7.9335457E-14   5.5337695E-16      0
  4.005892317301796E+03   7.9195521E-14   6.3964842E-16     16
  4.008640985273113E+03   7.9372422E-14   5.6780335E-16      0
  4.011389649736655E+03   8.2354703E-14   5.8966934E-16     16
  4.014138310627921E+03   8.3626363E-14   5.6625905E-16     16
  4.016886967882411E+03   8.5186781E-14   5.6719947E-16     16
  4.019635621435624E+03   8.5748147E-14   5.6751837E-16      0
  4.022384271223062E+03   8.7184437E-14   5.7226255E-16      0
  4.025132917180225E+03   8.7900370E-14   5.7329530E-16      0
  4.027881559242619E+03   8.9514110E-14   5.7755243E-16      0
  4.030630197345745E+03   9.0405202E-14   5.8168924E-16     16
  4.033378831425111E+03   9.0709578E-14   5.7911198E-16      0
  4.036127461416219E+03   9.2631510E-14   5.8364969E-16      0
  4.038876087254579E+03   9.4145605E-14   5.8920671E-16     16
  4.041624708875695E+03   9.5203454E-14   5.9056249E-16      0
  4.044373326215079E+03   9.5948782E-14   5.9014607E-16      0
  4.047121939208238E+03   9.8198278E-14   5.9662327E-16      0
  4.049870547790684E+03   9.7830706E-14   6.0282689E-16     16
  4.052619151897929E+03   1.0031448E-13   6.0515364E-16     16
  4.055367751465484E+03   1.0108226E-13   6.0584074E-16      0
  4.058116346428865E+03   1.0196296E-13   6.0822461E-16     16
  4.060864936723586E+03   1.0374308E-13   6.1250684E-16     16
  4.063613522285162E+03   1.0332547E-13   6.0919234E-16      0
  4.066362103049110E+03   1.0508645E-13   6.1127170E-16      0
  4.069110678950950E+03   1.0579582E-13   6.1490521E-16      0
  4.071859249926199E+03   1.0531056E-13   6.1401731E-16      0
  4.074607815910380E+03   1.0714576E-13   6.1936542E-16      0
  4.077356376839013E+03   1.0657988E-13   6.1844290E-16      0
  4.080104932647621E+03   1.0700625E-13   6.1764377E-16      0
  4.082853483271729E+03   1.0805128E-13   6.1798931E-16      0
  4.085602028646861E+03   1.0754456E-13   6.1879399E-16     16
  4.088350568708544E+03   1.0794779E-13   6.1831552E-16      0
  4.091099103392306E+03   1.0656128E-13   6.1393107E-16      0
  4.093847632633675E+03   1.0795938E-13   6.1977163E-16     16
  4.096596156368183E+03   1.0734600E-13   6.1769608E-16     16
  4.099344674531359E+03   1.0730299E-13   6.1729040E-16      0
  4.102093187058739E+03   1.0831508E-13   6.1972239E-16      0
  4.104841693885855E+03   1.0510913E-13   6.0838962E-16     16
  4.107590194948243E+03   1.0678500E-13   6.1176632E-16      0
  4.110338690181441E+03   1.0590576E-13   6.1347367E-16      0
  4.113087179520986E+03   1.0613197E-13   6.1176997E-16      0
  4.115835662902417E+03   1.0551157E-13   6.2653418E-16      0
  4.118584140261277E+03   1.0508408E-13   6.0601952E-16     16
  4.121332611533108E+03   1.0562312E-13   6.1023059E-16      0
  4.124081076653452E+03   1.0570939E-13   6.0946032E-16      0
  4.126829535557856E+03   1.0607364E-13   6.0873039E-16      0
  4.129577988181866E+03   1.0463018E-13   6.0401274E-16      0
  4.132326434461032E+03   1.0283349E-13   5.9562536E-16     16
  4.135074874330901E+03   1.0434503E-13   6.0047193E-16     16
  4.137823307727026E+03   1.0351651E-13   5.9760784E-16     16
  4.140571734584960E+03   1.0457420E-13   6.1791980E-16     16
  4.143320154840256E+03   1.0289800E-13   6.1169400E-16      0
  4.146068568428470E+03   1.0281514E-13   5.9251516E-16      0
  4.148816975285161E+03   1.0219312E-13   5.9239314E-16     16
  4.151565375345886E+03   1.0160659E-13   5.8805273E-16      0
  4.154313768546207E+03   1.0292089E-13   5.9569699E-16     16
  4.157062154821686E+03   1.0284150E-13   5.9308929E-16      0
  4.159810534107885E+03   1.0219998E-13   5.8674438E-16      0
  4.162558906340373E+03   1.0467447E-13   5.9384739E-16      0
  4.165307271454714E+03   1.0472038E-13   5.9510539E-16      0
  4.168055629386477E+03   1.0446590E-13   5.9354690E-16      0
  4.170803980071235E+03   1.0623604E-13   5.9556628E-16      0
  4.173552323444557E+03   1.0644483E-13   5.9834286E-16      0
  4.176300659442019E+03   1.0485279E-13   5.9436900E-16      0
  4.179048987999196E+03   1.0756965E-13   6.0072344E-16     16
  4.181797309051664E+03   1.0812624E-13   5.9770673E-16      0
  4.184545622535004E+03   1.0868148E-13   6.0209542E-16     16
  4.187293928384797E+03   1.0759948E-13   6.0074880E-16      0
  4.190042226536625E+03   1.0643750E-13   5.9775983E-16     16
  4.192790516926071E+03   1.0929704E-13   6.0275611E-16      0
  4.195538799488724E+03   1.0809713E-13   5.9945940E-16      0
  4.198287074160170E+03   1.0561457E-13   5.9142567E-16     16
  4.201035340876000E+03   1.0523158E-13   5.8964865E-16      0
  4.203783599571807E+03   1.0407356E-13   5.8489711E-16      0
  4.206531850183182E+03   1.0368850E-13   5.8501230E-16     16
  4.209280092645722E+03   1.0292116E-13   5.8133110E-16      0
  4.212028326895025E+03   1.0214761E-13   5.8317329E-16     16
  4.214776552866690E+03   1.0173438E-13   5.7719620E-16     16
  4.217524770496317E+03   9.9168415E-14   5.7522203E-16      0
  4.220272979719512E+03   9.9496203E-14   5.7216313E-16     16
  4.223021180471879E+03   9.6947305E-14   5.6043226E-16      0
  4.225769372689027E+03   9.7253382E-14   5.6302974E-16      0
  4.228517556306560E+03   9.6197932E-14   5.5919082E-16      0
  4.231265731260097E+03   9.6166835E-14   5.5872697E-16      0
  4.234013897485244E+03   9.2921493E-14   5.4844595E-16      0
  4.236762054917623E+03   9.1057431E-14   5.4590421E-16     16
  4.239510203492846E+03   9.1189317E-14   5.4572120E-16      0
  4.242258343146535E+03   9.0982221E-14   5.4362358E-16     16
  4.245006473814313E+03   9.2197673E-14   5.4734263E-16      0
  4.247754595431802E+03   8.8623770E-14   5.3319390E-16      0
  4.250502707934626E+03   8.7668215E-14   5.3239668E-16     16
  4.253250811258417E+03   8.6032127E-14   5.2792535E-16      0
  4.255998905338804E+03   8.4702265E-14   5.2214383E-16      0
  4.258746990111417E+03   8.3053017E-14   5.1533305E-16      0
  4.261495065511894E+03   8.0856891E-14   5.0814295E-16      0
  4.264243131475868E+03   7.9951386E-14   5.0968524E-16     16
  4.266991187938980E+03   7.7516085E-14   4.9778104E-16      0
  4.269739234836871E+03   7.7443640E-14   4.9737028E-16      0
  4.272487272105184E+03   7.6730844E-14   4.9450678E-16     16
  4.275235299679566E+03   7.4474945E-14   4.8610003E-16      0
  4.277983317495662E+03   7.4743461E-14   4.8582496E-16      0
  4.280731325489125E+03   7.4764590E-14   4.8591961E-16      0
  4.283479323595607E+03   7.3376967E-14   4.8411872E-16      0
  4.286227311750761E+03   7.2259473E-14   4.7977974E-16     16
  4.288975289890247E+03   7.2272747E-14   4.7618144E-16      0
  4.291723257949721E+03   6.9912148E-14   4.7019238E-16      0
  4.294471215864849E+03   6.8858188E-14   4.6322559E-16      0
  4.297219163571292E+03   6.9820445E-14   4.6704227E-16     16
  4.299967101004718E+03   6.9007008E-14   4.6302124E-16      0
  4.302715028100795E+03   6.9878870E-14   4.6550776E-16      0
  4.305462944795196E+03   6.9446544E-14   4.6448121E-16      0
  4.308210851023593E+03   6.8535774E-14   4.6160151E-16      0
  4.310958746721664E+03   6.9566674E-14   4.6448486E-16     16
  4.313706631825087E+03   7.0967686E-14   4.6858085E-16      0
  4.316454506269544E+03   7.0874445E-14   4.8340440E-16     16
  4.319202369990719E+03   7.1403238E-14   4.7793861E-16     16
  4.321950222924296E+03   7.0738662E-14   4.6595648E-16      0
  4.324698065005965E+03   7.1156141E-14   4.7096821E-16      0
  4.327445896171419E+03   7.1281177E-14   5.1122218E-16     16
  4.330193716356351E+03   7.3070720E-14   4.8351251E-16      0
  4.332941525496457E+03   7.4308974E-14   4.7706738E-16      0
  4.335689323527436E+03   7.5039902E-14   4.7647191E-16      0
  4.338437110384990E+03   7.5445807E-14   4.7777200E-16     16
  4.341184886004824E+03   7.5597474E-14   4.8028298E-16     16
  4.343932650322644E+03   7.6874515E-14   4.8214936E-16      0
  4.346680403274159E+03   7.7020001E-14   4.8215731E-16      0
  4.349428144795083E+03   7.9638072E-14   4.9084268E-16      0
  4.352175874821130E+03   7.7785976E-14   4.8598907E-16      0
  4.354923593288017E+03   8.0124268E-14   4.9009342E-16      0
  4.357671300131467E+03   7.9111278E-14   4.8639401E-16      0
  4.360418995287199E+03   8.0406480E-14   4.9074908E-16      0
  4.363166678690941E+03   8.1598113E-14   4.9235765E-16     16
  4.365914350278422E+03   8.1194566E-14   4.9003794E-16      0
  4.368662009985373E+03   8.2902340E-14   4.9675888E-16      0
  4.371409657747527E+03   8.2872152E-14   4.9557854E-16      0
  4.374157293500622E+03   8.3496598E-14   4.9587220E-16      0
  4.376904917180397E+03   8.3357292E-14   4.9508345E-16      0
  4.379652528722596E+03   8.7119263E-14   5.0518061E-16      0
  4.382400128062963E+03   8.8204929E-14   5.5307180E-16     16
  4.385147715137246E+03   8.8630119E-14   5.1019918E-16      0
  4.387895289881196E+03   9.0666434E-14   5.1432492E-16      0
  4.390642852230569E+03   9.2666882E-14   5.2001116E-16      0
  4.393390402121118E+03   9.3155152E-14   5.2334275E-16     16
  4.396137939488608E+03   9.5144887E-14   5.2644051E-16      0
  4.398885464268798E+03   9.4956608E-14   5.2409999E-16      0
  4.401632976397455E+03   9.7205264E-14   5.3033188E-16     16
  4.404380475810348E+03   9.9372428E-14   5.3753981E-16      0
  4.407127962443245E+03   9.9453438E-14   5.3491391E-16      0
  4.409875436231927E+03   1.0246669E-13   5.4545491E-16      0
  4.412622897112166E+03   1.0346466E-13   5.4752448E-16      0
  4.415370345019745E+03   1.0523015E-13   5.4911616E-16      0
  4.418117779890448E+03   1.0730372E-13   5.5430027E-16      0
  4.420865201660063E+03   1.0777034E-13   5.6751297E-16     16
  4.423612610264376E+03   1.0779910E-13   5.6851914E-16      0
  4.426360005639182E+03   1.0913520E-13   5.5890971E-16     16
  4.429107387720277E+03   1.0865038E-13   5.5710273E-16     16
  4.431854756443460E+03   1.0899681E-13   5.5811101E-16     16
  4.434602111744533E+03   1.0872402E-13   5.5522989E-16     16
  4.437349453559303E+03   1.1134180E-13   5.6107293E-16      0
  4.440096781823576E+03   1.1346975E-13   5.6750646E-16      0
  4.442844096473164E+03   1.1679667E-13   5.7387631E-16     16
  4.445591397443882E+03   1.1798506E-13   5.7606176E-16     16
  4.448338684671550E+03   1.1989533E-13   5.7883087E-16      0
  4.451085958091988E+03   1.2270558E-13   5.8813087E-16      0
  4.453833217641019E+03   1.2463224E-13   5.9117119E-16     16
  4.456580463254474E+03   1.2711658E-13   5.9773463E-16      0
  4.459327694868181E+03   1.2839489E-13   6.1162624E-16     16
  4.462074912417977E+03   1.2866280E-13   6.0169033E-16      0
  4.464822115839696E+03   1.2864614E-13   5.9937565E-16      0
  4.467569305069183E+03   1.3216384E-13   6.0812985E-16   1024
  4.470316480042279E+03   1.3184142E-13   6.0370897E-16   1040
  4.473063640694832E+03   1.3456186E-13   6.0921325E-16   1040
  4.475810786962695E+03   1.3554827E-13   6.1336949E-16   1040
  4.478557918781721E+03   1.3720362E-13   6.1589751E-16   1024
  4.481305036087766E+03   1.4000427E-13   6.2515357E-16   1040
  4.484052138816694E+03   1.4224875E-13   6.2690280E-16   1040
  4.486799226904367E+03   1.4123552E-13   6.2519740E-16   1024
  4.489546300286654E+03   1.4409155E-13   6.2895399E-16   1024
  4.492293358899426E+03   1.4685548E-13   6.4109139E-16   1024
  4.495040402678559E+03   1.4751466E-13   6.3990401E-16   1024
  4.497787431559929E+03   1.4809187E-13   6.3642668E-16   1024
  4.500534445479419E+03   1.5018789E-13   6.4443077E-16   1024
  4.503281444372915E+03   1.5049076E-13   6.4622033E-16   1040
  4.506028428176303E+03   1.4841752E-13   6.4374822E-16   1040
  4.508775396825479E+03   1.4880505E-13   6.4088064E-16   1024
  4.511522350256336E+03   1.5182235E-13   6.4739125E-16   1024
  4.514269288404775E+03   1.5150424E-13   6.4667625E-16   1024
  4.517016211206696E+03   1.5382644E-13   6.5228207E-16   1024
  4.519763118598010E+03   1.5338906E-13   6.5083391E-16   1024
  4.522510010514622E+03   1.5371050E-13   6.5021367E-16   1024
  4.525256886892452E+03   1.5372609E-13   6.4912460E-16      0
  4.528003747667412E+03   1.5317634E-13   6.4737071E-16      0
  4.530750592775424E+03   1.5179931E-13   6.4631245E-16     16
  4.533497422152414E+03   1.5256237E-13   6.4843617E-16      0
  4.536244235734311E+03   1.5084709E-13   6.4331485E-16     16
  4.538991033457045E+03   1.5234591E-13   6.4750131E-16     16
  4.541737815256552E+03   1.5117653E-13   6.4422488E-16     16
  4.544484581068775E+03   1.5166029E-13   6.4362900E-16     16
  4.547231330829652E+03   1.5162147E-13   6.4704381E-16      0
  4.549978064475133E+03   1.4798195E-13   6.3779717E-16      0
  4.552724781941168E+03   1.4877930E-13   6.3733639E-16    256
  4.555471483163713E+03   1.4527134E-13   6.3286458E-16    256
  4.558218168078723E+03   1.4881675E-13   6.3961607E-16      0
  4.560964836622163E+03   1.4702769E-13   6.4610731E-16      0
  4.563711488729998E+03   1.4804089E-13   6.3631428E-16     16
  4.566458124338196E+03   1.4718267E-13   6.3236526E-16      0
  4.569204743382736E+03   1.4838876E-13   6.3698291E-16     16
  4.571951345799589E+03   1.4903946E-13   6.3894305E-16     16
  4.574697931524740E+03   1.4623451E-13   6.9502780E-16     16
  4.577444500494174E+03   1.5022731E-13   6.3877640E-16      0
  4.580191052643880E+03   1.4968230E-13   6.3510504E-16      0
  4.582937587909851E+03   1.5034566E-13   6.3943777E-16      0
  4.585684106228083E+03   1.4855731E-13   6.3680339E-16      0
  4.588430607534579E+03   1.5089065E-13   6.4174694E-16      0
  4.591177091765343E+03   1.5200300E-13   6.4535848E-16      0
  4.593923558856384E+03   1.5168980E-13   6.4764070E-16     16
  4.596670008743716E+03   1.5179055E-13   6.4231149E-16      0
  4.599416441363354E+03   1.5386223E-13   6.4670584E-16      0
  4.602162856651321E+03   1.5233574E-13   6.4221530E-16      0
  4.604909254543641E+03   1.5513333E-13   6.4847672E-16      0
  4.607655634976342E+03   1.5313079E-13   6.4587861E-16      0
  4.610401997885460E+03   1.5527054E-13   6.5051813E-16      0
  4.613148343207032E+03   1.5405538E-13   6.5070606E-16      0
  4.615894670877098E+03   1.5357018E-13   6.4595791E-16      0
  4.618640980831704E+03   1.5292017E-13   6.4662744E-16     16
  4.621387273006900E+03   1.5381549E-13   6.4811234E-16     16
  4.624133547338739E+03   1.5218747E-13   6.6189362E-16      0
  4.626879803763279E+03   1.4931482E-13   6.4083283E-16     16
  4.629626042216584E+03   1.4945842E-13   6.4076280E-16     16
  4.632372262634720E+03   1.4741204E-13   6.4680950E-16      0
  4.635118464953755E+03   1.4595141E-13   6.3063355E-16     16
  4.637864649109767E+03   1.4457524E-13   6.3223921E-16      0
  4.640610815038833E+03   1.4327100E-13   6.4635268E-16     16
  4.643356962677038E+03   1.3919057E-13   6.1623802E-16      0
  4.646103091960468E+03   1.3896001E-13   6.1557823E-16      0
  4.648849202825216E+03   1.3791999E-13   6.1563990E-16      0
  4.651595295207378E+03   1.3507769E-13   6.0886353E-16      0
  4.654341369043053E+03   1.3393297E-13   6.0263303E-16      0
  4.657087424268348E+03   1.3433100E-13   6.0561612E-16      0
  4.659833460819372E+03   1.3183020E-13   5.9850919E-16     16
  4.662579478632236E+03   1.3265300E-13   6.0305755E-16      0
  4.665325477643059E+03   1.3233739E-13   6.0874490E-16     16
  4.668071457787966E+03   1.3109259E-13   5.9585951E-16      0
  4.670817419003081E+03   1.2996464E-13   5.9720566E-16      0
  4.673563361224536E+03   1.2810369E-13   5.9045433E-16      0
  4.676309284388466E+03   1.2664350E-13   6.0697804E-16      0
  4.679055188431011E+03   1.2419507E-13   6.5942373E-16      0
  4.681801073288316E+03   1.2305353E-13   5.7982042E-16     16
  4.684546938896528E+03   1.2091214E-13   5.7487655E-16      0
  4.687292785191804E+03   1.1971884E-13   5.7627590E-16     16
  4.690038612110299E+03   1.1894249E-13   5.7201379E-16     16
  4.692784419588177E+03   1.1864641E-13   5.7161007E-16      0
  4.695530207561604E+03   1.1509615E-13   5.8264003E-16      0
  4.698275975966752E+03   1.1384409E-13   5.5775055E-16      0
  4.701021724739795E+03   1.1242432E-13   5.5613806E-16      0
  4.703767453816917E+03   1.1184281E-13   5.5453484E-16      0
  4.706513163134301E+03   1.0958620E-13   5.5012900E-16      0
  4.709258852628138E+03   1.0902915E-13   5.4695104E-16      0
  4.712004522234622E+03   1.0800352E-13   5.4310842E-16   1024
  4.714750171889952E+03   1.0769923E-13   5.4407372E-16   1040
  4.717495801530332E+03   1.0608136E-13   5.3929735E-16   1024
  4.720241411091970E+03   1.0476003E-13   5.3610235E-16   1040
  4.722987000511080E+03   1.0493764E-13   5.7647003E-16   1024
  4.725732569723879E+03   1.0473366E-13   5.3776978E-16   1024
  4.728478118666590E+03   1.0587783E-13   5.3975645E-16   1024
  4.731223647275440E+03   1.0406788E-13   5.3394559E-16   1024
  4.733969155486660E+03   1.0231707E-13   5.2828349E-16   1040
  4.736714643236490E+03   1.0441158E-13   5.3506690E-16   1024
  4.739460110461167E+03   1.0515533E-13   5.3642824E-16   1024
  4.742205557096941E+03   1.0450487E-13   5.3757925E-16   1024
  4.744950983080061E+03   1.0484627E-13   5.4173787E-16   1024
  4.747696388346782E+03   1.0451031E-13   5.3993120E-16   1024
  4.750441772833369E+03   1.0596982E-13   5.4196418E-16   1024
  4.753187136476084E+03   1.0475917E-13   5.3761546E-16     16
  4.755932479211197E+03   1.0594612E-13   5.3937316E-16      0
  4.758677800974985E+03   1.0512158E-13   5.4012485E-16      0
  4.761423101703729E+03   1.0472299E-13   5.3624131E-16      0
  4.764168381333712E+03   1.0320991E-13   5.3350153E-16     16
  4.766913639801224E+03   1.0341301E-13   5.3439462E-16     16
  4.769658877042561E+03   1.0144030E-13   5.2816676E-16      0
  4.772404092994023E+03   1.0141085E-13   5.2839752E-16      0
  4.775149287591914E+03   1.0155024E-13   5.2804526E-16     16
  4.777894460772544E+03   1.0102340E-13   5.2922619E-16     16
  4.780639612472229E+03   1.0144779E-13   5.3022103E-16      0
  4.783384742627288E+03   9.9482888E-14   5.2005578E-16      0
  4.786129851174044E+03   9.9721704E-14   5.2113305E-16      0
  4.788874938048830E+03   9.9514838E-14   5.2076507E-16      0
  4.791620003187979E+03   9.7223356E-14   5.1323569E-16      0
  4.794365046527831E+03   9.7434512E-14   5.1512912E-16     16
  4.797110068004731E+03   9.7617694E-14   5.1801131E-16     16
  4.799855067555030E+03   9.7308704E-14   5.1455362E-16      0
  4.802600045115082E+03   9.6175800E-14   5.1087326E-16      0
  4.805345000621249E+03   9.4088616E-14   5.0561313E-16      0
  4.808089934009895E+03   9.4280364E-14   5.0626513E-16     16
  4.810834845217391E+03   9.4630290E-14   5.0620965E-16      0
  4.813579734180114E+03   9.1441848E-14   6.3382401E-16      0
  4.816324600834442E+03   9.0915380E-14   5.3284974E-16     16
  4.819069445116765E+03   9.1170723E-14   4.9616977E-16      0
  4.821814266963472E+03   9.1528158E-14   4.9810042E-16     16
  4.824559066310960E+03   9.1551685E-14   5.4484240E-16     16
  4.827303843095630E+03   9.2281041E-14   5.0082978E-16      0
  4.830048597253890E+03   9.1712113E-14   5.0098251E-16      0
  4.832793328722153E+03   9.1787207E-14   4.9851415E-16      0
  4.835538037436835E+03   9.0628107E-14   4.9517223E-16      0
  4.838282723334361E+03   9.0458240E-14   4.9632282E-16      0
  4.841027386351157E+03   9.1821163E-14   4.9885418E-16     16
  4.843772026423659E+03   9.1912277E-14   5.0022076E-16     16
  4.846516643488302E+03   9.2825297E-14   5.0145378E-16      0
  4.849261237481535E+03   9.3274895E-14   5.0175495E-16     16
  4.852005808339804E+03   9.4588562E-14   5.0776343E-16      0
  4.854750355999567E+03   9.5563714E-14   5.0909391E-16      0
  4.857494880397281E+03   9.4751525E-14   5.0506505E-16     16
  4.860239381469414E+03   9.7457842E-14   5.1569589E-16     16
  4.862983859152437E+03   9.9385073E-14   5.2304528E-16     16
  4.865728313382825E+03   1.0017927E-13   5.2157891E-16      0
  4.868472744097063E+03   1.0108263E-13   5.2076613E-16     16
  4.871217151231636E+03   1.0459023E-13   5.2955547E-16      0
  4.873961534723039E+03   1.0794985E-13   5.4109148E-16      0
  4.876705894507769E+03   1.1030286E-13   5.4590935E-16     16
  4.879450230522331E+03   1.1051207E-13   5.4380828E-16      0
  4.882194542703234E+03   1.1228158E-13   5.4817262E-16      0
  4.884938830986994E+03   1.1353534E-13   5.5165668E-16      0
  4.887683095310130E+03   1.1257865E-13   5.4909774E-16     16
  4.890427335609170E+03   1.1577268E-13   5.5723508E-16      0
  4.893171551820646E+03   1.1746097E-13   5.5737351E-16      0
  4.895915743881095E+03   1.1959285E-13   5.6272306E-16      0
  4.898659911727058E+03   1.1914943E-13   5.6420653E-16      0
  4.901404055295086E+03   1.2036659E-13   5.7054631E-16     16
  4.904148174521733E+03   1.2102596E-13   5.6700698E-16      0
  4.906892269343560E+03   1.2084198E-13   5.6717088E-16      0
  4.909636339697129E+03   1.1887289E-13   5.6052929E-16      0
  4.912380385519014E+03   1.1847478E-13   5.5799259E-16      0
  4.915124406745794E+03   1.1593809E-13   5.5107699E-16      0
  4.917868403314048E+03   1.1413517E-13   5.5061917E-16     16
  4.920612375160365E+03   1.1287334E-13   5.4637320E-16      0
  4.923356322221343E+03   1.1184254E-13   5.4252910E-16      0
  4.926100244433576E+03   1.1032781E-13   5.3693196E-16     16
  4.928844141733676E+03   1.0950211E-13   5.3490284E-16     16
  4.931588014058250E+03   1.0805689E-13   5.3380715E-16     16
  4.934331861343917E+03   1.0646988E-13   5.2951756E-16      0
  4.937075683527300E+03   1.0473516E-13   5.2740326E-16      0
  4.939819480545028E+03   1.0296561E-13   5.2739088E-16     16
  4.942563252333735E+03   1.0261115E-13   5.1672694E-16      0
  4.945306998830064E+03   1.0204115E-13   5.1782576E-16     16
  4.948050719970659E+03   1.0084414E-13   5.1221607E-16      0
  4.950794415692173E+03   1.0077968E-13   5.1187487E-16      0
  4.953538085931266E+03   9.9979066E-14   5.0974056E-16     16
  4.956281730624601E+03   9.8418703E-14   5.0467928E-16      0
  4.959025349708848E+03   9.9296920E-14   5.0877765E-16      0
  4.961768943120684E+03   1.0019129E-13   5.0885764E-16     16
  4.964512510796789E+03   9.9936511E-14   5.0736734E-16     16
  4.967256052673853E+03   9.8165155E-14   5.0538417E-16     16
  4.969999568688570E+03   9.8756967E-14   5.0445465E-16      0
  4.972743058777639E+03   9.9886354E-14   5.0725918E-16      0
  4.975486522877768E+03   1.0195161E-13   5.1356163E-16      0
  4.978229960925667E+03   1.0050703E-13   5.0855297E-16      0
  4.980973372858056E+03   1.0303162E-13   5.1481953E-16      0
  4.983716758611657E+03   1.0243165E-13   5.1505146E-16      0
  4.986460118123204E+03   1.0395731E-13   5.1860593E-16      0
  4.989203451329427E+03   1.0428020E-13   5.1765392E-16     16
  4.991946758167075E+03   1.0552435E-13   5.2184477E-16      0
  4.994690038572894E+03   1.0631035E-13   5.2286629E-16     16
  4.997433292483638E+03   1.0765562E-13   5.2516636E-16      0
  5.000176519836068E+03   1.0887064E-13   5.2762815E-16      0
  5.002919720566953E+03   1.1061354E-13   5.3204866E-16      0
  5.005662894613063E+03   1.1122960E-13   5.3743695E-16      0
  5.008406041911181E+03   1.1259494E-13   5.3948651E-16      0
  5.011149162398090E+03   1.1490087E-13   5.4262672E-16      0
  5.013892256010582E+03   1.1554832E-13   5.4453504E-16      0
  5.016635322685455E+03   1.1774494E-13   5.4924771E-16      0
  5.019378362359515E+03   1.1924524E-13   5.5386203E-16     16
  5.022121374969572E+03   1.1944048E-13   5.5036352E-16      0
  5.024864360452440E+03   1.2052821E-13   5.5389226E-16     16
  5.027607318744946E+03   1.2268517E-13   5.5843903E-16      0
  5.030350249783917E+03   1.2270301E-13   5.6013098E-16      0
  5.033093153506190E+03   1.2490998E-13   5.6824312E-16     16
  5.035836029848607E+03   1.2910449E-13   5.7266103E-16     16
  5.038578878748014E+03   1.2980991E-13   5.7365809E-16      0
  5.041321700141270E+03   1.3004491E-13   5.7346481E-16      0
  5.044064493965232E+03   1.3117969E-13   5.7362839E-16      0
  5.046807260156769E+03   1.3466596E-13   5.8428349E-16     16
  5.049549998652756E+03   1.3518138E-13   5.8682681E-16      0
  5.052292709390073E+03   1.3702784E-13   5.8833717E-16      0
  5.055035392305606E+03   1.3669259E-13   5.8622743E-16     16
  5.057778047336248E+03   1.3981786E-13   5.9382272E-16      0
  5.060520674418900E+03   1.4117991E-13   5.9750572E-16      0
  5.063263273490466E+03   1.4275980E-13   6.3362765E-16      0
  5.066005844487860E+03   1.4550007E-13   6.0624917E-16     16
  5.068748387348003E+03   1.4735419E-13   6.0745603E-16     16
  5.071490902007818E+03   1.5024611E-13   6.1637735E-16      0
  5.074233388404237E+03   1.5182987E-13   6.1805067E-16      0
  5.076975846474201E+03   1.5520343E-13   6.2271941E-16      0
  5.079718276154652E+03   1.5527803E-13   6.2427371E-16      0
  5.082460677382546E+03   1.6154366E-13   6.3588018E-16     16
  5.085203050094838E+03   1.6217193E-13   6.4047253E-16     16
  5.087945394228494E+03   1.6453547E-13   6.4311405E-16     16
  5.090687709720486E+03   1.7025514E-13   6.5087288E-16      0
  5.093429996507793E+03   1.7017388E-13   6.5075355E-16      0
  5.096172254527400E+03   1.7342040E-13   6.5996890E-16      0
  5.098914483716295E+03   1.7627467E-13   6.6211628E-16      0
  5.101656684011481E+03   1.7949697E-13   6.6801518E-16      0
  5.104398855349960E+03   1.8364309E-13   6.7783769E-16     16
  5.107140997668745E+03   1.8402828E-13   6.7483978E-16      0
  5.109883110904853E+03   1.8422983E-13   7.1745766E-16      0
  5.112625194995312E+03   1.8580606E-13   6.8160641E-16      0
  5.115367249877149E+03   1.8845772E-13   6.8519364E-16      0
  5.118109275487409E+03   1.9114822E-13   6.9098491E-16     16
  5.120851271763131E+03   1.9275918E-13   6.8930906E-16      0
  5.123593238641371E+03   1.9215470E-13   7.2899726E-16      0
  5.126335176059187E+03   1.9429703E-13   7.3578989E-16      0
  5.129077083953644E+03   1.9666786E-13   6.9546942E-16   1024
  5.131818962261817E+03   1.9930997E-13   7.0324630E-16   1024
  5.134560810920781E+03   1.9915966E-13   7.0321141E-16   1040
  5.137302629867627E+03   2.0014947E-13   7.0313592E-16   1024
  5.140044419039446E+03   1.9960480E-13   7.0191677E-16   1024
  5.142786178373337E+03   2.0246652E-13   7.0627804E-16   1040
  5.145527907806409E+03   2.0495377E-13   7.1035264E-16   1024
  5.148269607275774E+03   2.0358465E-13   7.0968830E-16   1024
  5.151011276718554E+03   2.0357109E-13   7.0739152E-16   1024
  5.153752916071877E+03   2.0229189E-13   7.0593092E-16   1040
  5.156494525272876E+03   2.0266715E-13   7.0719474E-16   1024
  5.159236104258694E+03   2.0332142E-13   7.0581164E-16   1024
  5.161977652966480E+03   2.0430364E-13   7.0720147E-16   1024
  5.164719171333390E+03   2.0563458E-13   7.1137766E-16   1040
  5.167460659296583E+03   2.0715412E-13   7.1310296E-16   1024
  5.170202116793231E+03   2.0762970E-13   7.1389594E-16      0
  5.172943543760513E+03   2.0817851E-13   7.1596455E-16      0
  5.175684940135609E+03   2.0845947E-13   7.1490550E-16     16
  5.178426305855713E+03   2.0825633E-13   7.1858861E-16      0
  5.181167640858020E+03   2.1054440E-13   7.2309503E-16     16
  5.183908945079736E+03   2.1065059E-13   7.1824063E-16      0
  5.186650218458074E+03   2.1307274E-13   7.2730330E-16     16
  5.189391460930252E+03   2.1220163E-13   7.2234361E-16     16
  5.192132672433498E+03   2.1048740E-13   7.1809198E-16      0
  5.194873852905043E+03   2.1213524E-13   7.2286041E-16     16
  5.197615002282130E+03   2.1248471E-13   7.2330626E-16      0
  5.200356120502007E+03   2.1426671E-13   7.2874210E-16      0
  5.203097207501926E+03   2.1182699E-13   7.2342707E-16      0
  5.205838263219151E+03   2.1142437E-13   7.2440598E-16     16
  5.208579287590953E+03   2.0958044E-13   7.2246743E-16     16
  5.211320280554606E+03   2.0874245E-13   7.2133935E-16      0
  5.214061242047397E+03   2.0659875E-13   7.1653635E-16      0
  5.216802172006615E+03   2.0467978E-13   7.1329179E-16      0
  5.219543070369558E+03   1.9975905E-13   7.1205422E-16      0
  5.222283937073534E+03   1.9824592E-13   7.0336218E-16      0
  5.225024772055854E+03   1.9716713E-13   7.0130628E-16     16
  5.227765575253839E+03   1.9084788E-13   6.8593453E-16      0
  5.230506346604818E+03   1.8951343E-13   6.8682259E-16      0
  5.233247086046124E+03   1.8759910E-13   6.8294361E-16      0
  5.235987793515101E+03   1.8208602E-13   6.7259715E-16      0
  5.238728468949098E+03   1.7757174E-13   6.6229803E-16      0
  5.241469112285473E+03   1.7412368E-13   6.5458727E-16      0
  5.244209723461589E+03   1.6957829E-13   6.4594140E-16      0
  5.246950302414821E+03   1.6632347E-13   6.4055278E-16      0
  5.249690849082544E+03   1.6369973E-13   6.3730965E-16     16
  5.252431363402150E+03   1.6157968E-13   6.3364597E-16      0
  5.255171845311029E+03   1.5930601E-13   6.2985248E-16      0
  5.257912294746586E+03   1.5773858E-13   6.2491253E-16     16
  5.260652711646228E+03   1.5540134E-13   6.2163605E-16      0
  5.263393095947372E+03   1.5543097E-13   6.3051227E-16     16
  5.266133447587445E+03   1.5205121E-13   6.1742937E-16     16
  5.268873766503874E+03   1.5287180E-13   6.1829832E-16      0
  5.271614052634104E+03   1.5379867E-13   6.1990667E-16      0
  5.274354305915577E+03   1.5513590E-13   6.2530714E-16      0
  5.277094526285752E+03   1.5423219E-13   6.2442671E-16     16
  5.279834713682088E+03   1.5450103E-13   6.2240929E-16      0
  5.282574868042055E+03   1.5633306E-13   6.2564585E-16      0
  5.285314989303131E+03   1.5891954E-13   6.3222963E-16      0
  5.288055077402802E+03   1.5936026E-13   6.3355322E-16     16
  5.290795132278558E+03   1.6023936E-13   6.3607044E-16      0
  5.293535153867901E+03   1.6117694E-13   6.8896014E-16      0
  5.296275142108338E+03   1.6091104E-13   7.5078375E-16     16
  5.299015096937384E+03   1.6434744E-13   6.4123756E-16      0
  5.301755018292564E+03   1.6433738E-13   6.4289155E-16      0
  5.304494906111408E+03   1.6416714E-13   6.4415945E-16      0
  5.307234760331457E+03   1.6480579E-13   6.4352370E-16      0
  5.309974580890252E+03   1.6444304E-13   6.4377003E-16      0
  5.312714367725353E+03   1.6553962E-13   6.4270742E-16      0
  5.315454120774318E+03   1.6829134E-13   6.5068176E-16      0
  5.318193839974719E+03   1.6878262E-13   6.5405883E-16      0
  5.320933525264131E+03   1.6716384E-13   6.5074910E-16      0
  5.323673176580141E+03   1.6944745E-13   6.5477489E-16      0
  5.326412793860343E+03   1.7037954E-13   6.5617059E-16      0
  5.329152377042336E+03   1.6943462E-13   6.5402728E-16      0
  5.331891926063731E+03   1.7053649E-13   6.5869782E-16      0
  5.334631440862143E+03   1.7214068E-13   6.6260598E-16     16
  5.337370921375197E+03   1.7494418E-13   6.6891139E-16     16
  5.340110367540526E+03   1.7589489E-13   6.6777664E-16      0
  5.342849779295768E+03   1.7521263E-13   7.8531781E-16      0
  5.345589156578572E+03   1.7690598E-13   6.7233653E-16     16
  5.348328499326598E+03   1.7614667E-13   6.7183980E-16     16
  5.351067807477505E+03   1.7655124E-13   6.7088863E-16      0
  5.353807080968967E+03   1.7932049E-13   6.8543420E-16     16
  5.356546319738665E+03   1.7856284E-13   6.7558654E-16      0
  5.359285523724287E+03   1.8095033E-13   6.8055672E-16      0
  5.362024692863526E+03   1.8266194E-13   6.8631353E-16      0
  5.364763827094090E+03   1.8305463E-13   6.8787911E-16      0
  5.367502926353689E+03   1.8244939E-13   6.8344272E-16      0
  5.370241990580042E+03   1.8232895E-13   6.8716225E-16      0
  5.372981019710879E+03   1.8199128E-13   6.8245879E-16      0
  5.375720013683936E+03   1.8275693E-13   7.7861667E-16      0
  5.378458972436956E+03   1.8370478E-13   6.9044705E-16      0
  5.381197895907693E+03   1.8691807E-13   6.9339329E-16      0
  5.383936784033906E+03   1.8808879E-13   6.9527222E-16      0
  5.386675636753364E+03   1.8819409E-13   6.9670403E-16      0
  5.389414454003846E+03   1.8941977E-13   7.0063135E-16      0
  5.392153235723133E+03   1.8689911E-13   6.9585610E-16      0
  5.394891981849020E+03   1.8791690E-13   7.0044373E-16      0
  5.397630692319309E+03   1.8450420E-13   6.9760119E-16     16
  5.400369367071807E+03   1.8574943E-13   6.9783614E-16      0
  5.403108006044334E+03   1.8354579E-13   6.9102176E-16      0
  5.405846609174714E+03   1.8441458E-13   6.9342543E-16     16
  5.408585176400781E+03   1.8085156E-13   6.8589906E-16      0
  5.411323707660380E+03   1.7894033E-13   7.7505341E-16      0
  5.414062202891359E+03   1.7886303E-13   6.8110465E-16      0
  5.416800662031577E+03   1.7654925E-13   7.6848853E-16     16
  5.419539085018902E+03   1.7587684E-13   6.7827434E-16     16
  5.422277471791208E+03   1.7543237E-13   6.8029520E-16      0
  5.425015822286381E+03   1.7350307E-13   6.7650287E-16      0
  5.427754136442310E+03   1.7076820E-13   6.6974498E-16      0
  5.430492414196898E+03   1.6978309E-13   6.6434112E-16     16
  5.433230655488052E+03   1.6789154E-13   6.6347027E-16      0
  5.435968860253691E+03   1.6487423E-13   7.5188087E-16     16
  5.438707028431738E+03   1.6472086E-13   6.5720042E-16      0
  5.441445159960127E+03   1.6227801E-13   6.5274492E-16     16
  5.444183254776802E+03   1.6141149E-13   6.5124483E-16      0
  5.446921312819713E+03   1.6046685E-13   6.5037037E-16      0
  5.449659334026820E+03   1.5852581E-13   6.4563016E-16      0
  5.452397318336088E+03   1.5756365E-13   6.4434013E-16      0
  5.455135265685494E+03   1.5960933E-13   6.5007052E-16      0
  5.457873176013024E+03   1.5876562E-13   6.4966516E-16      0
  5.460611049256670E+03   1.6120015E-13   6.5279320E-16      0
  5.463348885354433E+03   1.6384302E-13   6.5732981E-16      0
  5.466086684244323E+03   1.6652080E-13   7.5262213E-16     16
  5.468824445864359E+03   1.6723370E-13   7.7959637E-16      0
  5.471562170152570E+03   1.7132068E-13   6.7514820E-16      0
  5.474299857046986E+03   1.7610998E-13   6.8671132E-16      0
  5.477037506485656E+03   1.7963944E-13   6.9207229E-16      0
  5.479775118406632E+03   1.9928818E-13   7.3465290E-16     16
  5.482512692747973E+03   1.8363739E-13   6.9584307E-16     16
  5.485250229447753E+03   1.8800161E-13   7.0495307E-16      0
  5.487987728444047E+03   1.9110679E-13   7.1201547E-16      0
  5.490725189674943E+03   1.9273794E-13   7.1656452E-16     16
  5.493462613078537E+03   1.9570864E-13   7.2259174E-16      0
  5.496199998592935E+03   2.0192744E-13   7.3670024E-16     16
  5.498937346156248E+03   2.0506555E-13   7.3714165E-16      0
  5.501674655706598E+03   2.0702934E-13   7.3816560E-16      0
  5.504411927182118E+03   2.1355999E-13   7.5272700E-16      0
  5.507149160520946E+03   2.1477027E-13   7.5727371E-16      0
  5.509886355661228E+03   2.1872822E-13   7.6344805E-16     16
  5.512623512541124E+03   2.2215683E-13   7.7136088E-16      0
  5.515360631098796E+03   2.2324829E-13   7.7194168E-16      0
  5.518097711272421E+03   2.2908490E-13   7.8068539E-16      0
  5.520834753000183E+03   2.3012614E-13   7.8274939E-16     16
  5.523571756220271E+03   2.3571924E-13   7.9119034E-16      0
  5.526308720870888E+03   2.3668732E-13   7.9403748E-16     16
  5.529045646890239E+03   2.3785195E-13   7.9603309E-16      0
  5.531782534216551E+03   2.4194310E-13   8.0326580E-16      0
  5.534519382788040E+03   2.4215650E-13   8.0250665E-16      0
  5.537256192542953E+03   2.4118381E-13   7.9975909E-16      0
  5.539992963419528E+03   2.4564473E-13   8.0961310E-16     16
  5.542729695356020E+03   2.4666364E-13   8.1437570E-16      0
  5.545466388290693E+03   2.5029019E-13   8.1939320E-16      0
  5.548203042161817E+03   2.5361779E-13   8.2398285E-16     16
  5.550939656907675E+03   2.5637806E-13   8.3744115E-16     16
  5.553676232466555E+03   2.5564086E-13   8.2786999E-16      0
  5.556412768776757E+03   2.5817388E-13   8.2809101E-16      0
  5.559149265776585E+03   2.5832434E-13   8.8882174E-16     16
  5.561885723404358E+03   2.6028485E-13   8.4027082E-16      0
  5.564622141598401E+03   2.6490420E-13   8.4054610E-16      0
  5.567358520297048E+03   2.6654918E-13   8.4299048E-16      0
  5.570094859438642E+03   2.6863524E-13   8.4719865E-16      0
  5.572831158961537E+03   2.6901425E-13   8.4466623E-16      0
  5.575567418804096E+03   2.7368637E-13   8.5652432E-16     16
  5.578303638904684E+03   2.7357335E-13   8.5611738E-16     16
  5.581039819201686E+03   2.7431169E-13   8.5527262E-16     16
  5.583775959633487E+03   2.7543836E-13   8.5909454E-16      0
  5.586512060138489E+03   2.7793111E-13   8.6273313E-16      0
  5.589248120655096E+03   2.7700707E-13   8.5946564E-16      0
  5.591984141121723E+03   2.8070363E-13   8.6622677E-16      0
  5.594720121476799E+03   2.7963656E-13   8.6776164E-16     16
  5.597456061658756E+03   2.8290974E-13   8.7034446E-16     16
  5.600191961606038E+03   2.8003725E-13   8.6615329E-16      0
  5.602927821257097E+03   2.8347770E-13   8.7016314E-16     16
  5.605663640550398E+03   2.8470263E-13   8.7327360E-16     16
  5.608399419424407E+03   2.8473922E-13   8.7155577E-16      0
  5.611135157817609E+03   2.8603313E-13   8.7725064E-16      0
  5.613870855668492E+03   2.8392645E-13   8.7173031E-16     16
  5.616606512915555E+03   2.8417641E-13   8.8511745E-16     16
  5.619342129497305E+03   2.8382350E-13   8.7350643E-16      0
  5.622077705352262E+03   2.8846036E-13   8.7938452E-16      0
  5.624813240418949E+03   2.8478270E-13   1.0011798E-15      0
  5.627548734635904E+03   2.8749881E-13   8.8128590E-16      0
  5.630284187941674E+03   2.8964399E-13   8.8623856E-16     16
  5.633019600274812E+03   2.8759346E-13   8.8356103E-16     16
  5.635754971573881E+03   2.8757362E-13   8.8093189E-16      0
  5.638490301777455E+03   2.8671198E-13   8.8208688E-16      0
  5.641225590824117E+03   2.8745357E-13   8.8366040E-16      0
  5.643960838652460E+03   2.8860012E-13   8.8090182E-16     16
  5.646696045201085E+03   2.8875483E-13   9.2843334E-16      0
  5.649431210408601E+03   2.8761916E-13   9.3095856E-16      0
  5.652166334213631E+03   2.8673800E-13   8.8367782E-16      0
  5.654901416554803E+03   2.8705936E-13   8.8330422E-16      0
  5.657636457370757E+03   2.8444513E-13   8.8039302E-16      0
  5.660371456600141E+03   2.8519166E-13   8.8354187E-16     16
  5.663106414181613E+03   2.8139326E-13   8.7670621E-16      0
  5.665841330053843E+03   2.8066362E-13   8.7415081E-16      0
  5.668576204155504E+03   2.7688984E-13   9.9394573E-16      0
  5.671311036425285E+03   2.7388671E-13   8.6236477E-16      0
  5.674045826801882E+03   2.7409447E-13   8.7181618E-16      0
  5.676780575224001E+03   2.7064535E-13   8.6003347E-16      0
  5.679515281630358E+03   2.7026406E-13   8.6646648E-16      0
  5.682249945959675E+03   2.6741418E-13   8.5526055E-16     16
  5.684984568150688E+03   2.6652666E-13   8.5362572E-16     16
  5.687719148142140E+03   2.6706914E-13   8.6058087E-16     16
  5.690453685872788E+03   2.6372323E-13   8.5166643E-16      0
  5.693188181281392E+03   2.6457254E-13   8.4979782E-16     16
  5.695922634306722E+03   3.8312086E-13   1.8680859E-14    512
