

  5.242082157091434E+03   4.6538636E-14
  5.246957977846975E+03   3.9702301E-14
  5.251833838034581E+03   4.0021775E-14
  5.256709737541220E+03   4.0923855E-14
  5.261585676253847E+03   4.1670697E-14
  5.266461654059412E+03   4.2437885E-14
  5.271337670844859E+03   4.3839183E-14
  5.276213726497114E+03   4.5772908E-14
  5.281089820903103E+03   4.5331137E-14
  5.285965953949736E+03   4.5525144E-14
  5.290842125523917E+03   4.2985713E-14
  5.295718335512543E+03   4.3467237E-14
  5.300594583802498E+03   4.1858291E-14
  5.305470870280660E+03   4.1278070E-14
  5.310347194833897E+03   4.0389252E-14
  5.315223557349069E+03   3.9940361E-14
  5.320099957713025E+03   3.9619089E-14
  5.324976395812609E+03   4.0743623E-14
  5.329852871534649E+03   3.9570086E-14
  5.334729384765975E+03   3.8730158E-14
  5.339605935393400E+03   3.9617452E-14
  5.344482523303728E+03   3.8738954E-14
  5.349359148383761E+03   3.8477634E-14
  5.354235810520287E+03   3.9828296E-14
  5.359112509600085E+03   3.9090750E-14
  5.363989245509928E+03   3.8994470E-14
  5.368866018136580E+03   3.8104478E-14
  5.373742827366797E+03   3.8805795E-14
  5.378619673087322E+03   3.8598292E-14
  5.383496555184896E+03   3.8061195E-14
  5.388373473546247E+03   3.8702812E-14
  5.393250428058096E+03   3.7684770E-14
  5.398127418607156E+03   3.9251290E-14
  5.403004445080131E+03   3.9486989E-14
  5.407881507363715E+03   3.9488730E-14
  5.412758605344598E+03   3.9932853E-14
  5.417635738909458E+03   4.0450946E-14
  5.422512907944966E+03   4.0029801E-14
  5.427390112337784E+03   4.0536015E-14
  5.432267351974566E+03   3.8551736E-14
  5.437144626741958E+03   3.8806804E-14
  5.442021936526599E+03   3.8546264E-14
  5.446899281215118E+03   3.9141159E-14
  5.451776660694137E+03   3.8842129E-14
  5.456654074850268E+03   3.7336355E-14
  5.461531523570118E+03   3.7670347E-14
  5.466409006740283E+03   3.7221121E-14
  5.471286524247353E+03   3.5742371E-14
  5.476164075977908E+03   3.5673121E-14
  5.481041661818524E+03   3.4842785E-14
  5.485919281655763E+03   3.5028350E-14
  5.490796935376185E+03   3.3717878E-14
  5.495674622866338E+03   3.3478178E-14
  5.500552344012763E+03   3.2423215E-14
  5.505430098701994E+03   3.2188533E-14
  5.510307886820559E+03   3.1391858E-14
  5.515185708254973E+03   3.1490422E-14
  5.520063562891749E+03   3.2010178E-14
  5.524941450617388E+03   3.1856401E-14
  5.529819371318385E+03   3.2631192E-14
  5.534697324881228E+03   3.3145226E-14
  5.539575311192396E+03   3.4768205E-14
  5.544453330138359E+03   3.4215740E-14
  5.549331381605584E+03   3.6140565E-14
  5.554209465480527E+03   3.5871713E-14
  5.559087581649635E+03   3.6013608E-14
  5.563965729999352E+03   3.8439605E-14
  5.568843910416111E+03   3.9046504E-14
  5.573722122786338E+03   3.8661660E-14
  5.578600366996453E+03   3.9651455E-14
  5.583478642932867E+03   3.8954286E-14
  5.588356950481985E+03   3.9584838E-14
  5.593235289530203E+03   3.9058437E-14
  5.598113659963910E+03   3.8933232E-14
  5.602992061669490E+03   3.9590486E-14
  5.607870494533317E+03   3.9366226E-14
  5.612748958441757E+03   3.9171621E-14
  5.617627453281173E+03   3.8645207E-14
  5.622505978937916E+03   3.9652651E-14
  5.627384535298332E+03   3.8767072E-14
  5.632263122248762E+03   3.9481876E-14
  5.637141739675534E+03   3.9468442E-14
  5.642020387464975E+03   3.8224601E-14
  5.646899065503402E+03   3.9060789E-14
  5.651777773677125E+03   3.8404010E-14
  5.656656511872448E+03   3.8373771E-14
  5.661535279975667E+03   3.7640189E-14
  5.666414077873069E+03   3.7516221E-14
  5.671292905450939E+03   3.6898016E-14
  5.676171762595551E+03   3.6523403E-14
  5.681050649193176E+03   3.6684113E-14
  5.685929565130071E+03   3.5462423E-14
  5.690808510292494E+03   3.5335579E-14
  5.695687484566692E+03   3.4951432E-14
  5.700566487838907E+03   3.4372953E-14
  5.705445519995372E+03   3.5166148E-14
  5.710324580922315E+03   3.4006228E-14
  5.715203670505957E+03   3.4230614E-14
  5.720082788632513E+03   3.3602027E-14
  5.724961935188188E+03   3.3230007E-14
  5.729841110059186E+03   3.3537978E-14
  5.734720313131698E+03   3.2960542E-14
  5.739599544291914E+03   3.2849940E-14
  5.744478803426014E+03   3.2500176E-14
  5.749358090420173E+03   3.1393487E-14
  5.754237405160559E+03   3.1264030E-14
  5.759116747533332E+03   3.0079905E-14
  5.763996117424650E+03   2.9975293E-14
  5.768875514720658E+03   2.9244507E-14
  5.773754939307501E+03   2.8458193E-14
  5.778634391071314E+03   2.7575366E-14
  5.783513869898226E+03   2.7282887E-14
  5.788393375674362E+03   2.5688238E-14
  5.793272908285836E+03   2.5591904E-14
  5.798152467618759E+03   2.4736318E-14
  5.803032053559238E+03   2.3941756E-14
  5.807911665993369E+03   2.4280714E-14
  5.812791304807243E+03   2.3748446E-14
  5.817670969886948E+03   2.4092131E-14
  5.822550661118563E+03   2.3936553E-14
  5.827430378388160E+03   2.4686565E-14
  5.832310121581808E+03   2.4974301E-14
  5.837189890585567E+03   2.5309761E-14
  5.842069685285493E+03   2.6562203E-14
  5.846949505567635E+03   2.7105463E-14
  5.851829351318038E+03   2.7674332E-14
  5.856709222422736E+03   2.8865236E-14
  5.861589118767763E+03   2.8465694E-14
  5.866469040239143E+03   3.0083866E-14
  5.871348986722897E+03   3.0222701E-14
  5.876228958105038E+03   3.0445413E-14
  5.881108954271574E+03   3.1501484E-14
  5.885988975108507E+03   3.2285992E-14
  5.890869020501834E+03   3.2780663E-14
  5.895749090337545E+03   3.3521952E-14
  5.900629184501623E+03   3.2891997E-14
  5.905509302880051E+03   3.3303980E-14
  5.910389445358800E+03   3.2337959E-14
  5.915269611823838E+03   3.2683498E-14
  5.920149802161130E+03   3.4001254E-14
  5.925030016256628E+03   3.4111928E-14
  5.929910253996287E+03   3.3455487E-14
  5.934790515266051E+03   3.3680568E-14
  5.939670799951860E+03   3.2703603E-14
  5.944551107939650E+03   3.2785759E-14
  5.949431439115348E+03   3.2727154E-14
  5.954311793364879E+03   3.2791566E-14
  5.959192170574161E+03   3.2469290E-14
  5.964072570629107E+03   3.2309730E-14
  5.968952993415625E+03   3.2089799E-14
  5.973833438819617E+03   3.2385282E-14
  5.978713906726980E+03   3.2751552E-14
  5.983594397023606E+03   3.2408504E-14
  5.988474909595379E+03   3.1967237E-14
  5.993355444328185E+03   3.2031974E-14
  5.998236001107896E+03   3.2110338E-14
  6.003116579820385E+03   3.2515182E-14
  6.007997180351517E+03   3.2688546E-14
  6.012877802587152E+03   3.1393701E-14
  6.017758446413147E+03   3.1551405E-14
  6.022639111715352E+03   3.1449669E-14
  6.027519798379612E+03   3.0172876E-14
  6.032400506291768E+03   3.0937939E-14
  6.037281235337656E+03   3.0043063E-14
  6.042161985403104E+03   3.0135820E-14
  6.047042756373941E+03   2.9961144E-14
  6.051923548135986E+03   2.9446253E-14
  6.056804360575056E+03   2.9349885E-14
  6.061685193576961E+03   3.0532038E-14
  6.066566047027507E+03   2.8882736E-14
  6.071446920812497E+03   2.8823234E-14
  6.076327814817724E+03   2.8229023E-14
  6.081208728928984E+03   2.8575002E-14
  6.086089663032063E+03   2.8863258E-14
  6.090970617012744E+03   2.8219746E-14
  6.095851590756802E+03   2.7255579E-14
  6.100732584150014E+03   2.6261199E-14
  6.105613597078146E+03   2.5000105E-14
  6.110494629426964E+03   2.3381201E-14
  6.115375681082226E+03   2.2017808E-14
  6.120256751929687E+03   2.0841910E-14
  6.125137841855099E+03   1.9135440E-14
  6.130018950744206E+03   1.8118704E-14
  6.134900078482752E+03   2.1217008E-14
  6.139781224956473E+03   1.6123723E-14
  6.144662390051100E+03   1.5843514E-14
  6.149543573652365E+03   1.5151510E-14
  6.154424775645990E+03   1.4074965E-14
  6.159305995917694E+03   1.3540335E-14
  6.164187234353193E+03   1.3130258E-14
  6.169068490838199E+03   1.2822766E-14
  6.173949765258419E+03   1.2648630E-14
  6.178831057499555E+03   1.2371703E-14
  6.183712367447307E+03   1.2321830E-14
  6.188593694987368E+03   1.2702947E-14
  6.193475040005428E+03   1.2392051E-14
  6.198356402387174E+03   1.3250202E-14
  6.203237782018290E+03   1.3250911E-14
  6.208119178784451E+03   1.3745778E-14
  6.213000592571333E+03   1.4385894E-14
  6.217882023264607E+03   1.4876231E-14
  6.222763470749936E+03   1.4948034E-14
  6.227644934912984E+03   1.5710122E-14
  6.232526415639411E+03   1.6296870E-14
  6.237407912814869E+03   1.7033729E-14
  6.242289426325009E+03   1.7764810E-14
  6.247170956055478E+03   1.8079376E-14
  6.252052501891920E+03   1.8651764E-14
  6.256934063719973E+03   1.9521922E-14
  6.261815641425273E+03   2.0310983E-14
  6.266697234893451E+03   2.1011450E-14
  6.271578844010137E+03   2.1200228E-14
  6.276460468660952E+03   2.2328273E-14
  6.281342108731519E+03   2.2753563E-14
  6.286223764107454E+03   2.3219650E-14
  6.291105434674372E+03   2.3637732E-14
  6.295987120317882E+03   2.4131025E-14
  6.300868820923591E+03   2.3810459E-14
  6.305750536377100E+03   2.4720333E-14
  6.310632266564010E+03   2.5498341E-14
  6.315514011369917E+03   2.5653885E-14
  6.320395770680413E+03   2.6167899E-14
  6.325277544381088E+03   2.6793561E-14
  6.330159332357527E+03   2.6970634E-14
  6.335041134495312E+03   2.6682722E-14
  6.339922950680023E+03   2.7550690E-14
  6.344804780797234E+03   2.7814200E-14
  6.349686624732521E+03   2.7962660E-14
  6.354568482371450E+03   2.8710846E-14
  6.359450353599588E+03   2.8961446E-14
  6.364332238302499E+03   2.9446650E-14
  6.369214136365741E+03   2.8827086E-14
  6.374096047674872E+03   2.8753469E-14
  6.378977972115445E+03   2.8522276E-14
  6.383859909573010E+03   2.9176910E-14
  6.388741859933115E+03   2.9677737E-14
  6.393623823081303E+03   3.0129118E-14
  6.398505798903117E+03   2.9166495E-14
  6.403387787284095E+03   2.9750436E-14
  6.408269788109772E+03   2.9721305E-14
  6.413151801265680E+03   2.9211568E-14
  6.418033826637349E+03   2.9032349E-14
  6.422915864110306E+03   2.9179279E-14
  6.427797913570074E+03   2.9224314E-14
  6.432679974902177E+03   3.0091242E-14
  6.437562047992129E+03   2.9658018E-14
  6.442444132725448E+03   2.9808479E-14
  6.447326228987647E+03   2.9708925E-14
  6.452208336664236E+03   2.9958197E-14
  6.457090455640720E+03   2.9142477E-14
  6.461972585802608E+03   2.9314170E-14
  6.466854727035398E+03   2.8431582E-14
  6.471736879224592E+03   2.8641287E-14
  6.476619042255687E+03   2.9385812E-14
  6.481501216014176E+03   2.8956313E-14
  6.486383400385553E+03   2.9004776E-14
  6.491265595255305E+03   2.7692800E-14
  6.496147800508920E+03   2.8710355E-14
  6.501030016031884E+03   2.8242316E-14
  6.505912241709676E+03   2.8150627E-14
  6.510794477427778E+03   2.8030995E-14
  6.515676723071668E+03   2.7778925E-14
  6.520558978526818E+03   2.7891494E-14
  6.525441243678704E+03   2.7984817E-14
  6.530323518412794E+03   2.7900767E-14
  6.535205802614559E+03   2.7061254E-14
  6.540088096169463E+03   2.7527339E-14
  6.544970398962970E+03   2.7079415E-14
  6.549852710880541E+03   2.6719976E-14
  6.554735031807637E+03   2.6731069E-14
  6.559617361629714E+03   2.6267159E-14
  6.564499700232228E+03   2.5895195E-14
  6.569382047500632E+03   2.5962273E-14
  6.574264403320379E+03   2.6065909E-14
  6.579146767576916E+03   2.5714385E-14
  6.584029140155691E+03   2.5392252E-14
  6.588911520942148E+03   2.5484404E-14
  6.593793909821732E+03   2.4496276E-14
  6.598676306679884E+03   2.4680116E-14
  6.603558711402043E+03   2.4097884E-14
  6.608441123873647E+03   2.3650026E-14
  6.613323543980133E+03   2.3641979E-14
  6.618205971606934E+03   2.4308880E-14
  6.623088406639482E+03   2.3063421E-14
  6.627970848963208E+03   2.3204618E-14
  6.632853298463541E+03   2.2612044E-14
  6.637735755025909E+03   2.2816388E-14
  6.642618218535737E+03   2.2985991E-14
  6.647500688878447E+03   2.2355446E-14
  6.652383165939465E+03   2.1797609E-14
  6.657265649604208E+03   2.1934354E-14
  6.662148139758097E+03   2.1456300E-14
  6.667030636286551E+03   2.1108637E-14
  6.671913139074984E+03   2.0898902E-14
  6.676795648008812E+03   2.1176896E-14
  6.681678162973448E+03   2.0735729E-14
  6.686560683854302E+03   2.0263393E-14
  6.691443210536787E+03   2.0158510E-14
  6.696325742906311E+03   2.0150031E-14
  6.701208280848283E+03   1.9807283E-14
  6.706090824248107E+03   1.9624828E-14
  6.710973372991190E+03   1.8588045E-14
  6.715855926962936E+03   1.8947582E-14
  6.720738486048746E+03   1.9030326E-14
  6.725621050134024E+03   1.9143676E-14
  6.730503619104169E+03   1.8843141E-14
  6.735386192844579E+03   1.8660715E-14
  6.740268771240653E+03   1.8216775E-14
  6.745151354177789E+03   1.8035341E-14
  6.750033941541382E+03   1.8190781E-14
  6.754916533216827E+03   1.8608380E-14
  6.759799129089517E+03   1.8341138E-14
  6.764681729044845E+03   1.8239855E-14
  6.769564332968205E+03   1.8091694E-14
  6.774446940744986E+03   1.8218064E-14
  6.779329552260578E+03   1.7752647E-14
  6.784212167400371E+03   1.7640642E-14
  6.789094786049753E+03   1.7437308E-14
  6.793977408094112E+03   1.7376920E-14
  6.798860033418834E+03   1.7403850E-14
  6.803742661909305E+03   1.7199168E-14
  6.808625293450910E+03   1.6703873E-14
  6.813507927929034E+03   1.6630553E-14
  6.818390565229061E+03   1.6459748E-14
  6.823273205236374E+03   1.6640513E-14
  6.828155847836355E+03   1.6150081E-14
  6.833038492914386E+03   1.6164640E-14
  6.837921140355848E+03   1.6228453E-14
  6.842803790046123E+03   1.5850780E-14
  6.847686441870591E+03   1.6156234E-14
  6.852569095714630E+03   1.5823438E-14
  6.857451751463620E+03   1.5877145E-14
  6.862334409002942E+03   1.6003256E-14
  6.867217068217971E+03   1.6009422E-14
  6.872099728994088E+03   1.5735590E-14
  6.876982391216668E+03   1.5487140E-14
  6.881865054771089E+03   1.5450066E-14
  6.886747719542730E+03   1.5428104E-14
  6.891630385416965E+03   1.5476463E-14
  6.896513052279171E+03   1.5454716E-14
  6.901395720014726E+03   1.5016688E-14
  6.906278388509005E+03   1.4875965E-14
  6.911161057647382E+03   1.4894092E-14
  6.916043727315236E+03   1.4748905E-14
  6.920926397397940E+03   1.4881307E-14
  6.925809067780870E+03   1.4774171E-14
  6.930691738349400E+03   1.4260443E-14
  6.935574408988909E+03   1.4650282E-14
  6.940457079584769E+03   1.4402592E-14
  6.945339750022356E+03   1.3902040E-14
  6.950222420187048E+03   1.4357576E-14
  6.955105089964216E+03   1.4131556E-14
  6.959987759239239E+03   1.4001279E-14
  6.964870427897490E+03   1.3853443E-14
  6.969753095824348E+03   1.3550426E-14
  6.974635762905185E+03   1.3776312E-14
  6.979518429025381E+03   1.3474991E-14
  6.984401094070309E+03   1.3401167E-14
  6.989283757925348E+03   1.3423522E-14
  6.994166420475874E+03   1.2993640E-14
  6.999049081607264E+03   1.3043187E-14
  7.003931741204896E+03   1.3136074E-14
  7.008814399154147E+03   1.3047192E-14
  7.013697055340398E+03   1.3160541E-14
  7.018579709649024E+03   1.3500862E-14
  7.023462361965407E+03   1.2979942E-14
  7.028345012174925E+03   1.2890012E-14
  7.033227660162957E+03   1.2878187E-14
  7.038110305814886E+03   1.3100883E-14
  7.042992949016094E+03   1.2673420E-14
  7.047875589651960E+03   1.2645606E-14
  7.052758227607867E+03   1.2407834E-14
  7.057640862769198E+03   1.2476689E-14
  7.062523495021337E+03   1.2291648E-14
  7.067406124249669E+03   1.2565951E-14
  7.072288750339579E+03   1.2478748E-14
  7.077171373176451E+03   1.2489037E-14
  7.082053992645673E+03   1.2296807E-14
  7.086936608632632E+03   1.1998107E-14
  7.091819221022716E+03   1.2391303E-14
  7.096701829701315E+03   1.2219656E-14
  7.101584434553816E+03   1.2127052E-14
  7.106467035465613E+03   1.2165988E-14
  7.111349632322096E+03   1.2533878E-14
  7.116232225008658E+03   1.2170497E-14
  7.121114813410692E+03   1.2197870E-14
  7.125997397413595E+03   1.2276973E-14
  7.130879976902759E+03   1.1994851E-14
  7.135762551763583E+03   1.2101414E-14
  7.140645121881465E+03   1.2273987E-14
  7.145527687141803E+03   1.2638967E-14
  7.150410247429996E+03   1.2680931E-14
  7.155292802631448E+03   1.2451680E-14
  7.160175352631558E+03   1.2622317E-14
  7.165057897315733E+03   1.2662429E-14
  7.169940436569376E+03   1.2387627E-14
  7.174822970277894E+03   1.2846917E-14
  7.179705498326693E+03   1.2692995E-14
  7.184588020601183E+03   1.2753109E-14
  7.189470536986775E+03   1.2824530E-14
  7.194353047368878E+03   1.2785541E-14
  7.199235551632907E+03   1.2793487E-14
  7.204118049664275E+03   1.3077764E-14
  7.209000541348399E+03   1.2640528E-14
  7.213883026570695E+03   1.2634231E-14
  7.218765505216584E+03   1.2548885E-14
  7.223647977171483E+03   1.2694180E-14
  7.228530442320818E+03   1.3005606E-14
  7.233412900550009E+03   1.2741477E-14
  7.238295351744483E+03   1.3181102E-14
  7.243177795789667E+03   1.2889466E-14
  7.248060232570989E+03   1.2871612E-14
  7.252942661973878E+03   1.2766469E-14
  7.257825083883767E+03   1.2559255E-14
  7.262707498186091E+03   1.2217586E-14
  7.267589904766283E+03   1.2706759E-14
  7.272472303509781E+03   1.2547706E-14
  7.277354694302026E+03   1.2411972E-14
  7.282237077028457E+03   1.2859218E-14
  7.287119451574518E+03   1.2939329E-14
  7.292001817825653E+03   1.2984424E-14
  7.296884175667309E+03   1.2618210E-14
  7.301766524984935E+03   1.2182252E-14
  7.306648865663981E+03   1.2691125E-14
  7.311531197589900E+03   1.2712256E-14
  7.316413520648148E+03   1.2458396E-14
  7.321295834724180E+03   1.2391453E-14
  7.326178139703456E+03   1.2700144E-14
  7.331060435471437E+03   1.2315948E-14
  7.335942721913587E+03   1.2951950E-14
  7.340824998915370E+03   1.2805623E-14
  7.345707266362256E+03   1.2742454E-14
  7.350589524139711E+03   1.2198327E-14
  7.355471772133211E+03   1.2266716E-14
  7.360354010228229E+03   1.2125596E-14
  7.365236238310242E+03   1.2059023E-14
  7.370118456264729E+03   1.2493855E-14
  7.375000663977171E+03   1.2038596E-14
  7.379882861333053E+03   1.1661325E-14
  7.384765048217861E+03   1.1765692E-14
  7.389647224517084E+03   1.1091285E-14
  7.394529390116213E+03   1.1292960E-14
  7.399411544900742E+03   1.0939422E-14
  7.404293688756167E+03   1.1098154E-14
  7.409175821567988E+03   1.1049789E-14
  7.414057943221706E+03   1.0560882E-14
  7.418940053602824E+03   1.0584372E-14
  7.423822152596849E+03   1.0920443E-14
  7.428704240089292E+03   1.1011857E-14
  7.433586315965666E+03   1.0443234E-14
  7.438468380111482E+03   1.0491686E-14
  7.443350432412260E+03   1.0304100E-14
  7.448232472753521E+03   1.0278593E-14
  7.453114501020787E+03   9.7035349E-15
  7.457996517099585E+03   1.0166377E-14
  7.462878520875443E+03   1.0444791E-14
  7.467760512233892E+03   1.0138959E-14
  7.472642491060469E+03   1.0090804E-14
  7.477524457240711E+03   1.0094052E-14
  7.482406410660158E+03   9.7325449E-15
  7.487288351204353E+03   9.5609411E-15
  7.492170278758844E+03   9.7379600E-15
  7.497052193209180E+03   9.6346491E-15
  7.501934094440912E+03   8.8147060E-15
  7.506815982339600E+03   8.9947276E-15
  7.511697856790800E+03   8.4518565E-15
  7.516579717680074E+03   8.1428538E-15
  7.521461564892988E+03   8.3883028E-15
  7.526343398315113E+03   7.7853280E-15
  7.531225217832015E+03   7.4936776E-15
  7.536107023329273E+03   7.6022554E-15
  7.540988814692466E+03   7.8069951E-15
  7.545870591807173E+03   7.6055834E-15
  7.550752354558981E+03   7.5820299E-15
  7.555634102833476E+03   7.1450702E-15
  7.560515836516252E+03   7.5157742E-15
  7.565397555492904E+03   7.7402167E-15
  7.570279259649030E+03   7.9120509E-15
  7.575160948870231E+03   7.8277593E-15
  7.580042623042114E+03   8.0505103E-15
  7.584924282050286E+03   8.4898959E-15
  7.589805925780362E+03   8.6861323E-15
  7.594687554117959E+03   8.1879812E-15
  7.599569166948694E+03   8.3002817E-15
  7.604450764158192E+03   8.4030988E-15
  7.609332345632080E+03   7.9991809E-15
  7.614213911255990E+03   8.0157675E-15
  7.619095460915553E+03   7.9361541E-15
  7.623976994496411E+03   8.6805139E-15
  7.628858511884204E+03   8.8346985E-15
  7.633740012964578E+03   8.7022810E-15
  7.638621497623184E+03   9.0819576E-15
  7.643502965745674E+03   8.9287996E-15
  7.648384417217708E+03   9.1655885E-15
  7.653265851924943E+03   9.0308163E-15
  7.658147269753047E+03   8.8669611E-15
  7.663028670587690E+03   8.9488980E-15
  7.667910054314543E+03   9.1627205E-15
  7.672791420819283E+03   9.3951861E-15
  7.677672769987595E+03   9.4318525E-15
  7.682554101705159E+03   1.0016302E-14
  7.687435415857668E+03   9.9795262E-15
  7.692316712330815E+03   9.5583035E-15
  7.697197991010296E+03   9.4090597E-15
  7.702079251781814E+03   8.9412332E-15
  7.706960494531076E+03   9.4308055E-15
  7.711841719143790E+03   9.9468638E-15
  7.716722925505672E+03   1.0339681E-14
  7.721604113502441E+03   1.0884439E-14
  7.726485283019818E+03   1.0188846E-14
  7.731366433943533E+03   1.0424975E-14
  7.736247566159314E+03   9.6204596E-15
  7.741128679552902E+03   9.7948383E-15
  7.746009774010035E+03   9.5143204E-15
  7.750890849416457E+03   9.6135614E-15
  7.755771905657919E+03   1.0206942E-14
  7.760652942620174E+03   1.0589974E-14
  7.765533960188982E+03   1.1046998E-14
  7.770414958250104E+03   1.1202624E-14
  7.775295936689308E+03   1.0989309E-14
  7.780176895392368E+03   1.1183019E-14
  7.785057834245059E+03   1.0881229E-14
  7.789938753133161E+03   1.0909667E-14
  7.794819651942464E+03   1.0398691E-14
  7.799700530558755E+03   1.0619862E-14
  7.804581388867832E+03   1.0855052E-14
  7.809462226755495E+03   1.1191141E-14
  7.814343044107548E+03   1.0930460E-14
  7.819223840809801E+03   1.1768249E-14
  7.824104616748070E+03   1.2485080E-14
  7.828985371808173E+03   1.2503967E-14
  7.833866105875935E+03   1.1876440E-14
  7.838746818837187E+03   1.1934215E-14
  7.843627510577761E+03   1.1124669E-14
  7.848508180983497E+03   1.1747851E-14
  7.853388829940240E+03   1.1473654E-14
  7.858269457333839E+03   1.1531510E-14
  7.863150063050147E+03   1.1322365E-14
  7.868030646975026E+03   1.1238856E-14
  7.872911208994338E+03   1.1369282E-14
  7.877791748993955E+03   1.1412157E-14
  7.882672266859750E+03   1.1286345E-14
  7.887552762477605E+03   1.1986636E-14
  7.892433235733402E+03   1.2448716E-14
  7.897313686513035E+03   1.1855596E-14
  7.902194114702398E+03   1.2070136E-14
  7.907074520187391E+03   1.2291994E-14
  7.911954902853923E+03   1.1721134E-14
  7.916835262587903E+03   1.1503671E-14
  7.921715599275250E+03   1.1185177E-14
  7.926595912801886E+03   1.1490183E-14
  7.931476203053737E+03   1.2273092E-14
  7.936356469916739E+03   1.2219341E-14
  7.941236713276829E+03   1.1704553E-14
  7.946116933019952E+03   1.1838453E-14
  7.950997129032057E+03   1.1470895E-14
  7.955877301199102E+03   1.0830633E-14
  7.960757449407044E+03   1.0862699E-14
  7.965637573541852E+03   1.0385485E-14
  7.970517673489498E+03   1.0797506E-14
  7.975397749135959E+03   1.0971847E-14
  7.980277800367219E+03   1.1369879E-14
  7.985157827069268E+03   1.1400221E-14
  7.990037829128100E+03   1.0934867E-14
  7.994917806429717E+03   1.1204354E-14
  7.999797758860123E+03   1.0906101E-14
  8.004677686305333E+03   1.0560742E-14
  8.009557588651363E+03   1.0177451E-14
  8.014437465784239E+03   9.9658856E-15
  8.019317317589991E+03   9.6967137E-15
  8.024197143954652E+03   9.7306010E-15
  8.029076944764268E+03   9.9586333E-15
  8.033956719904884E+03   1.0113211E-14
  8.038836469262555E+03   9.9315858E-15
  8.043716192723340E+03   9.9152770E-15
  8.048595890173305E+03   1.0192773E-14
  8.053475561498522E+03   9.8481200E-15
  8.058355206585072E+03   9.5468541E-15
  8.063234825319034E+03   9.3482927E-15
  8.068114417586503E+03   9.1054068E-15
  8.072993983273574E+03   8.7521585E-15
  8.077873522266348E+03   8.7248434E-15
  8.082753034450937E+03   8.7272845E-15
  8.087632519713455E+03   8.1465647E-15
  8.092511977940024E+03   7.6657769E-15
  8.097391409016770E+03   7.8403428E-15
  8.102270812829831E+03   7.6949564E-15
  8.107150189265345E+03   8.0435257E-15
  8.112029538209460E+03   7.5918767E-15
  8.116908859548328E+03   8.2429392E-15
  8.121788153168111E+03   7.6290470E-15
  8.126667418954975E+03   7.8026253E-15
  8.131546656795093E+03   7.5546598E-15
  8.136425866574642E+03   7.7049886E-15
  8.141305048179812E+03   7.0825033E-15
  8.146184201496793E+03   6.8704481E-15
  8.151063326411785E+03   7.0326943E-15
  8.155942422810994E+03   6.9606025E-15
  8.160821490580633E+03   7.0211556E-15
  8.165700529606920E+03   7.0740799E-15
  8.170579539776082E+03   6.8047209E-15
  8.175458520974351E+03   6.9021826E-15
  8.180337473087967E+03   6.2956279E-15
  8.185216396003176E+03   5.8118153E-15
  8.190095289606231E+03   5.6591940E-15
  8.194974153783391E+03   5.2123858E-15
  8.199852988420926E+03   5.4106915E-15
  8.204731793405106E+03   5.0318039E-15
  8.209610568622214E+03   5.3079154E-15
  8.214489313958537E+03   5.1446329E-15
  8.219368029300369E+03   4.6799074E-15
  8.224246714534012E+03   5.0439296E-15
  8.229125369545774E+03   4.8238975E-15
  8.234003994221972E+03   4.0700907E-15
  8.238882588448929E+03   3.9799935E-15
  8.243761152112973E+03   4.0588951E-15
  8.248639685100443E+03   3.8452158E-15
  8.253518187297681E+03   3.5983510E-15
  8.258396658591040E+03   3.3850664E-15
  8.263275098866878E+03   3.6709840E-15
  8.268153508011561E+03   3.9550446E-15
  8.273031885911463E+03   3.8933802E-15
  8.277910232452961E+03   3.7960845E-15
  8.282788547522447E+03   3.5395457E-15
  8.287666831006314E+03   3.4928147E-15
  8.292545082790966E+03   3.6944117E-15
  8.297423302762811E+03   3.2854699E-15
  8.302301490808264E+03   3.7035872E-15
  8.307179646813755E+03   3.7089222E-15
  8.312057770665715E+03   3.9651908E-15
  8.316935862250581E+03   4.0111419E-15
  8.321813921454803E+03   3.9427825E-15
  8.326691948164833E+03   4.1385170E-15
  8.331569942267135E+03   4.1763519E-15
  8.336447903648181E+03   4.7039221E-15
  8.341325832194445E+03   4.3326993E-15
  8.346203727792414E+03   4.3402718E-15
  8.351081590328582E+03   4.5166495E-15
  8.355959419689449E+03   3.9583722E-15
  8.360837215761521E+03   4.1472495E-15
  8.365714978431319E+03   3.9924792E-15
  8.370592707585363E+03   4.2276244E-15
  8.375470403110185E+03   3.8998316E-15
  8.380348064892329E+03   4.6061152E-15
  8.385225692818336E+03   4.8338345E-15
  8.390103286774769E+03   4.7171604E-15
  8.394980846648183E+03   4.8893571E-15
  8.399858372325158E+03   5.7449806E-15
  8.404735863692264E+03   5.3228533E-15
  8.409613320636096E+03   4.7733504E-15
  8.414490743043249E+03   4.6823333E-15
  8.419368130800320E+03   4.9471891E-15
  8.424245483793926E+03   5.2001796E-15
  8.429122801910686E+03   5.0936966E-15
  8.434000085037227E+03   5.7267427E-15
  8.438877333060182E+03   5.6520942E-15
  8.443754545866201E+03   6.0263790E-15
  8.448631723341930E+03   5.8484779E-15
  8.453508865374037E+03   6.0823361E-15
  8.458385971849182E+03   6.7221259E-15
  8.463263042654049E+03   6.4622575E-15
  8.468140077675320E+03   7.2450201E-15
  8.473017076799690E+03   7.3387959E-15
  8.477894039913861E+03   7.0829484E-15
  8.482770966904542E+03   7.1276518E-15
  8.487647857658454E+03   7.6392284E-15
  8.492524712062323E+03   7.5392565E-15
  8.497401530002884E+03   7.7881783E-15
  8.502278311366885E+03   8.6868845E-15
  8.507155056041076E+03   8.6520197E-15
  8.512031763912219E+03   8.4243856E-15
  8.516908434867086E+03   9.6634372E-15
  8.521785068792449E+03   9.9028960E-15
  8.526661665575104E+03   1.0297021E-14
  8.531538225101840E+03   1.0188502E-14
  8.536414747259465E+03   1.0574251E-14
  8.541291231934791E+03   1.0581722E-14
  8.546167679014641E+03   1.0311825E-14
  8.551044088385845E+03   1.0750028E-14
  8.555920459935243E+03   1.0296809E-14
  8.560796793549684E+03   1.0256014E-14
  8.565673089116022E+03   9.3728659E-15
  8.570549346521128E+03   9.1717981E-15
  8.575425565651873E+03   9.6471047E-15
  8.580301746395144E+03   9.5175807E-15
  8.585177888637829E+03   1.0278752E-14
  8.590053992266834E+03   1.0552914E-14
  8.594930057169067E+03   1.0251933E-14
  8.599806083231453E+03   1.1143396E-14
  8.604682070340914E+03   1.1174065E-14
  8.609558018384394E+03   1.0519755E-14
  8.614433927248834E+03   1.1201554E-14
  8.619309796821191E+03   1.1869911E-14
  8.624185626988437E+03   1.1282028E-14
  8.629061417637540E+03   1.1517220E-14
  8.633937168655484E+03   1.1346244E-14
  8.638812879929266E+03   1.1065514E-14
  8.643688551345882E+03   9.9847549E-15
  8.648564182792350E+03   1.0084775E-14
  8.653439774155686E+03   1.0761521E-14
  8.658315325322919E+03   1.0531155E-14
  8.663190836181093E+03   1.0672600E-14
  8.668066306617255E+03   9.9471102E-15
  8.672941736518462E+03   1.0627860E-14
  8.677817125771782E+03   1.1205561E-14
  8.682692474264293E+03   1.1512801E-14
  8.687567781883079E+03   1.1987762E-14
  8.692443048515239E+03   1.1460929E-14
  8.697318274047877E+03   1.1368707E-14
  8.702193458368110E+03   1.0461978E-14
  8.707068601363058E+03   1.0367413E-14
  8.711943702919860E+03   1.0097144E-14
  8.716818762925661E+03   1.0291688E-14
  8.721693781267610E+03   1.0505453E-14
  8.726568757832869E+03   1.0193931E-14
  8.731443692508619E+03   1.0574447E-14
  8.736318585182036E+03   1.0302757E-14
  8.741193435740317E+03   1.1040676E-14
  8.746068244070659E+03   1.1337871E-14
  8.750943010060279E+03   1.0945067E-14
  8.755817733596397E+03   1.0461957E-14
  8.760692414566247E+03   9.6375612E-15
  8.765567052857064E+03   9.9218737E-15
  8.770441648356109E+03   1.0128759E-14
  8.775316200950638E+03   9.7015469E-15
  8.780190710527922E+03   9.5740168E-15
  8.785065176975246E+03   9.8375016E-15
  8.789939600179898E+03   9.9158522E-15
  8.794813980029183E+03   9.9200314E-15
  8.799688316410413E+03   1.0166416E-14
  8.804562609210907E+03   9.8631862E-15
  8.809436858317997E+03   1.0847844E-14
  8.814311063619027E+03   1.0316684E-14
  8.819185225001347E+03   1.0070505E-14
  8.824059342352322E+03   9.7642426E-15
  8.828933415559326E+03   9.0322452E-15
  8.833807444509739E+03   8.6150459E-15
  8.838681429090953E+03   9.6986924E-15
  8.843555369190375E+03   9.4665622E-15
  8.848429264695418E+03   9.1437689E-15
  8.853303115493505E+03   8.5809020E-15
  8.858176921472072E+03   8.6008903E-15
  8.863050682518562E+03   8.7804113E-15
  8.867924398520434E+03   8.6694661E-15
  8.872798069365150E+03   8.7899040E-15
  8.877671694940189E+03   8.4228219E-15
  8.882545275133038E+03   8.5359898E-15
  8.887418809831192E+03   8.6027072E-15
  8.892292298922162E+03   7.9574400E-15
  8.897165742293466E+03   7.4242379E-15
  8.902039139832632E+03   7.5031441E-15
  8.906912491427202E+03   7.6176358E-15
  8.911785796964721E+03   7.5699343E-15
  8.916659056332759E+03   7.6566866E-15
  8.921532269418878E+03   7.5617638E-15
  8.926405436110670E+03   7.1265964E-15
  8.931278556295722E+03   6.9935237E-15
  8.936151629861641E+03   6.1264216E-15
  8.941024656696041E+03   6.2285687E-15
  8.945897636686550E+03   5.5776472E-15
  8.950770569720804E+03   6.3388693E-15
  8.955643455686448E+03   5.9880050E-15
  8.960516294471143E+03   6.3936287E-15
  8.965389085962557E+03   6.6053205E-15
  8.970261830048372E+03   5.9939554E-15
  8.975134526616279E+03   6.0067799E-15
  8.980007175553981E+03   6.1477821E-15
  8.984879776749189E+03   5.8425525E-15
  8.989752330089630E+03   6.6009595E-15
  8.994624835463041E+03   5.9727181E-15
  8.999497292757165E+03   6.3441717E-15
  9.004369701859763E+03   6.1560428E-15
  9.009242062658603E+03   5.7616392E-15
  9.014114375041465E+03   5.5178907E-15
  9.018986638896142E+03   5.6521136E-15
  9.023858854110433E+03   6.1611864E-15
  9.028731020572159E+03   5.9526718E-15
  9.033603138169137E+03   5.9518871E-15
  9.038475206789211E+03   6.2377332E-15
  9.043347226320224E+03   6.7482751E-15
  9.048219196650040E+03   6.7262480E-15
  9.053091117666525E+03   7.2221366E-15
  9.057962989257563E+03   6.6957463E-15
  9.062834811311050E+03   6.7403883E-15
  9.067706583714889E+03   5.3742106E-15
  9.072578306356996E+03   5.8004160E-15
  9.077449979125302E+03   5.8487591E-15
  9.082321601907744E+03   5.7515523E-15
  9.087193174592274E+03   5.6272761E-15
  9.092064697066855E+03   5.9556038E-15
  9.096936169219463E+03   6.1555434E-15
  9.101807590938080E+03   6.1295018E-15
  9.106678962110709E+03   6.0197365E-15
  9.111550282625358E+03   6.0139055E-15
  9.116421552370048E+03   6.4057320E-15
  9.121292771232811E+03   7.0848750E-15
  9.126163939101692E+03   7.3299648E-15
  9.131035055864751E+03   6.7879984E-15
  9.135906121410053E+03   6.7937684E-15
  9.140777135625678E+03   7.0114961E-15
  9.145648098399717E+03   6.5039116E-15
  9.150519009620280E+03   5.9801166E-15
  9.155389869175478E+03   5.3453983E-15
  9.160260676953441E+03   5.3374705E-15
  9.165131432842310E+03   5.1084218E-15
  9.170002136730234E+03   5.5031904E-15
  9.174872788505378E+03   5.5508381E-15
  9.179743388055918E+03   6.0010006E-15
  9.184613935270045E+03   6.1982983E-15
  9.189484430035953E+03   6.7658599E-15
  9.194354872241862E+03   6.6857657E-15
  9.199225261775993E+03   6.4967114E-15
  9.204095598526579E+03   5.8527956E-15
  9.208965882381875E+03   5.5896810E-15
  9.213836113230140E+03   5.1994757E-15
  9.218706290959644E+03   5.0391049E-15
  9.223576415458680E+03   5.3995326E-15
  9.228446486615539E+03   5.0883590E-15
  9.233316504318536E+03   5.3695261E-15
  9.238186468455988E+03   5.7671212E-15
  9.243056378916237E+03   6.6221290E-15
  9.247926235587625E+03   5.8622875E-15
  9.252796038358516E+03   6.6056072E-15
  9.257665787117281E+03   6.6459374E-15
  9.262535481752300E+03   7.1594714E-15
  9.267405122151979E+03   6.8425507E-15
  9.272274708204723E+03   5.8383232E-15
  9.277144239798952E+03   6.2369166E-15
  9.282013716823105E+03   5.6312106E-15
  9.286883139165629E+03   5.2392274E-15
  9.291752506714984E+03   5.4615346E-15
  9.296621819359641E+03   4.9495053E-15
  9.301491076988088E+03   4.8273204E-15
  9.306360279488823E+03   4.8656126E-15
  9.311229426750355E+03   5.0665208E-15
  9.316098518661209E+03   5.1357823E-15
  9.320967555109921E+03   4.8347146E-15
  9.325836535985043E+03   5.6102622E-15
  9.330705461175134E+03   5.8102318E-15
  9.335574330568772E+03   5.6545747E-15
  9.340443144054540E+03   6.5739387E-15
  9.345311901521043E+03   6.1451698E-15
  9.350180602856892E+03   6.5226496E-15
  9.355049247950717E+03   6.9400666E-15
  9.359917836691156E+03   6.5304229E-15
  9.364786368966861E+03   6.7215385E-15
  9.369654844666497E+03   6.0307869E-15
  9.374523263678746E+03   5.2360769E-15
  9.379391625892296E+03   5.0177554E-15
  9.384259931195855E+03   4.3645609E-15
  9.389128179478139E+03   4.3751475E-15
  9.393996370627878E+03   5.0642795E-15
  9.398864504533820E+03   4.7530013E-15
  9.403732581084721E+03   5.3809365E-15
  9.408600600169351E+03   5.9106154E-15
  9.413468561676495E+03   6.5673260E-15
  9.418336465494947E+03   6.5549826E-15
  9.423204311513524E+03   6.6851914E-15
  9.428072099621046E+03   5.7947997E-15
  9.432939829706349E+03   5.1373141E-15
  9.437807501658286E+03   5.0677913E-15
  9.442675115365721E+03   4.5514748E-15
  9.447542670717532E+03   3.9701832E-15
  9.452410167602606E+03   4.4992535E-15
  9.457277605909851E+03   4.6568580E-15
  9.462144985528183E+03   4.6800336E-15
  9.467012306346538E+03   4.5570974E-15
  9.471879568253855E+03   4.7706649E-15
  9.476746771139096E+03   4.5992991E-15
  9.481613914891230E+03   5.4227397E-15
  9.486480999399246E+03   5.1468428E-15
  9.491348024552142E+03   5.6981232E-15
  9.496214990238932E+03   5.6926382E-15
  9.501081896348644E+03   5.8310324E-15
  9.505948742770313E+03   5.7623808E-15
  9.510815529392998E+03   6.0804171E-15
  9.515682256105765E+03   5.9365884E-15
  9.520548922797698E+03   5.8961294E-15
  9.525415529357890E+03   5.7054157E-15
  9.530282075675450E+03   5.1515756E-15
  9.535148561639506E+03   4.7219520E-15
  9.540014987139190E+03   4.5214377E-15
  9.544881352063654E+03   4.4629039E-15
  9.549747656302066E+03   4.0874871E-15
  9.554613899743601E+03   3.5330490E-15
  9.559480082277456E+03   3.7541195E-15
  9.564346203792833E+03   3.6813911E-15
  9.569212264178957E+03   3.6686683E-15
  9.574078263325066E+03   3.6751121E-15
  9.578944201120401E+03   3.9496265E-15
  9.583810077454231E+03   3.6025798E-15
  9.588675892215831E+03   4.0861928E-15
  9.593541645294492E+03   3.9061314E-15
  9.598407336579523E+03   4.3479595E-15
  9.603272965960243E+03   4.8418927E-15
  9.608138533325984E+03   4.8472608E-15
  9.613004038566096E+03   5.7656753E-15
  9.617869481569942E+03   4.8164703E-15
  9.622734862226900E+03   4.5950580E-15
  9.627600180426358E+03   4.8388468E-15
  9.632465436057722E+03   4.8049947E-15
  9.637330629010417E+03   4.2290966E-15
  9.642195759173872E+03   4.3083170E-15
  9.647060826437539E+03   3.8309924E-15
  9.651925830690880E+03   3.7581132E-15
  9.656790771823371E+03   3.4477502E-15
  9.661655649724511E+03   3.0300370E-15
  9.666520464283800E+03   3.5120411E-15
  9.671385215390761E+03   2.8846419E-15
  9.676249902934931E+03   3.3506129E-15
  9.681114526805863E+03   3.3727266E-15
  9.685979086893118E+03   3.3438252E-15
  9.690843583086275E+03   4.0844924E-15
  9.695708015274935E+03   4.2056304E-15
  9.700572383348699E+03   2.9512318E-15
  9.705436687197200E+03   4.4713497E-15
  9.710300926710068E+03   4.6492491E-15
  9.715165101776960E+03   4.0353234E-15
  9.720029212287545E+03   3.1496329E-15
  9.724893258131506E+03   3.2234025E-15
  9.729757239198538E+03   2.9651803E-15
  9.734621155378356E+03   3.0294603E-15
  9.739485006560688E+03   2.8981963E-15
  9.744348792635277E+03   3.1405974E-15
  9.749212513491877E+03   3.1998048E-15
  9.754076169020265E+03   3.0589288E-15
  9.758939759110226E+03   3.1943857E-15
  9.763803283651559E+03   3.6043903E-15
  9.768666742534089E+03   3.2064045E-15
  9.773530135647643E+03   3.4066147E-15
  9.778393462882070E+03   3.1264395E-15
  9.783256724127232E+03   3.9798961E-15
  9.788119919273006E+03   4.3815274E-15
  9.792983048209288E+03   4.2593848E-15
  9.797846110825983E+03   3.9767015E-15
  9.802709107013017E+03   3.9918278E-15
  9.807572036660325E+03   4.2069204E-15
  9.812434899657865E+03   3.3550179E-15
  9.817297695895604E+03   2.6983052E-15
  9.822160425263524E+03   2.3450185E-15
  9.827023087651629E+03   2.9732652E-15
  9.831885682949931E+03   2.6473504E-15
  9.836748211048462E+03   2.4765698E-15
  9.841610671837265E+03   2.8260786E-15
  9.846473065206404E+03   6.1781201E-14
  9.851335391045954E+03   2.3613790E-15
  9.856197649246009E+03   3.4377849E-15
  9.861059839696672E+03   3.4235367E-15
  9.865921962288072E+03   3.8631695E-15
  9.870784016910344E+03   4.4376331E-15
  9.875646003453643E+03   3.6925766E-15
  9.880507921808139E+03   3.5874776E-15
  9.885369771864016E+03   3.2176323E-15
  9.890231553511476E+03   3.2503382E-15
  9.895093266640735E+03   2.6616299E-15
  9.899954911142027E+03   2.5170702E-15
  9.904816486905596E+03   2.7646433E-15
  9.909677993821710E+03   2.4043665E-15
  9.914539431780648E+03   2.9569564E-15
  9.919400800672702E+03   2.4205608E-15
  9.924262100388185E+03   2.8308898E-15
  9.929123330817425E+03   3.0434055E-15
  9.933984491850762E+03   3.1663116E-15
  9.938845583378556E+03   2.8670102E-15
  9.943706605291181E+03   3.1334110E-15
  9.948567557479029E+03   4.2479299E-15
  9.953428439832505E+03   3.4755149E-15
  9.958289252242030E+03   3.3128668E-15
  9.963149994598043E+03   3.2212411E-15
  9.968010666790999E+03   2.7842197E-15
  9.972871268711368E+03   3.5246265E-15
  9.977731800249636E+03   2.7406291E-15
  9.982592261296304E+03   2.9470459E-15
  9.987452651741893E+03   2.8563889E-15
  9.992312971476935E+03   2.0303369E-15
  9.997173220391986E+03   3.4374452E-15
  1.000203339837761E+04   3.5358287E-15
  1.000689350532438E+04   3.5367441E-15
  1.001175354112291E+04   4.1007948E-15
  1.001661350566381E+04   2.6850163E-15
  1.002147339883771E+04   3.4856382E-15
  1.002633322053527E+04   2.7084867E-15
  1.003119297064713E+04   2.3421914E-15
  1.003605264906399E+04   2.2755214E-15
  1.004091225567655E+04   2.5576115E-15
  1.004577179037551E+04   2.3452331E-15
  1.005063125305161E+04   2.6505558E-15
  1.005549064359559E+04   3.1027772E-15
  1.006034996189821E+04   3.0959296E-15
  1.006520920785026E+04   3.5624956E-15
  1.007006838134253E+04   3.4765595E-15
  1.007492748226583E+04   3.0438106E-15
  1.007978651051099E+04   3.5451160E-15
  1.008464546596886E+04   2.8879262E-15
  1.008950434853030E+04   3.2989142E-15
  1.009436315808618E+04   4.1560392E-15
  1.009922189452741E+04   3.1741963E-15
  1.010408055774489E+04   3.5547974E-15
  1.010893914762956E+04   3.0581383E-15
  1.011379766407235E+04   4.0887157E-15
  1.011865610696424E+04   3.8129984E-15
  1.012351447619620E+04   2.7143743E-15
  1.012837277165922E+04   2.4996734E-15
  1.013323099324432E+04   2.2947478E-15
  1.013808914084252E+04   2.5014255E-15
  1.014294721434488E+04   2.6667231E-15
  1.014780521364246E+04   2.5276359E-15
  1.015266313862633E+04   2.0491995E-15
  1.015752098918759E+04   1.1902150E-15
  1.016237876521737E+04   3.3107308E-15
  1.016723646660678E+04   2.6024645E-15
  1.017209409324697E+04   2.8330173E-15
  1.017695164502911E+04   2.2874027E-15
  1.018180912184439E+04   1.4646813E-15
  1.018666652358400E+04   2.2561381E-15
  1.019152385013915E+04   2.4069951E-15
  1.019638110140108E+04   2.6859516E-15
  1.020123827726105E+04   2.2309999E-15
  1.020609537761030E+04   4.1404728E-15
  1.021095240234014E+04   5.1712895E-15
  1.021580935134187E+04   3.5248425E-15
  1.022066622450679E+04   3.0828656E-15
  1.022552302172626E+04   2.7338874E-15
  1.023037974289161E+04   4.3390097E-15
