


  1.581502338026219E+03   1.6467395E-15
  1.583045872253961E+03   2.6736902E-14
  1.584589415461162E+03   1.0866941E-14
  1.586132967647978E+03   7.9996849E-15
  1.587676528814566E+03   3.3485066E-14
  1.589220098961082E+03   2.1221570E-14
  1.590763678087684E+03   1.9977579E-15
  1.592307266194528E+03  -4.1436568E-15
  1.593850863281770E+03  -5.8860006E-15
  1.595394469349568E+03   3.5981337E-15
  1.596938084398078E+03  -3.0161808E-15
  1.598481708427458E+03   3.6849864E-16
  1.600025341437862E+03   4.1395381E-15
  1.601568983429450E+03   3.0127715E-15
  1.603112634402377E+03   2.9705695E-15
  1.604656294356799E+03   9.3153626E-15
  1.606199963292875E+03  -1.6749128E-16
  1.607743641210760E+03   1.7395571E-15
  1.609287328110611E+03  -4.1585087E-15
  1.610831023992586E+03   2.4933990E-15
  1.612374728856841E+03  -2.1685879E-15
  1.613918442703532E+03   1.0642470E-15
  1.615462165532817E+03   2.2453639E-15
  1.617005897344852E+03   1.5265489E-15
  1.618549638139795E+03   4.1134427E-16
  1.620093387917801E+03   7.5981074E-16
  1.621637146679029E+03   4.9046426E-16
  1.623180914423634E+03   6.0319927E-16
  1.624724691151773E+03  -1.2539369E-16
  1.626268476863604E+03  -1.0126517E-15
  1.627812271559283E+03   4.9418941E-16
  1.629356075238966E+03   3.0431752E-16
  1.630899887902812E+03  -1.1261058E-15
  1.632443709550976E+03   1.1141192E-15
  1.633987540183616E+03   1.3829709E-16
  1.635531379800888E+03  -4.9548330E-17
  1.637075228402950E+03  -3.4861891E-16
  1.638619085989957E+03   3.2154737E-16
  1.640162952562068E+03   8.1094597E-17
  1.641706828119438E+03  -1.3272448E-15
  1.643250712662226E+03  -9.3476873E-16
  1.644794606190586E+03   6.7092103E-16
  1.646338508704678E+03   9.6293448E-16
  1.647882420204657E+03   6.8195793E-16
  1.649426340690680E+03   2.3458289E-16
  1.650970270162905E+03   1.2344667E-15
  1.652514208621487E+03   5.0127727E-16
  1.654058156066585E+03   7.2543766E-16
  1.655602112498355E+03   5.2216987E-16
  1.657146077916953E+03   2.4904735E-16
  1.658690052322538E+03   1.1445253E-16
  1.660234035715265E+03  -2.2736193E-16
  1.661778028095292E+03  -1.5134111E-16
  1.663322029462776E+03   3.7126203E-16
  1.664866039817873E+03   2.9170764E-16
  1.666410059160741E+03   6.6087794E-17
  1.667954087491536E+03   8.6168323E-16
  1.669498124810416E+03  -4.8851887E-17
  1.671042171117538E+03   7.2840181E-17
  1.672586226413057E+03   7.0466550E-16
  1.674130290697133E+03   1.7504963E-16
  1.675674363969920E+03   3.3825440E-16
  1.677218446231577E+03   3.1099983E-17
  1.678762537482260E+03   4.6616935E-16
  1.680306637722127E+03   2.5315345E-16
  1.681850746951334E+03   4.8503484E-16
  1.683394865170038E+03   1.9047596E-16
  1.684938992378397E+03   4.5562527E-16
  1.686483128576567E+03   7.2226294E-17
  1.688027273764705E+03  -3.6681321E-17
  1.689571427942969E+03   4.4586988E-16
  1.691115591111515E+03   1.3064937E-16
  1.692659763270501E+03   4.5393994E-16
  1.694203944420083E+03   2.7925109E-16
  1.695748134560419E+03   4.3833378E-16
  1.697292333691665E+03   9.5144998E-16
  1.698836541813979E+03  -6.9645980E-17
  1.700380758927517E+03   3.9620670E-16
  1.701924985032437E+03   3.7493090E-16
  1.703469220128896E+03   7.3021345E-16
  1.705013464217051E+03   1.8444001E-16
  1.706557717297059E+03   5.9657780E-16
  1.708101979369077E+03   3.1351156E-16
  1.709646250433262E+03  -1.1920340E-17
  1.711190530489771E+03   3.2514588E-16
  1.712734819538761E+03   5.2150209E-16
  1.714279117580390E+03   8.7993324E-16
  1.715823424614814E+03   6.6919933E-16
  1.717367740642191E+03   4.0934156E-16
  1.718912065662678E+03   3.1256762E-16
  1.720456399676431E+03   1.9684467E-16
  1.722000742683608E+03  -5.8820926E-17
  1.723545094684366E+03   1.7118492E-16
  1.725089455678862E+03   2.3710962E-16
  1.726633825667254E+03   5.7946175E-16
  1.728178204649698E+03   2.9540166E-16
  1.729722592626351E+03   9.0566927E-17
  1.731266989597371E+03   2.8525312E-16
  1.732811395562915E+03   2.7209904E-16
  1.734355810523140E+03   6.3004958E-16
  1.735900234478203E+03   4.6736557E-16
  1.737444667428262E+03  -1.9175239E-16
  1.738989109373473E+03   3.6389679E-16
  1.740533560313993E+03   2.0738376E-16
  1.742078020249980E+03  -8.2541223E-17
  1.743622489181592E+03  -5.1795595E-17
  1.745166967108984E+03   1.9514243E-17
  1.746711454032315E+03   1.3718078E-16
  1.748255949951742E+03  -1.5281292E-17
  1.749800454867421E+03  -8.4763798E-17
  1.751344968779511E+03   1.4771359E-16
  1.752889491688167E+03   2.9183268E-16
  1.754434023593548E+03   6.1278023E-17
  1.755978564495810E+03   3.0902684E-16
  1.757523114395112E+03   7.9944644E-17
  1.759067673291609E+03   3.2263739E-16
  1.760612241185460E+03   1.1434454E-16
  1.762156818076821E+03   6.4168214E-16
  1.763701403965850E+03  -2.9526473E-17
  1.765245998852704E+03   5.2571526E-18
  1.766790602737540E+03   1.6175559E-16
  1.768335215620516E+03   1.8677823E-17
  1.769879837501789E+03   3.4766248E-16
  1.771424468381515E+03   7.8478079E-17
  1.772969108259854E+03   3.3009464E-16
  1.774513757136960E+03   3.8498312E-16
  1.776058415012992E+03   3.2258212E-16
  1.777603081888108E+03   2.7467050E-16
  1.779147757762464E+03   5.1340202E-16
  1.780692442636218E+03   2.3615808E-16
  1.782237136509526E+03   8.7518266E-16
  1.783781839382548E+03   4.5972734E-16
  1.785326551255438E+03   5.3546045E-16
  1.786871272128356E+03   5.9729756E-16
  1.788416002001458E+03   5.6529978E-16
  1.789960740874901E+03   5.1641539E-16
  1.791505488748843E+03   6.4812568E-16
  1.793050245623442E+03   8.2921503E-16
  1.794595011498854E+03   4.9830662E-16
  1.796139786375237E+03   3.9179829E-16
  1.797684570252748E+03   4.1741762E-16
  1.799229363131545E+03   7.4091602E-16
  1.800774165011784E+03   4.9425781E-16
  1.802318975893624E+03   8.0098464E-16
  1.803863795777222E+03   5.0947989E-16
  1.805408624662734E+03   8.7659180E-16
  1.806953462550319E+03   1.0653471E-15
  1.808498309440134E+03   9.4436826E-16
  1.810043165332335E+03   6.1442431E-16
  1.811588030227082E+03   8.3581209E-16
  1.813132904124530E+03   7.1907708E-16
  1.814677787024837E+03   8.6368461E-16
  1.816222678928161E+03   7.4018472E-16
  1.817767579834659E+03   8.9932537E-16
  1.819312489744489E+03   7.9353948E-16
  1.820857408657808E+03   8.2345944E-16
  1.822402336574773E+03   8.7427083E-16
  1.823947273495541E+03   9.7289114E-16
  1.825492219420271E+03   1.1658362E-15
  1.827037174349119E+03   9.9049153E-16
  1.828582138282243E+03   1.1453549E-15
  1.830127111219801E+03   1.1381874E-15
  1.831672093161950E+03   1.0787693E-15
  1.833217084108847E+03   1.2424213E-15
  1.834762084060649E+03   1.1811670E-15
  1.836307093017515E+03   1.6775196E-15
  1.837852110979602E+03   1.5259339E-15
  1.839397137947067E+03   1.6069293E-15
  1.840942173920067E+03   1.6612120E-15
  1.842487218898761E+03   1.3806571E-15
  1.844032272883305E+03   1.8540931E-15
  1.845577335873857E+03   1.5109145E-15
  1.847122407870575E+03   2.0756856E-15
  1.848667488873616E+03   1.5766471E-15
  1.850212578883137E+03   1.4940236E-15
  1.851757677899297E+03   1.9043842E-15
  1.853302785922252E+03   1.9332663E-15
  1.854847902952160E+03   1.7459655E-15
  1.856393028989179E+03   1.7167153E-15
  1.857938164033466E+03   1.9691191E-15
  1.859483308085178E+03   1.8871043E-15
  1.861028461144474E+03   1.5604050E-15
  1.862573623211510E+03   1.9173393E-15
  1.864118794286444E+03   1.8587880E-15
  1.865663974369435E+03   2.0416088E-15
  1.867209163460638E+03   2.0221393E-15
  1.868754361560213E+03   2.2205346E-15
  1.870299568668316E+03   2.1829350E-15
  1.871844784785105E+03   2.0654538E-15
  1.873390009910737E+03   1.8357834E-15
  1.874935244045370E+03   2.0812826E-15
  1.876480487189163E+03   2.2062186E-15
  1.878025739342271E+03   2.3047601E-15
  1.879571000504854E+03   2.4358802E-15
  1.881116270677068E+03   2.2136262E-15
  1.882661549859071E+03   2.3548835E-15
  1.884206838051020E+03   2.6033644E-15
  1.885752135253074E+03   2.7223427E-15
  1.887297441465390E+03   2.7550181E-15
  1.888842756688125E+03   2.7724801E-15
  1.890388080921437E+03   3.3772118E-15
  1.891933414165484E+03   2.9489096E-15
  1.893478756420424E+03   3.3585066E-15
  1.895024107686413E+03   3.6195416E-15
  1.896569467963610E+03   3.3728706E-15
  1.898114837252172E+03   3.4610433E-15
  1.899660215552257E+03   3.7830571E-15
  1.901205602864022E+03   3.6245772E-15
  1.902750999187626E+03   3.9106728E-15
  1.904296404523226E+03   3.9326711E-15
  1.905841818870979E+03   3.9854510E-15
  1.907387242231043E+03   3.7818751E-15
  1.908932674603576E+03   3.9596364E-15
  1.910478115988735E+03   4.0095617E-15
  1.912023566386679E+03   3.6286714E-15
  1.913569025797565E+03   3.7263779E-15
  1.915114494221550E+03   3.6518864E-15
  1.916659971658793E+03   3.9165762E-15
  1.918205458109450E+03   3.2441309E-15
  1.919750953573680E+03   3.2562835E-15
  1.921296458051641E+03   3.4683056E-15
  1.922841971543490E+03   3.2022000E-15
  1.924387494049384E+03   3.1645128E-15
  1.925933025569482E+03   3.2906929E-15
  1.927478566103941E+03   3.2076536E-15
  1.929024115652920E+03   2.8700475E-15
  1.930569674216575E+03   2.8908459E-15
  1.932115241795064E+03   2.6505757E-15
  1.933660818388546E+03   2.4674625E-15
  1.935206403997177E+03   2.6269979E-15
  1.936751998621117E+03   2.5126476E-15
  1.938297602260522E+03   2.4629999E-15
  1.939843214915550E+03   2.4477044E-15
  1.941388836586359E+03   2.2598962E-15
  1.942934467273107E+03   2.0818748E-15
  1.944480106975951E+03   2.1102026E-15
  1.946025755695050E+03   2.2921900E-15
  1.947571413430561E+03   2.2202286E-15
  1.949117080182642E+03   1.7000655E-15
  1.950662755951450E+03   1.9726794E-15
  1.952208440737145E+03   1.8436534E-15
  1.953754134539882E+03   1.8074279E-15
  1.955299837359821E+03   1.7062293E-15
  1.956845549197118E+03   1.9582989E-15
  1.958391270051932E+03   1.7942591E-15
  1.959936999924421E+03   2.0162230E-15
  1.961482738814743E+03   1.7544489E-15
  1.963028486723054E+03   1.7250521E-15
  1.964574243649514E+03   1.6130235E-15
  1.966120009594279E+03   1.7925354E-15
  1.967665784557508E+03   1.6138173E-15
  1.969211568539359E+03   1.6153367E-15
  1.970757361539990E+03   1.6542394E-15
  1.972303163559558E+03   1.7756821E-15
  1.973848974598221E+03   1.5035268E-15
  1.975394794656137E+03   1.7938381E-15
  1.976940623733464E+03   1.6595627E-15
  1.978486461830360E+03   1.6169773E-15
  1.980032308946982E+03   1.6108208E-15
  1.981578165083489E+03   1.8366954E-15
  1.983124030240039E+03   1.5650859E-15
  1.984669904416789E+03   1.5744149E-15
  1.986215787613897E+03   1.8892727E-15
  1.987761679831522E+03   2.0318468E-15
  1.989307581069821E+03   1.9699115E-15
  1.990853491328951E+03   2.0086645E-15
  1.992399410609072E+03   2.1560021E-15
  1.993945338910340E+03   2.2263698E-15
  1.995491276232915E+03   2.0543960E-15
  1.997037222576953E+03   2.4383643E-15
  1.998583177942613E+03   2.3318093E-15
  2.000129142330052E+03   2.4087199E-15
  2.001675115739429E+03   2.4681879E-15
  2.003221098170901E+03   2.3329344E-15
  2.004767089624627E+03   2.5753855E-15
  2.006313090100765E+03   2.9839825E-15
  2.007859099599471E+03   2.7497106E-15
  2.009405118120905E+03   2.7251587E-15
  2.010951145665225E+03   3.1296787E-15
  2.012497182232588E+03   3.0398340E-15
  2.014043227823152E+03   2.8990190E-15
  2.015589282437075E+03   3.1511642E-15
  2.017135346074516E+03   3.1321508E-15
  2.018681418735632E+03   2.9800830E-15
  2.020227500420581E+03   3.1151595E-15
  2.021773591129522E+03   3.1474715E-15
  2.023319690862612E+03   3.1860388E-15
  2.024865799620009E+03   3.0032243E-15
  2.026411917401872E+03   3.3654718E-15
  2.027958044208358E+03   3.1092600E-15
  2.029504180039625E+03   2.8957848E-15
  2.031050324895832E+03   3.0259968E-15
  2.032596478777137E+03   3.0137384E-15
  2.034142641683697E+03   3.0341387E-15
  2.035688813615670E+03   3.0705156E-15
  2.037234994573215E+03   2.8186218E-15
  2.038781184556490E+03   3.1114963E-15
  2.040327383565653E+03   3.0612688E-15
  2.041873591600861E+03   2.7545588E-15
  2.043419808662274E+03   2.7702181E-15
  2.044966034750048E+03   2.9194111E-15
  2.046512269864342E+03   2.9521121E-15
  2.048058514005315E+03   2.8031086E-15
  2.049604767173123E+03   3.0594849E-15
  2.051151029367927E+03   2.6650668E-15
  2.052697300589882E+03   2.8231303E-15
  2.054243580839148E+03   2.7615099E-15
  2.055789870115883E+03   3.0697438E-15
  2.057336168420245E+03   2.8603225E-15
  2.058882475752391E+03   2.7045000E-15
  2.060428792112480E+03   2.7344246E-15
  2.061975117500670E+03   2.4877887E-15
  2.063521451917120E+03   2.5977694E-15
  2.065067795361987E+03   2.6367670E-15
  2.066614147835430E+03   2.6711394E-15
  2.068160509337607E+03   2.7319093E-15
  2.069706879868675E+03   2.6840437E-15
  2.071253259428793E+03   2.6690044E-15
  2.072799648018120E+03   2.6625331E-15
  2.074346045636812E+03   2.5401330E-15
  2.075892452285029E+03   2.5724308E-15
  2.077438867962929E+03   2.4581629E-15
  2.078985292670670E+03   2.2884842E-15
  2.080531726408410E+03   2.2694958E-15
  2.082078169176306E+03   2.2523521E-15
  2.083624620974519E+03   2.0752297E-15
  2.085171081803205E+03   2.2536538E-15
  2.086717551662523E+03   2.3574295E-15
  2.088264030552630E+03   2.4366982E-15
  2.089810518473686E+03   2.3105151E-15
  2.091357015425849E+03   1.9280378E-15
  2.092903521409276E+03   2.1243417E-15
  2.094450036424125E+03   2.0096179E-15
  2.095996560470557E+03   2.0899221E-15
  2.097543093548727E+03   2.0468879E-15
  2.099089635658795E+03   2.1696042E-15
  2.100636186800918E+03   2.2239968E-15
  2.102182746975257E+03   2.1580667E-15
  2.103729316181967E+03   2.1774432E-15
  2.105275894421208E+03   2.0892849E-15
  2.106822481693137E+03   2.0459403E-15
  2.108369077997914E+03   1.9621707E-15
  2.109915683335696E+03   1.9551026E-15
  2.111462297706641E+03   1.8758466E-15
  2.113008921110909E+03   2.0110258E-15
  2.114555553548657E+03   1.8891037E-15
  2.116102195020044E+03   1.9290021E-15
  2.117648845525227E+03   1.7626541E-15
  2.119195505064366E+03   1.9519544E-15
  2.120742173637617E+03   1.9189639E-15
  2.122288851245141E+03   1.5970988E-15
  2.123835537887094E+03   1.7823115E-15
  2.125382233563636E+03   1.9589691E-15
  2.126928938274924E+03   1.6175237E-15
  2.128475652021118E+03   1.7317845E-15
  2.130022374802375E+03   1.8629228E-15
  2.131569106618853E+03   1.7702740E-15
  2.133115847470712E+03   1.7958068E-15
  2.134662597358109E+03   1.9385425E-15
  2.136209356281202E+03   1.8793438E-15
  2.137756124240151E+03   1.8944180E-15
  2.139302901235113E+03   1.9436062E-15
  2.140849687266246E+03   1.9997196E-15
  2.142396482333710E+03   1.9963163E-15
  2.143943286437663E+03   1.9927289E-15
  2.145490099578262E+03   2.2166996E-15
  2.147036921755667E+03   1.9969697E-15
  2.148583752970034E+03   2.0542614E-15
  2.150130593221525E+03   2.1275431E-15
  2.151677442510296E+03   2.0365505E-15
  2.153224300836505E+03   2.1140623E-15
  2.154771168200312E+03   2.0832949E-15
  2.156318044601875E+03   2.2155297E-15
  2.157864930041351E+03   2.0219892E-15
  2.159411824518900E+03   2.1528731E-15
  2.160958728034680E+03   1.9660545E-15
  2.162505640588849E+03   2.1310504E-15
  2.164052562181566E+03   2.1389160E-15
  2.165599492812990E+03   1.8177509E-15
  2.167146432483278E+03   2.1476192E-15
  2.168693381192589E+03   1.9734364E-15
  2.170240338941081E+03   1.6909381E-15
  2.171787305728914E+03   1.9563113E-15
  2.173334281556245E+03   1.9082987E-15
  2.174881266423233E+03   1.8773098E-15
  2.176428260330037E+03   1.7655509E-15
  2.177975263276814E+03   1.8381564E-15
  2.179522275263724E+03   1.7787031E-15
  2.181069296290924E+03   1.5550495E-15
  2.182616326358574E+03   1.7402307E-15
  2.184163365466832E+03   1.7440801E-15
  2.185710413615855E+03   1.7476657E-15
  2.187257470805805E+03   1.7522822E-15
  2.188804537036837E+03   1.7621726E-15
  2.190351612309111E+03   1.6930694E-15
  2.191898696622785E+03   1.7527543E-15
  2.193445789978019E+03   1.6481925E-15
  2.194992892374969E+03   1.7177961E-15
  2.196540003813795E+03   1.7611192E-15
  2.198087124294657E+03   1.6031566E-15
  2.199634253817710E+03   1.6447914E-15
  2.201181392383116E+03   1.5842974E-15
  2.202728539991032E+03   1.6333090E-15
  2.204275696641616E+03   1.6293146E-15
  2.205822862335028E+03   1.4028281E-15
  2.207370037071425E+03   1.5467418E-15
  2.208917220850968E+03   1.5173102E-15
  2.210464413673812E+03   1.5945894E-15
  2.212011615540118E+03   1.4107526E-15
  2.213558826450044E+03   1.3322431E-15
  2.215106046403749E+03   1.5992472E-15
  2.216653275401392E+03   1.5032210E-15
  2.218200513443129E+03   1.4975581E-15
  2.219747760529122E+03   1.4607038E-15
  2.221295016659527E+03   1.2857335E-15
  2.222842281834504E+03   1.6351253E-15
  2.224389556054212E+03   1.2229148E-15
  2.225936839318808E+03   1.2131042E-15
  2.227484131628452E+03   1.3434658E-15
  2.229031432983302E+03   1.5348790E-15
  2.230578743383516E+03   1.2019699E-15
  2.232126062829255E+03   1.4683897E-15
  2.233673391320675E+03   1.2636731E-15
  2.235220728857935E+03   1.2612448E-15
  2.236768075441196E+03   1.2118205E-15
  2.238315431070614E+03   1.2472126E-15
  2.239862795746349E+03   1.1938484E-15
  2.241410169468559E+03   1.3211413E-15
  2.242957552237403E+03   1.1294856E-15
  2.244504944053040E+03   1.2793280E-15
  2.246052344915628E+03   1.1695198E-15
  2.247599754825326E+03   1.0286846E-15
  2.249147173782294E+03   1.0517304E-15
  2.250694601786688E+03   1.0733123E-15
  2.252242038838668E+03   1.1074193E-15
  2.253789484938393E+03   1.0132352E-15
  2.255336940086022E+03   1.2545157E-15
  2.256884404281713E+03   9.4032029E-16
  2.258431877525625E+03   1.0969224E-15
  2.259979359817917E+03   9.3369215E-16
  2.261526851158747E+03   1.1093828E-15
  2.263074351548274E+03   9.5981941E-16
  2.264621860986657E+03   1.0045721E-15
  2.266169379474054E+03   1.1117135E-15
  2.267716907010626E+03   9.5107517E-16
  2.269264443596529E+03   9.2078516E-16
  2.270811989231922E+03   1.0503422E-15
  2.272359543916966E+03   1.0014545E-15
  2.273907107651817E+03   9.2738313E-16
  2.275454680436636E+03   8.9737984E-16
  2.277002262271581E+03   9.1901508E-16
  2.278549853156811E+03   9.4135229E-16
  2.280097453092483E+03   8.9793296E-16
  2.281645062078758E+03   9.0043753E-16
  2.283192680115794E+03   8.9985043E-16
  2.284740307203750E+03   9.7232045E-16
  2.286287943342785E+03   8.2609429E-16
  2.287835588533057E+03   9.9790847E-16
  2.289383242774725E+03   1.0444302E-15
  2.290930906067948E+03   1.0502771E-15
  2.292478578412885E+03   9.0003042E-16
  2.294026259809695E+03   1.0171070E-15
  2.295573950258537E+03   8.8473592E-16
  2.297121649759568E+03   1.0199283E-15
  2.298669358312949E+03   1.0442618E-15
  2.300217075918838E+03   1.1315100E-15
  2.301764802577393E+03   1.1690369E-15
  2.303312538288774E+03   1.2499903E-15
  2.304860283053140E+03   1.1879845E-15
  2.306408036870650E+03   1.2492657E-15
  2.307955799741461E+03   1.2568439E-15
  2.309503571665734E+03   1.2432448E-15
  2.311051352643627E+03   1.3898494E-15
  2.312599142675299E+03   1.4526572E-15
  2.314146941760908E+03   1.5791641E-15
  2.315694749900615E+03   1.6644206E-15
  2.317242567094576E+03   1.6510823E-15
  2.318790393342952E+03   1.5369865E-15
  2.320338228645902E+03   1.8012427E-15
  2.321886073003584E+03   1.8639062E-15
  2.323433926416157E+03   2.0360163E-15
  2.324981788883780E+03   1.9081774E-15
  2.326529660406612E+03   2.0413333E-15
  2.328077540984812E+03   2.2066409E-15
  2.329625430618539E+03   2.2717733E-15
  2.331173329307952E+03   2.3170351E-15
  2.332721237053210E+03   2.4793974E-15
  2.334269153854471E+03   2.4358120E-15
  2.335817079711895E+03   2.2639776E-15
  2.337365014625641E+03   2.5420914E-15
  2.338912958595867E+03   2.5709584E-15
  2.340460911622733E+03   2.8159297E-15
  2.342008873706397E+03   2.8177637E-15
  2.343556844847018E+03   2.5359133E-15
  2.345104825044756E+03   2.7283041E-15
  2.346652814299769E+03   2.8856486E-15
  2.348200812612217E+03   3.0785152E-15
  2.349748819982258E+03   3.0949313E-15
  2.351296836410051E+03   3.1127080E-15
  2.352844861895756E+03   3.0754009E-15
  2.354392896439531E+03   3.1174821E-15
  2.355940940041536E+03   3.3368086E-15
  2.357488992701929E+03   3.3802101E-15
  2.359037054420869E+03   3.6040248E-15
  2.360585125198515E+03   3.3128339E-15
  2.362133205035028E+03   3.5414628E-15
  2.363681293930565E+03   3.5983929E-15
  2.365229391885285E+03   3.5715161E-15
  2.366777498899348E+03   3.6733291E-15
  2.368325614972912E+03   3.6868456E-15
  2.369873740106138E+03   3.8503852E-15
  2.371421874299182E+03   4.0185212E-15
  2.372970017552206E+03   3.7914093E-15
  2.374518169865367E+03   3.4903795E-15
  2.376066331238826E+03   3.4702358E-15
  2.377614501672740E+03   3.7770004E-15
  2.379162681167270E+03   3.8229125E-15
  2.380710869722573E+03   3.7012799E-15
  2.382259067338810E+03   3.6260324E-15
  2.383807274016139E+03   3.6118366E-15
  2.385355489754720E+03   3.9395680E-15
  2.386903714554710E+03   3.9746945E-15
  2.388451948416272E+03   3.9460986E-15
  2.390000191339561E+03   4.1260144E-15
  2.391548443324738E+03   3.9075426E-15
  2.393096704371962E+03   3.9836658E-15
  2.394644974481393E+03   3.8326924E-15
  2.396193253653189E+03   3.7759314E-15
  2.397741541887508E+03   3.6656812E-15
  2.399289839184512E+03   4.0021070E-15
  2.400838145544358E+03   3.9694708E-15
  2.402386460967206E+03   3.9161683E-15
  2.403934785453215E+03   3.8381570E-15
  2.405483119002544E+03   3.6319710E-15
  2.407031461615352E+03   3.7458800E-15
  2.408579813291799E+03   3.9152806E-15
  2.410128174032043E+03   3.9495342E-15
  2.411676543836244E+03   3.7116107E-15
  2.413224922704561E+03   3.8277385E-15
  2.414773310637153E+03   3.7056472E-15
  2.416321707634179E+03   3.7258311E-15
  2.417870113695800E+03   3.4617301E-15
  2.419418528822172E+03   3.7472128E-15
  2.420966953013457E+03   3.6600704E-15
  2.422515386269813E+03   3.3790768E-15
  2.424063828591399E+03   3.5782081E-15
  2.425612279978375E+03   3.8275615E-15
  2.427160740430899E+03   3.4973131E-15
  2.428709209949132E+03   3.5749974E-15
  2.430257688533231E+03   3.3957542E-15
  2.431806176183358E+03   3.6739554E-15
  2.433354672899670E+03   3.4226198E-15
  2.434903178682327E+03   3.3687504E-15
  2.436451693531488E+03   3.4408740E-15
  2.438000217447313E+03   3.3293227E-15
  2.439548750429960E+03   3.5467067E-15
  2.441097292479590E+03   3.2621975E-15
  2.442645843596360E+03   3.3778683E-15
  2.444194403780432E+03   3.2997443E-15
  2.445742973031962E+03   3.2989917E-15
  2.447291551351113E+03   3.0402333E-15
  2.448840138738041E+03   3.1498358E-15
  2.450388735192907E+03   3.0029035E-15
  2.451937340715871E+03   2.8310156E-15
  2.453485955307091E+03   2.8049771E-15
  2.455034578966726E+03   2.9931948E-15
  2.456583211694935E+03   2.7913967E-15
  2.458131853491880E+03   2.7229401E-15
  2.459680504357717E+03   2.7635947E-15
  2.461229164292608E+03   2.6272139E-15
  2.462777833296711E+03   2.6072132E-15
  2.464326511370186E+03   2.5116416E-15
  2.465875198513191E+03   2.5088629E-15
  2.467423894725886E+03   2.6046293E-15
  2.468972600008432E+03   2.4444604E-15
  2.470521314360985E+03   2.3518869E-15
  2.472070037783707E+03   2.4242229E-15
  2.473618770276757E+03   2.1161994E-15
  2.475167511840294E+03   2.4365839E-15
  2.476716262474477E+03   2.1781575E-15
  2.478265022179466E+03   2.1181202E-15
  2.479813790955420E+03   2.1648125E-15
  2.481362568802499E+03   1.9867558E-15
  2.482911355720862E+03   2.0543622E-15
  2.484460151710668E+03   1.9793303E-15
  2.486008956772076E+03   1.8598493E-15
  2.487557770905247E+03   2.0293679E-15
  2.489106594110339E+03   2.0100361E-15
  2.490655426387512E+03   1.8596284E-15
  2.492204267736925E+03   2.0034243E-15
  2.493753118158739E+03   1.8634812E-15
  2.495301977653111E+03   1.8640303E-15
  2.496850846220202E+03   1.8435194E-15
  2.498399723860171E+03   1.8634930E-15
  2.499948610573178E+03   1.7202620E-15
  2.501497506359381E+03   1.8969117E-15
  2.503046411218941E+03   1.8124805E-15
  2.504595325152017E+03   1.9722347E-15
  2.506144248158768E+03   1.7672758E-15
  2.507693180239354E+03   1.8927262E-15
  2.509242121393934E+03   1.8527088E-15
  2.510791071622668E+03   2.0018974E-15
  2.512340030925715E+03   1.9959885E-15
  2.513888999303235E+03   2.1155823E-15
  2.515437976755387E+03   2.0525501E-15
  2.516986963282331E+03   2.2148249E-15
  2.518535958884225E+03   2.4079624E-15
  2.520084963561231E+03   2.5160171E-15
  2.521633977313507E+03   2.5244834E-15
  2.523183000141212E+03   2.4196377E-15
  2.524732032044506E+03   2.6642949E-15
  2.526281073023550E+03   2.7029683E-15
  2.527830123078501E+03   2.8090420E-15
  2.529379182209521E+03   2.8234134E-15
  2.530928250416768E+03   2.9285686E-15
  2.532477327700401E+03   3.2005923E-15
  2.534026414060581E+03   3.2478904E-15
  2.535575509497467E+03   3.6090731E-15
  2.537124614011218E+03   3.4133662E-15
  2.538673727601995E+03   3.7157379E-15
  2.540222850269956E+03   3.9163708E-15
  2.541771982015262E+03   4.0469798E-15
  2.543321122838071E+03   4.0837978E-15
  2.544870272738543E+03   4.1289527E-15
  2.546419431716839E+03   4.4120455E-15
  2.547968599773116E+03   4.5515066E-15
  2.549517776907536E+03   4.3335370E-15
  2.551066963120258E+03   4.7405046E-15
  2.552616158411441E+03   4.7112227E-15
  2.554165362781245E+03   4.8448053E-15
  2.555714576229829E+03   4.6793120E-15
  2.557263798757354E+03   4.7681255E-15
  2.558813030363978E+03   4.6325693E-15
  2.560362271049862E+03   4.5559200E-15
  2.561911520815165E+03   4.6765417E-15
  2.563460779660046E+03   4.7325827E-15
  2.565010047584666E+03   4.6202848E-15
  2.566559324589183E+03   4.5792820E-15
  2.568108610673758E+03   4.8432522E-15
  2.569657905838551E+03   4.6576843E-15
  2.571207210083720E+03   4.6145423E-15
  2.572756523409426E+03   4.7056437E-15
  2.574305845815828E+03   4.5333182E-15
  2.575855177303086E+03   4.7907997E-15
  2.577404517871359E+03   4.9237619E-15
  2.578953867520808E+03   4.6185746E-15
  2.580503226251592E+03   4.7504801E-15
  2.582052594063869E+03   4.8557887E-15
  2.583601970957802E+03   4.6763901E-15
  2.585151356933549E+03   4.4619091E-15
  2.586700751991269E+03   4.4284682E-15
  2.588250156131122E+03   4.5343766E-15
  2.589799569353268E+03   4.7678511E-15
  2.591348991657868E+03   4.8046254E-15
  2.592898423045081E+03   4.8216245E-15
  2.594447863515065E+03   4.9409740E-15
  2.595997313067981E+03   4.8519826E-15
  2.597546771703990E+03   4.9377023E-15
  2.599096239423249E+03   4.6514514E-15
  2.600645716225920E+03   4.1000168E-15
  2.602195202112162E+03   4.7548127E-15
  2.603744697082135E+03   4.6451782E-15
  2.605294201135998E+03   4.7294474E-15
  2.606843714273911E+03   4.5685175E-15
  2.608393236496035E+03   4.7833894E-15
  2.609942767802528E+03   4.6970611E-15
  2.611492308193551E+03   4.5237349E-15
  2.613041857669264E+03   4.5946714E-15
  2.614591416229825E+03   4.4084588E-15
  2.616140983875395E+03   4.3146753E-15
  2.617690560606134E+03   4.3609182E-15
  2.619240146422202E+03   4.3701030E-15
  2.620789741323758E+03   3.9804666E-15
  2.622339345310962E+03   4.2265487E-15
  2.623888958383975E+03   4.1380393E-15
  2.625438580542954E+03   4.0734666E-15
  2.626988211788062E+03   3.7581539E-15
  2.628537852119458E+03   3.8501900E-15
  2.630087501537300E+03   3.7543312E-15
  2.631637160041750E+03   3.8900102E-15
  2.633186827632966E+03   3.4348700E-15
  2.634736504311109E+03   3.6262683E-15
  2.636286190076340E+03   3.5687434E-15
  2.637835884928817E+03   3.3632680E-15
  2.639385588868699E+03   3.4141177E-15
  2.640935301896149E+03   3.0931121E-15
  2.642485024011324E+03   3.0095417E-15
  2.644034755214386E+03   3.0620351E-15
  2.645584495505493E+03   3.1783393E-15
  2.647134244884806E+03   2.9875341E-15
  2.648684003352485E+03   2.9158544E-15
  2.650233770908690E+03   2.8772261E-15
  2.651783547553579E+03   2.9847154E-15
  2.653333333287314E+03   2.8946980E-15
  2.654883128110055E+03   2.6912306E-15
  2.656432932021961E+03   2.7466272E-15
  2.657982745023192E+03   2.7591882E-15
  2.659532567113908E+03   2.7505495E-15
  2.661082398294269E+03   2.6315027E-15
  2.662632238564435E+03   2.6555550E-15
  2.664182087924566E+03   2.8185898E-15
  2.665731946374821E+03   3.0144228E-15
  2.667281813915362E+03   2.6282261E-15
  2.668831690546347E+03   2.6739473E-15
  2.670381576267936E+03   2.7742519E-15
  2.671931471080291E+03   2.6772312E-15
  2.673481374983569E+03   2.8469485E-15
  2.675031287977933E+03   3.0147152E-15
  2.676581210063540E+03   3.0185067E-15
  2.678131141240553E+03   2.9714807E-15
  2.679681081509130E+03   2.9670605E-15
  2.681231030869431E+03   3.1551526E-15
  2.682780989321617E+03   3.3400898E-15
  2.684330956865847E+03   3.4058045E-15
  2.685880933502282E+03   3.4929170E-15
  2.687430919231081E+03   3.5916433E-15
  2.688980914052404E+03   3.6945049E-15
  2.690530917966413E+03   3.6744272E-15
  2.692080930973265E+03   3.8071408E-15
  2.693630953073123E+03   4.1111786E-15
  2.695180984266145E+03   3.9069801E-15
  2.696731024552491E+03   4.1189637E-15
  2.698281073932323E+03   4.4371541E-15
  2.699831132405799E+03   4.5263836E-15
  2.701381199973079E+03   4.5100202E-15
  2.702931276634325E+03   4.5768760E-15
  2.704481362389695E+03   4.8862070E-15
  2.706031457239350E+03   4.9336980E-15
  2.707581561183451E+03   5.2326447E-15
  2.709131674222156E+03   5.2786314E-15
  2.710681796355627E+03   5.5570829E-15
  2.712231927584023E+03   5.7848928E-15
  2.713782067907503E+03   5.5084272E-15
  2.715332217326230E+03   5.6376218E-15
  2.716882375840362E+03   5.7602937E-15
  2.718432543450060E+03   6.0331662E-15
  2.719982720155484E+03   6.2612828E-15
  2.721532905956793E+03   6.1994795E-15
  2.723083100854148E+03   6.2062172E-15
  2.724633304847709E+03   6.5495734E-15
  2.726183517937637E+03   6.0290408E-15
  2.727733740124091E+03   6.1855852E-15
  2.729283971407232E+03   6.5243246E-15
  2.730834211787218E+03   6.3470618E-15
  2.732384461264212E+03   6.2975786E-15
  2.733934719838373E+03   6.2408587E-15
  2.735484987509861E+03   6.5118161E-15
  2.737035264278836E+03   6.4125201E-15
  2.738585550145458E+03   6.6840979E-15
  2.740135845109888E+03   6.6616850E-15
  2.741686149172285E+03   6.3671301E-15
  2.743236462332811E+03   6.6654556E-15
  2.744786784591624E+03   6.4856741E-15
  2.746337115948886E+03   6.6993060E-15
  2.747887456404757E+03   6.8122328E-15
  2.749437805959396E+03   6.6313684E-15
  2.750988164612963E+03   6.9588492E-15
  2.752538532365621E+03   7.0178124E-15
  2.754088909217527E+03   7.0120958E-15
  2.755639295168843E+03   6.9844338E-15
  2.757189690219728E+03   7.1818416E-15
  2.758740094370343E+03   7.0608967E-15
  2.760290507620849E+03   6.9522436E-15
  2.761840929971404E+03   7.5193156E-15
  2.763391361422171E+03   7.1752398E-15
  2.764941801973308E+03   7.7811326E-15
  2.766492251624976E+03   7.5098797E-15
  2.768042710377336E+03   7.6042730E-15
  2.769593178230548E+03   7.8161456E-15
  2.771143655184771E+03   7.8508223E-15
  2.772694141240167E+03   8.1004920E-15
  2.774244636396895E+03   8.1336449E-15
  2.775795140655116E+03   8.2989171E-15
  2.777345654014989E+03   7.8967543E-15
  2.778896176476676E+03   8.2219938E-15
  2.780446708040336E+03   8.2905213E-15
  2.781997248706131E+03   8.5231327E-15
  2.783547798474220E+03   8.6203568E-15
  2.785098357344762E+03   8.8085311E-15
  2.786648925317920E+03   8.8266102E-15
  2.788199502393853E+03   8.9094136E-15
  2.789750088572721E+03   9.1382488E-15
  2.791300683854686E+03   9.3626651E-15
  2.792851288239905E+03   9.3998423E-15
  2.794401901728542E+03   8.8503212E-15
  2.795952524320755E+03   8.0963797E-15
  2.797503156016705E+03   8.0633700E-15
  2.799053796816553E+03   9.7373688E-15
  2.800604446720459E+03   8.8551552E-15
  2.802155105728582E+03   8.8673211E-15
  2.803705773841084E+03   8.0457110E-15
  2.805256451058125E+03   9.1908716E-15
  2.806807137379865E+03   9.5156232E-15
  2.808357832806464E+03   9.7994741E-15
  2.809908537338084E+03   9.8360092E-15
  2.811459250974884E+03   9.8914780E-15
  2.813009973717025E+03   9.6374147E-15
  2.814560705564666E+03   9.6772134E-15
  2.816111446517970E+03   9.4574252E-15
  2.817662196577095E+03   9.8562651E-15
  2.819212955742203E+03   9.6004002E-15
  2.820763724013454E+03   9.8958393E-15
  2.822314501391007E+03   9.8555578E-15
  2.823865287875024E+03   9.6493350E-15
  2.825416083465665E+03   9.8925427E-15
  2.826966888163091E+03   9.2271983E-15
  2.828517701967462E+03   9.6239019E-15
  2.830068524878938E+03   1.0242844E-14
  2.831619356897679E+03   9.8443262E-15
  2.833170198023847E+03   9.9216196E-15
  2.834721048257602E+03   1.0276797E-14
  2.836271907599104E+03   1.0342216E-14
  2.837822776048513E+03   1.0220925E-14
  2.839373653605991E+03   1.0288083E-14
  2.840924540271697E+03   1.0507138E-14
  2.842475436045791E+03   1.0425111E-14
  2.844026340928436E+03   1.1061065E-14
  2.845577254919790E+03   1.0942468E-14
  2.847128178020015E+03   1.1173522E-14
  2.848679110229271E+03   1.1330645E-14
  2.850230051547719E+03   1.1401061E-14
  2.851781001975518E+03   1.1364544E-14
  2.853331961512831E+03   1.1367617E-14
  2.854882930159816E+03   1.1684599E-14
  2.856433907916634E+03   1.2555021E-14
  2.857984894783447E+03   1.1780708E-14
  2.859535890760414E+03   1.2076799E-14
  2.861086895847697E+03   1.2671784E-14
  2.862637910045455E+03   1.2917451E-14
  2.864188933353849E+03   1.3103595E-14
  2.865739965773040E+03   1.2635288E-14
  2.867291007303188E+03   1.3031355E-14
  2.868842057944454E+03   1.2912977E-14
  2.870393117696999E+03   1.3098235E-14
  2.871944186560983E+03   1.3462320E-14
  2.873495264536566E+03   1.3125486E-14
  2.875046351623910E+03   1.3354199E-14
  2.876597447823174E+03   1.3993869E-14
  2.878148553134519E+03   1.4385460E-14
  2.879699667558107E+03   1.4106073E-14
  2.881250791094097E+03   1.4588569E-14
  2.882801923742650E+03   1.4656214E-14
  2.884353065503927E+03   1.5150455E-14
  2.885904216378088E+03   1.5541603E-14
  2.887455376365294E+03   1.5052409E-14
  2.889006545465706E+03   1.5648014E-14
  2.890557723679484E+03   1.5667072E-14
  2.892108911006789E+03   1.6380042E-14
  2.893660107447781E+03   1.6659446E-14
  2.895211313002621E+03   1.7123847E-14
  2.896762527671470E+03   1.7256111E-14
  2.898313751454489E+03   1.7563286E-14
  2.899864984351837E+03   1.8045180E-14
  2.901416226363676E+03   1.8274024E-14
  2.902967477490167E+03   1.9115321E-14
  2.904518737731470E+03   1.9139306E-14
  2.906070007087745E+03   1.9305246E-14
  2.907621285559153E+03   1.9458449E-14
  2.909172573145856E+03   1.9441259E-14
  2.910723869848014E+03   2.0288826E-14
  2.912275175665786E+03   2.0231470E-14
  2.913826490599336E+03   2.0045060E-14
  2.915377814648821E+03   2.0014484E-14
  2.916929147814405E+03   1.9914070E-14
  2.918480490096246E+03   2.0201631E-14
  2.920031841494507E+03   2.0853572E-14
  2.921583202009348E+03   2.0535245E-14
  2.923134571640928E+03   1.9873216E-14
  2.924685950389410E+03   2.0781691E-14
  2.926237338254954E+03   2.0397123E-14
  2.927788735237720E+03   1.9330086E-14
  2.929340141337870E+03   2.0069502E-14
  2.930891556555564E+03   2.0214170E-14
  2.932442980890962E+03   1.9879528E-14
  2.933994414344227E+03   2.0100387E-14
  2.935545856915517E+03   2.0280632E-14
  2.937097308604994E+03   1.9473494E-14
  2.938648769412820E+03   1.9998599E-14
  2.940200239339154E+03   1.9493842E-14
  2.941751718384159E+03   2.0627929E-14
  2.943303206547992E+03   2.0269622E-14
  2.944854703830817E+03   2.0759458E-14
  2.946406210232794E+03   2.0000017E-14
  2.947957725754084E+03   2.0353949E-14
  2.949509250394846E+03   2.0077258E-14
  2.951060784155244E+03   2.0170414E-14
  2.952612327035436E+03   2.0494481E-14
  2.954163879035584E+03   2.0378390E-14
  2.955715440155849E+03   2.0175564E-14
  2.957267010396391E+03   1.9896111E-14
  2.958818589757372E+03   2.0108291E-14
  2.960370178238952E+03   2.0895322E-14
  2.961921775841291E+03   2.0130771E-14
  2.963473382564553E+03   2.0130311E-14
  2.965024998408895E+03   2.0380023E-14
  2.966576623374480E+03   2.0715981E-14
  2.968128257461469E+03   1.9902123E-14
  2.969679900670021E+03   2.0251999E-14
  2.971231553000300E+03   2.0049334E-14
  2.972783214452464E+03   1.9425489E-14
  2.974334885026675E+03   1.9945149E-14
  2.975886564723094E+03   1.9207453E-14
  2.977438253541881E+03   1.9860398E-14
  2.978989951483198E+03   1.9447643E-14
  2.980541658547206E+03   1.8355622E-14
  2.982093374734065E+03   1.9432018E-14
  2.983645100043937E+03   2.0002083E-14
  2.985196834476981E+03   1.8965627E-14
  2.986748578033360E+03   1.9475342E-14
  2.988300330713234E+03   1.9119375E-14
  2.989852092516764E+03   1.9086425E-14
  2.991403863444110E+03   1.9079219E-14
  2.992955643495435E+03   1.9080740E-14
  2.994507432670898E+03   1.8992491E-14
  2.996059230970662E+03   1.8975457E-14
  2.997611038394885E+03   1.8378098E-14
  2.999162854943731E+03   1.8377110E-14
  3.000714680617360E+03   1.8667200E-14
  3.002266515415931E+03   1.8360183E-14
  3.003818359339607E+03   1.7422118E-14
  3.005370212388550E+03   1.8607035E-14
  3.006922074562918E+03   1.7657640E-14
  3.008473945862874E+03   1.7748739E-14
  3.010025826288578E+03   1.7489433E-14
  3.011577715840192E+03   1.7011220E-14
  3.013129614517876E+03   1.6914887E-14
  3.014681522321792E+03   1.7027709E-14
  3.016233439252100E+03   1.6504512E-14
  3.017785365308961E+03   1.7589717E-14
  3.019337300492537E+03   1.7209716E-14
  3.020889244802990E+03   1.6636405E-14
  3.022441198240478E+03   1.7300475E-14
  3.023993160805164E+03   1.6611153E-14
  3.025545132497208E+03   1.7150130E-14
  3.027097113316772E+03   1.6748576E-14
  3.028649103264017E+03   1.6855324E-14
  3.030201102339104E+03   1.7303304E-14
  3.031753110542194E+03   1.7890732E-14
  3.033305127873447E+03   1.7613794E-14
  3.034857154333025E+03   1.7636654E-14
  3.036409189921089E+03   1.7823919E-14
  3.037961234637801E+03   1.8198989E-14
  3.039513288483321E+03   1.8869695E-14
  3.041065351457809E+03   1.8145768E-14
  3.042617423561428E+03   1.8212015E-14
  3.044169504794339E+03   1.8746123E-14
  3.045721595156702E+03   1.8608963E-14
  3.047273694648678E+03   1.8982600E-14
  3.048825803270430E+03   1.8734180E-14
  3.050377921022117E+03   1.8998737E-14
  3.051930047903901E+03   1.9856329E-14
  3.053482183915944E+03   1.9162052E-14
  3.055034329058405E+03   1.9142186E-14
  3.056586483331447E+03   1.8762962E-14
  3.058138646735230E+03   1.9338850E-14
  3.059690819269916E+03   1.9544833E-14
  3.061243000935666E+03   1.8768422E-14
  3.062795191732640E+03   1.9047802E-14
  3.064347391661001E+03   1.9045034E-14
  3.065899600720908E+03   1.8951718E-14
  3.067451818912525E+03   1.9108343E-14
  3.069004046236011E+03   1.8169577E-14
  3.070556282691527E+03   1.8262991E-14
  3.072108528279236E+03   1.7790091E-14
  3.073660782999297E+03   1.7583332E-14
  3.075213046851873E+03   1.7466990E-14
  3.076765319837124E+03   1.7309935E-14
  3.078317601955212E+03   1.7169971E-14
  3.079869893206298E+03   1.7329552E-14
  3.081422193590542E+03   1.7263716E-14
  3.082974503108107E+03   1.6590047E-14
  3.084526821759154E+03   1.6886808E-14
  3.086079149543843E+03   1.6641905E-14
  3.087631486462336E+03   1.6267059E-14
  3.089183832514795E+03   1.6320285E-14
  3.090736187701380E+03   1.6417357E-14
  3.092288552022253E+03   1.6761152E-14
  3.093840925477574E+03   1.6560477E-14
  3.095393308067505E+03   1.6584383E-14
  3.096945699792208E+03   1.6151245E-14
  3.098498100651843E+03   1.6720876E-14
  3.100050510646573E+03   1.6817959E-14
  3.101602929776558E+03   1.6625200E-14
  3.103155358041959E+03   1.6355069E-14
  3.104707795442938E+03   1.6420464E-14
  3.106260241979655E+03   1.6911845E-14
  3.107812697652274E+03   1.7821766E-14
  3.109365162460953E+03   1.6486312E-14
  3.110917636405856E+03   1.6486958E-14
  3.112470119487143E+03   1.7303555E-14
  3.114022611704976E+03   1.6103682E-14
  3.115575113059514E+03   1.6798154E-14
  3.117127623550922E+03   1.7832215E-14
  3.118680143179358E+03   1.7464844E-14
  3.120232671944986E+03   1.8061551E-14
  3.121785209847966E+03   1.8207051E-14
  3.123337756888458E+03   1.8887300E-14
  3.124890313066626E+03   1.8148409E-14
  3.126442878382631E+03   1.8342976E-14
  3.127995452836632E+03   1.8856856E-14
  3.129548036428792E+03   1.8904114E-14
  3.131100629159273E+03   1.9966139E-14
  3.132653231028235E+03   1.8381618E-14
  3.134205842035839E+03   1.9762863E-14
  3.135758462182248E+03   2.0111295E-14
  3.137311091467624E+03   1.8717211E-14
  3.138863729892125E+03   2.0694143E-14
  3.140416377455916E+03   2.0579914E-14
  3.141969034159156E+03   2.0476058E-14
  3.143521700002007E+03   1.9438093E-14
  3.145074374984631E+03   2.1107780E-14
  3.146627059107189E+03   2.1457835E-14
  3.148179752369843E+03   2.1394582E-14
  3.149732454772753E+03   2.2557839E-14
  3.151285166316081E+03   2.2488193E-14
  3.152837886999990E+03   1.7520436E-14
  3.154390616824639E+03   1.7326399E-14
  3.155943355790191E+03   2.7563826E-14
  3.157496103896807E+03   4.6793495E-14
