

  2.887117483841822E+03  -6.2583544E-14
  2.889862141838164E+03   4.2965028E-14
  2.892606822488259E+03  -6.1734717E-15
  2.895351525728518E+03  -4.2467881E-14
  2.898096251495345E+03   1.2060930E-14
  2.900840999725144E+03   2.6302972E-14
  2.903585770354309E+03  -8.6082476E-15
  2.906330563319231E+03  -2.2618885E-14
  2.909075378556295E+03  -1.5342470E-14
  2.911820216001881E+03  -1.4238654E-14
  2.914565075592364E+03  -2.1702641E-14
  2.917309957264114E+03   4.9144843E-15
  2.920054860953495E+03  -7.4044893E-15
  2.922799786596868E+03  -1.3445209E-15
  2.925544734130586E+03  -2.7620874E-14
  2.928289703490999E+03   7.3030217E-16
  2.931034694614450E+03   9.9755197E-15
  2.933779707437280E+03   1.9206165E-14
  2.936524741895821E+03  -4.2078022E-15
  2.939269797926404E+03   9.0469277E-15
  2.942014875465352E+03   3.1116833E-15
  2.944759974448984E+03  -5.1587817E-15
  2.947505094813615E+03   1.7753612E-15
  2.950250236495553E+03   2.2037093E-15
  2.952995399431101E+03   4.3574860E-15
  2.955740583556561E+03   1.5779713E-16
  2.958485788808226E+03  -3.1285734E-15
  2.961231015122384E+03   2.3273037E-15
  2.963976262435320E+03   9.1683206E-16
  2.966721530683315E+03  -7.1463026E-16
  2.969466819802642E+03   2.0572118E-15
  2.972212129729571E+03   1.6542097E-15
  2.974957460400366E+03   4.8963274E-16
  2.977702811751290E+03   1.1912196E-15
  2.980448183718595E+03   2.8154501E-15
  2.983193576238533E+03   3.9642747E-15
  2.985938989247349E+03  -2.4041146E-15
  2.988684422681285E+03   4.8955688E-16
  2.991429876476576E+03   2.2805392E-15
  2.994175350569454E+03   1.6060905E-15
  2.996920844896144E+03  -2.5210999E-16
  2.999666359392871E+03   7.6255692E-16
  3.002411893995849E+03   3.7249612E-15
  3.005157448641292E+03   1.4139148E-15
  3.007903023265409E+03  -8.8711603E-16
  3.010648617804401E+03   2.4670957E-15
  3.013394232194467E+03   3.6512410E-15
  3.016139866371802E+03   1.3418862E-15
  3.018885520272595E+03  -3.5906015E-16
  3.021631193833030E+03   3.0812742E-15
  3.024376886989288E+03   2.6259048E-15
  3.027122599677543E+03  -1.1650906E-15
  3.029868331833968E+03   1.9806870E-15
  3.032614083394728E+03   2.9185651E-15
  3.035359854295987E+03   2.4829934E-15
  3.038105644473899E+03   7.5197584E-16
  3.040851453864619E+03   1.7694060E-15
  3.043597282404296E+03   2.2332005E-15
  3.046343130029072E+03   9.6709521E-16
  3.049088996675089E+03   1.5152393E-15
  3.051834882278480E+03   2.1503115E-15
  3.054580786775376E+03   3.1211263E-15
  3.057326710101905E+03   8.7529219E-16
  3.060072652194186E+03   2.1124580E-16
  3.062818612988339E+03   2.3801463E-15
  3.065564592420475E+03   2.2372461E-15
  3.068310590426704E+03   5.0511714E-16
  3.071056606943132E+03   1.6448082E-15
  3.073802641905856E+03   2.6477746E-15
  3.076548695250973E+03   1.6985169E-15
  3.079294766914576E+03   5.1566709E-16
  3.082040856832749E+03   2.1748126E-15
  3.084786964941578E+03   3.4298319E-15
  3.087533091177141E+03   1.9898329E-15
  3.090279235475512E+03   1.8704690E-15
  3.093025397772761E+03   1.8251737E-15
  3.095771578004955E+03   2.3377491E-15
  3.098517776108155E+03   7.0813543E-16
  3.101263992018419E+03   2.2185017E-15
  3.104010225671801E+03   2.5935916E-15
  3.106756477004350E+03   1.4708975E-15
  3.109502745952111E+03   8.1281668E-16
  3.112249032451126E+03   2.7086439E-15
  3.114995336437432E+03   3.9767642E-15
  3.117741657847061E+03   1.8217163E-15
  3.120487996616042E+03   1.9834087E-15
  3.123234352680402E+03   3.1187069E-15
  3.125980725976159E+03   2.1896090E-15
  3.128727116439332E+03   9.9929072E-16
  3.131473524005932E+03   3.4340092E-15
  3.134219948611969E+03   2.8466611E-15
  3.136966390193448E+03   1.7539584E-15
  3.139712848686369E+03  -9.3910741E-17
  3.142459324026729E+03   1.2246236E-15
  3.145205816150521E+03   2.2794040E-15
  3.147952324993735E+03   1.5419811E-15
  3.150698850492355E+03   8.3731631E-16
  3.153445392582364E+03   2.6790070E-15
  3.156191951199737E+03   2.5234153E-15
  3.158938526280448E+03   1.2743280E-15
  3.161685117760468E+03   1.3642587E-15
  3.164431725575762E+03   2.2641214E-15
  3.167178349662292E+03   2.3507341E-15
  3.169924989956016E+03   1.7892112E-15
  3.172671646392890E+03   1.9795054E-15
  3.175418318908863E+03   3.1841059E-15
  3.178165007439882E+03   2.7087112E-15
  3.180911711921890E+03   1.3236328E-15
  3.183658432290827E+03   2.5145583E-15
  3.186405168482630E+03   3.5925488E-15
  3.189151920433228E+03   2.9377174E-15
  3.191898688078552E+03   2.2091752E-15
  3.194645471354525E+03   3.9266503E-15
  3.197392270197070E+03   3.5250403E-15
  3.200139084542102E+03   3.4051275E-15
  3.202885914325535E+03   2.8032824E-15
  3.205632759483281E+03   4.1144880E-15
  3.208379619951245E+03   3.3289913E-15
  3.211126495665331E+03   2.0212688E-15
  3.213873386561438E+03   2.8937398E-15
  3.216620292575461E+03   3.2930009E-15
  3.219367213643292E+03   2.6187453E-15
  3.222114149700823E+03   1.2243190E-15
  3.224861100683936E+03   2.8805636E-15
  3.227608066528514E+03   3.5327661E-15
  3.230355047170435E+03   1.2860946E-15
  3.233102042545574E+03   2.2206142E-15
  3.235849052589802E+03   3.0167216E-15
  3.238596077238988E+03   2.6013121E-15
  3.241343116428996E+03   2.1887300E-15
  3.244090170095687E+03   2.0714189E-15
  3.246837238174920E+03   2.2119298E-15
  3.249584320602547E+03   2.1923508E-15
  3.252331417314421E+03   6.9807977E-16
  3.255078528246390E+03   2.1947024E-15
  3.257825653334296E+03   2.6341693E-15
  3.260572792513983E+03   1.0471814E-15
  3.263319945721287E+03   3.1592759E-16
  3.266067112892043E+03   2.8731974E-15
  3.268814293962081E+03   2.6870701E-15
  3.271561488867231E+03   1.7119126E-15
  3.274308697543317E+03   1.4074676E-15
  3.277055919926160E+03   2.7625353E-15
  3.279803155951579E+03   2.3533201E-15
  3.282550405555388E+03   2.2163091E-15
  3.285297668673400E+03   2.0393788E-15
  3.288044945241425E+03   3.3807006E-15
  3.290792235195266E+03   1.6993047E-15
  3.293539538470726E+03   1.7323348E-15
  3.296286855003606E+03   2.2381840E-15
  3.299034184729701E+03   3.1282307E-15
  3.301781527584804E+03   2.2468883E-15
  3.304528883504706E+03   6.9096718E-16
  3.307276252425194E+03   2.1052176E-15
  3.310023634282051E+03   1.3249330E-15
  3.312771029011059E+03   2.2067000E-15
  3.315518436547996E+03   1.5571602E-15
  3.318265856828637E+03   3.2888024E-15
  3.321013289788752E+03   2.5627401E-15
  3.323760735364113E+03   2.4843606E-15
  3.326508193490484E+03   3.2287729E-15
  3.329255664103629E+03   3.2209332E-15
  3.332003147139309E+03   2.9891740E-15
  3.334750642533279E+03   1.6801304E-15
  3.337498150221295E+03   2.3876383E-15
  3.340245670139109E+03   3.3401389E-15
  3.342993202222468E+03   1.7795256E-15
  3.345740746407120E+03   2.9308890E-15
  3.348488302628806E+03   1.4730780E-14
  3.351235870823267E+03   3.7657577E-15
  3.353983450926240E+03   2.2434076E-15
  3.356731042873461E+03   3.0766062E-15
  3.359478646600660E+03   3.2432642E-15
  3.362226262043566E+03   3.3328256E-15
  3.364973889137907E+03   1.8870323E-15
  3.367721527819405E+03   1.5224740E-15
  3.370469178023782E+03   3.5504762E-15
  3.373216839686755E+03   2.2440130E-15
  3.375964512744040E+03   2.1719864E-15
  3.378712197131350E+03   3.8837913E-15
  3.381459892784395E+03   3.7352133E-15
  3.384207599638883E+03   3.1246925E-15
  3.386955317630518E+03   3.3240281E-15
  3.389703046695003E+03   5.7693553E-15
  3.392450786768037E+03   3.0628303E-15
  3.395198537785318E+03   2.7663171E-15
  3.397946299682540E+03   2.8321872E-15
  3.400694072395394E+03   3.3015146E-15
  3.403441855859571E+03   3.0226854E-15
  3.406189650010758E+03   2.3601480E-15
  3.408937454784638E+03   3.6280958E-15
  3.411685270116894E+03   4.1072602E-15
  3.414433095943205E+03   3.5551074E-15
  3.417180932199249E+03   3.2884966E-15
  3.419928778820699E+03   3.1265426E-15
  3.422676635743229E+03   3.7906512E-15
  3.425424502902507E+03   4.1045112E-15
  3.428172380234202E+03   3.3100046E-15
  3.430920267673977E+03   3.7941320E-15
  3.433668165157495E+03   4.3140777E-15
  3.436416072620418E+03   3.6198072E-15
  3.439163989998403E+03   3.7228174E-15
  3.441911917227104E+03   4.1410297E-15
  3.444659854242177E+03   4.2592294E-15
  3.447407800979270E+03   4.2981014E-15
  3.450155757374033E+03   4.0157925E-15
  3.452903723362114E+03   3.8107568E-15
  3.455651698879155E+03   3.2365362E-15
  3.458399683860798E+03   4.0594240E-15
  3.461147678242684E+03   4.4458455E-15
  3.463895681960450E+03   4.1190293E-15
  3.466643694949732E+03   3.8357807E-15
  3.469391717146161E+03   3.8951132E-15
  3.472139748485370E+03   4.4119583E-15
  3.474887788902987E+03   4.1465456E-15
  3.477635838334639E+03   3.8152892E-15
  3.480383896715950E+03   3.6365128E-15
  3.483131963982543E+03   4.0961823E-15
  3.485880040070040E+03   4.0899935E-15
  3.488628124914057E+03   3.8452344E-15
  3.491376218450211E+03   5.0665119E-15
  3.494124320614117E+03   3.9503478E-15
  3.496872431341385E+03   3.9098854E-15
  3.499620550567628E+03   3.6485415E-15
  3.502368678228454E+03   4.5900826E-15
  3.505116814259468E+03   4.7181234E-15
  3.507864958596274E+03   3.5594743E-15
  3.510613111174476E+03   4.0314999E-15
  3.513361271929673E+03   5.2126149E-15
  3.516109440797465E+03   4.1011230E-15
  3.518857617713446E+03   4.2667654E-15
  3.521605802613213E+03   5.6026338E-15
  3.524353995432359E+03   5.0650190E-15
  3.527102196106474E+03   4.7997647E-15
  3.529850404571147E+03   4.4340506E-15
  3.532598620761965E+03   5.3835415E-15
  3.535346844614515E+03   5.4126816E-15
  3.538095076064380E+03   3.9428545E-15
  3.540843315047142E+03   5.2468198E-15
  3.543591561498381E+03   5.7753078E-15
  3.546339815353675E+03   5.9082221E-15
  3.549088076548601E+03   5.0528078E-15
  3.551836345018734E+03   4.9024387E-15
  3.554584620699648E+03   6.0301961E-15
  3.557332903526913E+03   5.1953617E-15
  3.560081193436101E+03   4.5348967E-15
  3.562829490362778E+03   6.2479399E-15
  3.565577794242512E+03   6.2492189E-15
  3.568326105010868E+03   5.7914294E-15
  3.571074422603408E+03   5.1650756E-15
  3.573822746955695E+03   5.9092148E-15
  3.576571078003288E+03   5.8382021E-15
  3.579319415681747E+03   5.8088939E-15
  3.582067759926628E+03   6.1429451E-15
  3.584816110673487E+03   6.0947159E-15
  3.587564467857878E+03   5.7536521E-15
  3.590312831415353E+03   4.7159330E-15
  3.593061201281463E+03   6.2913258E-15
  3.595809577391757E+03   6.3073550E-15
  3.598557959681784E+03   5.8411735E-15
  3.601306348087091E+03   5.6274129E-15
  3.604054742543221E+03   6.2632217E-15
  3.606803142985720E+03   7.8822438E-15
  3.609551549350128E+03   5.7625498E-15
  3.612299961571989E+03   5.4678967E-15
  3.615048379586839E+03   5.7117469E-15
  3.617796803330219E+03   6.3818270E-15
  3.620545232737665E+03   5.6726470E-15
  3.623293667744711E+03   5.6393145E-15
  3.626042108286893E+03   5.4544814E-15
  3.628790554299743E+03   4.6874490E-15
  3.631539005718793E+03   4.4659922E-15
  3.634287462479573E+03   5.5215372E-15
  3.637035924517613E+03   6.3003272E-15
  3.639784391768440E+03   5.4712365E-15
  3.642532864167581E+03   5.9605679E-15
  3.645281341650561E+03   6.5348757E-15
  3.648029824152904E+03   5.0408091E-15
  3.650778311610133E+03   5.7466074E-15
  3.653526803957771E+03   5.6270067E-15
  3.656275301131338E+03   6.8310416E-15
  3.659023803066354E+03   6.7725701E-15
  3.661772309698337E+03   6.5221965E-15
  3.664520820962804E+03   6.6908136E-15
  3.667269336795272E+03   7.4902344E-15
  3.670017857131256E+03   7.1718381E-15
  3.672766381906270E+03   7.1072349E-15
  3.675514911055828E+03   9.1058515E-15
  3.678263444515441E+03   8.9927625E-15
  3.681011982220621E+03   8.2506117E-15
  3.683760524106877E+03   8.5670801E-15
  3.686509070109719E+03   8.4395805E-15
  3.689257620164655E+03   9.8545372E-15
  3.692006174207191E+03   1.0076187E-14
  3.694754732172835E+03   9.7352233E-15
  3.697503293997092E+03   1.0595475E-14
  3.700251859615466E+03   1.0794484E-14
  3.703000428963460E+03   9.8968871E-15
  3.705749001976578E+03   1.0753712E-14
  3.708497578590321E+03   1.1876160E-14
  3.711246158740189E+03   1.0147301E-14
  3.713994742361684E+03   1.0235033E-14
  3.716743329390304E+03   9.8840808E-15
  3.719491919761548E+03   1.0528534E-14
  3.722240513410914E+03   1.0491500E-14
  3.724989110273899E+03   9.7563915E-15
  3.727737710285999E+03   9.9542677E-15
  3.730486313382708E+03   9.8234671E-15
  3.733234919499523E+03   9.0753168E-15
  3.735983528571937E+03   9.0860462E-15
  3.738732140535443E+03   8.9932766E-15
  3.741480755325535E+03   8.4742885E-15
  3.744229372877704E+03   7.9011005E-15
  3.746977993127440E+03   8.3047379E-15
  3.749726616010237E+03   8.3781257E-15
  3.752475241461582E+03   8.0135814E-15
  3.755223869416966E+03   8.7989308E-15
  3.757972499811878E+03   7.8593079E-15
  3.760721132581806E+03   8.1136287E-15
  3.763469767662238E+03   7.2218088E-15
  3.766218404988661E+03   7.3922505E-15
  3.768967044496561E+03   7.4286568E-15
  3.771715686121425E+03   6.6678239E-15
  3.774464329798739E+03   6.9162180E-15
  3.777212975463988E+03   7.2442222E-15
  3.779961623052657E+03   6.6853215E-15
  3.782710272500229E+03   6.5220478E-15
  3.785458923742189E+03   6.4084251E-15
  3.788207576714020E+03   5.7850826E-15
  3.790956231351206E+03   6.0639474E-15
  3.793704887589228E+03   5.3954800E-15
  3.796453545363569E+03   4.7383887E-15
  3.799202204609712E+03   5.2172613E-15
  3.801950865263138E+03   5.2683946E-15
  3.804699527259327E+03   5.2728974E-15
  3.807448190533760E+03   5.6527303E-15
  3.810196855021920E+03   5.3101842E-15
  3.812945520659284E+03   4.8108706E-15
  3.815694187381335E+03   4.6386472E-15
  3.818442855123551E+03   4.8937299E-15
  3.821191523821413E+03   5.0139954E-15
  3.823940193410399E+03   4.4663552E-15
  3.826688863825988E+03   4.2401686E-15
  3.829437535003661E+03   5.1157931E-15
  3.832186206878894E+03   5.7870892E-15
  3.834934879387167E+03   5.3507317E-15
  3.837683552463959E+03   5.2100700E-15
  3.840432226044748E+03   5.6085236E-15
  3.843180900065011E+03   5.4153345E-15
  3.845929574460228E+03   5.2026225E-15
  3.848678249165875E+03   6.0079242E-15
  3.851426924117432E+03   6.0834783E-15
  3.854175599250374E+03   6.3991535E-15
  3.856924274500182E+03   7.0998636E-15
  3.859672949802333E+03   7.1029358E-15
  3.862421625092303E+03   7.5641296E-15
  3.865170300305572E+03   7.6184684E-15
  3.867918975377617E+03   7.3488443E-15
  3.870667650243915E+03   8.8233584E-15
  3.873416324839945E+03   8.8594437E-15
  3.876164999101184E+03   8.4903203E-15
  3.878913672963111E+03   9.4502653E-15
  3.881662346361204E+03   9.8155144E-15
  3.884411019230940E+03   9.8442457E-15
  3.887159691507799E+03   9.8414446E-15
  3.889908363127259E+03   1.0361377E-14
  3.892657034024799E+03   1.0106297E-14
  3.895405704135896E+03   1.0587013E-14
  3.898154373396032E+03   1.0291471E-14
  3.900903041740683E+03   1.0996488E-14
  3.903651709105331E+03   1.0934396E-14
  3.906400375425454E+03   1.0323505E-14
  3.909149040636533E+03   1.0867046E-14
  3.911897704674048E+03   1.1921145E-14
  3.914646367473478E+03   1.1814599E-14
  3.917395028970306E+03   1.0252754E-14
  3.920143689100011E+03   1.1664393E-14
  3.922892347798076E+03   1.1494086E-14
  3.925641004999982E+03   1.1774870E-14
  3.928389660641211E+03   1.1777817E-14
  3.931138314657245E+03   1.2692640E-14
  3.933886966983567E+03   1.2888131E-14
  3.936635617555661E+03   1.1964883E-14
  3.939384266309010E+03   1.2815438E-14
  3.942132913179098E+03   1.2861358E-14
  3.944881558101409E+03   1.3020902E-14
  3.947630201011429E+03   1.2697265E-14
  3.950378841844642E+03   1.3448202E-14
  3.953127480536536E+03   1.3847512E-14
  3.955876117022594E+03   1.4289724E-14
  3.958624751238307E+03   1.3218884E-14
  3.961373383119160E+03   1.3853803E-14
  3.964122012600641E+03   1.4970984E-14
  3.966870639618239E+03   1.4810930E-14
  3.969619264107443E+03   1.5269580E-14
  3.972367886003743E+03   1.5513967E-14
  3.975116505242630E+03   1.6201231E-14
  3.977865121759592E+03   1.5679059E-14
  3.980613735490124E+03   1.5683582E-14
  3.983362346369717E+03   1.6691399E-14
  3.986110954333864E+03   1.6943674E-14
  3.988859559318058E+03   1.5266541E-14
  3.991608161257794E+03   1.5744132E-14
  3.994356760088566E+03   1.5498807E-14
  3.997105355745872E+03   1.5105472E-14
  3.999853948165206E+03   1.5570764E-14
  4.002602537282066E+03   1.5193228E-14
  4.005351123031951E+03   1.5240545E-14
  4.008099705350358E+03   1.4963035E-14
  4.010848284172789E+03   1.4824559E-14
  4.013596859434743E+03   1.4555013E-14
  4.016345431071721E+03   1.5065728E-14
  4.019093999019225E+03   1.4653601E-14
  4.021842563212759E+03   1.4628281E-14
  4.024591123587827E+03   1.4984740E-14
  4.027339680079932E+03   1.4188488E-14
  4.030088232624582E+03   1.2951159E-14
  4.032836781157282E+03   1.3228136E-14
  4.035585325613540E+03   1.3715529E-14
  4.038333865928864E+03   1.2913073E-14
  4.041082402038765E+03   1.2442311E-14
  4.043830933878752E+03   1.2592221E-14
  4.046579461384336E+03   1.2585498E-14
  4.049327984491032E+03   1.3167452E-14
  4.052076503134351E+03   1.2096106E-14
  4.054825017249808E+03   1.2268297E-14
  4.057573526772920E+03   1.3418921E-14
  4.060322031639203E+03   1.1421633E-14
  4.063070531784174E+03   1.2338205E-14
  4.065819027143352E+03   1.2494078E-14
  4.068567517652259E+03   1.2947631E-14
  4.071316003246413E+03   1.2470926E-14
  4.074064483861339E+03   1.2535774E-14
  4.076812959432559E+03   1.3519035E-14
  4.079561429895599E+03   1.3780501E-14
  4.082309895185984E+03   1.2408886E-14
  4.085058355239240E+03   1.2963386E-14
  4.087806809990897E+03   1.3056314E-14
  4.090555259376484E+03   1.3179054E-14
  4.093303703331532E+03   1.2474895E-14
  4.096052141791572E+03   1.2839822E-14
  4.098800574692139E+03   1.2714546E-14
  4.101549001968768E+03   1.2067706E-14
  4.104297423556992E+03   1.2502344E-14
  4.107045839392351E+03   1.2696566E-14
  4.109794249410383E+03   1.2199762E-14
  4.112542653546628E+03   1.1488978E-14
  4.115291051736627E+03   1.1999449E-14
  4.118039443915924E+03   1.2196360E-14
  4.120787830020062E+03   1.1370451E-14
  4.123536209984587E+03   1.1769006E-14
  4.126284583745046E+03   1.1766478E-14
  4.129032951236989E+03   1.0921059E-14
  4.131781312395964E+03   1.0566738E-14
  4.134529667157524E+03   1.1177585E-14
  4.137278015457220E+03   1.1551740E-14
  4.140026357230609E+03   1.0792268E-14
  4.142774692413245E+03   1.0487455E-14
  4.145523020940687E+03   1.0904360E-14
  4.148271342748494E+03   1.0253780E-14
  4.151019657772226E+03   1.0074899E-14
  4.153767965947446E+03   9.7844223E-15
  4.156516267209719E+03   1.0068851E-14
  4.159264561494607E+03   1.0163652E-14
  4.162012848737681E+03   9.8428905E-15
  4.164761128874507E+03   9.4639381E-15
  4.167509401840658E+03   9.6049479E-15
  4.170257667571704E+03   1.0150928E-14
  4.173005926003220E+03   9.2697897E-15
  4.175754177070783E+03   9.5124663E-15
  4.178502420709968E+03   1.0652950E-14
  4.181250656856354E+03   9.7919338E-15
  4.183998885445524E+03   9.8613126E-15
  4.186747106413059E+03   1.0520269E-14
  4.189495319694543E+03   9.6915799E-15
  4.192243525225564E+03   9.9859357E-15
  4.194991722941708E+03   1.0897335E-14
  4.197739912778567E+03   1.1213204E-14
  4.200488094671730E+03   1.0449485E-14
  4.203236268556794E+03   1.0386005E-14
  4.205984434369351E+03   1.0915947E-14
  4.208732592045000E+03   1.1236309E-14
  4.211480741519340E+03   1.0832144E-14
  4.214228882727973E+03   1.0559079E-14
  4.216977015606501E+03   1.0900687E-14
  4.219725140090529E+03   1.1449207E-14
  4.222473256115664E+03   1.1215482E-14
  4.225221363617516E+03   1.1169435E-14
  4.227969462531695E+03   1.1733906E-14
  4.230717552793814E+03   1.1913966E-14
  4.233465634339490E+03   1.1363113E-14
  4.236213707104336E+03   1.1991105E-14
  4.238961771023976E+03   1.1903782E-14
  4.241709826034028E+03   1.2127535E-14
  4.244457872070116E+03   1.1905443E-14
  4.247205909067865E+03   1.1191704E-14
  4.249953936962904E+03   1.1648642E-14
  4.252701955690862E+03   1.2024326E-14
  4.255449965187369E+03   1.1582250E-14
  4.258197965388061E+03   1.1608288E-14
  4.260945956228575E+03   1.1396419E-14
  4.263693937644546E+03   1.1779730E-14
  4.266441909571618E+03   1.1423504E-14
  4.269189871945431E+03   1.1720729E-14
  4.271937824701633E+03   1.1940720E-14
  4.274685767775868E+03   1.1102078E-14
  4.277433701103789E+03   1.0806785E-14
  4.280181624621045E+03   1.1230124E-14
  4.282929538263291E+03   1.2155086E-14
  4.285677441966183E+03   1.1557992E-14
  4.288425335665381E+03   1.2553695E-14
  4.291173219296546E+03   1.2175960E-14
  4.293921092795340E+03   1.2144691E-14
  4.296668956097430E+03   1.1234392E-14
  4.299416809138484E+03   1.2583607E-14
  4.302164651854173E+03   1.2663584E-14
  4.304912484180169E+03   1.2432873E-14
  4.307660306052148E+03   1.2974934E-14
  4.310408117405788E+03   1.3552671E-14
  4.313155918176770E+03   1.2863243E-14
  4.315903708300777E+03   1.3001254E-14
  4.318651487713492E+03   1.3379151E-14
  4.321399256350606E+03   1.3459967E-14
  4.324147014147808E+03   1.3316281E-14
  4.326894761040790E+03   1.3210788E-14
  4.329642496965251E+03   1.3232131E-14
  4.332390221856885E+03   1.3181011E-14
  4.335137935651393E+03   1.2587460E-14
  4.337885638284482E+03   1.3355701E-14
  4.340633329691854E+03   1.2757355E-14
  4.343381009809219E+03   1.3191603E-14
  4.346128678572288E+03   1.2964718E-14
  4.348876335916774E+03   1.2234714E-14
  4.351623981778396E+03   1.2680408E-14
  4.354371616092871E+03   1.2548607E-14
  4.357119238795922E+03   1.1703838E-14
  4.359866849823271E+03   1.2227205E-14
  4.362614449110649E+03   1.2108261E-14
  4.365362036593784E+03   1.1417448E-14
  4.368109612208409E+03   1.0806738E-14
  4.370857175890261E+03   1.1045067E-14
  4.373604727575075E+03   1.1073013E-14
  4.376352267198597E+03   1.0488540E-14
  4.379099794696567E+03   1.0347521E-14
  4.381847310004735E+03   1.0850633E-14
  4.384594813058848E+03   1.0669943E-14
  4.387342303794660E+03   9.9576177E-15
  4.390089782147926E+03   9.7647881E-15
  4.392837248054405E+03   9.6371809E-15
  4.395584701449858E+03   9.3836707E-15
  4.398332142270049E+03   9.1224525E-15
  4.401079570450746E+03   9.1580804E-15
  4.403826985927719E+03   9.2412167E-15
  4.406574388636741E+03   8.7807535E-15
  4.409321778513586E+03   8.8399501E-15
  4.412069155494037E+03   9.0999375E-15
  4.414816519513873E+03   8.9719390E-15
  4.417563870508880E+03   8.4440122E-15
  4.420311208414847E+03   8.4645680E-15
  4.423058533167564E+03   8.1376005E-15
  4.425805844702826E+03   8.2107833E-15
  4.428553142956432E+03   8.4455885E-15
  4.431300427864180E+03   8.1237490E-15
  4.434047699361875E+03   8.2467450E-15
  4.436794957385323E+03   8.1251610E-15
  4.439542201870336E+03   8.2766944E-15
  4.442289432752725E+03   7.7394163E-15
  4.445036649968307E+03   7.8112447E-15
  4.447783853452900E+03   8.5297200E-15
  4.450531043142330E+03   8.3802907E-15
  4.453278218972420E+03   7.6263467E-15
  4.456025380879002E+03   8.4955406E-15
  4.458772528797906E+03   8.5020974E-15
  4.461519662664969E+03   8.4211990E-15
  4.464266782416029E+03   8.2105953E-15
  4.467013887986929E+03   8.7081255E-15
  4.469760979313516E+03   8.7184271E-15
  4.472508056331637E+03   8.8549172E-15
  4.475255118977145E+03   8.7350061E-15
  4.478002167185895E+03   8.4845732E-15
  4.480749200893746E+03   8.1593295E-15
  4.483496220036562E+03   8.5498760E-15
  4.486243224550208E+03   8.7875145E-15
  4.488990214370552E+03   8.7001033E-15
  4.491737189433470E+03   8.3713545E-15
  4.494484149674835E+03   9.0927013E-15
  4.497231095030528E+03   9.2395048E-15
  4.499978025436431E+03   9.7054297E-15
  4.502724940828433E+03   9.8094445E-15
  4.505471841142422E+03   1.0580837E-14
  4.508218726314291E+03   1.0484454E-14
  4.510965596279940E+03   1.0643449E-14
  4.513712450975268E+03   1.0883572E-14
  4.516459290336179E+03   1.1850462E-14
  4.519206114298581E+03   1.1913284E-14
  4.521952922798388E+03   1.1669934E-14
  4.524699715771510E+03   1.2214562E-14
  4.527446493153871E+03   1.2360221E-14
  4.530193254881390E+03   1.1895979E-14
  4.532940000889995E+03   1.3128602E-14
  4.535686731115615E+03   1.3367987E-14
  4.538433445494182E+03   1.4145680E-14
  4.541180143961635E+03   1.3754313E-14
  4.543926826453915E+03   1.5107673E-14
  4.546673492906964E+03   1.4969335E-14
  4.549420143256734E+03   1.6042301E-14
  4.552166777439175E+03   1.6458333E-14
  4.554913395390243E+03   1.7041835E-14
  4.557659997045897E+03   1.8084577E-14
  4.560406582342102E+03   1.9739579E-14
  4.563153151214824E+03   1.9918518E-14
  4.565899703600036E+03   2.1477694E-14
  4.568646239433710E+03   2.1983276E-14
  4.571392758651827E+03   2.2318280E-14
  4.574139261190368E+03   2.3313106E-14
  4.576885746985322E+03   2.3928669E-14
  4.579632215972678E+03   2.4506999E-14
  4.582378668088430E+03   2.4479323E-14
  4.585125103268579E+03   2.4178237E-14
  4.587871521449123E+03   2.5625120E-14
  4.590617922566073E+03   2.5796466E-14
  4.593364306555436E+03   2.4795233E-14
  4.596110673353228E+03   2.4990692E-14
  4.598857022895467E+03   2.5185390E-14
  4.601603355118174E+03   2.4440179E-14
  4.604349669957378E+03   2.5862716E-14
  4.607095967349107E+03   2.5452725E-14
  4.609842247229398E+03   2.5577925E-14
  4.612588509534286E+03   2.5301311E-14
  4.615334754199817E+03   2.5538379E-14
  4.618080981162036E+03   2.5786134E-14
  4.620827190356996E+03   2.6163211E-14
  4.623573381720750E+03   2.6318425E-14
  4.626319555189358E+03   2.8070887E-14
  4.629065710698884E+03   2.7874164E-14
  4.631811848185395E+03   2.9320015E-14
  4.634557967584964E+03   2.9400144E-14
  4.637304068833665E+03   3.0538770E-14
  4.640050151867580E+03   3.1337214E-14
  4.642796216622794E+03   3.1330929E-14
  4.645542263035394E+03   3.1813663E-14
  4.648288291041475E+03   3.1466844E-14
  4.651034300577132E+03   3.1690748E-14
  4.653780291578470E+03   3.1455846E-14
  4.656526263981593E+03   3.1667526E-14
  4.659272217722611E+03   2.9214465E-14
  4.662018152737640E+03   2.9415428E-14
  4.664764068962798E+03   2.9674034E-14
  4.667509966334210E+03   2.6960910E-14
  4.670255844788002E+03   2.7117392E-14
  4.673001704260309E+03   2.6264501E-14
  4.675747544687265E+03   2.4875764E-14
  4.678493366005013E+03   2.4242551E-14
  4.681239168149697E+03   2.3976713E-14
  4.683984951057470E+03   2.2335151E-14
  4.686730714664483E+03   2.1414152E-14
  4.689476458906897E+03   2.0696134E-14
  4.692222183720875E+03   1.9872335E-14
  4.694967889042587E+03   1.8997224E-14
  4.697713574808203E+03   1.9079238E-14
  4.700459240953902E+03   1.8626009E-14
  4.703204887415866E+03   1.7763391E-14
  4.705950514130281E+03   1.6973375E-14
  4.708696121033337E+03   1.6250176E-14
  4.711441708061231E+03   1.5682510E-14
  4.714187275150163E+03   1.5236178E-14
  4.716932822236338E+03   1.4561171E-14
  4.719678349255965E+03   1.4389111E-14
  4.722423856145259E+03   1.4702173E-14
  4.725169342840439E+03   1.3611940E-14
  4.727914809277728E+03   1.3548226E-14
  4.730660255393354E+03   1.3744571E-14
  4.733405681123551E+03   1.3653550E-14
  4.736151086404559E+03   1.2778855E-14
  4.738896471172617E+03   1.3221488E-14
  4.741641835363974E+03   1.3924647E-14
  4.744387178914881E+03   1.2993399E-14
  4.747132501761598E+03   1.2495631E-14
  4.749877803840383E+03   1.3005462E-14
  4.752623085087506E+03   1.3160647E-14
  4.755368345439239E+03   1.2787224E-14
  4.758113584831854E+03   1.2904160E-14
  4.760858803201637E+03   1.2602555E-14
  4.763604000484872E+03   1.2778137E-14
  4.766349176617849E+03   1.2675747E-14
  4.769094331536868E+03   1.2790776E-14
  4.771839465178226E+03   1.2434744E-14
  4.774584577478230E+03   1.2377838E-14
  4.777329668373192E+03   1.2874133E-14
  4.780074737799427E+03   1.3452921E-14
  4.782819785693257E+03   1.2633821E-14
  4.785564811991007E+03   1.3180755E-14
  4.788309816629006E+03   1.3194537E-14
  4.791054799543595E+03   1.3389051E-14
  4.793799760671111E+03   1.3961215E-14
  4.796544699947901E+03   1.4246889E-14
  4.799289617310315E+03   1.5052944E-14
  4.802034512694714E+03   1.4578099E-14
  4.804779386037454E+03   1.5179086E-14
  4.807524237274904E+03   1.5514142E-14
  4.810269066343436E+03   1.6581583E-14
  4.813013873179427E+03   1.7040341E-14
  4.815758657719257E+03   1.7606693E-14
  4.818503419899315E+03   1.7749492E-14
  4.821248159655994E+03   1.8527748E-14
  4.823992876925689E+03   1.9183828E-14
  4.826737571644807E+03   1.9812782E-14
  4.829482243749752E+03   2.0156574E-14
  4.832226893176940E+03   2.1020476E-14
  4.834971519862790E+03   2.1057197E-14
  4.837716123743723E+03   2.1280559E-14
  4.840460704756170E+03   2.0840961E-14
  4.843205262836567E+03   2.0696608E-14
  4.845949797921352E+03   2.0506822E-14
  4.848694309946971E+03   1.9640961E-14
  4.851438798849875E+03   2.0128318E-14
  4.854183264566520E+03   1.9482444E-14
  4.856927707033366E+03   1.9742397E-14
  4.859672126186882E+03   1.8911830E-14
  4.862416521963538E+03   1.8774260E-14
  4.865160894299813E+03   1.9502732E-14
  4.867905243132191E+03   1.8192584E-14
  4.870649568397158E+03   1.8402680E-14
  4.873393870031210E+03   1.8996193E-14
  4.876138147970846E+03   1.8085815E-14
  4.878882402152572E+03   1.7972545E-14
  4.881626632512898E+03   1.8576608E-14
  4.884370838988340E+03   1.8235249E-14
  4.887115021515419E+03   1.7697827E-14
  4.889859180030663E+03   1.8114311E-14
  4.892603314470605E+03   1.8734697E-14
  4.895347424771784E+03   1.9025373E-14
  4.898091510870743E+03   1.8607755E-14
  4.900835572704033E+03   1.8015362E-14
  4.903579610208207E+03   1.8559566E-14
  4.906323623319827E+03   1.9642747E-14
  4.909067611975461E+03   1.9009605E-14
  4.911811576111680E+03   1.9212549E-14
  4.914555515665062E+03   2.0077391E-14
  4.917299430572190E+03   1.9911998E-14
  4.920043320769655E+03   1.9782316E-14
  4.922787186194053E+03   2.0218624E-14
  4.925531026781982E+03   2.0319926E-14
  4.928274842470051E+03   2.0694806E-14
  4.931018633194873E+03   2.1106401E-14
  4.933762398893063E+03   2.1332757E-14
  4.936506139501248E+03   2.1839894E-14
  4.939249854956058E+03   2.2593396E-14
  4.941993545194126E+03   2.1834067E-14
  4.944737210152098E+03   2.2711261E-14
  4.947480849766617E+03   2.2838017E-14
  4.950224463974339E+03   2.3499941E-14
  4.952968052711924E+03   2.3105881E-14
  4.955711615916034E+03   2.3922381E-14
  4.958455153523344E+03   2.4538052E-14
  4.961198665470528E+03   2.4188146E-14
  4.963942151694270E+03   2.3953582E-14
  4.966685612131259E+03   2.3613901E-14
  4.969429046718191E+03   2.4277924E-14
  4.972172455391766E+03   2.3910900E-14
  4.974915838088690E+03   2.4848948E-14
  4.977659194745679E+03   2.3500028E-14
  4.980402525299449E+03   2.3534224E-14
  4.983145829686726E+03   2.3177718E-14
  4.985889107844242E+03   2.2133244E-14
  4.988632359708733E+03   2.1640254E-14
  4.991375585216943E+03   2.1570934E-14
  4.994118784305624E+03   2.0405805E-14
  4.996861956911527E+03   2.0869977E-14
  4.999605102971417E+03   1.9409696E-14
  5.002348222422060E+03   1.9613195E-14
  5.005091315200231E+03   1.9742695E-14
  5.007834381242711E+03   1.9253127E-14
  5.010577420486285E+03   1.8601877E-14
  5.013320432867748E+03   1.8318285E-14
  5.016063418323895E+03   1.8582205E-14
  5.018806376791535E+03   1.8339170E-14
  5.021549308207476E+03   1.7755149E-14
  5.024292212508541E+03   1.6681059E-14
  5.027035089631548E+03   1.6922221E-14
  5.029777939513329E+03   1.6434497E-14
  5.032520762090723E+03   1.6346376E-14
  5.035263557300570E+03   1.6133957E-14
  5.038006325079722E+03   1.5690011E-14
  5.040749065365032E+03   1.4769847E-14
  5.043491778093364E+03   1.4604249E-14
  5.046234463201586E+03   1.5169322E-14
  5.048977120626570E+03   1.5127842E-14
  5.051719750305200E+03   1.4509991E-14
  5.054462352174364E+03   1.4373344E-14
  5.057204926170955E+03   1.4899352E-14
  5.059947472231874E+03   1.3603007E-14
  5.062689990294027E+03   1.3212001E-14
  5.065432480294327E+03   1.4184063E-14
  5.068174942169696E+03   1.3745793E-14
  5.070917375857059E+03   1.3616795E-14
  5.073659781293349E+03   1.3565538E-14
  5.076402158415506E+03   1.2596953E-14
  5.079144507160477E+03   1.3301741E-14
  5.081886827465212E+03   1.3318672E-14
  5.084629119266673E+03   1.3018416E-14
  5.087371382501825E+03   1.3813618E-14
  5.090113617107640E+03   1.3029864E-14
  5.092855823021097E+03   1.2889175E-14
  5.095598000179183E+03   1.2491969E-14
  5.098340148518889E+03   1.2172971E-14
  5.101082267977214E+03   1.2169513E-14
  5.103824358491164E+03   1.2573920E-14
  5.106566419997753E+03   1.2229688E-14
  5.109308452433997E+03   1.1707855E-14
  5.112050455736924E+03   1.2065100E-14
  5.114792429843567E+03   1.1443054E-14
  5.117534374690964E+03   1.1821548E-14
  5.120276290216163E+03   1.1813535E-14
  5.123018176356214E+03   1.1088712E-14
  5.125760033048179E+03   1.1057758E-14
  5.128501860229124E+03   1.2129059E-14
  5.131243657836122E+03   1.1453389E-14
  5.133985425806254E+03   1.1813774E-14
  5.136727164076606E+03   1.1436211E-14
  5.139468872584273E+03   1.1010093E-14
  5.142210551266353E+03   1.1059458E-14
  5.144952200059957E+03   1.1054749E-14
  5.147693818902198E+03   1.0702772E-14
  5.150435407730199E+03   1.1099815E-14
  5.153176966481086E+03   1.0690091E-14
  5.155918495091997E+03   1.0466967E-14
  5.158659993500073E+03   1.0852962E-14
  5.161401461642463E+03   1.0944522E-14
  5.164142899456323E+03   1.0949029E-14
  5.166884306878817E+03   1.0783009E-14
  5.169625683847117E+03   1.1262627E-14
  5.172367030298398E+03   1.0974906E-14
  5.175108346169845E+03   1.1207113E-14
  5.177849631398652E+03   1.1286789E-14
  5.180590885922014E+03   1.1833929E-14
  5.183332109677136E+03   1.1564335E-14
  5.186073302601235E+03   1.1763865E-14
  5.188814464631529E+03   1.2109186E-14
  5.191555595705244E+03   1.1454936E-14
  5.194296695759615E+03   1.2261358E-14
  5.197037764731885E+03   1.1475535E-14
  5.199778802559299E+03   1.2292085E-14
  5.202519809179115E+03   1.2428092E-14
  5.205260784528597E+03   1.1852978E-14
  5.208001728545012E+03   1.2941563E-14
  5.210742641165640E+03   1.2766149E-14
  5.213483522327764E+03   1.3829072E-14
  5.216224371968678E+03   1.4047286E-14
  5.218965190025679E+03   1.3412818E-14
  5.221705976436074E+03   1.4570657E-14
  5.224446731137176E+03   1.5340112E-14
  5.227187454066308E+03   1.4439362E-14
  5.229928145160799E+03   1.5391392E-14
  5.232668804357981E+03   1.5925697E-14
  5.235409431595199E+03   1.5759980E-14
  5.238150026809804E+03   1.6031245E-14
  5.240890589939154E+03   1.7153207E-14
  5.243631120920614E+03   1.7025376E-14
  5.246371619691556E+03   1.6451026E-14
  5.249112086189360E+03   1.7137530E-14
  5.251852520351415E+03   1.7492326E-14
  5.254592922115115E+03   1.7442594E-14
  5.257333291417862E+03   1.7050855E-14
  5.260073628197066E+03   1.7713195E-14
  5.262813932390145E+03   1.7744146E-14
  5.265554203934524E+03   1.7527915E-14
  5.268294442767635E+03   1.6773943E-14
  5.271034648826920E+03   1.8364740E-14
  5.273774822049822E+03   1.8095099E-14
  5.276514962373801E+03   1.7979569E-14
  5.279255069736316E+03   1.8694231E-14
  5.281995144074840E+03   1.8791951E-14
  5.284735185326850E+03   1.9214659E-14
  5.287475193429830E+03   1.9323422E-14
  5.290215168321276E+03   1.9279141E-14
  5.292955109938686E+03   1.9799565E-14
  5.295695018219571E+03   1.9504208E-14
  5.298434893101446E+03   2.0464133E-14
  5.301174734521834E+03   2.0853140E-14
  5.303914542418268E+03   2.0443882E-14
  5.306654316728286E+03   1.9914854E-14
  5.309394057389436E+03   2.1575251E-14
  5.312133764339271E+03   2.1254108E-14
  5.314873437515356E+03   2.1724577E-14
  5.317613076855260E+03   2.0612925E-14
  5.320352682296562E+03   2.1198910E-14
  5.323092253776846E+03   2.2130559E-14
  5.325831791233707E+03   2.0966889E-14
  5.328571294604746E+03   2.1193666E-14
  5.331310763827572E+03   2.0637788E-14
  5.334050198839805E+03   2.0451807E-14
  5.336789599579065E+03   2.0599857E-14
  5.339528965982990E+03   2.0594263E-14
  5.342268297989218E+03   2.1224679E-14
  5.345007595535398E+03   2.0845549E-14
  5.347746858559188E+03   2.0772160E-14
  5.350486086998250E+03   2.0077884E-14
  5.353225280790260E+03   2.0794093E-14
  5.355964439872896E+03   2.0531415E-14
  5.358703564183848E+03   1.9744104E-14
  5.361442653660812E+03   1.9816481E-14
  5.364181708241492E+03   2.0014897E-14
  5.366920727863600E+03   1.9983383E-14
  5.369659712464860E+03   1.9617552E-14
  5.372398661982997E+03   1.9858103E-14
  5.375137576355749E+03   1.9431849E-14
  5.377876455520861E+03   1.9331055E-14
  5.380615299416085E+03   2.0183182E-14
  5.383354107979183E+03   2.0313141E-14
  5.386092881147923E+03   2.0162513E-14
  5.388831618860084E+03   2.0010413E-14
  5.391570321053449E+03   2.0582806E-14
  5.394308987665813E+03   2.1153057E-14
  5.397047618634978E+03   1.9827879E-14
  5.399786213898753E+03   2.0877048E-14
  5.402524773394956E+03   2.1690366E-14
  5.405263297061414E+03   2.1977522E-14
  5.408001784835962E+03   2.3208550E-14
  5.410740236656440E+03   2.2956677E-14
  5.413478652460703E+03   2.3558585E-14
  5.416217032186606E+03   2.4337579E-14
  5.418955375772020E+03   2.5255053E-14
  5.421693683154818E+03   2.4963242E-14
  5.424431954272888E+03   2.6796861E-14
  5.427170189064119E+03   2.6497046E-14
  5.429908387466413E+03   2.7024368E-14
  5.432646549417679E+03   2.8306122E-14
  5.435384674855834E+03   2.7961522E-14
  5.438122763718807E+03   2.7956112E-14
  5.440860815944528E+03   2.8050350E-14
  5.443598831470940E+03   2.9633495E-14
  5.446336810235997E+03   2.8519955E-14
  5.449074752177658E+03   2.9117171E-14
  5.451812657233890E+03   2.8945437E-14
  5.454550525342669E+03   3.0661515E-14
  5.457288356441981E+03   3.0390048E-14
  5.460026150469818E+03   3.0649799E-14
  5.462763907364183E+03   2.9985773E-14
  5.465501627063085E+03   3.1696122E-14
  5.468239309504545E+03   3.0998255E-14
  5.470976954626590E+03   3.0772900E-14
  5.473714562367255E+03   3.0623643E-14
  5.476452132664584E+03   3.1378884E-14
  5.479189665456633E+03   5.8250917E-14
  5.481927160681461E+03   3.0929923E-14
  5.484664618277139E+03   3.1233828E-14
  5.487402038181747E+03   3.1824464E-14
  5.490139420333372E+03   3.1273862E-14
  5.492876764670109E+03   3.1319660E-14
  5.495614071130064E+03   3.1247628E-14
  5.498351339651352E+03   3.1079939E-14
  5.501088570172092E+03   3.1269983E-14
  5.503825762630418E+03   3.0722173E-14
  5.506562916964467E+03   3.1759304E-14
  5.509300033112390E+03   3.0263989E-14
  5.512037111012343E+03   3.1792115E-14
  5.514774150602493E+03   3.0997520E-14
  5.517511151821012E+03   3.1321164E-14
  5.520248114606085E+03   3.0713855E-14
  5.522985038895906E+03   3.2191328E-14
  5.525721924628672E+03   3.1950635E-14
  5.528458771742596E+03   3.0963543E-14
  5.531195580175896E+03   3.1003574E-14
  5.533932349866799E+03   3.1030564E-14
  5.536669080753542E+03   3.1063693E-14
  5.539405772774369E+03   3.0728905E-14
  5.542142425867537E+03   3.1220154E-14
  5.544879039971306E+03   3.0611262E-14
  5.547615615023950E+03   3.1049338E-14
  5.550352150963749E+03   3.1609897E-14
  5.553088647728993E+03   3.0769492E-14
  5.555825105257981E+03   3.1145158E-14
  5.558561523489020E+03   3.0313591E-14
  5.561297902360428E+03   3.0104791E-14
  5.564034241810530E+03   3.1361686E-14
  5.566770541777660E+03   3.0532698E-14
  5.569506802200164E+03   3.0677351E-14
  5.572243023016392E+03   3.0329431E-14
  5.574979204164707E+03   3.0193309E-14
  5.577715345583481E+03   3.0390421E-14
  5.580451447211094E+03   3.0130243E-14
  5.583187508985932E+03   3.0293100E-14
  5.585923530846397E+03   2.9577340E-14
  5.588659512730895E+03   2.9246235E-14
  5.591395454577841E+03   2.9162172E-14
  5.594131356325661E+03   2.8832941E-14
  5.596867217912792E+03   2.8986552E-14
  5.599603039277675E+03   2.8794218E-14
  5.602338820358765E+03   2.8426724E-14
  5.605074561094523E+03   2.7976143E-14
  5.607810261423421E+03   2.7945506E-14
  5.610545921283939E+03   2.7908924E-14
  5.613281540614568E+03   2.7103857E-14
  5.616017119353807E+03   2.7417427E-14
  5.618752657440165E+03   2.7626705E-14
  5.621488154812157E+03   2.7696449E-14
  5.624223611408313E+03   2.6133252E-14
  5.626959027167166E+03   2.6735372E-14
  5.629694402027265E+03   2.7259392E-14
  5.632429735927163E+03   2.6191606E-14
  5.635165028805425E+03   2.5734892E-14
  5.637900280600625E+03   2.5090383E-14
  5.640635491251343E+03   2.5968014E-14
  5.643370660696176E+03   2.5580600E-14
  5.646105788873721E+03   2.4346151E-14
  5.648840875722593E+03   2.4892240E-14
  5.651575921181411E+03   2.3709093E-14
  5.654310925188804E+03   2.4132374E-14
  5.657045887683413E+03   2.3714788E-14
  5.659780808603886E+03   2.3287096E-14
  5.662515687888881E+03   2.3157725E-14
  5.665250525477067E+03   2.3702081E-14
  5.667985321307120E+03   2.2440158E-14
  5.670720075317728E+03   2.2829135E-14
  5.673454787447587E+03   2.2503377E-14
  5.676189457635403E+03   2.1087334E-14
  5.678924085819891E+03   2.1251870E-14
  5.681658671939775E+03   2.2105610E-14
  5.684393215933792E+03   2.1417443E-14
  5.687127717740684E+03   2.1011298E-14
  5.689862177299207E+03   2.1182090E-14
  5.692596594548122E+03   2.1167230E-14
  5.695330969426203E+03   3.0414937E-14
