1700.1576 4.9658067e-17
1701.7018 1.2403666e-16
1703.246 1.3940249e-16
1704.7902 1.1695908e-16
1706.3345 1.9161503e-16
1707.8787 2.0921547e-16
1709.423 2.0127223e-16
1710.9673 1.5289742e-16
1712.5116 1.7798465e-16
1714.0559 1.7227406e-16
1715.6001 1.4628667e-16
1717.1445 1.2826675e-16
1718.6888 8.5538847e-17
1720.2331 1.5380204e-16
1721.7774 1.0407092e-16
1723.3218 1.0001169e-16
1724.8661 9.7955531e-17
1726.4105 1.0981995e-16
1727.9548 1.0106532e-16
1729.4992 9.4489373e-17
1731.0436 8.1777075e-17
1732.588 7.5563122e-17
1734.1324 1.0253136e-16
1735.6768 5.3692025e-17
1737.2212 8.4483906e-17
1738.7657 9.3565088e-17
1740.3101 7.5867576e-17
1741.8546 8.0981639e-17
1743.399 5.6508351e-17
1744.9435 3.9420592e-17
1746.488 2.5382306e-17
1748.0325 3.199073e-17
1749.577 2.0516728e-17
1751.1215 2.4003189e-17
1752.666 -1.6049832e-17
1754.2105 8.4942446e-18
1755.755 5.8101413e-17
1757.2996 6.1658761e-17
1758.8441 5.940913e-17
1760.3887 1.1871164e-16
1761.9332 1.312936e-16
1763.4778 1.0992661e-16
1765.0224 1.4627709e-16
1766.567 2.1635355e-16
1768.1116 2.0861991e-16
1769.6562 1.8785916e-16
1771.2008 1.3186073e-16
1772.7455 1.3170754e-16
1774.2901 1.4438715e-16
1775.8347 1.1845856e-16
1777.3794 1.0320504e-16
1778.9241 1.108458e-16
1780.4687 1.0686337e-16
1782.0134 3.5993608e-17
1783.5581 4.2838858e-17
1785.1028 6.5092407e-17
1786.6475 7.3407216e-17
1788.1922 7.3449487e-17
1789.737 5.9050983e-17
1791.2817 6.807872e-17
1792.8265 6.4977861e-17
1794.3712 8.0859566e-17
1795.916 5.8794838e-17
1797.4608 1.3591329e-16
1799.0055 1.7035786e-16
1800.5503 1.2629543e-16
1802.0951 1.369462e-16
1803.6399 1.1168517e-16
1805.1848 1.4433344e-16
1806.7296 1.1864145e-16
1808.2744 1.5480214e-16
1809.8193 1.2590757e-16
1811.3641 1.226207e-16
1812.909 8.9096508e-17
1814.4539 6.2119113e-17
1815.9987 8.2491862e-17
1817.5436 9.0219112e-17
1819.0885 1.23973e-16
1820.6334 1.4028202e-16
1822.1784 1.5864318e-16
1823.7233 1.6207645e-16
1825.2682 1.8503069e-16
1826.8132 2.1897649e-16
1828.3581 2.045492e-16
1829.9031 2.1016771e-16
1831.4481 2.2888795e-16
1832.993 2.2529521e-16
1834.538 2.4051532e-16
1836.083 2.3895227e-16
1837.628 2.2207892e-16
1839.1731 2.0255561e-16
1840.7181 1.7858968e-16
1842.2631 1.6090874e-16
1843.8082 1.7734742e-16
1845.3532 2.0351772e-16
1846.8983 1.8015368e-16
1848.4433 2.2434115e-16
1849.9884 2.201082e-16
1851.5335 2.0829258e-16
1853.0786 2.2188821e-16
1854.6237 2.3390184e-16
1856.1688 2.9156021e-16
1857.714 2.881889e-16
1859.2591 2.7893305e-16
1860.8042 2.455765e-16
1862.3494 2.6069379e-16
1863.8946 2.4641335e-16
1865.4397 2.4461477e-16
1866.9849 2.5269777e-16
1868.5301 2.5695016e-16
1870.0753 2.4611799e-16
1871.6205 2.2124968e-16
1873.1657 2.1308463e-16
1874.711 2.0443398e-16
1876.2562 2.2906261e-16
1877.8014 2.2284601e-16
1879.3467 2.1765645e-16
1880.8919 1.8998657e-16
1882.4372 1.9016361e-16
1883.9825 1.8784475e-16
1885.5278 2.1812105e-16
1887.0731 2.1972843e-16
1888.6184 2.47311e-16
1890.1637 2.72022e-16
1891.709 2.7875717e-16
1893.2543 2.8195081e-16
1894.7997 2.7603938e-16
1896.345 2.7590213e-16
1897.8904 2.6974784e-16
1899.4358 2.722773e-16
1900.9811 2.5351803e-16
1902.5265 2.4307502e-16
1904.0719 2.3348633e-16
1905.6173 2.201368e-16
1907.1627 1.9843614e-16
1908.7082 2.1321997e-16
1910.2536 2.1306031e-16
1911.799 2.4685926e-16
1913.3445 2.2589391e-16
1914.8899 2.4381465e-16
1916.4354 2.4930151e-16
1917.9809 2.590351e-16
1919.5264 2.5788565e-16
1921.0719 2.6271382e-16
1922.6174 2.8308184e-16
1924.1629 2.5569659e-16
1925.7084 2.6809594e-16
1927.2539 2.6171167e-16
1928.7995 2.8340414e-16
1930.345 2.7124675e-16
1931.8906 2.6911704e-16
1933.4362 2.6994776e-16
1934.9817 2.7346506e-16
1936.5273 2.536779e-16
1938.0729 2.4258337e-16
1939.6185 2.6234833e-16
1941.1641 2.4287542e-16
1942.7098 2.2465478e-16
1944.2554 2.2271745e-16
1945.801 2.2863416e-16
1947.3467 2.0332436e-16
1948.8923 1.929727e-16
1950.438 1.8110599e-16
1951.9837 1.9665733e-16
1953.5294 1.8020647e-16
1955.0751 1.9252537e-16
1956.6208 1.887877e-16
1958.1665 1.915172e-16
1959.7122 2.0144214e-16
1961.2579 1.9261517e-16
1962.8037 1.9938266e-16
1964.3494 1.9705028e-16
1965.8952 1.9774037e-16
1967.4409 1.7939077e-16
1968.9867 1.8250155e-16
1970.5325 1.6193385e-16
1972.0783 1.5400389e-16
1973.6241 1.5402877e-16
1975.1699 1.3969309e-16
1976.7157 1.2146175e-16
1978.2615 1.3985007e-16
1979.8074 1.279474e-16
1981.3532 1.1736391e-16
1982.8991 1.3673361e-16
1984.4449 1.3606145e-16
1985.9908 1.1877862e-16
1987.5367 1.2898524e-16
1989.0826 1.3546616e-16
1990.6285 1.2482629e-16
1992.1744 1.1875947e-16
1993.7203 1.2047113e-16
1995.2663 1.2362197e-16
1996.8122 1.4726478e-16
1998.3581 1.6222856e-16
1999.9041 1.5677343e-16
2001.4501 1.7725524e-16
2002.996 1.9000222e-16
2004.542 1.7759823e-16
2006.088 1.8859885e-16
2007.634 1.9923378e-16
2009.18 2.0105558e-16
2010.726 2.053743e-16
2012.2721 2.0451424e-16
2013.8181 1.7399766e-16
2015.3641 1.8628078e-16
2016.9102 1.9031685e-16
2018.4563 1.678104e-16
2020.0023 1.8676947e-16
2021.5484 1.8349053e-16
2023.0945 2.0458884e-16
2024.6406 2.1457858e-16
2026.1867 2.2457116e-16
2027.7328 2.2887011e-16
2029.279 2.4990739e-16
2030.8251 2.4982068e-16
2032.3712 2.5047233e-16
2033.9174 2.5487101e-16
2035.4636 2.4345561e-16
2037.0097 2.3264159e-16
2038.5559 2.2891537e-16
2040.1021 2.1599081e-16
2041.6483 2.0497893e-16
2043.1945 1.8385752e-16
2044.7407 1.5921127e-16
2046.287 1.6977531e-16
2047.8332 1.6307101e-16
2049.3794 1.8171493e-16
2050.9257 1.8692288e-16
2052.472 1.8242043e-16
2054.0182 1.8781875e-16
2055.5645 1.9449729e-16
2057.1108 2.0970089e-16
2058.6571 2.0824983e-16
2060.2034 2.3294538e-16
2061.7497 2.2530831e-16
2063.296 2.3050401e-16
2064.8424 2.147617e-16
2066.3887 2.069556e-16
2067.9351 2.3527117e-16
2069.4814 2.1864565e-16
2071.0278 2.0972007e-16
2072.5742 2.0447644e-16
2074.1206 2.2712935e-16
2075.667 2.0595805e-16
2077.2134 1.9192072e-16
2078.7598 1.713619e-16
2080.3062 1.8638282e-16
2081.8527 1.9522141e-16
2083.3991 1.7950744e-16
2084.9456 1.7697075e-16
2086.492 1.7625515e-16
2088.0385 1.7759826e-16
2089.585 1.6563814e-16
2091.1315 1.7701682e-16
2092.678 1.8403837e-16
2094.2245 2.0158145e-16
2095.771 1.9125116e-16
2097.3175 1.7436105e-16
2098.864 1.7186013e-16
2100.4106 1.5680794e-16
2101.9571 1.5983452e-16
2103.5037 1.5715662e-16
2105.0503 1.5639314e-16
2106.5968 1.4103015e-16
2108.1434 1.4476945e-16
2109.69 1.4234559e-16
2111.2366 1.4063759e-16
2112.7832 1.6500905e-16
2114.3299 1.7268736e-16
2115.8765 1.9459026e-16
2117.4231 1.8898731e-16
2118.9698 1.895363e-16
2120.5165 1.8685988e-16
2122.0631 2.0663563e-16
2123.6098 2.0696744e-16
2125.1565 2.1428022e-16
2126.7032 2.1129819e-16
2128.2499 1.9449575e-16
2129.7966 1.8837436e-16
2131.3433 1.9643274e-16
2132.8901 1.9615054e-16
2134.4368 1.9411931e-16
2135.9836 2.0152912e-16
2137.5303 1.919271e-16
2139.0771 1.9109279e-16
2140.6239 1.689594e-16
2142.1706 1.6413393e-16
2143.7174 1.6336606e-16
2145.2642 1.5645537e-16
2146.8111 1.3144838e-16
2148.3579 1.3243015e-16
2149.9047 1.3058145e-16
2151.4516 1.2493374e-16
2152.9984 1.2306234e-16
2154.5453 1.2321719e-16
2156.0921 1.363476e-16
2157.639 1.585531e-16
2159.1859 1.6655858e-16
2160.7328 1.7012994e-16
2162.2797 1.8753805e-16
2163.8266 1.9709599e-16
2165.3735 1.9895981e-16
2166.9205 1.9987717e-16
2168.4674 2.1189174e-16
2170.0144 2.2064382e-16
2171.5613 2.1664602e-16
2173.1083 1.9575942e-16
2174.6553 1.9382658e-16
2176.2022 2.0367832e-16
2177.7492 1.9296567e-16
2179.2962 1.8668105e-16
2180.8433 1.9236782e-16
2182.3903 1.931316e-16
2183.9373 1.8505944e-16
2185.4844 1.7345678e-16
2187.0314 1.8244149e-16
2188.5785 1.8346617e-16
2190.1255 1.8927809e-16
2191.6726 1.8642994e-16
2193.2197 1.9179845e-16
2194.7668 1.9425748e-16
2196.3139 1.7845105e-16
2197.861 1.8416424e-16
2199.4081 1.8900397e-16
2200.9552 2.0273023e-16
2202.5024 1.9331683e-16
2204.0495 2.1534693e-16
2205.5967 2.0912047e-16
2207.1439 2.0039067e-16
2208.691 2.0628566e-16
2210.2382 1.9677947e-16
2211.7854 2.1241168e-16
2213.3326 2.1953909e-16
2214.8798 2.1691766e-16
2216.4271 2.018526e-16
2217.9743 2.0347086e-16
2219.5215 1.8692031e-16
2221.0688 1.8731419e-16
2222.616 1.9399444e-16
2224.1633 1.9297145e-16
2225.7106 1.9494104e-16
2227.2579 1.8039216e-16
2228.8052 1.6951704e-16
2230.3525 1.702017e-16
2231.8998 1.7680749e-16
2233.4471 1.8418088e-16
2234.9944 1.9100388e-16
2236.5418 1.8138732e-16
2238.0891 1.8302488e-16
2239.6365 1.8478768e-16
2241.1838 1.8523853e-16
2242.7312 1.8994304e-16
2244.2786 1.9700691e-16
2245.826 2.0233489e-16
2247.3734 2.0663671e-16
2248.9208 2.0235845e-16
2250.4682 1.9852676e-16
2252.0156 2.054729e-16
2253.5631 2.0173264e-16
2255.1105 2.0166501e-16
2256.658 2.0765439e-16
2258.2054 2.1599462e-16
2259.7529 2.184036e-16
2261.3004 2.1540261e-16
2262.8479 2.0097984e-16
2264.3954 2.1096433e-16
2265.9429 2.1454953e-16
2267.4904 2.0951272e-16
2269.038 2.1835422e-16
2270.5855 2.1040947e-16
2272.133 2.0454973e-16
2273.6806 2.0358606e-16
2275.2282 1.9444655e-16
2276.7757 1.9515218e-16
2278.3233 1.9724251e-16
2279.8709 1.8789231e-16
2281.4185 1.7729563e-16
2282.9661 1.8047926e-16
2284.5138 1.7107601e-16
2286.0614 1.7801137e-16
2287.609 1.8336504e-16
2289.1567 1.7653602e-16
2290.7043 1.759283e-16
2292.252 1.8091512e-16
2293.7997 1.8667399e-16
2295.3473 1.8249996e-16
2296.895 1.8799742e-16
2298.4427 1.9403539e-16
2299.9904 1.9858821e-16
2301.5382 1.9900048e-16
2303.0859 2.0239014e-16
2304.6336 2.0175811e-16
2306.1814 2.0005457e-16
2307.7291 1.884765e-16
2309.2769 1.9047405e-16
2310.8247 1.9570289e-16
2312.3724 1.9645665e-16
2313.9202 1.8457552e-16
2315.468 1.8338569e-16
2317.0158 1.7688827e-16
2318.5637 1.7103888e-16
2320.1115 1.67489e-16
2321.6593 1.6906439e-16
2323.2072 1.6999161e-16
2324.755 1.6133408e-16
2326.3029 1.6893401e-16
2327.8508 1.7426727e-16
2329.3987 1.8624525e-16
2330.9466 1.9245057e-16
2332.4945 1.9771984e-16
2334.0424 1.9585358e-16
2335.5903 2.0758456e-16
2337.1382 2.1074125e-16
2338.6862 2.156993e-16
2340.2341 2.2191186e-16
2341.782 2.1936985e-16
2343.33 2.1888888e-16
2344.878 2.1516827e-16
2346.426 2.2103709e-16
2347.974 2.3372706e-16
2349.522 2.4686024e-16
2351.07 2.5559175e-16
2352.618 2.5917151e-16
2354.166 2.7421764e-16
2355.714 2.943862e-16
2357.2621 3.0560053e-16
2358.8102 3.159535e-16
2360.3582 3.2934112e-16
2361.9063 3.2483845e-16
2363.4544 3.2330804e-16
2365.0025 3.3009435e-16
2366.5506 3.2645406e-16
2368.0987 3.3105802e-16
2369.6468 3.3396897e-16
2371.1949 3.2987322e-16
2372.743 3.3071703e-16
2374.2912 3.1990753e-16
2375.8393 3.2610552e-16
2377.3875 3.4075925e-16
2378.9357 3.4547855e-16
2380.4838 3.4129601e-16
2382.032 3.5160807e-16
2383.5802 3.7290983e-16
2385.1284 3.6347046e-16
2386.6767 3.6097316e-16
2388.2249 3.6250436e-16
2389.7731 3.8301e-16
2391.3214 3.7958552e-16
2392.8696 3.8090643e-16
2394.4179 3.8773042e-16
2395.9662 3.9309684e-16
2397.5145 3.7971595e-16
2399.0628 3.659361e-16
2400.6111 3.775295e-16
2402.1594 3.7913488e-16
2403.7077 3.7940341e-16
2405.256 3.7907163e-16
2406.8043 3.8439321e-16
2408.3527 3.9563249e-16
2409.901 3.9078751e-16
2411.4494 3.8578007e-16
2412.9978 3.9876799e-16
2414.5461 4.0641357e-16
2416.0945 3.9683553e-16
2417.6429 4.085516e-16
2419.1913 4.1530368e-16
2420.7398 4.1195568e-16
2422.2882 4.1406227e-16
2423.8366 4.0626242e-16
2425.3851 4.0517938e-16
2426.9335 4.1243505e-16
2428.482 4.17282e-16
2430.0305 4.1447913e-16
2431.5789 4.2003498e-16
2433.1274 4.1730114e-16
2434.6759 4.1829016e-16
2436.2244 4.2012497e-16
2437.7729 4.1471377e-16
2439.3215 4.0982891e-16
2440.87 4.0863671e-16
2442.4185 3.9903188e-16
2443.9671 3.9934024e-16
2445.5157 3.9145077e-16
2447.0642 3.836204e-16
2448.6128 3.7566192e-16
2450.1614 3.6496454e-16
2451.71 3.5223175e-16
2453.2586 3.4644174e-16
2454.8072 3.4229419e-16
2456.3559 3.3655123e-16
2457.9045 3.3646452e-16
2459.4531 3.1919986e-16
2461.0018 3.1493266e-16
2462.5505 3.2533134e-16
2464.0991 3.1801876e-16
2465.6478 3.2531722e-16
2467.1965 3.2181977e-16
2468.7452 3.2681649e-16
2470.2939 3.239189e-16
2471.8426 3.2060644e-16
2473.3913 3.1508709e-16
2474.9401 3.1895098e-16
2476.4888 3.1555416e-16
2478.0376 3.0885416e-16
2479.5863 3.1255216e-16
2481.1351 2.9572171e-16
2482.6839 3.0034436e-16
2484.2327 2.9039908e-16
2485.7815 2.8833144e-16
2487.3303 2.8563908e-16
2488.8791 2.9476334e-16
2490.4279 2.9105633e-16
2491.9768 2.8407277e-16
2493.5256 2.777775e-16
2495.0745 2.773198e-16
2496.6233 2.7739162e-16
2498.1722 2.656425e-16
2499.7211 2.7150548e-16
2501.27 2.6702856e-16
2502.8189 2.65267e-16
2504.3678 2.6159427e-16
2505.9167 2.5419768e-16
2507.4656 2.5183286e-16
2509.0146 2.4971713e-16
2510.5635 2.3752905e-16
2512.1124 2.3599777e-16
2513.6614 2.4169476e-16
2515.2104 2.3460307e-16
2516.7594 2.34932e-16
2518.3083 2.3811118e-16
2519.8573 2.254564e-16
2521.4064 2.3129929e-16
2522.9554 2.3696206e-16
2524.5044 2.3371901e-16
2526.0534 2.4591214e-16
2527.6025 2.4286487e-16
2529.1515 2.4885038e-16
2530.7006 2.4168882e-16
2532.2497 2.3635401e-16
2533.7987 2.4759588e-16
2535.3478 2.5287185e-16
2536.8969 2.5582932e-16
2538.446 2.6598206e-16
2539.9951 2.7466681e-16
2541.5443 2.9458343e-16
2543.0934 3.1474242e-16
2544.6425 3.1569464e-16
2546.1917 3.3414131e-16
2547.7409 3.5887294e-16
2549.29 3.736003e-16
2550.8392 3.8821822e-16
2552.3884 3.9674053e-16
2553.9376 4.0620752e-16
2555.4868 4.2515062e-16
2557.036 4.2555278e-16
2558.5853 4.5043765e-16
2560.1345 4.7880033e-16
2561.6837 4.8735353e-16
2563.233 4.7960407e-16
2564.7822 4.814282e-16
2566.3315 4.9044387e-16
2567.8808 4.9223261e-16
2569.4301 4.9616263e-16
2570.9794 4.9487204e-16
2572.5287 4.8993638e-16
2574.078 4.7705391e-16
2575.6273 4.6221241e-16
2577.1767 4.5947374e-16
2578.726 4.6846147e-16
2580.2754 4.6011519e-16
2581.8247 4.6940839e-16
2583.3741 4.7512927e-16
2584.9235 4.7190039e-16
2586.4729 4.7394859e-16
2588.0223 4.7211701e-16
2589.5717 4.6437445e-16
2591.1211 4.6417433e-16
2592.6705 4.5394846e-16
2594.2199 4.3375626e-16
2595.7694 4.2120761e-16
2597.3189 4.1844515e-16
2598.8683 4.223285e-16
2600.4178 4.3192568e-16
2601.9673 4.3229941e-16
2603.5168 4.3199488e-16
2605.0663 4.3613421e-16
2606.6158 4.3480522e-16
2608.1653 4.4225619e-16
2609.7148 4.6625514e-16
2611.2643 4.7867838e-16
2612.8139 4.7762802e-16
2614.3634 4.722702e-16
2615.913 4.585462e-16
2617.4626 4.565899e-16
2619.0121 4.6744638e-16
2620.5617 4.6450456e-16
2622.1113 4.5947289e-16
2623.6609 4.6980686e-16
2625.2105 4.6868636e-16
2626.7602 4.6935571e-16
2628.3098 4.6125864e-16
2629.8594 4.6934316e-16
2631.4091 4.7634408e-16
2632.9588 4.7554031e-16
2634.5084 4.5313101e-16
2636.0581 4.4615025e-16
2637.6078 4.5506638e-16
2639.1575 4.3751911e-16
2640.7072 4.3148421e-16
2642.2569 4.0942867e-16
2643.8066 4.0440912e-16
2645.3564 3.9356605e-16
2646.9061 3.7823799e-16
2648.4559 3.6303979e-16
2650.0056 3.5999514e-16
2651.5554 3.5808902e-16
2653.1052 3.3981357e-16
2654.655 3.3618451e-16
2656.2048 3.1895515e-16
2657.7546 3.2670861e-16
2659.3044 3.2076414e-16
2660.8542 3.1307739e-16
2662.4041 3.1097221e-16
2663.9539 3.1213103e-16
2665.5038 3.0565055e-16
2667.0536 3.0172145e-16
2668.6035 3.0217184e-16
2670.1534 3.0399592e-16
2671.7033 3.0601436e-16
2673.2532 3.0291174e-16
2674.8031 2.9632721e-16
2676.353 2.8559256e-16
2677.9029 2.8406293e-16
2679.4528 2.7921766e-16
2681.0028 2.8318212e-16
2682.5527 2.8122987e-16
2684.1027 2.7063573e-16
2685.6527 2.6939445e-16
2687.2026 2.6905222e-16
2688.7526 2.6795206e-16
2690.3026 2.7654401e-16
2691.8526 2.861903e-16
2693.4027 2.8590463e-16
2694.9527 2.9485475e-16
2696.5027 3.0121745e-16
2698.0528 3.1587856e-16
2699.6028 3.4896307e-16
2701.1529 3.7162644e-16
2702.703 3.8865839e-16
2704.253 4.1894975e-16
2705.8031 4.383375e-16
2707.3532 4.7003905e-16
2708.9033 5.0426031e-16
2710.4534 5.3035598e-16
2712.0036 5.6108152e-16
2713.5537 5.8898511e-16
2715.1038 6.1066368e-16
2716.654 6.2357621e-16
2718.2042 6.4573189e-16
2719.7543 6.519249e-16
2721.3045 6.7931819e-16
2722.8547 6.8254586e-16
2724.4049 6.9155275e-16
2725.9551 7.1443902e-16
2727.5053 7.2596695e-16
2729.0556 7.2451925e-16
2730.6058 7.1773446e-16
2732.156 7.2507117e-16
2733.7063 7.4491233e-16
2735.2565 7.3957481e-16
2736.8068 7.3574131e-16
2738.3571 7.5786428e-16
2739.9074 7.6219262e-16
2741.4577 7.5394064e-16
2743.008 7.5913883e-16
2744.5583 7.7190622e-16
2746.1086 7.7579615e-16
2747.659 7.9250219e-16
2749.2093 7.830359e-16
2750.7597 8.0295426e-16
2752.31 8.0653879e-16
2753.8604 8.0118285e-16
2755.4108 7.90213e-16
2756.9612 7.9703731e-16
2758.5116 8.0293996e-16
2760.062 8.0669736e-16
2761.6124 8.2269612e-16
2763.1628 8.2285396e-16
2764.7132 8.25378e-16
2766.2637 8.2828557e-16
2767.8142 8.190534e-16
2769.3646 8.1730749e-16
2770.9151 8.4243078e-16
2772.4656 8.4362827e-16
2774.0161 8.4108011e-16
2775.5666 8.446809e-16
2777.1171 8.4844869e-16
2778.6676 8.4079848e-16
2780.2181 8.6598624e-16
2781.7687 8.7064845e-16
2783.3192 9.0487174e-16
2784.8697 9.386747e-16
2786.4203 9.2913888e-16
2787.9709 9.363213e-16
2789.5215 9.3634569e-16
2791.0721 9.2221546e-16
2792.6227 9.273287e-16
2794.1733 9.2854951e-16
2795.7239 9.195106e-16
2797.2745 9.0466095e-16
2798.8251 8.883559e-16
2800.3758 8.7011779e-16
2801.9265 8.9226463e-16
2803.4771 8.8710561e-16
2805.0278 9.1029187e-16
2806.5785 9.4277347e-16
2808.1292 9.4862013e-16
2809.6799 9.5730046e-16
2811.2306 9.6685003e-16
2812.7813 9.8686593e-16
2814.332 9.9360025e-16
2815.8827 9.8952522e-16
2817.4335 9.8998266e-16
2818.9842 9.9299164e-16
2820.535 9.7610286e-16
2822.0858 9.6531217e-16
2823.6365 9.5914446e-16
2825.1873 9.7789704e-16
2826.7381 9.5727118e-16
2828.2889 9.6765081e-16
2829.8398 9.7617851e-16
2831.3906 9.6968645e-16
2832.9414 9.3959135e-16
2834.4923 9.4129173e-16
2836.0431 9.4474672e-16
2837.594 9.3924793e-16
2839.1449 9.3678901e-16
2840.6958 9.0383685e-16
2842.2467 8.9174342e-16
2843.7976 8.6722683e-16
2845.3485 8.4696866e-16
2846.8994 8.5697606e-16
2848.4503 8.6296183e-16
2850.0012 8.6049921e-16
2851.5522 8.6970134e-16
2853.1031 8.535365e-16
2854.6541 8.4999751e-16
2856.2051 8.5352348e-16
2857.756 8.6889407e-16
2859.307 8.9674875e-16
2860.858 9.064693e-16
2862.409 9.0555347e-16
2863.9601 9.2462849e-16
2865.5111 9.3577247e-16
2867.0621 9.3130898e-16
2868.6132 9.5726869e-16
2870.1642 9.7096954e-16
2871.7153 1.0053549e-15
2873.2664 1.0186206e-15
2874.8175 1.0158112e-15
2876.3686 1.0196443e-15
2877.9197 1.0308595e-15
2879.4708 1.0263991e-15
2881.0219 1.0222473e-15
2882.573 1.0238281e-15
2884.1242 1.0362332e-15
2885.6753 1.0520797e-15
2887.2264 1.0284035e-15
2888.7776 1.0246896e-15
2890.3288 1.0488513e-15
2891.88 1.0528175e-15
2893.4312 1.0638419e-15
2894.9824 1.0857956e-15
2896.5336 1.1264852e-15
2898.0848 1.1476396e-15
2899.636 1.1604946e-15
2901.1872 1.1684244e-15
2902.7385 1.1949791e-15
2904.2898 1.2434356e-15
2905.841 1.2604754e-15
2907.3923 1.2913506e-15
2908.9436 1.3290951e-15
2910.4949 1.3654103e-15
2912.0462 1.396985e-15
2913.5975 1.4315639e-15
2915.1488 1.4447e-15
2916.7001 1.4711867e-15
2918.2515 1.5070317e-15
2919.8028 1.4963812e-15
2921.3542 1.4906401e-15
2922.9055 1.4938066e-15
2924.4569 1.4833216e-15
2926.0083 1.4732407e-15
2927.5597 1.4525775e-15
2929.1111 1.4606457e-15
2930.6625 1.4724207e-15
2932.2139 1.4512815e-15
2933.7653 1.4548581e-15
2935.3168 1.4667882e-15
2936.8682 1.4722875e-15
2938.4197 1.4816091e-15
2939.9711 1.4996068e-15
2941.5226 1.5110285e-15
2943.0741 1.5083895e-15
2944.6256 1.5118066e-15
2946.1771 1.5230815e-15
2947.7286 1.5428432e-15
2949.2801 1.5174152e-15
2950.8317 1.505244e-15
2952.3832 1.4908053e-15
2953.9348 1.491034e-15
2955.4863 1.4707739e-15
2957.0379 1.460281e-15
2958.5895 1.449436e-15
2960.141 1.4252388e-15
2961.6926 1.4230624e-15
2963.2442 1.4197779e-15
2964.7958 1.4119634e-15
2966.3475 1.4171421e-15
2967.8991 1.4301524e-15
2969.4507 1.4330068e-15
2971.0024 1.4205641e-15
2972.554 1.4209198e-15
2974.1057 1.4260481e-15
2975.6574 1.4319638e-15
2977.2091 1.4037619e-15
2978.7608 1.3951132e-15
2980.3125 1.4150695e-15
2981.8642 1.4054771e-15
2983.4159 1.4051592e-15
2984.9676 1.3979392e-15
2986.5194 1.3979491e-15
2988.0711 1.368176e-15
2989.6229 1.3465008e-15
2991.1747 1.3458734e-15
2992.7264 1.3569099e-15
2994.2782 1.3561808e-15
2995.83 1.3530174e-15
2997.3818 1.3537654e-15
2998.9336 1.3582794e-15
3000.4854 1.3411617e-15
3002.0373 1.3355779e-15
3003.5891 1.353873e-15
3005.141 1.3620606e-15
3006.6928 1.3299887e-15
3008.2447 1.3003121e-15
3009.7965 1.2839566e-15
3011.3484 1.2356408e-15
3012.9003 1.222308e-15
3014.4522 1.1948694e-15
3016.0041 1.1872497e-15
3017.5561 1.2045756e-15
3019.108 1.1945337e-15
3020.6599 1.1974706e-15
3022.2119 1.1912063e-15
3023.7638 1.2085146e-15
3025.3158 1.220386e-15
3026.8678 1.2477387e-15
3028.4198 1.2411732e-15
3029.9718 1.2181521e-15
3031.5238 1.2321294e-15
3033.0758 1.2246613e-15
3034.6278 1.2179895e-15
3036.1798 1.2214375e-15
3037.7319 1.2166237e-15
3039.2839 1.2035711e-15
3040.836 1.1788594e-15
3042.3881 1.196078e-15
3043.9401 1.1941787e-15
3045.4922 1.2365268e-15
3047.0443 1.2415405e-15
3048.5964 1.2446439e-15
3050.9931 1.3656195e-15
3053.739 1.3849469e-15
3056.4849 1.3243861e-15
3059.2308 1.3116121e-15
3061.9768 1.3458679e-15
3064.7227 1.4717506e-15
3067.4687 1.3661548e-15
3070.2147 1.4396396e-15
3072.9607 1.5527339e-15
3075.7068 1.6550603e-15
3078.4528 1.4190293e-15
3081.1989 1.4596503e-15
3083.945 1.414378e-15
3086.6911 1.3868019e-15
3089.4373 1.347066e-15
3092.1834 1.2145125e-15
3094.9296 1.2305769e-15
3097.6758 1.2006828e-15
3100.422 1.1455456e-15
3103.1682 1.1177752e-15
3105.9144 1.1576191e-15
3108.6607 1.2319921e-15
3111.4069 1.2880179e-15
3114.1532 1.2469953e-15
3116.8995 1.3405889e-15
3119.6459 1.469161e-15
3122.3922 1.5738117e-15
3125.1386 1.5419526e-15
3127.885 1.2495421e-15
3130.6314 1.0398408e-15
3133.3778 9.2737103e-16
3136.1242 8.4664345e-16
3138.8707 8.4338855e-16
3141.6171 9.5614792e-16
3144.3636 9.9965218e-16
3147.1101 9.1692985e-16
3149.8566 9.7983299e-16
3152.6031 9.2105927e-16
3155.3497 1.2527733e-15
3158.0962 1.5691837e-15
3160.8428 1.7576842e-15
3163.5894 1.8270065e-15
3166.336 1.8868942e-15
3169.0826 1.8078322e-15
3171.8293 1.8055566e-15
3174.5759 1.912514e-15
3177.3226 1.9502577e-15
3180.0693 2.0521902e-15
3182.816 2.0700118e-15
3185.5627 2.0332243e-15
3188.3095 1.9571846e-15
3191.0562 1.9382824e-15
3193.803 2.1244105e-15
3196.5498 2.1593565e-15
3199.2966 2.144176e-15
3202.0434 2.060508e-15
3204.7902 1.939882e-15
3207.5371 1.8852307e-15
3210.284 1.9220792e-15
3213.0308 1.9301388e-15
3215.7777 1.972573e-15
3218.5246 1.9991889e-15
3221.2716 1.8737083e-15
3224.0185 1.9378023e-15
3226.7655 1.9823598e-15
3229.5124 2.1149113e-15
3232.2594 2.1107265e-15
3235.0064 2.2278518e-15
3237.7534 2.2320736e-15
3240.5005 2.1031592e-15
3243.2475 2.112249e-15
3245.9945 2.1126925e-15
3248.7416 1.9940201e-15
3251.4887 1.7131524e-15
3254.2358 1.6783692e-15
3256.9829 1.5119563e-15
3259.73 1.545787e-15
3262.4772 1.5220554e-15
3265.2243 1.455112e-15
3267.9715 1.509772e-15
3270.7187 1.4775172e-15
3273.4659 1.4323017e-15
3276.2131 1.4373503e-15
3278.9603 1.5358568e-15
3281.7075 1.4353471e-15
3284.4548 1.469075e-15
3287.2021 1.4191561e-15
3289.9494 1.3564423e-15
3292.6967 1.3460261e-15
3295.444 1.3100341e-15
3298.1913 1.2864537e-15
3300.9386 1.3265904e-15
3303.6859 1.2900658e-15
3306.4333 1.381908e-15
3309.1807 1.4154827e-15
3311.9281 1.3934597e-15
3314.6754 1.4518846e-15
3317.4229 1.4303165e-15
3320.1703 1.5469711e-15
3322.9177 1.5742336e-15
3325.6652 1.5697433e-15
3328.4126 1.6023954e-15
3331.1601 1.6987837e-15
3333.9076 1.7592607e-15
3336.9298 1.9019063e-15
3339.9521 1.9939577e-15
3342.9744 2.0100545e-15
3345.9967 2.1113314e-15
3349.019 2.0731415e-15
3352.0413 2.1047375e-15
3355.0636 2.0494002e-15
3358.086 2.0259894e-15
3361.1083 2.0232572e-15
3364.1307 1.9641269e-15
3366.8783 1.9138912e-15
3369.626 1.9067676e-15
3372.3736 1.9171557e-15
3375.1213 1.9287141e-15
3378.1437 1.942702e-15
3381.1662 1.9792353e-15
3384.1886 2.148052e-15
3387.2111 2.0642558e-15
3390.2336 2.0790108e-15
3393.2561 2.1512038e-15
3396.2787 2.1728744e-15
3399.3012 2.1619785e-15
3402.3237 2.1504745e-15
3405.3463 2.1804909e-15
3408.0941 2.1503765e-15
3410.8419 2.1645068e-15
3413.5897 2.2252099e-15
3416.3375 2.3727984e-15
3419.0854 2.4671171e-15
3421.8332 2.3752163e-15
3424.5811 2.4151917e-15
3427.3289 2.4649376e-15
3430.0768 2.4749288e-15
3432.8247 2.4829363e-15
3435.5726 2.5557459e-15
3438.3205 2.5849182e-15
3441.0684 2.5255416e-15
3443.8163 2.5369645e-15
3446.5643 2.5228383e-15
3449.3122 2.6139079e-15
3452.0602 2.6214837e-15
3454.8082 2.6407099e-15
3457.5561 2.6770049e-15
3460.3041 2.6895307e-15
3463.0521 2.6712019e-15
3465.8001 2.6938715e-15
3468.5481 2.7013665e-15
3471.2961 2.6633455e-15
3474.0442 2.5784951e-15
3476.7922 2.6465957e-15
3479.5403 2.6322115e-15
3482.2883 2.64365e-15
3485.0364 2.578345e-15
3487.7844 2.5933837e-15
3490.5325 2.5546041e-15
3493.2806 2.6010066e-15
3496.0287 2.6040644e-15
3498.7768 2.5910405e-15
3501.5249 2.6764634e-15
3504.2731 2.6099287e-15
3507.0212 2.5977075e-15
3509.7694 2.6373228e-15
3512.5175 2.7484915e-15
3515.2657 2.7486109e-15
3518.0138 2.8613588e-15
3520.762 2.8779686e-15
3523.5102 2.9991545e-15
3526.2584 3.0297987e-15
3529.0066 3.037646e-15
3531.7548 3.0634593e-15
3534.503 3.1633037e-15
3537.2512 3.191663e-15
3539.9994 3.2561989e-15
3542.7477 3.2711651e-15
3545.4959 3.245989e-15
3548.2442 3.2724785e-15
3550.9924 3.2053056e-15
3553.7407 3.3160357e-15
3556.489 3.3774001e-15
3559.2373 3.4273554e-15
3561.9856 3.4026975e-15
3564.7338 3.3545057e-15
3567.4821 3.3451503e-15
3570.2305 3.4868482e-15
3572.9788 3.5604362e-15
3575.7271 3.5714635e-15
3578.4754 3.5883501e-15
3581.2237 3.6542503e-15
3583.9721 3.6556492e-15
3586.7204 3.5918073e-15
3589.4688 3.6424238e-15
3592.2171 3.7507167e-15
3594.9655 3.896128e-15
3597.7139 3.8732153e-15
3600.4623 3.8475402e-15
3603.2106 3.8196807e-15
3605.959 3.8499297e-15
3608.7074 3.8121344e-15
3611.4558 3.8507812e-15
3614.2042 3.9054058e-15
3616.9527 3.8680229e-15
3619.7011 3.8299929e-15
3622.4495 3.7019305e-15
3625.1979 3.6173161e-15
3627.9464 3.6164281e-15
3630.6948 3.6201583e-15
3633.4433 3.6444457e-15
3636.1917 3.5735844e-15
3638.9402 3.5786482e-15
3641.6886 3.6082754e-15
3644.4371 3.6595521e-15
3647.1856 3.7406932e-15
3649.934 3.7672835e-15
3652.6825 3.8628289e-15
3655.431 3.9504466e-15
3658.1795 4.0227471e-15
3660.928 4.0795601e-15
3663.6765 4.3528621e-15
3666.425 4.5014171e-15
3669.1735 4.7211375e-15
3671.922 4.9246876e-15
3674.6705 4.9712198e-15
3677.4191 5.2836957e-15
3680.1676 5.482364e-15
3682.9161 5.6910998e-15
3685.6647 5.9062113e-15
3688.6881 6.0776618e-15
3691.7115 6.0973917e-15
3694.7349 6.2052294e-15
3697.7583 6.3523502e-15
3700.7817 6.3172336e-15
3703.8051 6.4724607e-15
3706.8285 6.4346e-15
3709.852 6.5297588e-15
3712.8754 6.5372955e-15
3715.8988 6.5673983e-15
3718.6474 6.5731491e-15
3721.396 6.6053444e-15
3724.1446 6.4622688e-15
3726.8932 6.2902577e-15
3729.6418 6.2781857e-15
3732.3904 6.1648275e-15
3735.139 6.034092e-15
3737.8876 5.8760786e-15
3740.6362 5.7762001e-15
3743.3848 5.6920952e-15
3746.1334 5.5849834e-15
3748.882 5.4340532e-15
3751.6306 5.3674181e-15
3754.3793 5.3096316e-15
3757.1279 5.2627544e-15
3759.8765 5.1941092e-15
3762.6251 5.1292019e-15
3765.3738 5.0269279e-15
3768.1224 4.8763639e-15
3770.871 4.7441975e-15
3773.6196 4.6241845e-15
3776.3683 4.6052751e-15
3779.1169 4.5873685e-15
3781.8656 4.356275e-15
3784.6142 4.2136631e-15
3787.3629 4.0516748e-15
3790.1115 3.9763632e-15
3792.8601 3.8670813e-15
3795.6088 3.7851751e-15
3798.3574 3.6729293e-15
3801.1061 3.5812694e-15
3803.8547 3.4279201e-15
3806.6034 3.2692212e-15
3809.3521 3.3176156e-15
3812.1007 3.2414508e-15
3814.8494 3.2248329e-15
3817.598 3.1484437e-15
3820.3467 3.1222005e-15
3823.0953 3.1129945e-15
3825.844 3.0929215e-15
3828.5927 3.1366369e-15
3831.3413 3.1531766e-15
3834.09 3.1707629e-15
3836.8387 3.2191572e-15
3839.5873 3.3175623e-15
3842.336 3.3754573e-15
3845.0847 3.5018106e-15
3847.8333 3.6654959e-15
3850.582 3.8227466e-15
3853.3307 3.9989924e-15
3856.0793 4.1468084e-15
3858.828 4.3415179e-15
3861.5767 4.6334659e-15
3864.3253 4.8289867e-15
3867.074 5.0613206e-15
3869.8227 5.3042594e-15
3872.5713 5.5132164e-15
3875.32 5.6832927e-15
3878.0687 5.8381546e-15
3880.8173 5.9694716e-15
3883.566 6.1194408e-15
3886.3147 6.3176768e-15
3889.0633 6.4342586e-15
3891.812 6.5472805e-15
3894.5607 6.6200687e-15
3897.3093 6.7048185e-15
3900.058 6.7591662e-15
3902.8066 6.8198149e-15
3905.5553 6.8610891e-15
3908.3039 6.9090658e-15
3911.0526 7.0405383e-15
3913.8013 7.0460357e-15
3916.5499 7.131554e-15
3919.2986 7.2004145e-15
3922.0472 7.2896433e-15
3924.7959 7.3857015e-15
3927.5445 7.5054849e-15
3930.2932 7.5787965e-15
3933.0418 7.7491765e-15
3935.7904 7.8841628e-15
3938.5391 7.9823156e-15
3941.2877 8.1412767e-15
3944.0364 8.2241994e-15
3946.785 8.3994849e-15
3949.5336 8.4711206e-15
3952.2823 8.5788024e-15
3955.0309 8.6904398e-15
3957.7795 8.921098e-15
3960.5281 9.0302548e-15
3963.2768 9.1955537e-15
3966.0254 9.2890146e-15
3968.774 9.3911854e-15
3971.5226 9.537492e-15
3974.2712 9.6894321e-15
3977.0198 9.8604724e-15
3979.7685 9.9281359e-15
3982.5171 9.9512946e-15
3985.2657 9.9350997e-15
3988.0143 9.9594524e-15
3990.7629 9.9245892e-15
3993.5114 9.8881706e-15
3996.26 9.8692393e-15
3999.0086 9.8483198e-15
4001.7572 9.7115254e-15
4004.5058 9.6585321e-15
4007.2543 9.6722895e-15
4010.0029 9.6634987e-15
4012.7515 9.5693937e-15
4015.5 9.4642695e-15
4018.2486 9.4527168e-15
4020.9972 9.3751403e-15
4023.7457 9.3113831e-15
4026.4943 9.1956789e-15
4029.2428 9.0269173e-15
4031.9914 8.8476232e-15
4034.7399 8.7041469e-15
4037.7633 8.5429485e-15
4040.7867 8.4427508e-15
4043.81 8.382978e-15
4046.8334 8.2403191e-15
4049.8568 8.163726e-15
4052.8801 8.0519914e-15
4055.9035 7.9476187e-15
4058.9268 7.9871982e-15
4061.9502 7.9517108e-15
4064.9735 8.0016855e-15
4067.722 8.052288e-15
4070.4705 8.0504945e-15
4073.2189 8.084231e-15
4075.9674 8.1121747e-15
4078.7159 8.1148312e-15
4081.4643 8.1102004e-15
4084.2128 8.1628473e-15
4086.9612 8.1044365e-15
4089.7097 8.1403427e-15
4092.4581 8.0079158e-15
4095.2065 7.9052006e-15
4097.955 7.815369e-15
4100.7034 7.6926427e-15
4103.4518 7.6062108e-15
4106.2002 7.542095e-15
4108.9486 7.4931801e-15
4111.697 7.3702074e-15
4114.4454 7.3167935e-15
4117.1938 7.1892316e-15
4119.9422 7.1719495e-15
4122.6905 7.1744127e-15
4125.4389 7.1825876e-15
4128.1873 7.1315142e-15
4130.9356 7.1112561e-15
4133.684 7.0742406e-15
4136.4323 6.9736715e-15
4139.1807 6.9242659e-15
4141.929 6.8698586e-15
4144.6773 6.8334559e-15
4147.4256 6.7391461e-15
4150.1739 6.6468075e-15
4152.9222 6.5497167e-15
4155.6705 6.449623e-15
4158.4188 6.3483974e-15
4161.1671 6.3005787e-15
4163.9154 6.3288957e-15
4166.6636 6.3029206e-15
4169.4119 6.2660717e-15
4172.1601 6.223807e-15
4174.9084 6.2464946e-15
4177.6566 6.2024058e-15
4180.4048 6.21014e-15
4183.1531 6.3618931e-15
4185.9013 6.4134644e-15
4188.6495 6.414569e-15
4191.3977 6.4106e-15
4194.1459 6.5055416e-15
4196.8941 6.6089369e-15
4199.6422 6.6894449e-15
4202.3904 6.7337991e-15
4205.1386 6.8134645e-15
4207.8867 6.8578233e-15
4210.6349 6.8547529e-15
4213.383 6.9284333e-15
4216.1311 7.0086615e-15
4218.8793 7.0721741e-15
4221.6274 7.0881463e-15
4224.3755 7.0923423e-15
4227.1236 7.1847258e-15
4229.8717 7.2106783e-15
4232.6197 7.2518988e-15
4235.3678 7.3165692e-15
4238.1158 7.3966795e-15
4240.8639 7.3901414e-15
4243.6119 7.3435139e-15
4246.36 7.3654504e-15
4249.108 7.3481239e-15
4251.856 7.396042e-15
4254.604 7.3210747e-15
4257.352 7.3066055e-15
4260.1 7.3288135e-15
4262.8479 7.3034873e-15
4265.5959 7.2168972e-15
4268.3439 7.2257942e-15
4271.0918 7.2829393e-15
4273.8398 7.2346637e-15
4276.5877 7.2967838e-15
4279.3356 7.2868915e-15
4282.0835 7.3987149e-15
4284.8314 7.4633706e-15
4287.5793 7.4866992e-15
4290.3272 7.5601579e-15
4293.0751 7.6793758e-15
4295.8229 7.7772406e-15
4298.5708 7.8775397e-15
4301.3186 8.0154149e-15
4304.0664 8.0701085e-15
4306.8142 8.1564759e-15
4309.5621 8.2225994e-15
4312.3098 8.2870758e-15
4315.0576 8.3775418e-15
4317.8054 8.4524125e-15
4320.5532 8.4563373e-15
4323.3009 8.4255667e-15
4326.0487 8.4602763e-15
4328.7964 8.4507173e-15
4331.5441 8.4500913e-15
4334.2918 8.4294604e-15
4337.0395 8.3756425e-15
4339.7872 8.2895604e-15
4342.5349 8.1941752e-15
4345.2825 8.047992e-15
4348.0302 8.0106157e-15
4350.7778 7.9626113e-15
4353.5255 7.8020503e-15
4356.2731 7.7051083e-15
4359.0207 7.5858586e-15
4361.7683 7.4602221e-15
4364.5159 7.3541594e-15
4367.2634 7.3141619e-15
4370.011 7.2227974e-15
4372.7585 7.1855021e-15
4375.5061 7.0670728e-15
4378.2536 7.0026538e-15
4381.0011 6.9293392e-15
4383.7486 6.8264973e-15
4386.4961 6.710174e-15
4389.2436 6.6081828e-15
4391.991 6.538435e-15
4394.7385 6.3867891e-15
4397.4859 6.2869302e-15
4400.2333 6.18638e-15
4402.9807 6.087136e-15
4405.7281 5.9721302e-15
4408.4755 5.90885e-15
4411.2229 5.8116979e-15
4413.9703 5.7599061e-15
4416.7176 5.7159324e-15
4419.4649 5.6245091e-15
4422.2122 5.6006572e-15
4424.9595 5.5528943e-15
4427.7068 5.483889e-15
4430.4541 5.4390812e-15
4433.2014 5.3636162e-15
4435.9487 5.3234072e-15
4438.6959 5.3003532e-15
4441.4431 5.2919595e-15
4444.1903 5.2611472e-15
4446.9375 5.2946826e-15
4449.6847 5.2471436e-15
4452.4319 5.2937948e-15
4455.179 5.3375095e-15
4457.9262 5.3564265e-15
4460.6733 5.3865527e-15
4463.4204 5.4286074e-15
4466.1675 5.4933391e-15
4468.9146 5.4916896e-15
4471.6617 5.5287629e-15
4474.4087 5.5324424e-15
4477.1558 5.6123588e-15
4479.9028 5.6171399e-15
4482.6498 5.5993156e-15
4485.3968 5.6108838e-15
4488.1438 5.7191954e-15
4490.8908 5.6997512e-15
4493.6377 5.7901024e-15
4496.3847 5.9152873e-15
4499.1316 6.0438608e-15
4501.8785 6.167065e-15
4504.6254 6.3223595e-15
4507.3723 6.5012625e-15
4510.1191 6.7085145e-15
4512.866 6.9364842e-15
4515.6128 7.080455e-15
4518.3597 7.3237363e-15
4521.1065 7.4770793e-15
4523.8533 7.6368775e-15
4526.6 7.8095301e-15
4529.3468 8.0048873e-15
4532.0935 8.217067e-15
4534.8403 8.4081701e-15
4537.587 8.6570113e-15
4540.3337 8.8654786e-15
4543.0803 9.1672423e-15
4545.827 9.4913461e-15
4548.5737 9.8393315e-15
4551.3203 1.0205323e-14
4554.0669 1.0655933e-14
4556.8135 1.1091917e-14
4559.5601 1.1557425e-14
4562.3066 1.2019789e-14
4565.0532 1.2503794e-14
4567.7997 1.3028217e-14
4570.5462 1.3487609e-14
4573.2927 1.3863935e-14
4576.0392 1.4246437e-14
4578.7857 1.4649194e-14
4581.5321 1.4941669e-14
4584.2785 1.5141521e-14
4587.025 1.5364138e-14
4589.7714 1.5552341e-14
4592.5177 1.5697062e-14
4595.2641 1.5747232e-14
4598.0104 1.5832862e-14
4600.7568 1.5975885e-14
4603.5031 1.6077469e-14
4606.2494 1.6107852e-14
4608.9957 1.6187857e-14
4611.7419 1.6288101e-14
4614.4882 1.630816e-14
4617.2344 1.642663e-14
4619.9806 1.6511569e-14
4622.7268 1.6661485e-14
4625.473 1.6769074e-14
4628.2191 1.6834974e-14
4630.9652 1.6942779e-14
4633.7113 1.7157933e-14
4636.4574 1.7282335e-14
4639.2035 1.742293e-14
4641.9496 1.7625594e-14
4644.6956 1.7764487e-14
4647.4416 1.780616e-14
4650.1876 1.7870058e-14
4652.9336 1.7988952e-14
4655.6796 1.7961816e-14
4658.4255 1.7876734e-14
4661.1715 1.7638545e-14
4663.9174 1.7410864e-14
4666.6633 1.7127307e-14
4669.4092 1.6738167e-14
4672.155 1.6346391e-14
4674.9009 1.5975604e-14
4677.6467 1.549363e-14
4680.3925 1.4863852e-14
4683.1383 1.4439211e-14
4685.884 1.3973939e-14
4688.6298 1.3499457e-14
4691.3755 1.3055191e-14
4694.1212 1.2643511e-14
4696.8669 1.2194926e-14
4699.6125 1.1741575e-14
4702.3582 1.1315733e-14
4705.1038 1.0999659e-14
4707.8494 1.0671538e-14
4710.595 1.0327698e-14
4713.3406 9.9639151e-15
4716.0861 9.6963939e-15
4718.8316 9.4437725e-15
4721.5771 9.1927308e-15
4724.3226 9.0366914e-15
4727.0681 8.8624614e-15
4729.8135 8.7687581e-15
4732.5589 8.6226215e-15
4735.3043 8.5320831e-15
4738.0497 8.4445124e-15
4740.7951 8.4006025e-15
4743.5404 8.346998e-15
4746.2858 8.2567548e-15
4749.0311 8.1833514e-15
4751.7763 8.0979911e-15
4754.5216 8.0335885e-15
4757.2668 7.9420685e-15
4760.012 7.8548144e-15
4762.7572 7.8535342e-15
4765.5024 7.8456932e-15
4768.2475 7.8579736e-15
4770.9927 7.8243205e-15
4773.7378 7.8602183e-15
4776.4829 7.9146326e-15
4779.2279 7.9889933e-15
4781.973 8.0581121e-15
4784.718 8.1685964e-15
4787.463 8.3776161e-15
4790.208 8.529721e-15
4792.953 8.6679706e-15
4795.6979 8.8147603e-15
4798.4428 9.0590055e-15
4801.1877 9.3293556e-15
4803.9326 9.6338996e-15
4806.6774 9.9102182e-15
4809.4223 1.024001e-14
4812.1671 1.0571584e-14
4814.9118 1.0915788e-14
4817.6566 1.1285209e-14
4820.4013 1.1661909e-14
4823.1461 1.207003e-14
4825.8907 1.2376313e-14
4828.6354 1.2635144e-14
4831.3801 1.2850374e-14
4834.1247 1.308854e-14
4836.8693 1.3237112e-14
4839.6139 1.327349e-14
4842.3584 1.3246422e-14
4845.103 1.3168663e-14
4847.8475 1.3056333e-14
4850.592 1.2878729e-14
4853.3364 1.2755779e-14
4856.0809 1.2585448e-14
4858.8253 1.250238e-14
4861.5697 1.2312989e-14
4864.314 1.2158659e-14
4867.0584 1.2070013e-14
4869.8027 1.194297e-14
4872.547 1.1888796e-14
4875.2913 1.18249e-14
4878.0355 1.1858998e-14
4880.7798 1.1801594e-14
4883.524 1.1860822e-14
4886.2682 1.1806045e-14
4889.0123 1.1886656e-14
4891.7564 1.2020346e-14
4894.5005 1.214272e-14
4897.2446 1.2342142e-14
4899.9887 1.2524066e-14
4902.7327 1.2779892e-14
4905.4767 1.3009165e-14
4908.2207 1.329757e-14
4910.9647 1.3575161e-14
4913.7086 1.3889192e-14
4916.4525 1.4164174e-14
4919.1964 1.445314e-14
4921.9403 1.4754972e-14
4924.6841 1.5029043e-14
4927.4279 1.5312151e-14
4930.1717 1.5562004e-14
4932.9155 1.584194e-14
4935.6592 1.6190049e-14
4938.4029 1.6465144e-14
4941.1466 1.6732412e-14
4943.8903 1.7004795e-14
4946.6339 1.7280084e-14
4949.3775 1.7519987e-14
4952.1211 1.7692989e-14
4954.8647 1.7750045e-14
4957.6082 1.7946971e-14
4960.3517 1.797174e-14
4963.0952 1.7973219e-14
4965.8387 1.7886423e-14
4968.5821 1.7945032e-14
4971.3255 1.7829106e-14
4974.0689 1.759554e-14
4976.8122 1.7318032e-14
4979.5556 1.7063198e-14
4982.2989 1.6870408e-14
4985.0422 1.6524768e-14
4987.7854 1.6195716e-14
4990.5286 1.5812213e-14
4993.2718 1.552956e-14
4996.015 1.5055048e-14
4998.7581 1.46685e-14
5001.5013 1.4294575e-14
5004.2444 1.4015925e-14
5006.9874 1.3734593e-14
5009.7305 1.3406667e-14
5012.4735 1.3076576e-14
5015.2165 1.2828524e-14
5017.9594 1.2554029e-14
5020.7024 1.2224439e-14
5023.4453 1.1965486e-14
5026.1881 1.1763758e-14
5028.931 1.1489309e-14
5031.6738 1.1183961e-14
5034.4166 1.0917621e-14
5037.1594 1.069199e-14
5039.9021 1.0435734e-14
5042.6448 1.0238921e-14
5045.3875 1.0088417e-14
5048.1301 9.8968273e-15
5050.8728 9.71984e-15
5053.6154 9.5508156e-15
5056.358 9.4601897e-15
5059.1005 9.4244197e-15
5061.843 9.3061233e-15
5064.5855 9.1815888e-15
5067.328 9.061869e-15
5070.0704 8.973283e-15
5072.8128 8.875963e-15
5075.5552 8.8220215e-15
5078.2975 8.7615741e-15
5081.0398 8.6442989e-15
5083.7821 8.5737136e-15
5086.5244 8.4209694e-15
5089.2666 8.3168606e-15
5092.0088 8.2663244e-15
5094.751 8.258896e-15
5097.4931 8.1357618e-15
5100.2353 8.0642917e-15
5102.9774 7.9393314e-15
5105.7194 7.8221261e-15
5108.4615 7.7501701e-15
5111.2035 7.7054167e-15
5113.9454 7.7059452e-15
5116.6874 7.6764402e-15
5119.4293 7.5845324e-15
5122.1712 7.559042e-15
5124.913 7.475908e-15
5127.6549 7.3991854e-15
5130.3967 7.3884884e-15
5133.1384 7.3705364e-15
5135.8801 7.3365516e-15
5138.6219 7.3008722e-15
5141.3635 7.2108269e-15
5144.1052 7.152644e-15
5146.8468 7.1826569e-15
5149.5884 7.1202729e-15
5152.33 7.1635849e-15
5155.0715 7.1946262e-15
5157.813 7.2104674e-15
5160.5545 7.2130628e-15
5163.2959 7.2337399e-15
5166.0373 7.2738314e-15
5168.7787 7.3618357e-15
5171.52 7.4296687e-15
5174.2613 7.4604706e-15
5177.0026 7.5457967e-15
5179.7439 7.5515163e-15
5182.4851 7.5854232e-15
5185.2263 7.6395407e-15
5187.9675 7.6980627e-15
5190.7086 7.7709451e-15
5193.4497 7.8057382e-15
5196.1908 7.8669903e-15
5198.9318 7.9522285e-15
5201.6728 8.0411887e-15
5204.4138 8.1157938e-15
5207.1547 8.2023549e-15
5209.8956 8.2898583e-15
5212.6365 8.4724318e-15
5215.3774 8.6053244e-15
5218.1182 8.7729404e-15
5220.859 8.9909279e-15
5223.5997 9.1776159e-15
5226.3404 9.3521942e-15
5229.0811 9.5321943e-15
5231.8218 9.728858e-15
5234.5624 9.9912283e-15
5237.303 1.0240039e-14
5240.0436 1.0410617e-14
5242.7841 1.0591425e-14
5245.5246 1.0744922e-14
5248.2651 1.0832923e-14
5251.0055 1.0970401e-14
5253.7459 1.1143702e-14
5256.4863 1.1254737e-14
5259.2266 1.135929e-14
5261.9669 1.1402397e-14
5264.7072 1.145669e-14
5267.4474 1.1534857e-14
5270.1876 1.1613902e-14
5272.9278 1.1715134e-14
5275.6679 1.1861492e-14
5278.4081 1.1978751e-14
5281.1481 1.2038798e-14
5283.8882 1.2204307e-14
5286.6282 1.2359269e-14
5289.3682 1.2561995e-14
5292.1081 1.2694532e-14
5294.848 1.2823402e-14
5297.5879 1.3023222e-14
5304.7142 1.3315571e-14
5310.0782 1.3511005e-14
5315.4422 1.3681103e-14
5320.8063 1.3821005e-14
5326.1703 1.387894e-14
5331.5345 1.3917803e-14
5336.8987 1.3947742e-14
5342.2629 1.3927978e-14
5347.6271 1.3801599e-14
5352.9914 1.3588632e-14
5357.8681 1.3466652e-14
5362.7448 1.3316274e-14
5367.6216 1.3218237e-14
5372.4984 1.3072847e-14
5377.3752 1.3085401e-14
5382.2521 1.3132135e-14
5387.129 1.330025e-14
5392.006 1.3540743e-14
5396.8829 1.3868529e-14
5401.7599 1.4287834e-14
5406.637 1.4830853e-14
5411.5141 1.5374106e-14
5416.3912 1.6084002e-14
5421.2684 1.6946634e-14
5426.1456 1.7767894e-14
5431.0228 1.8654501e-14
5435.9 1.9468968e-14
5440.7773 2.0285365e-14
5445.6547 2.1116969e-14
5450.532 2.194782e-14
5455.4095 2.2579548e-14
5460.2869 2.321091e-14
5465.1644 2.3767877e-14
5470.0418 2.4212859e-14
5474.9194 2.4650475e-14
5479.797 2.4928682e-14
5484.6746 2.5152823e-14
5489.5522 2.5361185e-14
5494.4299 2.5463221e-14
5499.3076 2.5542231e-14
5504.1853 2.568618e-14
5509.0631 2.5843555e-14
5513.9409 2.5934164e-14
5518.8188 2.5967793e-14
5523.6966 2.5973769e-14
5528.5745 2.6072902e-14
5533.4525 2.6111833e-14
5538.3304 2.6096673e-14
5543.2084 2.6142815e-14
5548.0865 2.6125837e-14
5552.9645 2.6140559e-14
5557.8426 2.6041787e-14
5562.7208 2.5946295e-14
5567.599 2.5866639e-14
5572.4772 2.5841044e-14
5577.3554 2.5689608e-14
5582.2336 2.5600677e-14
5587.1119 2.5448476e-14
5591.9903 2.5269447e-14
5596.8686 2.5020086e-14
5601.747 2.4744676e-14
5606.6254 2.4556634e-14
5611.5039 2.4324278e-14
5616.3824 2.4081228e-14
5621.2609 2.3768517e-14
5626.1394 2.3532013e-14
5631.018 2.3261402e-14
5635.8966 2.2936948e-14
5640.7752 2.2598693e-14
5645.6539 2.2269e-14
5650.5326 2.192595e-14
5655.4113 2.1568558e-14
5660.29 2.1163157e-14
5665.1688 2.071061e-14
5670.0476 2.0223302e-14
5674.9265 1.9710068e-14
5679.8053 1.9267994e-14
5684.6842 1.8865201e-14
5689.5632 1.8474317e-14
5694.4421 1.8107132e-14
5699.3211 1.774964e-14
5704.2001 1.7359995e-14
5709.0792 1.7049082e-14
5713.9582 1.6816946e-14
5718.8373 1.6633975e-14
5723.7165 1.6474773e-14
5728.5956 1.6271157e-14
5733.4748 1.6101596e-14
5738.354 1.5948277e-14
5743.2333 1.5837112e-14
5748.1125 1.5739595e-14
5752.9918 1.575374e-14
5757.8711 1.578687e-14
5762.7505 1.5801324e-14
5767.6299 1.584039e-14
5772.5093 1.593416e-14
5777.3887 1.6021338e-14
5782.2682 1.6126172e-14
5787.1477 1.630724e-14
5792.0272 1.6440076e-14
5796.9067 1.6607445e-14
5801.7863 1.6662492e-14
5806.6659 1.6695373e-14
5811.5455 1.673208e-14
5816.4251 1.6717523e-14
5821.3048 1.6648308e-14
5826.1845 1.6606402e-14
5831.0642 1.656395e-14
5835.9439 1.6425179e-14
5840.8237 1.6411842e-14
5845.7035 1.638861e-14
5850.5833 1.64367e-14
5855.4632 1.6492696e-14
5860.3431 1.6577761e-14
5865.223 1.6707566e-14
5870.1029 1.6831054e-14
5874.9828 1.7064412e-14
5879.8628 1.7197001e-14
5884.7428 1.7381851e-14
5889.6228 1.7394035e-14
5894.5029 1.7399825e-14
5899.383 1.7396228e-14
5904.2631 1.7381689e-14
5909.1432 1.7307715e-14
5914.0233 1.7153738e-14
5918.9035 1.69952e-14
5923.7837 1.6683392e-14
5928.6639 1.6424972e-14
5933.5442 1.6136928e-14
5938.4244 1.5838283e-14
5943.3047 1.5482092e-14
5948.185 1.5074335e-14
5953.0653 1.4601502e-14
5957.9457 1.4191794e-14
5962.8261 1.3805211e-14
5967.7065 1.3434545e-14
5972.5869 1.3072853e-14
5977.4673 1.274009e-14
5982.3478 1.2404711e-14
5987.2283 1.2162839e-14
5992.1088 1.1958016e-14
5996.9893 1.1802169e-14
6001.8699 1.1795623e-14
6006.7505 1.1747418e-14
6011.6311 1.1774599e-14
6016.5117 1.1786206e-14
6021.3923 1.1826474e-14
6026.273 1.1888279e-14
6031.1537 1.1899448e-14
6036.0344 1.1898309e-14
6041.4032 1.18294e-14
6046.772 1.1735635e-14
6052.1409 1.1584548e-14
6057.5097 1.1450772e-14
6062.8786 1.13021e-14
6068.2476 1.118352e-14
6073.6165 1.1074001e-14
6078.9855 1.0959773e-14
6084.3545 1.0929662e-14
6089.7235 1.0936957e-14
6094.6044 1.1014792e-14
6099.4854 1.1102328e-14
6104.3664 1.1199146e-14
6109.2474 1.1326565e-14
6114.1284 1.1501732e-14
6119.0095 1.1646994e-14
6123.8905 1.1701343e-14
6128.7716 1.1709987e-14
6133.6527 1.1631551e-14
6138.5338 1.1534643e-14
6143.415 1.1373405e-14
6148.2961 1.1212464e-14
6153.1773 1.0958325e-14
6158.0585 1.0704994e-14
6162.9397 1.0316514e-14
6167.8209 9.9580372e-15
6172.7022 9.6773645e-15
6177.5834 9.4611411e-15
6182.4647 9.3102867e-15
6187.346 9.1595722e-15
6192.2273 9.1029351e-15
6197.1087 9.0300014e-15
6201.99 9.01924e-15
6206.8714 8.993182e-15
6211.7528 9.0284435e-15
6216.6342 9.1009711e-15
6221.5156 9.1898756e-15
6226.397 9.1968456e-15
6231.2785 9.180969e-15
6236.16 9.2054129e-15
6241.0415 9.1772035e-15
6245.923 9.1664192e-15
6250.8045 9.1700204e-15
6255.686 9.180099e-15
6260.5675 9.1679292e-15
6265.4491 9.1446062e-15
6270.3307 9.1296979e-15
6275.2123 9.2146854e-15
6280.0939 9.2739803e-15
6284.9755 9.3446165e-15
6289.8572 9.4340206e-15
6294.7388 9.5171954e-15
6299.6205 9.6173632e-15
6304.5022 9.7173667e-15
6309.3839 9.8674306e-15
6314.2656 1.0003769e-14
6319.1473 1.015086e-14
6324.0291 1.0258323e-14
6328.9108 1.0454731e-14
6333.7926 1.0645103e-14
6338.6744 1.0834547e-14
6343.5562 1.1041936e-14
6348.438 1.1296212e-14
6353.3198 1.1573763e-14
6358.2017 1.1867659e-14
6363.0835 1.2268714e-14
6367.9654 1.2708878e-14
6372.8473 1.3217929e-14
6377.7292 1.3675718e-14
6382.6111 1.4185282e-14
6387.493 1.4750872e-14
6392.3749 1.5363427e-14
6397.2569 1.5929806e-14
6402.1388 1.6501004e-14
6407.0208 1.710628e-14
6411.9028 1.7571787e-14
6416.7847 1.8004611e-14
6421.6668 1.8343266e-14
6426.5488 1.8745265e-14
6431.4308 1.9050544e-14
6436.3128 1.9350998e-14
6441.1949 1.9566059e-14
6446.0769 1.9797496e-14
6450.959 2.0049177e-14
6455.8411 2.0204508e-14
6460.7232 2.0433948e-14
6465.6053 2.0663712e-14
6470.4874 2.0908011e-14
6475.3696 2.1104271e-14
6480.2517 2.1344693e-14
6485.1339 2.1500799e-14
6490.016 2.1715608e-14
6494.8982 2.1879587e-14
6499.7804 2.2049481e-14
6504.6626 2.2187019e-14
6509.5448 2.2322986e-14
6514.427 2.2404434e-14
6519.3092 2.247588e-14
6524.1914 2.2560185e-14
6529.0737 2.2581119e-14
6533.9559 2.2640775e-14
6538.8382 2.2662446e-14
6543.7204 2.2688877e-14
6548.6027 2.2702146e-14
6553.485 2.2734014e-14
6558.3673 2.2735059e-14
6563.2496 2.2696412e-14
6568.1319 2.2696605e-14
6573.0142 2.264123e-14
6577.8966 2.2603492e-14
6582.7789 2.2500003e-14
6587.6613 2.2388021e-14
6592.5436 2.2260694e-14
6597.426 2.2018408e-14
6602.3084 2.1831768e-14
6607.1907 2.1565547e-14
6612.0731 2.1257335e-14
6616.9555 2.0940004e-14
6621.8379 2.0678498e-14
6626.7203 2.0319182e-14
6631.6027 1.9940832e-14
6636.4851 1.9540254e-14
6641.3676 1.9129587e-14
6646.25 1.8717611e-14
6651.1324 1.8265421e-14
6656.0149 1.7887185e-14
6660.8973 1.754497e-14
6665.7798 1.7142483e-14
6670.6622 1.6704605e-14
6675.5447 1.6334671e-14
6680.4272 1.6001576e-14
6685.3097 1.5716272e-14
6690.1922 1.5398533e-14
6695.0747 1.5140384e-14
6699.9572 1.4908204e-14
6704.8397 1.4661812e-14
6709.7222 1.4451188e-14
6714.6047 1.4258742e-14
6719.4872 1.4101356e-14
6724.3697 1.391599e-14
6729.2523 1.3786238e-14
6734.1348 1.363092e-14
6739.0174 1.350036e-14
6743.8999 1.3394698e-14
6748.7825 1.323181e-14
6753.665 1.3038635e-14
6758.5476 1.2880724e-14
6763.4301 1.2751443e-14
6768.3127 1.2571117e-14
6773.1953 1.2447027e-14
6778.0778 1.228361e-14
6782.9604 1.2132267e-14
6787.843 1.2019358e-14
6792.7256 1.180929e-14
6797.6081 1.164534e-14
6802.4907 1.1542307e-14
6807.3733 1.1434333e-14
6812.2559 1.130487e-14
6817.1385 1.1194222e-14
6822.0211 1.106658e-14
6826.9037 1.094454e-14
6831.7863 1.0831665e-14
6836.6689 1.0706031e-14
6841.5515 1.0598444e-14
6846.4341 1.0535089e-14
6851.3168 1.0452001e-14
6856.1994 1.0368447e-14
6861.082 1.0281406e-14
6865.9646 1.0190599e-14
6870.8472 1.0125726e-14
6875.7299 1.0093771e-14
6880.6125 1.0052172e-14
6885.4951 1.0020967e-14
6890.3777 1.0038434e-14
6895.2603 1.0028644e-14
6900.143 1.0013043e-14
6905.0256 1.001628e-14
6909.9082 9.9730712e-15
6914.7908 1.0003018e-14
6919.6735 1.0010876e-14
6924.5561 9.9863134e-15
6929.4387 9.9784255e-15
6934.3214 9.9140751e-15
6939.204 9.8886492e-15
6944.0866 9.8565762e-15
6948.9692 9.79928e-15
6953.8519 9.747035e-15
6958.7345 9.7127781e-15
6963.6171 9.6173213e-15
6968.4997 9.5384547e-15
6973.3824 9.4264142e-15
6978.265 9.3126165e-15
6983.1476 9.2373134e-15
6988.0302 9.1434797e-15
6992.9128 9.021174e-15
6997.7955 8.8484661e-15
7002.6781 8.6745177e-15
7007.5607 8.5225266e-15
7012.4433 8.3872224e-15
7017.3259 8.2244612e-15
7022.2085 8.1156157e-15
7027.0911 7.9789135e-15
7031.9737 7.8635767e-15
7036.8563 7.7480226e-15
7041.7389 7.6523995e-15
7046.6215 7.6339184e-15
7051.5041 7.5672457e-15
7056.3867 7.5510162e-15
7061.2693 7.5398145e-15
7066.1519 7.5373139e-15
7071.0344 7.5206255e-15
7075.917 7.4977799e-15
7080.7996 7.5076917e-15
7085.6822 7.4939465e-15
7090.5648 7.4416757e-15
7095.4473 7.4307537e-15
7100.3299 7.4167581e-15
7105.2124 7.3453013e-15
7110.095 7.2801958e-15
7114.9775 7.247029e-15
7119.8601 7.2642163e-15
7124.7426 7.2873269e-15
7129.6251 7.2960313e-15
7134.5077 7.3462893e-15
7139.3902 7.4458501e-15
7144.2727 7.5106854e-15
7149.1552 7.6228477e-15
7154.0377 7.8070828e-15
7158.9202 7.991845e-15
7163.8027 8.1430153e-15
7168.6852 8.3199112e-15
7173.5677 8.4973575e-15
7178.4502 8.6502115e-15
7183.3327 8.7903986e-15
7188.2151 8.8976411e-15
7193.0976 9.009012e-15
7197.98 9.0863841e-15
7202.8625 9.1502068e-15
7207.7449 9.1729126e-15
7212.6274 9.2370796e-15
7217.5098 9.2555074e-15
7222.3922 9.230275e-15
7227.2747 9.2221251e-15
7232.1571 9.1782553e-15
7237.0395 9.1556057e-15
7241.9219 9.0996307e-15
7246.8042 9.0362366e-15
7251.6866 8.9616856e-15
7256.569 8.8889878e-15
7261.4514 8.8509747e-15
7266.3337 8.7899797e-15
7271.2161 8.775347e-15
7276.0984 8.7545647e-15
7280.9807 8.7763886e-15
7285.8631 8.8768912e-15
7290.7454 8.9414317e-15
7295.6277 9.0082335e-15
7300.51 9.090556e-15
7305.3923 9.1832805e-15
7310.2746 9.2226989e-15
7315.1568 9.2854604e-15
7320.0391 9.3404629e-15
7324.9213 9.4475195e-15
7329.8036 9.5039999e-15
7334.6858 9.5329569e-15
7339.568 9.6130016e-15
7344.4503 9.7407862e-15
7349.3325 9.8665256e-15
7354.2147 9.9747936e-15
7359.0969 1.0146082e-14
7363.979 1.0353247e-14
7368.8612 1.0541153e-14
7373.7434 1.0691333e-14
7378.6255 1.0874932e-14
7383.5076 1.0999839e-14
7388.3898 1.1188372e-14
7393.2719 1.1357717e-14
7398.154 1.1467231e-14
7403.0361 1.1616247e-14
7407.9181 1.1734133e-14
7412.8002 1.1790763e-14
7417.6823 1.187494e-14
7422.5643 1.1923902e-14
7427.4463 1.1976693e-14
7432.3284 1.2016594e-14
7437.2104 1.2004527e-14
7442.0924 1.1969064e-14
7446.9744 1.1933794e-14
7451.8563 1.1892702e-14
7456.7383 1.1798915e-14
7461.6202 1.169032e-14
7466.5022 1.1560865e-14
7471.3841 1.1429974e-14
7476.266 1.1257872e-14
7481.1479 1.1065854e-14
7486.0298 1.084989e-14
7490.9117 1.0630174e-14
7495.7935 1.0412189e-14
7500.6754 1.0162974e-14
7505.5572 9.9419856e-15
7510.439 9.7323441e-15
7515.3209 9.5393463e-15
7520.2026 9.3361251e-15
7525.0844 9.1468398e-15
7529.9662 8.9935638e-15
7534.8479 8.8234409e-15
7539.7297 8.7255431e-15
7544.6114 8.670099e-15
7549.4931 8.6681932e-15
7554.3748 8.6468877e-15
7559.2565 8.6562896e-15
7564.1381 8.7592328e-15
7569.0198 8.8783943e-15
7573.9014 9.0139455e-15
7578.783 9.1519208e-15
7583.6646 9.3239724e-15
7588.5462 9.4471258e-15
7593.4278 9.5229205e-15
7598.3094 9.5660958e-15
7603.1909 9.6706214e-15
7608.0724 9.7774983e-15
7612.9539 9.8415728e-15
7617.8354 9.9772336e-15
7622.7169 1.0091203e-14
7627.5984 1.0188237e-14
7632.4798 1.0289266e-14
7637.3612 1.038138e-14
7642.2426 1.053043e-14
7647.124 1.0696147e-14
7652.0054 1.0831375e-14
7656.8868 1.0979606e-14
7661.7681 1.1121544e-14
7666.6495 1.1261641e-14
7671.5308 1.1368875e-14
7676.4121 1.148188e-14
7681.2933 1.1636065e-14
7686.1746 1.1751456e-14
7691.0558 1.1895693e-14
7695.937 1.2057959e-14
7700.8182 1.2270037e-14
7705.6994 1.2363105e-14
7710.5806 1.2473723e-14
7715.4617 1.2483498e-14
7720.3429 1.2555297e-14
7725.224 1.257373e-14
7730.1051 1.2561644e-14
7734.9861 1.2613162e-14
7739.8672 1.2662552e-14
7744.7482 1.2690062e-14
7749.6292 1.2699501e-14
7754.5102 1.2763809e-14
7759.3912 1.2787671e-14
7764.2722 1.2798698e-14
7769.1531 1.2763025e-14
7774.034 1.2776628e-14
7778.9149 1.2768071e-14
7783.7958 1.2656243e-14
7788.6767 1.2509022e-14
7793.5575 1.2446093e-14
7798.4383 1.2371318e-14
7803.3191 1.232707e-14
7808.1999 1.2231674e-14
7813.0806 1.2224534e-14
7817.9614 1.2208041e-14
7822.8421 1.2169503e-14
7827.7228 1.2145728e-14
7832.6035 1.2156128e-14
7837.4841 1.2142525e-14
7842.3647 1.1997772e-14
7847.2454 1.1820356e-14
7852.1259 1.1652247e-14
7857.0065 1.153527e-14
7861.8871 1.1422348e-14
7866.7676 1.1368733e-14
7871.6481 1.1383579e-14
7876.5286 1.1442174e-14
7881.409 1.1472202e-14
7886.2894 1.1485181e-14
7891.1699 1.1503792e-14
7896.0502 1.1466605e-14
7900.9306 1.1398059e-14
7905.811 1.135164e-14
7910.6913 1.129893e-14
7915.5716 1.1267496e-14
7920.4518 1.1175892e-14
7925.3321 1.1049132e-14
7930.2123 1.0990174e-14
7935.0925 1.0886014e-14
7939.9727 1.0766304e-14
7944.8529 1.0679951e-14
7949.733 1.0615311e-14
7954.6131 1.0523359e-14
7959.4932 1.0387403e-14
7964.3733 1.0266122e-14
7969.2533 1.0190935e-14
7974.1333 1.0053923e-14
7979.0133 9.9160911e-15
7983.8933 9.820196e-15
7988.7732 9.7269274e-15
7993.6531 9.659724e-15
7998.533 9.5341173e-15
8003.4129 9.3677205e-15
8008.2927 9.2823254e-15
8013.1725 9.1609597e-15
8018.0523 9.0113405e-15
8022.9321 8.9562711e-15
8027.8118 8.8910849e-15
8032.6915 8.8563364e-15
8037.5712 8.8171531e-15
8042.4508 8.7564105e-15
8047.3305 8.7512443e-15
8052.2101 8.7298698e-15
8057.0897 8.6427583e-15
8061.9692 8.5674515e-15
8066.8487 8.4809817e-15
8071.7282 8.3273615e-15
8076.6077 8.2148997e-15
8081.4871 8.0956103e-15
8086.3666 8.0762637e-15
8091.246 8.0492236e-15
8096.1253 8.0671934e-15
8101.0047 8.0696577e-15
8105.884 8.0729904e-15
8110.7632 8.0158627e-15
8115.6425 7.9822696e-15
8120.5217 7.9827626e-15
8125.4009 7.971616e-15
8130.2801 7.936719e-15
8135.1592 7.8391599e-15
8140.0383 7.7915809e-15
8144.9174 7.687674e-15
8149.7965 7.6096245e-15
8154.6755 7.5689657e-15
8159.5545 7.4878872e-15
8164.4335 7.3928988e-15
8169.3124 7.2292079e-15
8174.1913 7.0347522e-15
8179.0702 6.8602568e-15
8183.9491 6.6286542e-15
8188.8279 6.3542301e-15
8193.7067 6.1006554e-15
8198.5855 5.8373121e-15
8203.4642 5.5204114e-15
8208.3429 5.2893826e-15
8213.2216 5.0307441e-15
8218.1003 4.8019024e-15
8222.9789 4.5546878e-15
8227.8575 4.326583e-15
8232.736 4.114699e-15
8237.6145 3.9309339e-15
8242.493 3.6970885e-15
8247.3715 3.5229682e-15
8252.2499 3.397954e-15
8257.1283 3.2456705e-15
8262.0067 3.0961016e-15
8266.885 2.9636996e-15
8271.7633 2.8772876e-15
8276.6416 2.7762386e-15
8281.5199 2.7041319e-15
8286.3981 2.6712621e-15
8291.2763 2.6506139e-15
8296.1544 2.650843e-15
8301.0325 2.6406511e-15
8305.9106 2.6731761e-15
8310.7887 2.7522095e-15
8315.6667 2.8725773e-15
8320.5447 2.9510969e-15
8325.4226 3.0284584e-15
8330.3005 3.141995e-15
8335.1784 3.1785386e-15
8340.0563 3.2559605e-15
8344.9341 3.2691814e-15
8349.8119 3.3084221e-15
8354.6897 3.2982067e-15
8359.5674 3.2805119e-15
8364.4451 3.2853837e-15
8369.3227 3.2910717e-15
8374.2004 3.3430097e-15
8379.078 3.4400553e-15
8383.9555 3.5007016e-15
8388.833 3.5631924e-15
8393.7105 3.6063558e-15
8398.588 3.6230473e-15
8403.4654 3.6676007e-15
8408.3428 3.7820574e-15
8413.2201 3.8538639e-15
8418.0974 3.9581531e-15
8422.9747 4.042966e-15
8427.852 4.0680944e-15
8432.7292 4.1846305e-15
8437.6063 4.2922688e-15
8442.4835 4.468457e-15
8447.3606 4.6584553e-15
8452.2377 4.8425271e-15
8457.1147 4.9369201e-15
8461.9917 5.0788974e-15
8466.8686 5.2292626e-15
8471.7456 5.3739316e-15
8476.6225 5.547785e-15
8481.4993 5.7380882e-15
8486.3761 5.9648957e-15
8491.2529 6.2404635e-15
8496.1297 6.5351744e-15
8501.0064 6.8642949e-15
8505.883 7.2439716e-15
8510.7597 7.6219859e-15
8515.6362 8.0445197e-15
8520.5128 8.4484222e-15
8525.3893 8.810911e-15
8530.2658 9.1767368e-15
8535.1423 9.4343418e-15
8540.0187 9.6488381e-15
8544.895 9.7757394e-15
8549.7714 9.8532433e-15
8554.6477 9.9020733e-15
8559.5239 9.9404689e-15
8564.4002 9.9047169e-15
8569.2763 9.8545074e-15
8574.1525 9.9097786e-15
8579.0286 9.9566065e-15
8583.9046 1.0084436e-14
8588.7807 1.0111967e-14
8593.6567 1.0290371e-14
8598.5326 1.0514397e-14
8603.4085 1.0782102e-14
8608.2844 1.0983699e-14
8613.1602 1.1214755e-14
8618.036 1.1445737e-14
8622.9118 1.1514227e-14
8627.7875 1.1537641e-14
8632.6632 1.1530377e-14
8637.5388 1.1571739e-14
8642.4144 1.1622712e-14
8647.2899 1.1593308e-14
8652.1655 1.1535932e-14
8657.0409 1.1538012e-14
8661.9164 1.1577972e-14
8666.7917 1.1651466e-14
8671.6671 1.1765608e-14
8676.5424 1.1864809e-14
8681.4177 1.191168e-14
8686.2929 1.1995007e-14
8691.1681 1.1933423e-14
8696.0433 1.1967766e-14
8700.9184 1.1941881e-14
8705.7934 1.185647e-14
8710.6685 1.1853486e-14
8715.5434 1.1826908e-14
8720.4184 1.1862238e-14
8725.2933 1.1892132e-14
8730.1681 1.2013127e-14
8735.0429 1.2078912e-14
8739.9177 1.2104614e-14
8744.7924 1.2029657e-14
8749.6671 1.2079647e-14
8754.5418 1.213748e-14
8759.4164 1.2043912e-14
8764.2909 1.197726e-14
8769.1654 1.1882859e-14
8774.0399 1.1820035e-14
8778.9143 1.1807003e-14
8783.7887 1.1798333e-14
8788.6631 1.1903212e-14
8793.5374 1.2027975e-14
8798.4116 1.2015465e-14
8803.2858 1.2010218e-14
8808.16 1.1998862e-14
8813.0341 1.1931957e-14
8817.9082 1.1900575e-14
8822.7822 1.1840632e-14
8827.6562 1.1698871e-14
8832.5302 1.160726e-14
8837.4041 1.1406978e-14
8842.2779 1.1245639e-14
8847.1517 1.1163388e-14
8852.0255 1.1118985e-14
8856.8992 1.1037748e-14
8861.7729 1.1047442e-14
8866.6465 1.0994327e-14
8871.5201 1.0909612e-14
8876.3937 1.0793408e-14
8881.2672 1.0625865e-14
8886.1406 1.0586257e-14
8891.014 1.0582498e-14
8895.8874 1.051068e-14
8900.7607 1.0397991e-14
8905.634 1.0300673e-14
8910.5072 1.0095966e-14
8915.3804 9.8797548e-15
8920.2535 9.7297114e-15
8925.1266 9.5590662e-15
8929.9996 9.4685223e-15
8934.8726 9.3477272e-15
8939.7456 9.18757e-15
8944.6185 9.0617168e-15
8949.4913 8.8805656e-15
8954.3641 8.7566713e-15
8959.2369 8.7095097e-15
8964.1096 8.6528353e-15
8968.9822 8.6487564e-15
8973.8548 8.6215876e-15
8978.7274 8.6401389e-15
8983.5999 8.5411113e-15
8988.4724 8.3655345e-15
8993.3448 8.212831e-15
8998.2172 8.1271377e-15
9003.0895 8.0824729e-15
9007.9618 8.0097435e-15
9012.834 7.9833629e-15
9017.7062 7.8559193e-15
9022.5783 7.8999952e-15
9027.4504 7.8734868e-15
9032.3224 7.9195592e-15
9037.1944 8.0420982e-15
9042.0664 8.1306299e-15
9046.9382 8.1044368e-15
9051.8101 8.0062478e-15
9056.6819 7.8889211e-15
9061.5536 7.8184809e-15
9066.4253 7.7564342e-15
9071.2969 7.6122388e-15
9076.1685 7.5233475e-15
9081.0401 7.4132367e-15
9085.9115 7.297838e-15
9090.783 7.2641821e-15
9095.6544 7.4104046e-15
9100.5257 7.6003358e-15
9105.397 7.8080951e-15
9110.2682 7.9397315e-15
9115.1394 8.1129555e-15
9120.0105 8.277345e-15
9124.8816 8.2390226e-15
9129.7526 8.1773138e-15
9134.6236 8.1437403e-15
9139.4945 8.0571604e-15
9144.3654 7.8636536e-15
9149.2362 7.678785e-15
9154.107 7.4914229e-15
9158.9777 7.3647093e-15
9163.8484 7.2583291e-15
9168.719 7.1895096e-15
9173.5896 7.2732965e-15
9178.4601 7.3986109e-15
9183.3306 7.4302249e-15
9188.201 7.3794063e-15
9193.0713 7.3773336e-15
9197.9416 7.2889422e-15
9202.8119 7.1860677e-15
9207.6821 7.0617769e-15
9212.5522 6.9600367e-15
9217.4223 6.8285397e-15
9222.2923 6.6826438e-15
9227.1623 6.6186457e-15
9232.0322 6.6679586e-15
9236.9021 6.7852164e-15
9241.7719 6.9038038e-15
9246.6417 7.0814354e-15
9251.5114 7.2160947e-15
9256.3811 7.3263776e-15
9261.2507 7.3170009e-15
9266.1202 7.2461997e-15
9270.9897 7.1992152e-15
9275.8592 7.0082538e-15
9280.7285 6.8175962e-15
9285.5979 6.5963666e-15
9290.4671 6.3627595e-15
9295.3364 6.1698092e-15
9300.2055 6.0129946e-15
9305.0746 5.9109585e-15
9309.9437 5.9663277e-15
9314.8127 6.0560739e-15
9319.6816 6.1399608e-15
9324.5505 6.283071e-15
9329.4194 6.4191264e-15
9334.2881 6.6106583e-15
9339.1569 6.7788977e-15
9344.0255 6.9302393e-15
9348.8941 7.0253499e-15
9353.7627 7.0189845e-15
9358.6312 6.8656888e-15
9363.4996 6.7209625e-15
9368.368 6.5529169e-15
9373.2364 6.4561708e-15
9378.1046 6.305853e-15
9382.9728 6.2892244e-15
9387.841 6.3599411e-15
9392.7091 6.4160057e-15
9397.5771 6.5768496e-15
9402.4451 6.7263468e-15
9407.313 6.9207165e-15
9412.1809 6.9959607e-15
9417.0487 7.0155412e-15
9421.9165 6.971486e-15
9426.7842 6.9298409e-15
9431.6518 6.7368937e-15
9436.5194 6.5142837e-15
9441.3869 6.3336672e-15
9446.2544 6.1502447e-15
9451.1218 5.9592031e-15
9455.9891 5.8264427e-15
9460.8564 5.8813148e-15
9465.7236 6.0275707e-15
9470.5908 6.1149938e-15
9475.4579 6.2252088e-15
9480.325 6.4347278e-15
9485.192 6.6967976e-15
9490.0589 6.8885503e-15
9494.9258 7.0408861e-15
9499.7926 7.2300649e-15
9504.6593 7.361534e-15
9509.526 7.3597134e-15
9514.3926 7.3188626e-15
9519.2592 7.2685221e-15
9524.1257 7.2151329e-15
9528.9922 7.0227604e-15
9533.8586 6.6911363e-15
9538.7249 6.3856595e-15
9543.5912 6.0792413e-15
9548.4574 5.7855292e-15
9553.3235 5.4888146e-15
9558.1896 5.3369278e-15
9563.0556 5.2146191e-15
9567.9216 5.1460586e-15
9572.7875 5.1049215e-15
9577.6533 5.1228856e-15
9582.5191 5.2422359e-15
9587.3848 5.3077335e-15
9592.2505 5.4904787e-15
9597.1161 5.723412e-15
9601.9816 5.8362049e-15
9606.8471 5.9001315e-15
9611.7125 5.9352904e-15
9616.5778 5.9942309e-15
9621.4431 5.9527916e-15
9626.3083 5.8318642e-15
9631.1735 5.6669607e-15
9636.0386 5.5871051e-15
9640.9036 5.3167972e-15
9645.7686 5.02982e-15
9650.6335 4.9176367e-15
9655.4983 4.7750216e-15
9660.3631 4.6989683e-15
9665.2278 4.6013511e-15
9670.0925 4.588298e-15
9674.9571 4.7064273e-15
9679.8216 4.7784179e-15
9684.686 4.8507209e-15
9689.5504 5.0312044e-15
9694.4148 5.222244e-15
9699.279 5.2494245e-15
9704.1433 5.2000782e-15
9709.0074 5.1555438e-15
9713.8715 5.0936278e-15
9718.7355 5.0402127e-15
9723.5994 4.9336431e-15
9728.4633 4.8791225e-15
9733.3271 4.8099014e-15
9738.1909 4.6704249e-15
9743.0546 4.5469127e-15
9747.9182 4.6069753e-15
9752.7818 4.8635604e-15
9757.6452 4.9973298e-15
9762.5087 5.1444289e-15
9767.372 5.3533432e-15
9772.2353 5.5550876e-15
9777.0985 5.7392179e-15
9781.9617 5.9409082e-15
9786.8248 6.2391213e-15
9791.6878 6.3824374e-15
9796.5508 6.3543522e-15
9801.4137 6.2321193e-15
9806.2765 6.0895761e-15
9811.1393 6.0184367e-15
9816.002 5.8584735e-15
9820.8646 5.6963649e-15
9826.6996 5.6718824e-15
9832.5345 5.6759688e-15
9838.3693 5.6392674e-15
9844.2041 5.8471342e-15
9850.0388 6.0808416e-15
9855.8733 6.2157953e-15
9861.7078 6.4695277e-15
9867.5423 6.5703786e-15
9873.3766 6.5650546e-15
9879.2109 6.5150081e-15
9884.0726 6.4140876e-15
9888.9343 6.2369386e-15
9893.7959 6.0279331e-15
9898.6575 5.692632e-15
9903.5189 5.5946353e-15
9908.3803 5.5250868e-15
9913.2417 5.4399719e-15
9918.1029 5.5005859e-15
9922.9641 5.7449961e-15
9927.8253 6.063559e-15
9932.6863 6.2274293e-15
9937.5473 6.3445077e-15
9942.4082 6.4402716e-15
9947.2691 6.5234024e-15
9952.1299 6.3784001e-15
9956.9906 6.2819239e-15
9961.8512 6.1107907e-15
9966.7118 5.9103691e-15
9971.5723 5.6723313e-15
9976.4327 5.5467934e-15
9981.293 5.5755577e-15
9986.1533 5.6551104e-15
9991.0135 5.7605369e-15
9995.8737 5.7944939e-15
10000.734 5.8902961e-15
10005.594 5.8719156e-15
10010.454 5.8979811e-15
10015.314 5.8915334e-15
10020.173 5.8430613e-15
10025.033 5.7625329e-15
10029.893 5.5740885e-15
10034.752 5.3908087e-15
10039.612 5.3675594e-15
10044.471 5.4280963e-15
10049.331 5.5584473e-15
10054.19 5.714591e-15
10059.049 5.9918405e-15
10063.908 6.3103571e-15
10068.767 6.4710077e-15
10073.626 6.5573888e-15
10078.485 6.6085589e-15
10083.344 6.5826138e-15
10088.203 6.4593547e-15
10093.061 6.3341922e-15
10097.92 6.3358011e-15
10102.779 6.1440583e-15
10107.637 5.9421595e-15
10112.496 5.6592878e-15
10117.354 5.5825675e-15
10122.212 5.4575962e-15
10127.07 5.2737151e-15
10131.929 5.2243971e-15
10136.787 5.0918541e-15
10141.645 5.0268615e-15
10146.502 4.7819053e-15
10151.36 4.7826698e-15
10156.218 4.7229647e-15
10161.076 4.5425294e-15
10165.933 4.317017e-15
10170.791 4.2982542e-15
10175.648 4.4649229e-15
10180.506 4.3092418e-15
10185.363 4.367084e-15
10190.22 4.5584405e-15
10195.077 4.5835394e-15
10199.934 4.7173652e-15
10204.791 4.7444422e-15
10209.648 5.2465566e-15
&
