

  5.242536076752785E+03   2.7690651E-14
  5.247411911487896E+03   2.4391081E-14
  5.252287785563905E+03   2.6713063E-14
  5.257163698867775E+03   2.5797247E-14
  5.262039651286453E+03   2.6587632E-14
  5.266915642706880E+03   2.7503585E-14
  5.271791673015992E+03   2.9468537E-14
  5.276667742100710E+03   3.1657931E-14
  5.281543849847947E+03   3.2872298E-14
  5.286419996144609E+03   3.3181022E-14
  5.291296180877592E+03   3.4163261E-14
  5.296172403933783E+03   3.3911699E-14
  5.301048665200062E+03   3.3546794E-14
  5.305924964563296E+03   3.4337672E-14
  5.310801301910347E+03   3.3829358E-14
  5.315677677128066E+03   3.4271397E-14
  5.320554090103295E+03   3.4004927E-14
  5.325430540722869E+03   3.7559870E-14
  5.330307028873614E+03   3.4787226E-14
  5.335183554442346E+03   3.4139599E-14
  5.340060117315871E+03   3.3610013E-14
  5.344936717380990E+03   3.3582607E-14
  5.349813354524493E+03   3.2388920E-14
  5.354690028633162E+03   3.2227710E-14
  5.359566739593770E+03   3.2011604E-14
  5.364443487293081E+03   3.2492787E-14
  5.369320271617851E+03   3.2157630E-14
  5.374197092454828E+03   3.2151975E-14
  5.379073949690751E+03   3.1189606E-14
  5.383950843212350E+03   3.2483842E-14
  5.388827772906349E+03   3.2640686E-14
  5.393704738659459E+03   3.2272274E-14
  5.398581740358386E+03   3.3359468E-14
  5.403458777889827E+03   3.3944422E-14
  5.408335851140470E+03   3.4157664E-14
  5.413212959996997E+03   3.5363985E-14
  5.418090104346077E+03   3.5677712E-14
  5.422967284074375E+03   3.6661158E-14
  5.427844499068547E+03   3.6225742E-14
  5.432721749215239E+03   3.6953632E-14
  5.437599034401091E+03   3.7146555E-14
  5.442476354512731E+03   3.7910721E-14
  5.447353709436785E+03   3.8637940E-14
  5.452231099059865E+03   3.9234149E-14
  5.457108523268579E+03   3.8232147E-14
  5.461985981949523E+03   3.9607935E-14
  5.466863474989290E+03   3.8338541E-14
  5.471741002274462E+03   3.8582351E-14
  5.476618563691611E+03   3.8295796E-14
  5.481496159127304E+03   3.8700315E-14
  5.486373788468100E+03   3.8350830E-14
  5.491251451600550E+03   3.8558288E-14
  5.496129148411196E+03   3.7586152E-14
  5.501006878786571E+03   3.7532748E-14
  5.505884642613205E+03   3.7231120E-14
  5.510762439777615E+03   3.6636540E-14
  5.515640270166312E+03   3.6309077E-14
  5.520518133665802E+03   3.6380773E-14
  5.525396030162578E+03   3.5825004E-14
  5.530273959543128E+03   3.6556570E-14
  5.535151921693933E+03   3.6165800E-14
  5.540029916501468E+03   3.6824496E-14
  5.544907943852196E+03   3.5734050E-14
  5.549786003632575E+03   3.6389586E-14
  5.554664095729055E+03   3.5865757E-14
  5.559542220028076E+03   3.5714101E-14
  5.564420376416077E+03   3.6125505E-14
  5.569298564779485E+03   3.5663902E-14
  5.574176785004717E+03   3.5890656E-14
  5.579055036978187E+03   3.5441502E-14
  5.583933320586301E+03   3.4619568E-14
  5.588811635715455E+03   3.5238495E-14
  5.593689982252041E+03   3.4446736E-14
  5.598568360082441E+03   3.4573595E-14
  5.603446769093031E+03   3.3787653E-14
  5.608325209170180E+03   3.3189350E-14
  5.613203680200249E+03   3.2036084E-14
  5.618082182069590E+03   3.1976802E-14
  5.622960714664553E+03   3.1297420E-14
  5.627839277871475E+03   3.0916025E-14
  5.632717871576690E+03   3.0586634E-14
  5.637596495666521E+03   2.9998807E-14
  5.642475150027289E+03   2.9600756E-14
  5.647353834545303E+03   2.8585868E-14
  5.652232549106869E+03   2.8225059E-14
  5.657111293598283E+03   2.8045224E-14
  5.661990067905835E+03   2.6732101E-14
  5.666868871915808E+03   2.6538816E-14
  5.671747705514478E+03   2.6086946E-14
  5.676626568588115E+03   2.6531848E-14
  5.681505461022982E+03   2.5910895E-14
  5.686384382705332E+03   2.5046913E-14
  5.691263333521416E+03   2.4182150E-14
  5.696142313357475E+03   2.4491566E-14
  5.701021322099744E+03   2.4209467E-14
  5.705900359634452E+03   2.3677303E-14
  5.710779425847819E+03   2.3163300E-14
  5.715658520626062E+03   2.2951749E-14
  5.720537643855388E+03   2.3006015E-14
  5.725416795421997E+03   2.2830653E-14
  5.730295975212087E+03   2.2888694E-14
  5.735175183111844E+03   2.1844617E-14
  5.740054419007452E+03   2.1709458E-14
  5.744933682785085E+03   2.1936890E-14
  5.749812974330911E+03   2.1674172E-14
  5.754692293531093E+03   2.1912481E-14
  5.759571640271786E+03   2.1211250E-14
  5.764451014439142E+03   2.1145087E-14
  5.769330415919299E+03   2.1225993E-14
  5.774209844598398E+03   2.1883921E-14
  5.779089300362568E+03   2.0853733E-14
  5.783968783097931E+03   2.0439085E-14
  5.788848292690606E+03   2.0137395E-14
  5.793727829026705E+03   1.9958610E-14
  5.798607391992331E+03   1.9637741E-14
  5.803486981473584E+03   1.9022717E-14
  5.808366597356557E+03   1.8980909E-14
  5.813246239527335E+03   1.8204579E-14
  5.818125907871999E+03   1.8613913E-14
  5.823005602276623E+03   1.8934112E-14
  5.827885322627276E+03   1.9025681E-14
  5.832765068810018E+03   1.9804193E-14
  5.837644840710906E+03   2.0151905E-14
  5.842524638215989E+03   2.2508520E-14
  5.847404461211313E+03   2.2208770E-14
  5.852284309582914E+03   2.3320176E-14
  5.857164183216824E+03   2.4003111E-14
  5.862044081999070E+03   2.4895809E-14
  5.866924005815672E+03   2.5835792E-14
  5.871803954552644E+03   2.6104908E-14
  5.876683928095995E+03   2.6572054E-14
  5.881563926331726E+03   2.6733159E-14
  5.886443949145837E+03   2.7107512E-14
  5.891323996424318E+03   2.7387054E-14
  5.896204068053151E+03   2.8312667E-14
  5.901084163918321E+03   2.7982951E-14
  5.905964283905800E+03   2.7676275E-14
  5.910844427901555E+03   2.7991264E-14
  5.915724595791550E+03   2.7809345E-14
  5.920604787461742E+03   2.7809677E-14
  5.925485002798084E+03   2.7867071E-14
  5.930365241686520E+03   2.7205563E-14
  5.935245504012992E+03   2.6832008E-14
  5.940125789663434E+03   2.6690613E-14
  5.945006098523777E+03   2.5517071E-14
  5.949886430479944E+03   2.5387876E-14
  5.954766785417855E+03   2.4811248E-14
  5.959647163223423E+03   2.3796938E-14
  5.964527563782555E+03   2.2851428E-14
  5.969407986981157E+03   2.2440818E-14
  5.974288432705122E+03   2.2150232E-14
  5.979168900840344E+03   2.2082633E-14
  5.984049391272712E+03   2.1832090E-14
  5.988929903888104E+03   2.1778322E-14
  5.993810438572400E+03   2.1950805E-14
  5.998690995211469E+03   2.2569518E-14
  6.003571573691179E+03   2.2117745E-14
  6.008452173897390E+03   2.3118589E-14
  6.013332795715958E+03   2.2664857E-14
  6.018213439032734E+03   2.3161318E-14
  6.023094103733564E+03   2.2675345E-14
  6.027974789704289E+03   2.2862973E-14
  6.032855496830744E+03   2.2416693E-14
  6.037736224998763E+03   2.2152307E-14
  6.042616974094169E+03   2.0958614E-14
  6.047497744002784E+03   2.0449810E-14
  6.052378534610424E+03   2.0338537E-14
  6.057259345802901E+03   1.9959783E-14
  6.062140177466022E+03   2.1676254E-14
  6.067021029485587E+03   1.8930146E-14
  6.071901901747395E+03   1.9544721E-14
  6.076782794137238E+03   1.9432860E-14
  6.081663706540902E+03   1.9684800E-14
  6.086544638844171E+03   2.0584078E-14
  6.091425590932825E+03   2.0546431E-14
  6.096306562692634E+03   2.1287998E-14
  6.101187554009369E+03   2.0608955E-14
  6.106068564768794E+03   2.1201848E-14
  6.110949594856670E+03   2.0494586E-14
  6.115830644158750E+03   2.0839360E-14
  6.120711712560788E+03   1.9839690E-14
  6.125592799948527E+03   1.9302190E-14
  6.130473906207711E+03   1.8175743E-14
  6.135355031224079E+03   2.2832822E-14
  6.140236174883359E+03   1.7302471E-14
  6.145117337071284E+03   1.6917589E-14
  6.149998517673577E+03   1.6278298E-14
  6.154879716575958E+03   1.5632498E-14
  6.159760933664143E+03   1.5438490E-14
  6.164642168823843E+03   1.5230510E-14
  6.169523421940767E+03   1.4104216E-14
  6.174404692900615E+03   1.4225923E-14
  6.179285981589089E+03   1.3984636E-14
  6.184167287891882E+03   1.3613217E-14
  6.189048611694685E+03   1.3772851E-14
  6.193929952883183E+03   1.3313973E-14
  6.198811311343061E+03   1.4043639E-14
  6.203692686959997E+03   1.3522313E-14
  6.208574079619663E+03   1.3322635E-14
  6.213455489207732E+03   1.4246308E-14
  6.218336915609870E+03   1.3972692E-14
  6.223218358711738E+03   1.3957604E-14
  6.228099818398994E+03   1.4287533E-14
  6.232981294557296E+03   1.4306468E-14
  6.237862787072291E+03   1.4627922E-14
  6.242744295829629E+03   1.4725827E-14
  6.247625820714951E+03   1.4896198E-14
  6.252507361613898E+03   1.4348921E-14
  6.257388918412104E+03   1.5043668E-14
  6.262270490995202E+03   1.5295052E-14
  6.267152079248820E+03   1.5724492E-14
  6.272033683058583E+03   1.5708810E-14
  6.276915302310110E+03   1.6301373E-14
  6.281796936889020E+03   1.6612029E-14
  6.286678586680926E+03   1.6387253E-14
  6.291560251571438E+03   1.7275557E-14
  6.296441931446163E+03   1.7236995E-14
  6.301323626190703E+03   1.7270577E-14
  6.306205335690660E+03   1.7951559E-14
  6.311087059831626E+03   1.8118816E-14
  6.315968798499198E+03   1.8881462E-14
  6.320850551578962E+03   1.8646334E-14
  6.325732318956505E+03   1.9738229E-14
  6.330614100517409E+03   1.9744579E-14
  6.335495896147256E+03   1.9904702E-14
  6.340377705731617E+03   2.0173057E-14
  6.345259529156070E+03   2.0913269E-14
  6.350141366306180E+03   2.1619842E-14
  6.355023217067515E+03   2.2041732E-14
  6.359905081325637E+03   2.2457076E-14
  6.364786958966107E+03   2.2383266E-14
  6.369668849874482E+03   2.3516201E-14
  6.374550753936313E+03   2.3536279E-14
  6.379432671037152E+03   2.3668823E-14
  6.384314601062549E+03   2.3690422E-14
  6.389196543898042E+03   2.4298268E-14
  6.394078499429180E+03   2.4824084E-14
  6.398960467541495E+03   2.4815672E-14
  6.403842448120526E+03   2.4689757E-14
  6.408724441051804E+03   2.4228668E-14
  6.413606446220860E+03   2.5308060E-14
  6.418488463513218E+03   2.5046141E-14
  6.423370492814405E+03   2.5230787E-14
  6.428252534009941E+03   2.5294796E-14
  6.433134586985344E+03   2.5648817E-14
  6.438016651626129E+03   2.5803658E-14
  6.442898727817809E+03   2.5936920E-14
  6.447780815445895E+03   2.6446093E-14
  6.452662914395893E+03   2.6056702E-14
  6.457545024553310E+03   2.6487527E-14
  6.462427145803646E+03   2.6564273E-14
  6.467309278032401E+03   2.6157355E-14
  6.472191421125072E+03   2.6351615E-14
  6.477073574967154E+03   2.6797237E-14
  6.481955739444138E+03   2.6511977E-14
  6.486837914441513E+03   2.6476339E-14
  6.491720099844768E+03   2.6102098E-14
  6.496602295539386E+03   2.6884895E-14
  6.501484501410847E+03   2.6218133E-14
  6.506366717344634E+03   2.6451453E-14
  6.511248943226223E+03   2.6564766E-14
  6.516131178941087E+03   2.6155730E-14
  6.521013424374703E+03   2.6111583E-14
  6.525895679412538E+03   2.6296739E-14
  6.530777943940061E+03   2.6164819E-14
  6.535660217842738E+03   2.6181400E-14
  6.540542501006033E+03   2.6206722E-14
  6.545424793315407E+03   2.5810459E-14
  6.550307094656319E+03   2.5740474E-14
  6.555189404914227E+03   2.6331496E-14
  6.560071723974585E+03   2.5445927E-14
  6.564954051722849E+03   2.5451417E-14
  6.569836388044467E+03   2.5011079E-14
  6.574718732824887E+03   2.4966875E-14
  6.579601085949561E+03   2.4489518E-14
  6.584483447303930E+03   2.4117008E-14
  6.589365816773437E+03   2.3692137E-14
  6.594248194243527E+03   2.3577743E-14
  6.599130579599636E+03   2.3527113E-14
  6.604012972727203E+03   2.3308210E-14
  6.608895373511663E+03   2.2904628E-14
  6.613777781838448E+03   2.2308891E-14
  6.618660197592995E+03   2.2281092E-14
  6.623542620660732E+03   2.1641338E-14
  6.628425050927085E+03   2.1382481E-14
  6.633307488277484E+03   2.0495958E-14
  6.638189932597355E+03   2.0898122E-14
  6.643072383772119E+03   1.9648305E-14
  6.647954841687199E+03   1.9707860E-14
  6.652837306228018E+03   1.9474111E-14
  6.657719777279991E+03   1.9266432E-14
  6.662602254728537E+03   1.8770423E-14
  6.667484738459074E+03   1.8624154E-14
  6.672367228357014E+03   1.8606071E-14
  6.677249724307770E+03   1.8306361E-14
  6.682132226196754E+03   1.7621611E-14
  6.687014733909377E+03   1.7473351E-14
  6.691897247331047E+03   1.7132722E-14
  6.696779766347172E+03   1.6981613E-14
  6.701662290843157E+03   1.7123767E-14
  6.706544820704409E+03   1.6050888E-14
  6.711427355816330E+03   1.5446027E-14
  6.716309896064322E+03   1.6023243E-14
  6.721192441333787E+03   1.5402205E-14
  6.726074991510125E+03   1.5094151E-14
  6.730957546478734E+03   1.5379127E-14
  6.735840106125013E+03   1.4733076E-14
  6.740722670334359E+03   1.4470453E-14
  6.745605238992165E+03   1.4673074E-14
  6.750487811983829E+03   1.4359384E-14
  6.755370389194742E+03   1.4233714E-14
  6.760252970510295E+03   1.3940755E-14
  6.765135555815884E+03   1.3883321E-14
  6.770018144996896E+03   1.3620984E-14
  6.774900737938723E+03   1.3480614E-14
  6.779783334526752E+03   1.3332604E-14
  6.784665934646371E+03   1.3162670E-14
  6.789548538182969E+03   1.2998707E-14
  6.794431145021931E+03   1.3115171E-14
  6.799313755048642E+03   1.2781576E-14
  6.804196368148488E+03   1.2781907E-14
  6.809078984206853E+03   1.2773193E-14
  6.813961603109118E+03   1.2598303E-14
  6.818844224740669E+03   1.2574745E-14
  6.823726848986887E+03   1.2220166E-14
  6.828609475733152E+03   1.2137555E-14
  6.833492104864847E+03   1.2484226E-14
  6.838374736267350E+03   1.1951286E-14
  6.843257369826043E+03   1.1737109E-14
  6.848140005426305E+03   1.1590221E-14
  6.853022642953513E+03   1.1621243E-14
  6.857905282293047E+03   1.1180668E-14
  6.862787923330285E+03   1.1623637E-14
  6.867670565950604E+03   1.1387605E-14
  6.872553210039380E+03   1.1398266E-14
  6.877435855481992E+03   1.1122061E-14
  6.882318502163815E+03   1.1069388E-14
  6.887201149970225E+03   1.0911696E-14
  6.892083798786599E+03   1.1207580E-14
  6.896966448498312E+03   1.1141266E-14
  6.901849098990740E+03   1.1023899E-14
  6.906731750149257E+03   1.0556123E-14
  6.911614401859239E+03   1.0694738E-14
  6.916497054006061E+03   1.0928197E-14
  6.921379706475100E+03   1.0651891E-14
  6.926262359151727E+03   1.0643698E-14
  6.931145011921320E+03   1.0382890E-14
  6.936027664669251E+03   1.0367713E-14
  6.940910317280896E+03   1.0208527E-14
  6.945792969641630E+03   1.0174660E-14
  6.950675621636829E+03   9.9869293E-15
  6.955558273151867E+03   9.6878368E-15
  6.960440924072118E+03   9.9299333E-15
  6.965323574282957E+03   1.0308566E-14
  6.970206223669762E+03   9.8179292E-15
  6.975088872117906E+03   9.8049552E-15
  6.979971519512766E+03   9.3626821E-15
  6.984854165739717E+03   9.7674630E-15
  6.989736810684136E+03   9.7590545E-15
  6.994619454231401E+03   9.2847720E-15
  6.999502096266886E+03   9.3367908E-15
  7.004384736675971E+03   9.4574422E-15
  7.009267375344032E+03   9.2255635E-15
  7.014150012156448E+03   9.0968365E-15
  7.019032646998596E+03   9.5230186E-15
  7.023915279755856E+03   9.4285829E-15
  7.028797910313608E+03   9.4590888E-15
  7.033680538557232E+03   9.3568392E-15
  7.038563164372108E+03   9.3865565E-15
  7.043445787643616E+03   9.2206152E-15
  7.048328408257140E+03   9.3593253E-15
  7.053211026098060E+03   9.5585855E-15
  7.058093641051761E+03   9.0856311E-15
  7.062976253003624E+03   9.3877204E-15
  7.067858861839037E+03   9.4175037E-15
  7.072741467443382E+03   9.3641229E-15
  7.077624069702045E+03   9.2930915E-15
  7.082506668500415E+03   9.1736845E-15
  7.087389263723877E+03   9.3222667E-15
  7.092271855257821E+03   8.9270878E-15
  7.097154442987635E+03   9.3201195E-15
  7.102037026798709E+03   9.2749701E-15
  7.106919606576435E+03   9.7347210E-15
  7.111802182206205E+03   9.7947688E-15
  7.116684753573410E+03   9.6767881E-15
  7.121567320563445E+03   9.8854971E-15
  7.126449883061705E+03   9.8068085E-15
  7.131332440953585E+03   1.0041474E-14
  7.136214994124485E+03   1.0097979E-14
  7.141097542459800E+03   1.0204064E-14
  7.145980085844930E+03   1.0375882E-14
  7.150862624165276E+03   1.0440705E-14
  7.155745157306238E+03   1.0609017E-14
  7.160627685153222E+03   1.0575826E-14
  7.165510207591629E+03   1.0811482E-14
  7.170392724506866E+03   1.0545507E-14
  7.175275235784340E+03   1.0939063E-14
  7.180157741309458E+03   1.0882915E-14
  7.185040240967630E+03   1.1053295E-14
  7.189922734644265E+03   1.1147048E-14
  7.194805222224777E+03   1.1167863E-14
  7.199687703594579E+03   1.1023520E-14
  7.204570178639085E+03   1.1243218E-14
  7.209452647243715E+03   1.0736236E-14
  7.214335109293882E+03   1.0717889E-14
  7.219217564675008E+03   1.0661217E-14
  7.224100013272516E+03   1.0934605E-14
  7.228982454971825E+03   1.0857972E-14
  7.233864889658361E+03   1.0724842E-14
  7.238747317217550E+03   1.1258879E-14
  7.243629737534820E+03   1.1083886E-14
  7.248512150495601E+03   1.1136720E-14
  7.253394555985321E+03   1.1200913E-14
  7.258276953889416E+03   1.1147829E-14
  7.263159344093318E+03   1.0876386E-14
  7.268041726482466E+03   1.1431019E-14
  7.272924100942297E+03   1.1173888E-14
  7.277806467358251E+03   1.1183526E-14
  7.282688825615769E+03   1.1743065E-14
  7.287571175600297E+03   1.2001231E-14
  7.292453517197279E+03   1.1998133E-14
  7.297335850292165E+03   1.1672796E-14
  7.302218174770403E+03   1.1763373E-14
  7.307100490517443E+03   1.1918939E-14
  7.311982797418743E+03   1.1624613E-14
  7.316865095359756E+03   1.1927006E-14
  7.321747384225941E+03   1.2418501E-14
  7.326629663902760E+03   1.1699963E-14
  7.331511934275672E+03   1.2042945E-14
  7.336394195230143E+03   1.2205363E-14
  7.341276446651639E+03   1.2417143E-14
  7.346158688425631E+03   1.2414520E-14
  7.351040920437588E+03   1.2099583E-14
  7.355923142572985E+03   1.1881519E-14
  7.360805354717298E+03   1.1814626E-14
  7.365687556756004E+03   1.1865927E-14
  7.370569748574583E+03   1.2189479E-14
  7.375451930058519E+03   1.2202121E-14
  7.380334101093298E+03   1.2051330E-14
  7.385216261564407E+03   1.1896763E-14
  7.390098411357336E+03   1.2177772E-14
  7.394980550357579E+03   1.1675558E-14
  7.399862678450630E+03   1.1791724E-14
  7.404744795521988E+03   1.1262660E-14
  7.409626901457153E+03   1.1488924E-14
  7.414508996141627E+03   1.1749825E-14
  7.419391079460917E+03   1.1402750E-14
  7.424273151300531E+03   1.1608173E-14
  7.429155211545981E+03   1.1404115E-14
  7.434037260082780E+03   1.1409596E-14
  7.438919296796444E+03   1.0977186E-14
  7.443801321572493E+03   1.1235068E-14
  7.448683334296449E+03   1.0928317E-14
  7.453565334853838E+03   1.0762607E-14
  7.458447323130186E+03   1.1073777E-14
  7.463329299011025E+03   1.1006400E-14
  7.468211262381888E+03   1.0586408E-14
  7.473093213128311E+03   1.0955727E-14
  7.477975151135835E+03   1.0752229E-14
  7.482857076290002E+03   1.0340847E-14
  7.487738988476356E+03   1.0512279E-14
  7.492620887580447E+03   1.0300443E-14
  7.497502773487827E+03   1.0534213E-14
  7.502384646084050E+03   1.0480513E-14
  7.507266505254674E+03   1.0327304E-14
  7.512148350885259E+03   9.9880668E-15
  7.517030182861370E+03   9.8035881E-15
  7.521912001068575E+03   9.6219504E-15
  7.526793805392444E+03   9.7495957E-15
  7.531675595718549E+03   1.0028292E-14
  7.536557371932470E+03   9.4788086E-15
  7.541439133919786E+03   9.6135055E-15
  7.546320881566082E+03   9.2006608E-15
  7.551202614756944E+03   9.2936777E-15
  7.556084333377962E+03   8.4861368E-15
  7.560966037314732E+03   9.1455977E-15
  7.565847726452848E+03   9.0745325E-15
  7.570729400677915E+03   9.0616965E-15
  7.575611059875534E+03   9.0639895E-15
  7.580492703931314E+03   9.2576661E-15
  7.585374332730868E+03   9.3185449E-15
  7.590255946159808E+03   9.4458810E-15
  7.595137544103754E+03   8.9655380E-15
  7.600019126448329E+03   9.3273261E-15
  7.604900693079157E+03   9.0499135E-15
  7.609782243881871E+03   8.7570078E-15
  7.614663778742100E+03   8.4763358E-15
  7.619545297545485E+03   8.4644104E-15
  7.624426800177664E+03   8.7835097E-15
  7.629308286524282E+03   8.9758811E-15
  7.634189756470989E+03   9.4371634E-15
  7.639071209903435E+03   9.1647898E-15
  7.643952646707277E+03   9.5479477E-15
  7.648834066768177E+03   9.3940197E-15
  7.653715469971796E+03   9.0553514E-15
  7.658596856203803E+03   9.2177844E-15
  7.663478225349871E+03   9.0998164E-15
  7.668359577295673E+03   9.2676789E-15
  7.673240911926891E+03   9.4878634E-15
  7.678122229129210E+03   9.6247981E-15
  7.683003528788317E+03   9.8941639E-15
  7.687884810789901E+03   9.7440688E-15
  7.692766075019664E+03   9.8456171E-15
  7.697647321363302E+03   9.7844655E-15
  7.702528549706522E+03   1.0036649E-14
  7.707409759935032E+03   9.1737039E-15
  7.712290951934544E+03   9.8525238E-15
  7.717172125590778E+03   1.0382346E-14
  7.722053280789454E+03   1.0726081E-14
  7.726934417416298E+03   1.0488559E-14
  7.731815535357041E+03   1.0670174E-14
  7.736696634497417E+03   1.0082514E-14
  7.741577714723166E+03   1.0249372E-14
  7.746458775920030E+03   1.0187826E-14
  7.751339817973759E+03   1.0251753E-14
  7.756220840770105E+03   1.0089078E-14
  7.761101844194824E+03   1.0839122E-14
  7.765982828133679E+03   1.1129578E-14
  7.770863792472434E+03   1.1264362E-14
  7.775744737096863E+03   1.1122732E-14
  7.780625661892739E+03   1.1387491E-14
  7.785506566745842E+03   1.0975038E-14
  7.790387451541957E+03   1.0937950E-14
  7.795268316166873E+03   1.0892436E-14
  7.800149160506386E+03   1.0959963E-14
  7.805029984446292E+03   1.0733239E-14
  7.809910787872397E+03   1.1478548E-14
  7.814791570670507E+03   1.1423089E-14
  7.819672332726438E+03   1.2095926E-14
  7.824553073926007E+03   1.1870399E-14
  7.829433794155037E+03   1.2124983E-14
  7.834314493299354E+03   1.2117132E-14
  7.839195171244794E+03   1.2207446E-14
  7.844075827877193E+03   1.1644685E-14
  7.848956463082393E+03   1.1470314E-14
  7.853837076746245E+03   1.1177813E-14
  7.858717668754598E+03   1.1153661E-14
  7.863598238993312E+03   1.1537857E-14
  7.868478787348251E+03   1.1459942E-14
  7.873359313705282E+03   1.1341144E-14
  7.878239817950277E+03   1.1217698E-14
  7.883120299969117E+03   1.1172336E-14
  7.888000759647683E+03   1.1934792E-14
  7.892881196871866E+03   1.1714500E-14
  7.897761611527560E+03   1.2311537E-14
  7.902642003500663E+03   1.2079472E-14
  7.907522372677082E+03   1.1755921E-14
  7.912402718942726E+03   1.1257470E-14
  7.917283042183509E+03   1.0959702E-14
  7.922163342285354E+03   1.0794270E-14
  7.927043619134186E+03   1.0978980E-14
  7.931923872615938E+03   1.1184596E-14
  7.936804102616546E+03   1.1694704E-14
  7.941684309021953E+03   1.1634762E-14
  7.946564491718107E+03   1.1526454E-14
  7.951444650590962E+03   1.1115363E-14
  7.956324785526477E+03   1.0631278E-14
  7.961204896410618E+03   1.0282098E-14
  7.966084983129354E+03   9.7467717E-15
  7.970965045568663E+03   9.9708568E-15
  7.975845083614526E+03   1.0485251E-14
  7.980725097152930E+03   1.0482840E-14
  7.985605086069870E+03   1.0707785E-14
  7.990485050251343E+03   1.0624229E-14
  7.995364989583355E+03   1.0553632E-14
  8.000244903951917E+03   1.0349271E-14
  8.005124793243045E+03   9.7282962E-15
  8.010004657342762E+03   9.1154755E-15
  8.014884496137095E+03   9.2463099E-15
  8.019764309512079E+03   8.9106299E-15
  8.024644097353755E+03   9.0446331E-15
  8.029523859548168E+03   8.9967122E-15
  8.034403595981372E+03   9.1866839E-15
  8.039283306539422E+03   9.2772715E-15
  8.044162991108385E+03   9.2810018E-15
  8.049042649574330E+03   9.1815000E-15
  8.053922281823335E+03   9.1710976E-15
  8.058801887741479E+03   9.3232722E-15
  8.063681467214854E+03   8.9310595E-15
  8.068561020129553E+03   8.6302569E-15
  8.073440546371680E+03   8.4912148E-15
  8.078320045827340E+03   8.0928543E-15
  8.083199518382645E+03   7.9507849E-15
  8.088078963923718E+03   8.1158352E-15
  8.092958382336683E+03   7.4378022E-15
  8.097837773507675E+03   7.9208575E-15
  8.102717137322830E+03   7.8907768E-15
  8.107596473668296E+03   8.2777057E-15
  8.112475782430223E+03   7.6895718E-15
  8.117355063494771E+03   8.3213974E-15
  8.122234316748102E+03   7.7103461E-15
  8.127113542076389E+03   7.9547812E-15
  8.131992739365808E+03   7.7189994E-15
  8.136871908502546E+03   7.7301226E-15
  8.141751049372792E+03   7.0115151E-15
  8.146630161862744E+03   7.2131615E-15
  8.151509245858606E+03   7.5963736E-15
  8.156388301246587E+03   7.1343324E-15
  8.161267327912908E+03   7.3289509E-15
  8.166146325743790E+03   7.6688229E-15
  8.171025294625464E+03   7.3320705E-15
  8.175904234444170E+03   7.1390215E-15
  8.180783145086151E+03   6.4220746E-15
  8.185662026437659E+03   6.4316338E-15
  8.190540878384950E+03   5.8961718E-15
  8.195419700814291E+03   5.8088643E-15
  8.200298493611954E+03   5.3483206E-15
  8.205177256664214E+03   5.2744420E-15
  8.210055989857363E+03   4.9903437E-15
  8.214934693077690E+03   4.5159024E-15
  8.219813366211494E+03   4.5318033E-15
  8.224692009145083E+03   4.5605952E-15
  8.229570621764769E+03   4.4009176E-15
  8.234449203956878E+03   4.0754635E-15
  8.239327755607732E+03   3.9225507E-15
  8.244206276603671E+03   4.0506733E-15
  8.249084766831033E+03   3.8752714E-15
  8.253963226176169E+03   3.4055091E-15
  8.258841654525439E+03   3.3495304E-15
  8.263720051765202E+03   3.3035846E-15
  8.268598417781830E+03   3.5060176E-15
  8.273476752461704E+03   3.5307681E-15
  8.278355055691207E+03   3.3583738E-15
  8.283233327356736E+03   2.9463560E-15
  8.288111567344688E+03   3.0967946E-15
  8.292989775541471E+03   3.2762317E-15
  8.297867951833501E+03   3.1796016E-15
  8.302746096107203E+03   3.1402883E-15
  8.307624208249004E+03   3.5090676E-15
  8.312502288145344E+03   3.6375589E-15
  8.317380335682668E+03   3.6927837E-15
  8.322258350747426E+03   4.0462162E-15
  8.327136333226083E+03   4.0239287E-15
  8.332014283005103E+03   4.5442784E-15
  8.336892199970964E+03   3.8410530E-15
  8.341770084010146E+03   4.1559265E-15
  8.346647935009145E+03   4.1062163E-15
  8.351525752854457E+03   3.8771209E-15
  8.356403537432589E+03   3.8472109E-15
  8.361281288630054E+03   3.7964118E-15
  8.366159006333375E+03   3.8118244E-15
  8.371036690429082E+03   3.8265641E-15
  8.375914340803713E+03   3.8507952E-15
  8.380791957343812E+03   4.1476108E-15
  8.385669539935932E+03   4.0602368E-15
  8.390547088466637E+03   3.8545246E-15
  8.395424602822497E+03   4.3609415E-15
  8.400302082890084E+03   4.6689350E-15
  8.405179528555987E+03   4.1964202E-15
  8.410056939706801E+03   4.3098908E-15
  8.414934316229124E+03   4.0707921E-15
  8.419811658009565E+03   4.1007317E-15
  8.424688964934743E+03   4.2870091E-15
  8.429566236891285E+03   4.4341688E-15
  8.434443473765823E+03   4.4823209E-15
  8.439320675444998E+03   5.1442289E-15
  8.444197841815463E+03   4.8767265E-15
  8.449074972763876E+03   5.0188574E-15
  8.453952068176899E+03   5.6199387E-15
  8.458829127941213E+03   5.5111970E-15
  8.463706151943499E+03   5.7440680E-15
  8.468583140070446E+03   6.1792205E-15
  8.473460092208759E+03   6.2488814E-15
  8.478337008245142E+03   6.4876981E-15
  8.483213888066317E+03   5.8459283E-15
  8.488090731559001E+03   6.6504999E-15
  8.492967538609935E+03   7.1019147E-15
  8.497844309105860E+03   7.0078614E-15
  8.502721042933523E+03   7.3481506E-15
  8.507597739979685E+03   7.4499224E-15
  8.512474400131116E+03   7.2210829E-15
  8.517351023274590E+03   8.3934807E-15
  8.522227609296895E+03   9.0793004E-15
  8.527104158084821E+03   9.2050594E-15
  8.531980669525172E+03   9.1241076E-15
  8.536857143504758E+03   9.2527143E-15
  8.541733579910400E+03   9.4307852E-15
  8.546609978628927E+03   9.8737945E-15
  8.551486339547175E+03   9.2522578E-15
  8.556362662551994E+03   9.9722934E-15
  8.561238947530232E+03   9.5715765E-15
  8.566115194368758E+03   9.2207981E-15
  8.570991402954442E+03   8.9580536E-15
  8.575867573174170E+03   9.0608537E-15
  8.580743704914827E+03   9.5307300E-15
  8.585619798063315E+03   9.8907656E-15
  8.590495852506543E+03   9.8327066E-15
  8.595371868131428E+03   1.0000154E-14
  8.600247844824897E+03   1.0477779E-14
  8.605123782473884E+03   1.0854853E-14
  8.609999680965338E+03   1.0230788E-14
  8.614875540186207E+03   1.0847477E-14
  8.619751360023458E+03   1.1319145E-14
  8.624627140364060E+03   1.1093966E-14
  8.629502881094997E+03   1.0957270E-14
  8.634378582103260E+03   1.1494014E-14
  8.639254243275847E+03   1.0935568E-14
  8.644129864499766E+03   1.0030087E-14
  8.649005445662038E+03   1.0256741E-14
  8.653880986649690E+03   1.0388392E-14
  8.658756487349759E+03   1.0343331E-14
  8.663631947649290E+03   1.0486300E-14
  8.668507367435341E+03   1.0610701E-14
  8.673382746594976E+03   1.1110253E-14
  8.678258085015272E+03   1.1184143E-14
  8.683133382583306E+03   1.1566909E-14
  8.688008639186181E+03   1.2019584E-14
  8.692883854710994E+03   1.1428778E-14
  8.697759029044861E+03   1.1101062E-14
  8.702634162074901E+03   1.1433814E-14
  8.707509253688251E+03   1.0941756E-14
  8.712384303772047E+03   1.0706950E-14
  8.717259312213446E+03   1.1116272E-14
  8.722134278899603E+03   1.0522600E-14
  8.727009203717693E+03   1.0748362E-14
  8.731884086554894E+03   1.1142086E-14
  8.736758927298395E+03   1.1139379E-14
  8.741633725835401E+03   1.1983887E-14
  8.746508482053119E+03   1.1749242E-14
  8.751383195838765E+03   1.1237724E-14
  8.756257867079576E+03   1.1657780E-14
  8.761132495662783E+03   1.0072578E-14
  8.766007081475642E+03   1.0144234E-14
  8.770881624405409E+03   1.0945807E-14
  8.775756124339354E+03   1.0544109E-14
  8.780630581164754E+03   1.0404450E-14
  8.785504994768900E+03   1.0444453E-14
  8.790379365039093E+03   1.0852577E-14
  8.795253691862639E+03   1.0542293E-14
  8.800127975126859E+03   1.1022635E-14
  8.805002214719083E+03   1.1230084E-14
  8.809876410526651E+03   1.1385240E-14
  8.814750562436910E+03   1.0701594E-14
  8.819624670337224E+03   1.0321813E-14
  8.824498734114959E+03   9.9676889E-15
  8.829372753657497E+03   9.7210168E-15
  8.834246728852231E+03   9.8266842E-15
  8.839120659586561E+03   9.9774815E-15
  8.843994545747897E+03   1.0010910E-14
  8.848868387223662E+03   9.0532745E-15
  8.853742183901288E+03   9.8115892E-15
  8.858615935668216E+03   9.1785634E-15
  8.863489642411902E+03   9.4070598E-15
  8.868363304019806E+03   9.6581695E-15
  8.873236920379404E+03   9.8418198E-15
  8.878110491378180E+03   9.7381150E-15
  8.882984016903629E+03   9.3655145E-15
  8.887857496843257E+03   9.6485345E-15
  8.892730931084579E+03   8.6702250E-15
  8.897604319515121E+03   8.5852464E-15
  8.902477662022422E+03   8.8009256E-15
  8.907350958494031E+03   8.5582244E-15
  8.912224208817504E+03   8.8985978E-15
  8.917097412880412E+03   8.5500903E-15
  8.921970570570333E+03   8.8506041E-15
  8.926843681774861E+03   8.2189055E-15
  8.931716746381597E+03   7.3031511E-15
  8.936589764278149E+03   7.1457156E-15
  8.941462735352146E+03   7.4453527E-15
  8.946335659491220E+03   6.8435290E-15
  8.951208536583015E+03   7.1652203E-15
  8.956081366515189E+03   7.2471597E-15
  8.960954149175408E+03   7.4056904E-15
  8.965826884451348E+03   7.4864321E-15
  8.970699572230700E+03   6.7796458E-15
  8.975572212401165E+03   6.5885073E-15
  8.980444804850449E+03   7.0063381E-15
  8.985317349466281E+03   7.0940962E-15
  8.990189846136389E+03   7.3697042E-15
  8.995062294748517E+03   6.6983967E-15
  8.999934695190423E+03   7.2859851E-15
  9.004807047349872E+03   6.9827855E-15
  9.009679351114642E+03   6.3869766E-15
  9.014551606372521E+03   6.0596237E-15
  9.019423813011312E+03   6.0854235E-15
  9.024295970918824E+03   6.7069632E-15
  9.029168079982879E+03   6.8661613E-15
  9.034040140091311E+03   6.6938744E-15
  9.038912151131966E+03   6.4301706E-15
  9.043784112992706E+03   7.2835567E-15
  9.048656025561389E+03   7.8793029E-15
  9.053527888725903E+03   8.1568510E-15
  9.058399702374134E+03   7.8655657E-15
  9.063271466393986E+03   7.7061855E-15
  9.068143180673376E+03   5.7585628E-15
  9.073014845100224E+03   6.3786049E-15
  9.077886459562471E+03   6.8025686E-15
  9.082758023948063E+03   6.3851245E-15
  9.087629538144964E+03   6.3648978E-15
  9.092501002041139E+03   6.8757315E-15
  9.097372415524580E+03   6.6912426E-15
  9.102243778483276E+03   6.6581198E-15
  9.107115090805237E+03   6.4042099E-15
  9.111986352378481E+03   7.1756167E-15
  9.116857563091035E+03   7.2453936E-15
  9.121728722830943E+03   7.2094159E-15
  9.126599831486261E+03   8.1766716E-15
  9.131470888945054E+03   7.7577571E-15
  9.136341895095398E+03   7.6985275E-15
  9.141212849825384E+03   7.4185407E-15
  9.146083753023113E+03   6.8246232E-15
  9.150954604576697E+03   6.6735846E-15
  9.155825404374260E+03   6.3146120E-15
  9.160696152303943E+03   6.2859929E-15
  9.165566848253893E+03   6.2222816E-15
  9.170437492112271E+03   6.4566645E-15
  9.175308083767251E+03   6.6400429E-15
  9.180178623107018E+03   6.6783271E-15
  9.185049110019771E+03   7.2868305E-15
  9.189919544393717E+03   7.6926829E-15
  9.194789926117079E+03   8.1492955E-15
  9.199660255078090E+03   7.2563093E-15
  9.204530531164997E+03   7.1963834E-15
  9.209400754266058E+03   6.6586187E-15
  9.214270924269542E+03   5.9268140E-15
  9.219141041063735E+03   5.7636480E-15
  9.224011104536929E+03   5.9801602E-15
  9.228881114577434E+03   5.4622698E-15
  9.233751071073568E+03   6.3184291E-15
  9.238620973913665E+03   6.5161199E-15
  9.243490822986065E+03   6.6062209E-15
  9.248360618179133E+03   7.2228575E-15
  9.253230359381230E+03   7.4939792E-15
  9.258100046480744E+03   7.8349887E-15
  9.262969679366068E+03   7.7231312E-15
  9.267839257925605E+03   7.4465097E-15
  9.272708782047781E+03   6.9485653E-15
  9.277578251621022E+03   6.8664019E-15
  9.282447666533777E+03   6.0763060E-15
  9.287317026674500E+03   5.7458853E-15
  9.292186331931662E+03   5.2796029E-15
  9.297055582193749E+03   5.4640384E-15
  9.301924777349252E+03   5.6026202E-15
  9.306793917286681E+03   5.3200471E-15
  9.311663001894556E+03   5.6887385E-15
  9.316532031061412E+03   5.5290969E-15
  9.321401004675794E+03   5.7802926E-15
  9.326269922626261E+03   6.1414789E-15
  9.331138784801384E+03   6.4076632E-15
  9.336007591089752E+03   6.4655579E-15
  9.340876341379959E+03   7.2374197E-15
  9.345745035560618E+03   6.9014838E-15
  9.350613673520349E+03   7.0380620E-15
  9.355482255147796E+03   7.3826265E-15
  9.360350780331601E+03   7.4263664E-15
  9.365219248960429E+03   7.1220978E-15
  9.370087660922958E+03   6.3961414E-15
  9.374956016107875E+03   5.5247593E-15
  9.379824314403881E+03   5.1407975E-15
  9.384692555699694E+03   4.3675678E-15
  9.389560739884038E+03   4.9494007E-15
  9.394428866845657E+03   5.5582785E-15
  9.399296936473307E+03   5.7031690E-15
  9.404164948655754E+03   6.0357035E-15
  9.409032903281775E+03   6.6458819E-15
  9.413900800240172E+03   6.9490613E-15
  9.418768639419746E+03   6.6259034E-15
  9.423636420709325E+03   7.1291875E-15
  9.428504143997734E+03   6.1920484E-15
  9.433371809173830E+03   5.7380040E-15
  9.438239416126466E+03   5.0931943E-15
  9.443106964744520E+03   4.6679562E-15
  9.447974454916879E+03   4.5591802E-15
  9.452841886532446E+03   4.6328031E-15
  9.457709259480136E+03   4.7356240E-15
  9.462576573648874E+03   5.0241404E-15
  9.467443828927606E+03   4.4381198E-15
  9.472311025205283E+03   5.0602561E-15
  9.477178162370878E+03   5.1319753E-15
  9.482045240313371E+03   4.9775701E-15
  9.486912258921760E+03   5.4882534E-15
  9.491779218085054E+03   5.6725525E-15
  9.496646117692277E+03   5.6750962E-15
  9.501512957632463E+03   5.9373634E-15
  9.506379737794672E+03   6.0920554E-15
  9.511246458067957E+03   6.4394837E-15
  9.516113118341407E+03   5.9699035E-15
  9.520979718504110E+03   5.7739890E-15
  9.525846258445170E+03   5.9275056E-15
  9.530712738053711E+03   5.7028704E-15
  9.535579157218865E+03   5.0688201E-15
  9.540445515829781E+03   4.6855161E-15
  9.545311813775619E+03   4.8418271E-15
  9.550178050945557E+03   3.7893624E-15
  9.555044227228784E+03   3.7663180E-15
  9.559910342514502E+03   3.3957968E-15
  9.564776396691934E+03   3.6357542E-15
  9.569642389650306E+03   3.9192363E-15
  9.574508321278865E+03   3.9697626E-15
  9.579374191466875E+03   3.9308118E-15
  9.584240000103608E+03   3.7363271E-15
  9.589105747078351E+03   3.8685214E-15
  9.593971432280407E+03   4.4754693E-15
  9.598837055599093E+03   4.6937649E-15
  9.603702616923742E+03   4.7402098E-15
  9.608568116143695E+03   5.2390966E-15
  9.613433553148316E+03   5.4573460E-15
  9.618298927826976E+03   5.4087759E-15
  9.623164240069063E+03   4.7693084E-15
  9.628029489763983E+03   4.7005238E-15
  9.632894676801148E+03   4.4122141E-15
  9.637759801069991E+03   4.8736086E-15
  9.642624862459958E+03   4.5670979E-15
  9.647489860860511E+03   3.7347076E-15
  9.652354796161120E+03   3.8410344E-15
  9.657219668251279E+03   3.7557966E-15
  9.662084477020488E+03   3.3257938E-15
  9.666949222358267E+03   3.2639311E-15
  9.671813904154149E+03   3.6015608E-15
  9.676678522297678E+03   3.4788992E-15
  9.681543076678419E+03   3.6404540E-15
  9.686407567185948E+03   3.8630005E-15
  9.691271993709859E+03   3.8107288E-15
  9.696136356139750E+03   4.3967862E-15
  9.701000654365249E+03   4.1586141E-15
  9.705864888275990E+03   5.2317579E-15
  9.710729057761620E+03   4.7164086E-15
  9.715593162711806E+03   4.2575984E-15
  9.720457203016227E+03   3.7914724E-15
  9.725321178564578E+03   3.0963014E-15
  9.730185089246568E+03   3.5416247E-15
  9.735048934951923E+03   3.3491712E-15
  9.739912715570379E+03   3.8509159E-15
  9.744776430991693E+03   3.1866866E-15
  9.749640081105632E+03   3.6924144E-15
  9.754503665801982E+03   3.8687099E-15
  9.759367184970539E+03   3.7225772E-15
  9.764230638501120E+03   4.0467880E-15
  9.769094026283554E+03   4.2807512E-15
  9.773957348207681E+03   3.8636154E-15
  9.778820604163366E+03   4.1472203E-15
  9.783683794040480E+03   4.1073182E-15
  9.788546917728914E+03   4.3743238E-15
  9.793409975118571E+03   4.4960433E-15
  9.798272966099374E+03   5.3876098E-15
  9.803135890561252E+03   4.6937196E-15
  9.807998748394162E+03   4.5544606E-15
  9.812861539488067E+03   4.0447568E-15
  9.817724263732947E+03   3.3927651E-15
  9.822586921018799E+03   3.6915534E-15
  9.827449511235634E+03   3.3270654E-15
  9.832312034273482E+03   3.4935694E-15
  9.837174490022380E+03   3.5924662E-15
  9.842036878372390E+03   3.4883311E-15
  9.846899199213582E+03   6.3195705E-14
  9.851761452436049E+03   3.2148278E-15
  9.856623637929890E+03   4.1854536E-15
  9.861485755585229E+03   4.5897353E-15
  9.866347805292196E+03   4.6622459E-15
  9.871209786940946E+03   5.0029052E-15
  9.876071700421644E+03   5.0433600E-15
  9.880933545624470E+03   3.5854371E-15
  9.885795322439624E+03   4.4222641E-15
  9.890657030757320E+03   4.2687886E-15
  9.895518670467784E+03   3.0488449E-15
  9.900380241461260E+03   2.6065487E-15
  9.905241743628010E+03   3.2119983E-15
  9.910103176858311E+03   3.1027041E-15
  9.914964541042455E+03   2.9056656E-15
  9.919825836070742E+03   3.2087266E-15
  9.924687061833507E+03   4.1908564E-15
  9.929548218221080E+03   3.7765049E-15
  9.934409305123820E+03   4.4813616E-15
  9.939270322432096E+03   4.3836339E-15
  9.944131270036296E+03   4.3607336E-15
  9.948992147826824E+03   4.7578743E-15
  9.953852955694096E+03   3.7677423E-15
  9.958713693528547E+03   4.5376872E-15
  9.963574361220632E+03   3.9874779E-15
  9.968434958660811E+03   3.1041970E-15
  9.973295485739571E+03   4.1544823E-15
  9.978155942347408E+03   3.3688002E-15
  9.983016328374839E+03   3.1827608E-15
  9.987876643712396E+03   3.4573344E-15
  9.992736888250625E+03   3.1980000E-15
  9.997597061880089E+03   3.9342144E-15
  1.000245716449137E+04   4.0883261E-15
  1.000731719597506E+04   3.9335846E-15
  1.001217715622177E+04   4.3038883E-15
  1.001703704512213E+04   3.2419822E-15
  1.002189686256679E+04   2.8077711E-15
  1.002675660844640E+04   4.0133501E-15
  1.003161628265164E+04   3.3525964E-15
  1.003647588507322E+04   3.3213356E-15
  1.004133541560183E+04   3.0851898E-15
  1.004619487412820E+04   3.0851322E-15
  1.005105426054308E+04   3.6509123E-15
  1.005591357473722E+04   3.6471752E-15
  1.006077281660140E+04   2.8936431E-15
  1.006563198602642E+04   5.5135204E-15
  1.007049108290308E+04   4.0375807E-15
  1.007535010712220E+04   3.7897313E-15
  1.008020905857463E+04   4.2372222E-15
  1.008506793715123E+04   4.3486917E-15
  1.008992674274287E+04   5.5697426E-15
  1.009478547524045E+04   4.7271096E-15
  1.009964413453486E+04   3.5301993E-15
  1.010450272051704E+04   3.8005703E-15
  1.010936123307794E+04   3.0464175E-15
  1.011421967210849E+04   4.6434956E-15
  1.011907803749969E+04   4.2027102E-15
  1.012393632914253E+04   2.7067380E-15
  1.012879454692800E+04   3.2129459E-15
  1.013365269074715E+04   3.7155308E-15
  1.013851076049100E+04   4.0223350E-15
  1.014336875605063E+04   4.1188231E-15
  1.014822667731710E+04   3.3082720E-15
  1.015308452418151E+04   3.0773194E-15
  1.015794229653497E+04   3.2099895E-15
  1.016279999426860E+04   3.7247850E-15
  1.016765761727356E+04   3.3474829E-15
  1.017251516544099E+04   3.7755634E-15
  1.017737263866209E+04   3.5994597E-15
  1.018223003682804E+04   2.4810618E-15
  1.018708735983006E+04   3.2575686E-15
  1.019194460755937E+04   4.0113371E-15
  1.019680177990723E+04   4.3598200E-15
  1.020165887676489E+04   3.1603252E-15
  1.020651589802363E+04   5.1763573E-15
  1.021137284357477E+04   6.5074805E-15
  1.021622971330960E+04   4.4470280E-15
  1.022108650711946E+04   5.5218345E-15
  1.022594322489571E+04   5.0638696E-15
  1.023079986652970E+04   5.9545451E-15
