

  2.887247577229440E+03  -1.2474914E-13
  2.889992242137667E+03   1.4724067E-14
  2.892736929689588E+03  -7.5901733E-15
  2.895481639821613E+03  -9.4355244E-15
  2.898226372470148E+03  -2.2474617E-14
  2.900971127571592E+03  -9.1008888E-15
  2.903715905062340E+03  -2.4158069E-14
  2.906460704878782E+03   3.2688208E-15
  2.909205526957302E+03   1.3597112E-14
  2.911950371234278E+03  -2.0376343E-15
  2.914695237646087E+03  -1.8517240E-14
  2.917440126129094E+03   1.0796284E-14
  2.920185036619665E+03   7.2721980E-15
  2.922929969054158E+03  -1.0053464E-14
  2.925674923368926E+03  -4.3415495E-15
  2.928419899500318E+03   2.3598677E-14
  2.931164897384677E+03   1.3186978E-14
  2.933909916958341E+03   9.3733974E-14
  2.936654958157643E+03   1.4824532E-14
  2.939400020918912E+03   1.1709883E-14
  2.942145105178470E+03   2.8907799E-15
  2.944890210872635E+03   3.8860550E-15
  2.947635337937722E+03   1.4404395E-15
  2.950380486310036E+03   7.7045643E-15
  2.953125655925883E+03   9.4610150E-16
  2.955870846721560E+03   2.2044172E-15
  2.958616058633359E+03   1.4370666E-15
  2.961361291597571E+03   6.1833998E-15
  2.964106545550477E+03   3.7236178E-15
  2.966851820428357E+03   4.4211647E-15
  2.969597116167484E+03   3.3184693E-15
  2.972342432704128E+03   4.5046157E-15
  2.975087769974551E+03   3.0783591E-15
  2.977833127915012E+03   3.1734147E-15
  2.980578506461768E+03   5.0173611E-15
  2.983323905551067E+03   4.2942173E-15
  2.986069325119153E+03   4.3270547E-15
  2.988814765102266E+03   4.8233715E-15
  2.991560225436643E+03   4.7241975E-15
  2.994305706058512E+03   2.4757068E-15
  2.997051206904101E+03   2.2956259E-15
  2.999796727909629E+03   5.6651465E-15
  3.002542269011314E+03   2.8443388E-15
  3.005287830145367E+03   4.7473427E-15
  3.008033411247994E+03   3.3973382E-15
  3.010779012255398E+03   4.2687127E-15
  3.013524633103777E+03   3.6278349E-15
  3.016270273729323E+03   3.3653301E-15
  3.019015934068227E+03   2.5857021E-15
  3.021761614056669E+03   4.3418350E-15
  3.024507313630831E+03   3.0424229E-15
  3.027253032726886E+03   3.9356365E-15
  3.029998771281007E+03   3.2920700E-15
  3.032744529229356E+03   3.7686300E-15
  3.035490306508095E+03   2.8791499E-15
  3.038236103053383E+03   2.3175050E-15
  3.040981918801368E+03   3.7018232E-15
  3.043727753688201E+03   3.2792220E-15
  3.046473607650023E+03   4.1586531E-15
  3.049219480622975E+03   4.4595378E-15
  3.051965372543188E+03   3.2172736E-15
  3.054711283346795E+03   3.4164072E-15
  3.057457212969919E+03   3.2872034E-15
  3.060203161348682E+03   3.6244553E-15
  3.062949128419200E+03   4.3675183E-15
  3.065695114117586E+03   4.9247897E-15
  3.068441118379948E+03   3.9355870E-15
  3.071187141142389E+03   4.5845366E-15
  3.073933182341008E+03   4.3024327E-15
  3.076679241911901E+03   3.1298479E-15
  3.079425319791158E+03   4.5019107E-15
  3.082171415914866E+03   4.8053577E-15
  3.084917530219107E+03   3.9834422E-15
  3.087663662639958E+03   4.0317019E-15
  3.090409813113493E+03   4.4277470E-15
  3.093155981575781E+03   4.3063485E-15
  3.095902167962890E+03   2.5332737E-15
  3.098648372210877E+03   3.6460880E-15
  3.101394594255802E+03   4.6545612E-15
  3.104140834033717E+03   3.8285046E-15
  3.106887091480669E+03   2.2873460E-15
  3.109633366532705E+03   4.6848262E-15
  3.112379659125863E+03   3.9363116E-15
  3.115125969196181E+03   3.3252273E-15
  3.117872296679690E+03   3.8672242E-15
  3.120618641512420E+03   3.9511101E-15
  3.123365003630393E+03   3.3922719E-15
  3.126111382969630E+03   3.3515368E-15
  3.128857779466146E+03   3.3051283E-15
  3.131604193055955E+03   5.4211477E-15
  3.134350623675063E+03   4.6110204E-15
  3.137097071259475E+03   1.6638026E-15
  3.139843535745191E+03   3.3754576E-15
  3.142590017068208E+03   4.3372250E-15
  3.145336515164516E+03   2.4272557E-15
  3.148083029970105E+03   4.0137537E-15
  3.150829561420958E+03   3.7144546E-15
  3.153576109453057E+03   4.5582049E-15
  3.156322674002378E+03   3.4255033E-15
  3.159069255004894E+03   3.6693226E-15
  3.161815852396574E+03   6.2805968E-15
  3.164562466113382E+03   2.9557234E-15
  3.167309096091280E+03   3.2948093E-15
  3.170055742266226E+03   5.3712303E-15
  3.172802404574172E+03   5.4712530E-15
  3.175549082951070E+03   4.5830365E-15
  3.178295777332864E+03   4.5148681E-15
  3.181042487655499E+03   4.5995253E-15
  3.183789213854911E+03   5.0876865E-15
  3.186535955867037E+03   5.7374162E-15
  3.189282713627807E+03   4.1576155E-15
  3.192029487073149E+03   5.5508462E-15
  3.194776276138987E+03   4.8004161E-15
  3.197523080761242E+03   4.3310035E-15
  3.200269900875829E+03   5.3375201E-15
  3.203016736418662E+03   5.7937545E-15
  3.205763587325650E+03   6.1819158E-15
  3.208510453532700E+03   4.7662472E-15
  3.211257334975712E+03   4.8163119E-15
  3.214004231590587E+03   5.4344101E-15
  3.216751143313219E+03   4.5449742E-15
  3.219498070079500E+03   4.6290046E-15
  3.222245011825318E+03   4.5220349E-15
  3.224991968486556E+03   6.1770153E-15
  3.227738939999098E+03   4.4906646E-15
  3.230485926298819E+03   4.0138452E-15
  3.233232927321596E+03   4.4983281E-15
  3.235979943003296E+03   4.7363685E-15
  3.238726973279789E+03   3.2760939E-15
  3.241474018086938E+03   5.2496324E-15
  3.244221077360604E+03   3.1853824E-15
  3.246968151036643E+03   4.0980733E-15
  3.249715239050910E+03   4.1871689E-15
  3.252462341339254E+03   3.8130493E-15
  3.255209457837523E+03   4.5984275E-15
  3.257956588481561E+03   3.3857226E-15
  3.260703733207207E+03   3.4020344E-15
  3.263450891950300E+03   3.7777881E-15
  3.266198064646672E+03   5.2552698E-15
  3.268945251232155E+03   3.7186758E-15
  3.271692451642575E+03   5.4712662E-15
  3.274439665813757E+03   4.3566166E-15
  3.277186893681522E+03   4.5050307E-15
  3.279934135181687E+03   3.7387882E-15
  3.282681390250066E+03   4.6173422E-15
  3.285428658822471E+03   4.5796441E-15
  3.288175940834710E+03   4.9094855E-15
  3.290923236222588E+03   4.4536006E-15
  3.293670544921908E+03   4.6047468E-15
  3.296417866868466E+03   4.6608962E-15
  3.299165201998061E+03   4.7045417E-15
  3.301912550246482E+03   5.3086240E-15
  3.304659911549521E+03   4.0253996E-15
  3.307407285842964E+03   4.6757959E-15
  3.310154673062593E+03   3.8660545E-15
  3.312902073144190E+03   6.1188991E-15
  3.315649486023532E+03   4.0842213E-15
  3.318396911636392E+03   5.0897498E-15
  3.321144349918544E+03   4.1158068E-15
  3.323891800805754E+03   5.6778850E-15
  3.326639264233787E+03   5.9859336E-15
  3.329386740138409E+03   4.6456331E-15
  3.332134228455376E+03   6.6201258E-15
  3.334881729120446E+03   5.4413600E-15
  3.337629242069374E+03   4.7798145E-15
  3.340376767237908E+03   5.3756827E-15
  3.343124304561799E+03   5.3874773E-15
  3.345871853976791E+03   6.1660737E-15
  3.348619415418625E+03   1.8939811E-14
  3.351366988823043E+03   5.8351075E-15
  3.354114574125781E+03   4.8770450E-15
  3.356862171262572E+03   4.7371160E-15
  3.359609780169148E+03   6.2731972E-15
  3.362357400781238E+03   6.4485122E-15
  3.365105033034566E+03   5.1456142E-15
  3.367852676864856E+03   5.0207111E-15
  3.370600332207829E+03   6.2509608E-15
  3.373347998999201E+03   4.7256540E-15
  3.376095677174688E+03   5.6579078E-15
  3.378843366670003E+03   6.0951432E-15
  3.381591067420854E+03   6.2388195E-15
  3.384338779362947E+03   6.1996988E-15
  3.387086502431989E+03   6.0224364E-15
  3.389834236563680E+03   3.4479272E-14
  3.392581981693720E+03   6.5437336E-15
  3.395329737757805E+03   6.2974668E-15
  3.398077504691628E+03   5.8566810E-15
  3.400825282430882E+03   5.5550886E-15
  3.403573070911256E+03   7.2702930E-15
  3.406320870068436E+03   6.6159778E-15
  3.409068679838105E+03   6.8169258E-15
  3.411816500155946E+03   6.7847627E-15
  3.414564330957636E+03   7.9780873E-15
  3.417312172178853E+03   6.6207212E-15
  3.420060023755269E+03   6.5708467E-15
  3.422807885622559E+03   7.3954142E-15
  3.425555757716390E+03   7.4554900E-15
  3.428303639972427E+03   8.1597462E-15
  3.431051532326338E+03   7.3001848E-15
  3.433799434713784E+03   8.0957249E-15
  3.436547347070424E+03   8.3933554E-15
  3.439295269331914E+03   7.7825336E-15
  3.442043201433912E+03   7.9973615E-15
  3.444791143312069E+03   7.6988341E-15
  3.447539094902036E+03   7.8654971E-15
  3.450287056139461E+03   7.8437826E-15
  3.453035026959989E+03   7.9247361E-15
  3.455783007299265E+03   7.8296609E-15
  3.458530997092930E+03   7.9711027E-15
  3.461278996276622E+03   7.6851020E-15
  3.464027004785980E+03   8.2153023E-15
  3.466775022556638E+03   8.1590915E-15
  3.469523049524228E+03   7.5825204E-15
  3.472271085624382E+03   8.3804381E-15
  3.475019130792726E+03   9.1044361E-15
  3.477767184964889E+03   8.1456016E-15
  3.480515248076493E+03   7.3094717E-15
  3.483263320063161E+03   6.9406278E-15
  3.486011400860512E+03   8.2344088E-15
  3.488759490404165E+03   8.2478512E-15
  3.491507588629736E+03   8.1850818E-15
  3.494255695472837E+03   8.0953488E-15
  3.497003810869082E+03   7.8150860E-15
  3.499751934754080E+03   8.0000424E-15
  3.502500067063438E+03   7.5700563E-15
  3.505248207732762E+03   8.1418476E-15
  3.507996356697656E+03   8.6608933E-15
  3.510744513893722E+03   9.1418301E-15
  3.513492679256561E+03   9.1692096E-15
  3.516240852721769E+03   8.8978998E-15
  3.518989034224943E+03   9.2205830E-15
  3.521737223701678E+03   9.9565818E-15
  3.524485421087566E+03   1.0086160E-14
  3.527233626318197E+03   1.0021714E-14
  3.529981839329160E+03   8.6004846E-15
  3.532730060056042E+03   1.1041709E-14
  3.535478288434429E+03   1.0998459E-14
  3.538226524399902E+03   9.9765616E-15
  3.540974767888044E+03   1.0457708E-14
  3.543723018834435E+03   1.0237831E-14
  3.546471277174652E+03   1.1485053E-14
  3.549219542844272E+03   1.0047745E-14
  3.551967815778869E+03   9.4100219E-15
  3.554716095914016E+03   1.0757560E-14
  3.557464383185285E+03   1.0464868E-14
  3.560212677528244E+03   1.1088865E-14
  3.562960978878461E+03   1.1755984E-14
  3.565709287171504E+03   1.1308161E-14
  3.568457602342935E+03   1.1975488E-14
  3.571205924328318E+03   1.0816732E-14
  3.573954253063215E+03   1.1147915E-14
  3.576702588483185E+03   1.0589471E-14
  3.579450930523786E+03   1.0253598E-14
  3.582199279120575E+03   1.1814786E-14
  3.584947634209107E+03   1.1493142E-14
  3.587695995724935E+03   1.1845379E-14
  3.590444363603613E+03   1.1348254E-14
  3.593192737780689E+03   1.1632942E-14
  3.595941118191713E+03   1.1289906E-14
  3.598689504772233E+03   1.0381908E-14
  3.601437897457795E+03   1.0966784E-14
  3.604186296183944E+03   1.1236781E-14
  3.606934700886222E+03   1.2568846E-14
  3.609683111500173E+03   1.2371490E-14
  3.612431527961337E+03   1.1496756E-14
  3.615179950205251E+03   1.1435049E-14
  3.617928378167455E+03   1.0792231E-14
  3.620676811783486E+03   1.0852079E-14
  3.623425250988877E+03   1.1252784E-14
  3.626173695719162E+03   1.1098645E-14
  3.628922145909875E+03   1.0918091E-14
  3.631670601496547E+03   1.1460612E-14
  3.634419062414708E+03   1.0750541E-14
  3.637167528599885E+03   1.1582298E-14
  3.639915999987607E+03   1.0872119E-14
  3.642664476513401E+03   1.0671540E-14
  3.645412958112790E+03   1.1175684E-14
  3.648161444721300E+03   1.0631792E-14
  3.650909936274452E+03   1.1926707E-14
  3.653658432707768E+03   1.1224829E-14
  3.656406933956769E+03   1.2566738E-14
  3.659155439956973E+03   1.2183560E-14
  3.661903950643900E+03   1.3312835E-14
  3.664652465953066E+03   1.3549919E-14
  3.667400985819987E+03   1.5155635E-14
  3.670149510180177E+03   1.4938737E-14
  3.672898038969152E+03   1.6409478E-14
  3.675646572122423E+03   1.7907821E-14
  3.678395109575502E+03   1.8411201E-14
  3.681143651263900E+03   1.9296059E-14
  3.683892197123128E+03   1.9140615E-14
  3.686640747088692E+03   2.0125974E-14
  3.689389301096102E+03   2.1068266E-14
  3.692137859080865E+03   2.1563063E-14
  3.694886420978486E+03   2.3216412E-14
  3.697634986724470E+03   2.3982467E-14
  3.700383556254321E+03   2.2764856E-14
  3.703132129503544E+03   2.3444896E-14
  3.705880706407639E+03   2.5781184E-14
  3.708629286902109E+03   2.4417785E-14
  3.711377870922454E+03   2.4779849E-14
  3.714126458404174E+03   2.4132226E-14
  3.716875049282768E+03   2.4417891E-14
  3.719623643493735E+03   2.2773751E-14
  3.722372240972572E+03   2.2377494E-14
  3.725120841654774E+03   2.2933810E-14
  3.727869445475840E+03   2.2314700E-14
  3.730618052371263E+03   2.1302619E-14
  3.733366662276537E+03   1.9638943E-14
  3.736115275127158E+03   1.9383743E-14
  3.738863890858617E+03   1.9623117E-14
  3.741612509406408E+03   1.8680331E-14
  3.744361130706021E+03   1.7994185E-14
  3.747109754692949E+03   1.7677635E-14
  3.749858381302682E+03   1.7147137E-14
  3.752607010470708E+03   1.7065259E-14
  3.755355642132518E+03   1.7825487E-14
  3.758104276223601E+03   1.7957815E-14
  3.760852912679444E+03   1.6489932E-14
  3.763601551435535E+03   1.6025867E-14
  3.766350192427360E+03   1.7036506E-14
  3.769098835590407E+03   1.6565334E-14
  3.771847480860161E+03   1.5668891E-14
  3.774596128172108E+03   1.4985922E-14
  3.777344777461733E+03   1.4102657E-14
  3.780093428664520E+03   1.4225022E-14
  3.782842081715954E+03   1.4152657E-14
  3.785590736551517E+03   1.2369200E-14
  3.788339393106693E+03   1.3187893E-14
  3.791088051316966E+03   1.2293564E-14
  3.793836711117816E+03   1.2199672E-14
  3.796585372444728E+03   1.1998538E-14
  3.799334035233181E+03   1.1680164E-14
  3.802082699418659E+03   1.1722777E-14
  3.804831364936640E+03   1.1739080E-14
  3.807580031722607E+03   1.0820455E-14
  3.810328699712039E+03   1.1627420E-14
  3.813077368840417E+03   1.0664674E-14
  3.815826039043221E+03   1.1828510E-14
  3.818574710255930E+03   1.0211767E-14
  3.821323382414024E+03   1.1015578E-14
  3.824072055452982E+03   1.1331835E-14
  3.826820729308281E+03   1.1803659E-14
  3.829569403915403E+03   1.1753573E-14
  3.832318079209825E+03   1.1569622E-14
  3.835066755127025E+03   1.2138595E-14
  3.837815431602482E+03   1.0890922E-14
  3.840564108571674E+03   1.2087739E-14
  3.843312785970078E+03   1.2882411E-14
  3.846061463733174E+03   1.3282573E-14
  3.848810141796438E+03   1.4162033E-14
  3.851558820095348E+03   1.3703633E-14
  3.854307498565383E+03   1.4719483E-14
  3.857056177142019E+03   1.5405019E-14
  3.859804855760735E+03   1.6244716E-14
  3.862553534357008E+03   1.6233065E-14
  3.865302212866316E+03   1.6950852E-14
  3.868050891224135E+03   1.8690639E-14
  3.870799569365945E+03   1.9502525E-14
  3.873548247227222E+03   1.9356832E-14
  3.876296924743446E+03   2.0897712E-14
  3.879045601850092E+03   2.1088554E-14
  3.881794278482641E+03   2.1726861E-14
  3.884542954576569E+03   2.2361926E-14
  3.887291630067354E+03   2.2629065E-14
  3.890040304890476E+03   2.2687984E-14
  3.892788978981413E+03   2.2627574E-14
  3.895537652275642E+03   2.4460131E-14
  3.898286324708645E+03   2.5109030E-14
  3.901034996215898E+03   2.6210809E-14
  3.903783666732882E+03   2.6825213E-14
  3.906532336195077E+03   2.4924385E-14
  3.909281004537962E+03   2.7369318E-14
  3.912029671697016E+03   2.7248474E-14
  3.914778337607721E+03   2.7295469E-14
  3.917527002205557E+03   2.6943154E-14
  3.920275665426004E+03   2.7688343E-14
  3.923024327204545E+03   2.9096842E-14
  3.925772987476661E+03   2.8739987E-14
  3.928521646177833E+03   2.9233455E-14
  3.931270303243544E+03   2.9772483E-14
  3.934018958609277E+03   3.0555114E-14
  3.936767612210514E+03   2.9593020E-14
  3.939516263982741E+03   3.1178683E-14
  3.942264913861439E+03   3.0712642E-14
  3.945013561782093E+03   3.0598611E-14
  3.947762207680190E+03   3.0665195E-14
  3.950510851491213E+03   3.1024364E-14
  3.953259493150648E+03   3.1971496E-14
  3.956008132593982E+03   3.2261574E-14
  3.958756769756702E+03   3.1280540E-14
  3.961505404574295E+03   3.1998909E-14
  3.964254036982250E+03   3.2835696E-14
  3.967002666916053E+03   3.2760290E-14
  3.969751294311195E+03   3.3786084E-14
  3.972499919103165E+03   3.3697851E-14
  3.975248541227453E+03   3.4754145E-14
  3.977997160619551E+03   3.4940258E-14
  3.980745777214950E+03   3.5095401E-14
  3.983494390949142E+03   3.4328063E-14
  3.986243001757619E+03   3.4862135E-14
  3.988991609575877E+03   3.3727327E-14
  3.991740214339407E+03   3.4523603E-14
  3.994488815983707E+03   3.2693476E-14
  3.997237414444271E+03   3.2347738E-14
  3.999986009656596E+03   3.1613729E-14
  4.002734601556178E+03   3.1418458E-14
  4.005483190078518E+03   3.0604429E-14
  4.008231775159111E+03   2.9655335E-14
  4.010980356733459E+03   3.0493027E-14
  4.013728934737062E+03   2.9385565E-14
  4.016477509105421E+03   2.9401442E-14
  4.019226079774038E+03   2.9036025E-14
  4.021974646678416E+03   2.8807919E-14
  4.024723209754060E+03   2.6913762E-14
  4.027471768936473E+03   2.6919498E-14
  4.030220324161161E+03   2.6656930E-14
  4.032968875363631E+03   2.5315228E-14
  4.035717422479391E+03   2.4654019E-14
  4.038465965443949E+03   2.5354939E-14
  4.041214504192815E+03   2.3800088E-14
  4.043963038661498E+03   2.3611721E-14
  4.046711568785511E+03   2.4247992E-14
  4.049460094500366E+03   2.3908891E-14
  4.052208615741576E+03   2.3702406E-14
  4.054957132444657E+03   2.3856551E-14
  4.057705644545122E+03   2.4243857E-14
  4.060454151978491E+03   2.3831013E-14
  4.063202654680279E+03   2.3823725E-14
  4.065951152586007E+03   2.3531912E-14
  4.068699645631194E+03   2.4279618E-14
  4.071448133751361E+03   2.5191343E-14
  4.074196616882030E+03   2.5165967E-14
  4.076945094958727E+03   2.6360514E-14
  4.079693567916973E+03   2.6272628E-14
  4.082442035692296E+03   2.5935356E-14
  4.085190498220224E+03   2.6641097E-14
  4.087938955436284E+03   2.5472890E-14
  4.090687407276006E+03   2.4447849E-14
  4.093435853674920E+03   2.4293640E-14
  4.096184294568559E+03   2.4285100E-14
  4.098932729892456E+03   2.4262825E-14
  4.101681159582146E+03   2.4398906E-14
  4.104429583573166E+03   2.4418085E-14
  4.107178001801051E+03   2.4026735E-14
  4.109926414201343E+03   2.3447502E-14
  4.112674820709579E+03   2.3010251E-14
  4.115423221261301E+03   2.2874770E-14
  4.118171615792054E+03   2.3573059E-14
  4.120920004237380E+03   2.2916387E-14
  4.123668386532826E+03   2.2061676E-14
  4.126416762613939E+03   2.1988416E-14
  4.129165132416268E+03   2.1675807E-14
  4.131913495875361E+03   2.1361432E-14
  4.134661852926773E+03   2.1285628E-14
  4.137410203506054E+03   2.1515643E-14
  4.140158547548760E+03   2.0661473E-14
  4.142906884990447E+03   2.1752794E-14
  4.145655215766674E+03   1.9669354E-14
  4.148403539812997E+03   1.9902460E-14
  4.151151857064981E+03   2.0219390E-14
  4.153900167458183E+03   1.9809370E-14
  4.156648470928173E+03   1.8777670E-14
  4.159396767410512E+03   1.8994377E-14
  4.162145056840771E+03   1.9655149E-14
  4.164893339154516E+03   1.9049356E-14
  4.167641614287319E+03   1.8590196E-14
  4.170389882174752E+03   1.9817422E-14
  4.173138142752389E+03   1.9214180E-14
  4.175886395955807E+03   2.0019514E-14
  4.178634641720580E+03   1.9266783E-14
  4.181382879982292E+03   2.0003374E-14
  4.184131110676520E+03   2.0204094E-14
  4.186879333738849E+03   2.1553238E-14
  4.189627549104861E+03   1.9977479E-14
  4.192375756710145E+03   2.1809621E-14
  4.195123956490288E+03   2.3409724E-14
  4.197872148380879E+03   2.2748483E-14
  4.200620332317512E+03   2.1891619E-14
  4.203368508235780E+03   2.2353142E-14
  4.206116676071278E+03   2.2906903E-14
  4.208864835759604E+03   2.2780177E-14
  4.211612987236356E+03   2.3092680E-14
  4.214361130437137E+03   2.3527002E-14
  4.217109265297549E+03   2.2932126E-14
  4.219857391753198E+03   2.3747179E-14
  4.222605509739691E+03   2.4048993E-14
  4.225353619192637E+03   2.4375225E-14
  4.228101720047647E+03   2.3708107E-14
  4.230849812240335E+03   2.4274323E-14
  4.233597895706315E+03   2.3957307E-14
  4.236345970381206E+03   2.3310719E-14
  4.239094036200625E+03   2.3583938E-14
  4.241842093100196E+03   2.3622095E-14
  4.244590141015539E+03   2.3066623E-14
  4.247338179882283E+03   2.3039305E-14
  4.250086209636054E+03   2.2632451E-14
  4.252834230212482E+03   2.3457509E-14
  4.255582241547199E+03   2.2837457E-14
  4.258330243575840E+03   2.2619085E-14
  4.261078236234041E+03   2.2201342E-14
  4.263826219457439E+03   2.2912790E-14
  4.266574193181676E+03   2.2604372E-14
  4.269322157342396E+03   2.3327509E-14
  4.272070111875242E+03   2.3268868E-14
  4.274818056715863E+03   2.2280632E-14
  4.277565991799909E+03   2.1663610E-14
  4.280313917063031E+03   2.3698530E-14
  4.283061832440883E+03   2.3980092E-14
  4.285809737869124E+03   2.3061953E-14
  4.288557633283409E+03   2.2987268E-14
  4.291305518619403E+03   2.3160917E-14
  4.294053393812769E+03   2.4489576E-14
  4.296801258799172E+03   2.3430575E-14
  4.299549113514279E+03   2.4004309E-14
  4.302296957893765E+03   2.4955425E-14
  4.305044791873300E+03   2.5146836E-14
  4.307792615388561E+03   2.5920364E-14
  4.310540428375226E+03   2.6612611E-14
  4.313288230768975E+03   2.6214934E-14
  4.316036022505493E+03   2.7085422E-14
  4.318783803520463E+03   2.6293802E-14
  4.321531573749575E+03   2.6042961E-14
  4.324279333128518E+03   2.6294837E-14
  4.327027081592987E+03   2.6586221E-14
  4.329774819078677E+03   2.5913863E-14
  4.332522545521287E+03   2.6468790E-14
  4.335270260856517E+03   2.5952380E-14
  4.338017965020070E+03   2.5683869E-14
  4.340765657947653E+03   2.5368615E-14
  4.343513339574975E+03   2.4798418E-14
  4.346261009837748E+03   2.4496262E-14
  4.349008668671684E+03   2.4042835E-14
  4.351756316012502E+03   2.3169253E-14
  4.354503951795919E+03   2.3453948E-14
  4.357251575957659E+03   2.3406585E-14
  4.359999188433448E+03   2.2072178E-14
  4.362746789159009E+03   2.2159056E-14
  4.365494378070078E+03   2.1449065E-14
  4.368241955102384E+03   2.0429293E-14
  4.370989520191664E+03   2.0365599E-14
  4.373737073273658E+03   1.9906594E-14
  4.376484614284106E+03   1.9492275E-14
  4.379232143158755E+03   1.9843512E-14
  4.381979659833348E+03   1.9256476E-14
  4.384727164243637E+03   1.9191297E-14
  4.387474656325377E+03   1.9002059E-14
  4.390222136014320E+03   1.8284782E-14
  4.392969603246228E+03   1.8055807E-14
  4.395717057956860E+03   1.7640910E-14
  4.398464500081983E+03   1.6961701E-14
  4.401211929557362E+03   1.7100787E-14
  4.403959346318769E+03   1.6891118E-14
  4.406706750301977E+03   1.5946781E-14
  4.409454141442763E+03   1.5984166E-14
  4.412201519676907E+03   1.6213893E-14
  4.414948884940190E+03   1.6040995E-14
  4.417696237168398E+03   1.5369059E-14
  4.420443576297317E+03   1.5668080E-14
  4.423190902262743E+03   1.4831416E-14
  4.425938215000470E+03   1.5256105E-14
  4.428685514446293E+03   1.5040532E-14
  4.431432800536016E+03   1.4752966E-14
  4.434180073205440E+03   1.5163885E-14
  4.436927332390373E+03   1.4678883E-14
  4.439674578026626E+03   1.4589211E-14
  4.442421810050014E+03   1.4964131E-14
  4.445169028396353E+03   1.4835470E-14
  4.447916233001459E+03   1.5062977E-14
  4.450663423801160E+03   1.5101789E-14
  4.453410600731279E+03   1.5033991E-14
  4.456157763727649E+03   1.5005626E-14
  4.458904912726099E+03   1.5555675E-14
  4.461652047662467E+03   1.5325908E-14
  4.464399168472592E+03   1.5586550E-14
  4.467146275092319E+03   1.5312157E-14
  4.469893367457490E+03   1.5780425E-14
  4.472640445503957E+03   1.5404207E-14
  4.475387509167572E+03   1.5688040E-14
  4.478134558384191E+03   1.5646306E-14
  4.480881593089674E+03   1.6191341E-14
  4.483628613219882E+03   1.5770845E-14
  4.486375618710684E+03   1.6940327E-14
  4.489122609497947E+03   1.6395166E-14
  4.491869585517546E+03   1.6754305E-14
  4.494616546705357E+03   1.6888863E-14
  4.497363492997260E+03   1.6470730E-14
  4.500110424329137E+03   1.8136722E-14
  4.502857340636879E+03   1.8111441E-14
  4.505604241856372E+03   1.8810642E-14
  4.508351127923513E+03   1.8962796E-14
  4.511097998774198E+03   1.9432301E-14
  4.513844854344328E+03   1.9981614E-14
  4.516591694569809E+03   2.0449444E-14
  4.519338519386551E+03   2.1634680E-14
  4.522085328730462E+03   2.2197232E-14
  4.524832122537458E+03   2.1893471E-14
  4.527578900743461E+03   2.3116713E-14
  4.530325663284391E+03   2.3629034E-14
  4.533072410096177E+03   2.3896387E-14
  4.535819141114747E+03   2.4811857E-14
  4.538565856276037E+03   2.5865391E-14
  4.541312555515982E+03   2.6949131E-14
  4.544059238770526E+03   2.8399661E-14
  4.546805905975611E+03   2.9418366E-14
  4.549552557067186E+03   3.0142416E-14
  4.552299191981208E+03   3.1633316E-14
  4.555045810653628E+03   3.3288280E-14
  4.557792413020408E+03   3.3996165E-14
  4.560538999017513E+03   3.6113443E-14
  4.563285568580910E+03   3.6383640E-14
  4.566032121646569E+03   3.8855136E-14
  4.568778658150469E+03   3.9712997E-14
  4.571525178028585E+03   3.8077512E-14
  4.574271681216904E+03   3.9441076E-14
  4.577018167651410E+03   4.0061992E-14
  4.579764637268097E+03   4.2225477E-14
  4.582511090002957E+03   4.0373270E-14
  4.585257525791991E+03   4.0819426E-14
  4.588003944571200E+03   4.1962910E-14
  4.590750346276593E+03   4.2959139E-14
  4.593496730844179E+03   4.2437747E-14
  4.596243098209973E+03   4.3195499E-14
  4.598989448309994E+03   4.2730234E-14
  4.601735781080266E+03   4.2809614E-14
  4.604482096456815E+03   4.4664020E-14
  4.607228394375671E+03   4.4217824E-14
  4.609974674772870E+03   4.5036450E-14
  4.612720937584451E+03   4.5889941E-14
  4.615467182746458E+03   4.7359093E-14
  4.618213410194938E+03   4.7886747E-14
  4.620959619865941E+03   4.8060497E-14
  4.623705811695524E+03   4.9119779E-14
  4.626451985619748E+03   4.8755691E-14
  4.629198141574673E+03   4.9389095E-14
  4.631944279496371E+03   5.0995293E-14
  4.634690399320913E+03   5.1443048E-14
  4.637436500984375E+03   5.0466386E-14
  4.640182584422839E+03   5.1235837E-14
  4.642928649572390E+03   5.1424861E-14
  4.645674696369116E+03   5.1692202E-14
  4.648420724749112E+03   5.1359687E-14
  4.651166734648476E+03   5.0255051E-14
  4.653912726003310E+03   4.8838293E-14
  4.656658698749719E+03   4.8557699E-14
  4.659404652823818E+03   4.6213819E-14
  4.662150588161718E+03   4.5222832E-14
  4.664896504699541E+03   4.5665589E-14
  4.667642402373409E+03   4.2122356E-14
  4.670388281119453E+03   4.2467928E-14
  4.673134140873804E+03   4.0981477E-14
  4.675879981572602E+03   3.9820811E-14
  4.678625803151984E+03   3.8056990E-14
  4.681371605548101E+03   3.8127819E-14
  4.684117388697100E+03   3.5533693E-14
  4.686863152535138E+03   3.5281155E-14
  4.689608896998377E+03   3.3561776E-14
  4.692354622022976E+03   3.2758423E-14
  4.695100327545107E+03   3.1100644E-14
  4.697846013500943E+03   3.0989747E-14
  4.700591679826661E+03   2.9981568E-14
  4.703337326458445E+03   2.9160197E-14
  4.706082953332480E+03   2.7664228E-14
  4.708828560384959E+03   2.6876154E-14
  4.711574147552077E+03   2.6256568E-14
  4.714319714770038E+03   2.6039002E-14
  4.717065261975043E+03   2.4839466E-14
  4.719810789103304E+03   2.4480817E-14
  4.722556296091038E+03   2.4486447E-14
  4.725301782874462E+03   2.2816093E-14
  4.728047249389801E+03   2.4116778E-14
  4.730792695573285E+03   2.3679839E-14
  4.733538121361146E+03   2.4611737E-14
  4.736283526689624E+03   2.4469081E-14
  4.739028911494960E+03   2.5255529E-14
  4.741774275713406E+03   2.4599085E-14
  4.744519619281211E+03   2.4746561E-14
  4.747264942134634E+03   2.4177339E-14
  4.750010244209939E+03   2.3951705E-14
  4.752755525443390E+03   2.3492779E-14
  4.755500785771263E+03   2.3593112E-14
  4.758246025129832E+03   2.1906535E-14
  4.760991243455381E+03   2.3072115E-14
  4.763736440684195E+03   2.2608624E-14
  4.766481616752567E+03   2.2396390E-14
  4.769226771596795E+03   2.2194122E-14
  4.771971905153177E+03   2.2327021E-14
  4.774717017358023E+03   2.2138914E-14
  4.777462108147643E+03   2.2581056E-14
  4.780207177458354E+03   2.2544780E-14
  4.782952225226475E+03   2.2092700E-14
  4.785697251388337E+03   2.2815693E-14
  4.788442255880269E+03   2.2901482E-14
  4.791187238638609E+03   2.2541636E-14
  4.793932199599695E+03   2.3605243E-14
  4.796677138699879E+03   2.4585595E-14
  4.799422055875510E+03   2.4837445E-14
  4.802166951062945E+03   2.4500081E-14
  4.804911824198547E+03   2.5322733E-14
  4.807656675218683E+03   2.5343129E-14
  4.810401504059725E+03   2.5864022E-14
  4.813146310658050E+03   2.6290920E-14
  4.815891094950042E+03   2.7423757E-14
  4.818635856872088E+03   2.8187429E-14
  4.821380596360581E+03   2.9834083E-14
  4.824125313351920E+03   3.0119424E-14
  4.826870007782510E+03   3.0738721E-14
  4.829614679588756E+03   3.1260022E-14
  4.832359328707074E+03   3.0370854E-14
  4.835103955073885E+03   3.1620916E-14
  4.837848558625612E+03   3.0833846E-14
  4.840593139298685E+03   3.0480640E-14
  4.843337697029539E+03   2.9984133E-14
  4.846082231754615E+03   3.0266615E-14
  4.848826743410361E+03   2.9487839E-14
  4.851571231933224E+03   2.8908703E-14
  4.854315697259665E+03   2.8352261E-14
  4.857060139326143E+03   2.9075480E-14
  4.859804558069128E+03   2.7541156E-14
  4.862548953425091E+03   2.7990966E-14
  4.865293325330511E+03   2.8245345E-14
  4.868037673721872E+03   2.7061513E-14
  4.870781998535664E+03   2.7374182E-14
  4.873526299708381E+03   2.8115014E-14
  4.876270577176522E+03   2.6898275E-14
  4.879014830876597E+03   2.7244666E-14
  4.881759060745113E+03   2.7602019E-14
  4.884503266718589E+03   2.7074515E-14
  4.887247448733545E+03   2.7041042E-14
  4.889991606726512E+03   2.6792179E-14
  4.892735740634023E+03   2.6120707E-14
  4.895479850392617E+03   2.6202195E-14
  4.898223935938838E+03   2.5962573E-14
  4.900967997209236E+03   2.5977001E-14
  4.903712034140369E+03   2.5605750E-14
  4.906456046668796E+03   2.5417424E-14
  4.909200034731087E+03   2.6109802E-14
  4.911943998263813E+03   2.6502766E-14
  4.914687937203556E+03   2.6890843E-14
  4.917431851486897E+03   2.6884150E-14
  4.920175741050428E+03   2.5446796E-14
  4.922919605830743E+03   2.8023662E-14
  4.925663445764447E+03   2.8060712E-14
  4.928407260788145E+03   2.7732355E-14
  4.931151050838450E+03   2.9198943E-14
  4.933894815851983E+03   2.8681295E-14
  4.936638555765368E+03   3.0298104E-14
  4.939382270515235E+03   3.1326707E-14
  4.942125960038221E+03   3.0340442E-14
  4.944869624270968E+03   3.1474372E-14
  4.947613263150126E+03   3.2552618E-14
  4.950356876612348E+03   3.2453322E-14
  4.953100464594294E+03   3.1876008E-14
  4.955844027032629E+03   3.3597172E-14
  4.958587563864027E+03   3.4042698E-14
  4.961331075025165E+03   3.3898306E-14
  4.964074560452726E+03   3.3602353E-14
  4.966818020083400E+03   3.3931167E-14
  4.969561453853884E+03   3.4651037E-14
  4.972304861700879E+03   3.3728486E-14
  4.975048243561092E+03   3.4113259E-14
  4.977791599371239E+03   3.3630410E-14
  4.980534929068037E+03   3.3290722E-14
  4.983278232588214E+03   3.2067861E-14
  4.986021509868500E+03   3.1351048E-14
  4.988764760845635E+03   3.0258148E-14
  4.991507985456364E+03   3.1024577E-14
  4.994251183637435E+03   2.9342583E-14
  4.996994355325607E+03   2.9767130E-14
  4.999737500457639E+03   2.8358153E-14
  5.002480618970302E+03   2.8678604E-14
  5.005223710800371E+03   2.7883647E-14
  5.007966775884626E+03   2.8102639E-14
  5.010709814159855E+03   2.7451808E-14
  5.013452825562853E+03   2.6935346E-14
  5.016195810030418E+03   2.6539187E-14
  5.018938767499355E+03   2.6608923E-14
  5.021681697906479E+03   2.6609272E-14
  5.024424601188605E+03   2.5272260E-14
  5.027167477282562E+03   2.5445881E-14
  5.029910326125178E+03   2.5418783E-14
  5.032653147653292E+03   2.4886429E-14
  5.035395941803747E+03   2.3621111E-14
  5.038138708513392E+03   2.4065473E-14
  5.040881447719085E+03   2.2874555E-14
  5.043624159357690E+03   2.2941056E-14
  5.046366843366073E+03   2.3107272E-14
  5.049109499681113E+03   2.2949811E-14
  5.051852128239690E+03   2.2749169E-14
  5.054594728978693E+03   2.2762450E-14
  5.057337301835016E+03   2.2998540E-14
  5.060079846745562E+03   2.1891960E-14
  5.062822363647238E+03   2.1307248E-14
  5.065564852476959E+03   2.2110553E-14
  5.068307313171645E+03   2.2094024E-14
  5.071049745668222E+03   2.1505279E-14
  5.073792149903627E+03   2.1821048E-14
  5.076534525814798E+03   2.1197880E-14
  5.079276873338684E+03   2.1205910E-14
  5.082019192412236E+03   2.1764786E-14
  5.084761482972417E+03   2.1506724E-14
  5.087503744956191E+03   2.0836443E-14
  5.090245978300534E+03   2.1077847E-14
  5.092988182942424E+03   2.0571965E-14
  5.095730358818848E+03   1.9722205E-14
  5.098472505866800E+03   2.0272229E-14
  5.101214624023280E+03   1.9845248E-14
  5.103956713225293E+03   1.9552839E-14
  5.106698773409854E+03   1.9919106E-14
  5.109440804513982E+03   1.9810127E-14
  5.112182806474705E+03   1.9618958E-14
  5.114924779229056E+03   1.9126056E-14
  5.117666722714075E+03   2.0138420E-14
  5.120408636866809E+03   1.9015151E-14
  5.123150521624313E+03   1.9173021E-14
  5.125892376923644E+03   1.9112233E-14
  5.128634202701875E+03   1.9370720E-14
  5.131375998896077E+03   1.8877398E-14
  5.134117765443331E+03   1.9129417E-14
  5.136859502280725E+03   1.8685953E-14
  5.139601209345355E+03   1.8777790E-14
  5.142342886574322E+03   1.8622272E-14
  5.145084533904734E+03   1.8675799E-14
  5.147826151273707E+03   1.8246093E-14
  5.150567738618364E+03   1.8853527E-14
  5.153309295875834E+03   1.8724771E-14
  5.156050822983255E+03   1.7982122E-14
  5.158792319877766E+03   1.8323608E-14
  5.161533786496522E+03   1.8569310E-14
  5.164275222776678E+03   1.8674073E-14
  5.167016628655398E+03   1.8050057E-14
  5.169758004069854E+03   1.9351909E-14
  5.172499348957225E+03   1.8671623E-14
  5.175240663254695E+03   1.9187763E-14
  5.177981946899458E+03   1.9455557E-14
  5.180723199828712E+03   1.9945888E-14
  5.183464421979666E+03   1.9696880E-14
  5.186205613289530E+03   2.0166479E-14
  5.188946773695528E+03   2.0592387E-14
  5.191687903134887E+03   2.0392515E-14
  5.194429001544843E+03   2.1160916E-14
  5.197170068862638E+03   2.1191126E-14
  5.199911105025520E+03   2.1669075E-14
  5.202652109970748E+03   2.1656662E-14
  5.205393083635584E+03   2.2021844E-14
  5.208134025957300E+03   2.3182079E-14
  5.210874936873174E+03   2.3275430E-14
  5.213615816320493E+03   2.4553850E-14
  5.216356664236548E+03   2.4958249E-14
  5.219097480558640E+03   2.3698305E-14
  5.221838265224076E+03   2.4931541E-14
  5.224579018170172E+03   2.6297500E-14
  5.227319739334249E+03   2.6305194E-14
  5.230060428653637E+03   2.7494617E-14
  5.232801086065671E+03   2.8449885E-14
  5.235541711507698E+03   2.8635084E-14
  5.238282304917067E+03   2.8220490E-14
  5.241022866231139E+03   2.9186143E-14
  5.243763395387278E+03   2.9149707E-14
  5.246503892322859E+03   2.9113122E-14
  5.249244356975265E+03   2.9266862E-14
  5.251984789281880E+03   2.9732496E-14
  5.254725189180103E+03   2.9891932E-14
  5.257465556607338E+03   3.0178290E-14
  5.260205891500993E+03   3.0232507E-14
  5.262946193798490E+03   3.0105652E-14
  5.265686463437253E+03   3.0537869E-14
  5.268426700354717E+03   3.1122118E-14
  5.271166904488320E+03   3.1814503E-14
  5.273907075775513E+03   3.2432556E-14
  5.276647214153753E+03   3.2464188E-14
  5.279387319560502E+03   3.3008999E-14
  5.282127391933233E+03   3.3295801E-14
  5.284867431209422E+03   3.2800619E-14
  5.287607437326558E+03   3.4177004E-14
  5.290347410222134E+03   3.3314504E-14
  5.293087349833653E+03   3.4339312E-14
  5.295827256098625E+03   3.4036925E-14
  5.298567128954565E+03   3.4830256E-14
  5.301306968339000E+03   3.4048400E-14
  5.304046774189462E+03   3.4960611E-14
  5.306786546443491E+03   3.4424100E-14
  5.309526285038635E+03   3.5096475E-14
  5.312265989912450E+03   3.4311973E-14
  5.315005661002500E+03   3.4272640E-14
  5.317745298246356E+03   3.4109282E-14
  5.320484901581596E+03   3.3474932E-14
  5.323224470945809E+03   3.4010694E-14
  5.325964006276589E+03   3.2911004E-14
  5.328703507511539E+03   3.3014674E-14
  5.331442974588268E+03   3.3316879E-14
  5.334182407444396E+03   3.2785566E-14
  5.336921806017547E+03   3.3079242E-14
  5.339661170245358E+03   3.3348145E-14
  5.342400500065468E+03   3.2676932E-14
  5.345139795415530E+03   3.2576982E-14
  5.347879056233199E+03   3.3490053E-14
  5.350618282456142E+03   3.2534668E-14
  5.353357474022033E+03   3.2727449E-14
  5.356096630868553E+03   3.2721320E-14
  5.358835752933392E+03   3.2816787E-14
  5.361574840154246E+03   3.1743929E-14
  5.364313892468824E+03   3.2594140E-14
  5.367052909814837E+03   3.1642017E-14
  5.369791892130008E+03   3.2056531E-14
  5.372530839352066E+03   3.2620597E-14
  5.375269751418749E+03   3.1183643E-14
  5.378008628267804E+03   3.1866342E-14
  5.380747469836983E+03   3.1995196E-14
  5.383486276064050E+03   3.2472841E-14
  5.386225046886774E+03   3.2555532E-14
  5.388963782242933E+03   3.2872034E-14
  5.391702482070315E+03   3.3073946E-14
  5.394441146306714E+03   3.3308290E-14
  5.397179774889933E+03   3.2317180E-14
  5.399918367757783E+03   3.2852383E-14
  5.402656924848082E+03   3.4552195E-14
  5.405395446098658E+03   3.5313109E-14
  5.408133931447348E+03   3.4635059E-14
  5.410872380831996E+03   3.5348355E-14
  5.413610794190452E+03   3.4623908E-14
  5.416349171460577E+03   3.5839997E-14
  5.419087512580241E+03   3.7067561E-14
  5.421825817487320E+03   3.6539385E-14
  5.424564086119700E+03   3.7411155E-14
  5.427302318415275E+03   3.8254942E-14
  5.430040514311945E+03   3.6367509E-14
  5.432778673747623E+03   3.8087575E-14
  5.435516796660225E+03   3.8073497E-14
  5.438254882987680E+03   3.7708562E-14
  5.440992932667923E+03   3.7933994E-14
  5.443730945638898E+03   3.8889217E-14
  5.446468921838556E+03   3.9537760E-14
  5.449206861204859E+03   3.8915292E-14
  5.451944763675776E+03   3.8778266E-14
  5.454682629189284E+03   3.9673942E-14
  5.457420457683371E+03   3.8923295E-14
  5.460158249096029E+03   3.8942448E-14
  5.462896003365262E+03   3.9355214E-14
  5.465633720429083E+03   3.9276589E-14
  5.468371400225510E+03   3.9629744E-14
  5.471109042692574E+03   3.8291270E-14
  5.473846647768310E+03   3.8749250E-14
  5.476584215390765E+03   3.8440571E-14
  5.479321745497992E+03   6.4111856E-14
  5.482059238028056E+03   3.8174250E-14
  5.484796692919028E+03   3.8817897E-14
  5.487534110108987E+03   3.8900947E-14
  5.490271489536022E+03   3.8600311E-14
  5.493008831138232E+03   3.8591231E-14
  5.495746134853723E+03   3.7876827E-14
  5.498483400620607E+03   3.7432036E-14
  5.501220628377010E+03   3.7728409E-14
  5.503957818061064E+03   3.8303135E-14
  5.506694969610910E+03   3.6488760E-14
  5.509432082964698E+03   3.5768392E-14
  5.512169158060583E+03   3.7602395E-14
  5.514906194836736E+03   3.6958087E-14
  5.517643193231333E+03   3.6944802E-14
  5.520380153182555E+03   3.5340586E-14
  5.523117074628599E+03   3.6529665E-14
  5.525853957507667E+03   3.6333881E-14
  5.528590801757968E+03   3.6959344E-14
  5.531327607317723E+03   3.5919283E-14
  5.534064374125162E+03   3.5696760E-14
  5.536801102118520E+03   3.6515279E-14
  5.539537791236047E+03   3.6448942E-14
  5.542274441415996E+03   3.6621968E-14
  5.545011052596632E+03   3.5637929E-14
  5.547747624716228E+03   3.5690760E-14
  5.550484157713066E+03   3.7316236E-14
  5.553220651525438E+03   3.5812387E-14
  5.555957106091644E+03   3.6612623E-14
  5.558693521349992E+03   3.5725065E-14
  5.561429897238801E+03   3.6235649E-14
  5.564166233696397E+03   3.6867451E-14
  5.566902530661117E+03   3.6322223E-14
  5.569638788071305E+03   3.5943928E-14
  5.572375005865317E+03   3.5668093E-14
  5.575111183981515E+03   3.6738912E-14
  5.577847322358271E+03   3.6921709E-14
  5.580583420933966E+03   3.4946835E-14
  5.583319479646992E+03   3.5236489E-14
  5.586055498435745E+03   3.4986767E-14
  5.588791477238638E+03   3.4852129E-14
  5.591527415994085E+03   3.5286590E-14
  5.594263314640516E+03   3.4960743E-14
  5.596999173116365E+03   3.4216658E-14
  5.599734991360077E+03   3.4601489E-14
  5.602470769310108E+03   3.3686277E-14
  5.605206506904920E+03   3.3731610E-14
  5.607942204082987E+03   3.4188479E-14
  5.610677860782789E+03   3.3705477E-14
  5.613413476942819E+03   3.2823943E-14
  5.616149052501578E+03   3.2024283E-14
  5.618884587397574E+03   3.2616332E-14
  5.621620081569327E+03   3.1833223E-14
  5.624355534955364E+03   3.1276285E-14
  5.627090947494226E+03   3.1676542E-14
  5.629826319124456E+03   3.1437811E-14
  5.632561649784612E+03   3.0988951E-14
  5.635296939413260E+03   3.0782699E-14
  5.638032187948972E+03   2.9494114E-14
  5.640767395330337E+03   3.0290335E-14
  5.643502561495945E+03   3.0016395E-14
  5.646237686384401E+03   2.9228169E-14
  5.648972769934317E+03   2.9052942E-14
  5.651707812084313E+03   2.8808089E-14
  5.654442812773024E+03   2.9023120E-14
  5.657177771939088E+03   2.8369968E-14
  5.659912689521157E+03   2.7727973E-14
  5.662647565457888E+03   2.7027136E-14
  5.665382399687953E+03   2.6763775E-14
  5.668117192150029E+03   2.6178477E-14
  5.670851942782805E+03   2.6688863E-14
  5.673586651524978E+03   2.6325411E-14
  5.676321318315257E+03   2.5763388E-14
  5.679055943092357E+03   2.4601842E-14
  5.681790525795005E+03   2.5984270E-14
  5.684525066361936E+03   2.5737440E-14
  5.687259564731898E+03   2.5277928E-14
  5.689994020843644E+03   2.5624759E-14
  5.692728434635938E+03   2.5671687E-14
  5.695462806047556E+03   3.6544467E-14
