

  5.242731126910211E+03   4.2067688E-15
  5.247606927977435E+03   5.3588717E-15
  5.252482768383875E+03   5.3779757E-15
  5.257358648016493E+03   5.1519060E-15
  5.262234566762240E+03   6.5040361E-15
  5.267110524508058E+03   6.5297245E-15
  5.271986521140880E+03   6.3279900E-15
  5.276862556547630E+03   7.5508439E-15
  5.281738630615222E+03   7.5826305E-15
  5.286614743230562E+03   7.7486718E-15
  5.291490894280548E+03   8.0855656E-15
  5.296367083652066E+03   8.4633906E-15
  5.301243311231998E+03   8.5485403E-15
  5.306119576907210E+03   8.6808121E-15
  5.310995880564567E+03   8.8507184E-15
  5.315872222090919E+03   9.4394419E-15
  5.320748601373110E+03   9.7606774E-15
  5.325625018297977E+03   1.3142132E-14
  5.330501472752341E+03   1.0315882E-14
  5.335377964623024E+03   9.9056497E-15
  5.340254493796832E+03   8.9320302E-15
  5.345131060160566E+03   9.3880058E-15
  5.350007663601017E+03   8.8991602E-15
  5.354884304004966E+03   9.2852624E-15
  5.359760981259189E+03   8.6986455E-15
  5.364637695250451E+03   8.9647468E-15
  5.369514445865508E+03   8.2695005E-15
  5.374391232991107E+03   8.6593161E-15
  5.379268056513991E+03   8.4651405E-15
  5.384144916320888E+03   8.7484883E-15
  5.389021812298522E+03   8.0843815E-15
  5.393898744333607E+03   8.3875379E-15
  5.398775712312851E+03   8.6354272E-15
  5.403652716122949E+03   9.0667262E-15
  5.408529755650590E+03   9.3977442E-15
  5.413406830782458E+03   9.4031423E-15
  5.418283941405222E+03   1.0174722E-14
  5.423161087405549E+03   1.0631522E-14
  5.428038268670092E+03   1.1234796E-14
  5.432915485085503E+03   1.1340677E-14
  5.437792736538417E+03   1.1847586E-14
  5.442670022915469E+03   1.2790624E-14
  5.447547344103280E+03   1.3570908E-14
  5.452424699988467E+03   1.4308863E-14
  5.457302090457637E+03   1.4165490E-14
  5.462179515397387E+03   1.5355915E-14
  5.467056974694310E+03   1.5611529E-14
  5.471934468234988E+03   1.6267175E-14
  5.476811995905996E+03   1.6733282E-14
  5.481689557593902E+03   1.6939058E-14
  5.486567153185264E+03   1.7763421E-14
  5.491444782566633E+03   1.8304041E-14
  5.496322445624553E+03   1.8122532E-14
  5.501200142245559E+03   1.8203932E-14
  5.506077872316179E+03   1.8889365E-14
  5.510955635722934E+03   1.8599614E-14
  5.515833432352332E+03   1.8946079E-14
  5.520711262090882E+03   1.9570000E-14
  5.525589124825078E+03   1.9018814E-14
  5.530467020441409E+03   1.9485781E-14
  5.535344948826356E+03   1.8708127E-14
  5.540222909866394E+03   1.9953667E-14
  5.545100903447987E+03   1.9288661E-14
  5.549978929457594E+03   1.9563405E-14
  5.554856987781666E+03   1.9966123E-14
  5.559735078306646E+03   1.9313132E-14
  5.564613200918970E+03   1.9920414E-14
  5.569491355505065E+03   1.9842677E-14
  5.574369541951353E+03   1.9184903E-14
  5.579247760144248E+03   1.9665552E-14
  5.584126009970153E+03   1.8951710E-14
  5.589004291315468E+03   1.9038624E-14
  5.593882604066585E+03   1.9199948E-14
  5.598760948109888E+03   1.9238649E-14
  5.603639323331751E+03   1.9221670E-14
  5.608517729618545E+03   1.9211131E-14
  5.613396166856632E+03   1.9067098E-14
  5.618274634932366E+03   1.8721032E-14
  5.623153133732095E+03   1.8858855E-14
  5.628031663142159E+03   1.8950377E-14
  5.632910223048891E+03   1.8323742E-14
  5.637788813338618E+03   1.8364379E-14
  5.642667433897658E+03   1.8671539E-14
  5.647546084612322E+03   1.7888138E-14
  5.652424765368918E+03   1.7453798E-14
  5.657303476053742E+03   1.6935124E-14
  5.662182216553083E+03   1.6902751E-14
  5.667060986753227E+03   1.6870503E-14
  5.671939786540451E+03   1.6509031E-14
  5.676818615801024E+03   1.6178505E-14
  5.681697474421209E+03   1.5692624E-14
  5.686576362287264E+03   1.5127968E-14
  5.691455279285437E+03   1.4358515E-14
  5.696334225301970E+03   1.3689775E-14
  5.701213200223101E+03   1.3663096E-14
  5.706092203935057E+03   1.3794231E-14
  5.710971236324061E+03   1.3445807E-14
  5.715850297276329E+03   1.3029272E-14
  5.720729386678070E+03   1.3236514E-14
  5.725608504415486E+03   1.2570283E-14
  5.730487650374773E+03   1.2982904E-14
  5.735366824442120E+03   1.2830190E-14
  5.740246026503709E+03   1.2491724E-14
  5.745125256445716E+03   1.2572021E-14
  5.750004514154311E+03   1.2034590E-14
  5.754883799515658E+03   1.2665236E-14
  5.759763112415912E+03   1.2344227E-14
  5.764642452741223E+03   1.2508280E-14
  5.769521820377735E+03   1.2520902E-14
  5.774401215211586E+03   1.2840331E-14
  5.779280637128905E+03   1.2580983E-14
  5.784160086015820E+03   1.2220276E-14
  5.789039561758446E+03   1.3177693E-14
  5.793919064242897E+03   1.3158167E-14
  5.798798593355277E+03   1.3124520E-14
  5.803678148981687E+03   1.2587544E-14
  5.808557731008219E+03   1.3393224E-14
  5.813437339320961E+03   1.2484428E-14
  5.818316973805994E+03   1.2963043E-14
  5.823196634349393E+03   1.2967863E-14
  5.828076320837227E+03   1.2656253E-14
  5.832956033155558E+03   1.2309172E-14
  5.837835771190442E+03   1.2168020E-14
  5.842715534827932E+03   1.2261554E-14
  5.847595323954069E+03   1.2014115E-14
  5.852475138454897E+03   1.1826680E-14
  5.857354978216444E+03   1.1454029E-14
  5.862234843124738E+03   1.1489040E-14
  5.867114733065802E+03   1.1907740E-14
  5.871994647925649E+03   1.1784684E-14
  5.876874587590288E+03   1.1713464E-14
  5.881754551945724E+03   1.1304396E-14
  5.886634540877955E+03   1.1288140E-14
  5.891514554272971E+03   1.1618309E-14
  5.896394592016759E+03   1.1198981E-14
  5.901274653995300E+03   1.1146706E-14
  5.906154740094569E+03   1.1581826E-14
  5.911034850200535E+03   1.0789908E-14
  5.915914984199161E+03   1.1374528E-14
  5.920795141976405E+03   1.1218019E-14
  5.925675323418222E+03   1.1237014E-14
  5.930555528410555E+03   1.1316096E-14
  5.935435756839346E+03   1.0914723E-14
  5.940316008590534E+03   1.0603100E-14
  5.945196283550047E+03   1.0402834E-14
  5.950076581603810E+03   1.0431404E-14
  5.954956902637743E+03   1.0332078E-14
  5.959837246537762E+03   9.7107465E-15
  5.964717613189772E+03   9.4215127E-15
  5.969598002479681E+03   9.2036406E-15
  5.974478414293383E+03   8.8837002E-15
  5.979358848516773E+03   8.9537566E-15
  5.984239305035740E+03   8.3637956E-15
  5.989119783736163E+03   8.3980708E-15
  5.994000284503923E+03   8.0789672E-15
  5.998880807224890E+03   8.0306126E-15
  6.003761351784933E+03   7.7830825E-15
  6.008641918069911E+03   8.0342642E-15
  6.013522505965682E+03   7.9976241E-15
  6.018403115358100E+03   7.8877029E-15
  6.023283746133007E+03   8.2729767E-15
  6.028164398176249E+03   8.2134032E-15
  6.033045071373662E+03   8.4164514E-15
  6.037925765611076E+03   8.1056886E-15
  6.042806480774319E+03   8.2560572E-15
  6.047687216749211E+03   7.9753861E-15
  6.052567973421573E+03   7.9077903E-15
  6.057448750677213E+03   7.9099121E-15
  6.062329548401942E+03   1.2399843E-14
  6.067210366481560E+03   7.5985682E-15
  6.072091204801865E+03   7.6393182E-15
  6.076972063248651E+03   7.6488905E-15
  6.081852941707707E+03   7.6496621E-15
  6.086733840064817E+03   7.6745124E-15
  6.091614758205757E+03   7.5054387E-15
  6.096495696016304E+03   7.3723012E-15
  6.101376653382227E+03   7.4016060E-15
  6.106257630189291E+03   7.4093106E-15
  6.111138626323257E+03   7.7121215E-15
  6.116019641669881E+03   7.8981723E-15
  6.120900676114916E+03   8.1804790E-15
  6.125781729544106E+03   7.9372620E-15
  6.130662801843197E+03   8.3771719E-15
  6.135543892897924E+03   9.2261463E-15
  6.140425002594024E+03   8.2991729E-15
  6.145306130817224E+03   8.3435286E-15
  6.150187277453250E+03   7.5108953E-15
  6.155068442387825E+03   7.2208500E-15
  6.159949625506662E+03   7.3985516E-15
  6.164830826695475E+03   7.0768976E-15
  6.169712045839973E+03   7.0853650E-15
  6.174593282825858E+03   6.5791209E-15
  6.179474537538832E+03   7.0195361E-15
  6.184355809864588E+03   6.5240388E-15
  6.189237099688818E+03   6.1294116E-15
  6.194118406897212E+03   6.1135103E-15
  6.198999731375449E+03   6.4223499E-15
  6.203881073009211E+03   6.4490420E-15
  6.208762431684172E+03   6.3033812E-15
  6.213643807286004E+03   6.6252999E-15
  6.218525199700373E+03   6.4636055E-15
  6.223406608812944E+03   6.5292425E-15
  6.228288034509374E+03   6.6410288E-15
  6.233169476675320E+03   6.4526729E-15
  6.238050935196434E+03   6.9438092E-15
  6.242932409958363E+03   6.8836610E-15
  6.247813900846750E+03   6.6424103E-15
  6.252695407747236E+03   6.4092815E-15
  6.257576930545459E+03   6.7215410E-15
  6.262458469127049E+03   6.6764179E-15
  6.267340023377637E+03   6.3911795E-15
  6.272221593182847E+03   6.4319430E-15
  6.277103178428302E+03   6.3262333E-15
  6.281984778999619E+03   6.4724121E-15
  6.286866394782412E+03   6.3960881E-15
  6.291748025662293E+03   6.8236606E-15
  6.296629671524869E+03   6.6511759E-15
  6.301511332255744E+03   6.5526825E-15
  6.306393007740518E+03   6.9216170E-15
  6.311274697864787E+03   7.1621464E-15
  6.316156402514145E+03   7.3324424E-15
  6.321038121574184E+03   7.1578324E-15
  6.325919854930488E+03   7.2883187E-15
  6.330801602468642E+03   7.2956989E-15
  6.335683364074225E+03   6.9649660E-15
  6.340565139632816E+03   7.6083845E-15
  6.345446929029984E+03   7.7720533E-15
  6.350328732151303E+03   7.6570872E-15
  6.355210548882338E+03   8.0531903E-15
  6.360092379108653E+03   7.9307585E-15
  6.364974222715810E+03   8.4519726E-15
  6.369856079589365E+03   8.5275821E-15
  6.374737949614872E+03   9.0255469E-15
  6.379619832677885E+03   9.1030555E-15
  6.384501728663950E+03   9.4816021E-15
  6.389383637458611E+03   9.8731939E-15
  6.394265558947412E+03   1.0318500E-14
  6.399147493015891E+03   1.0179043E-14
  6.404029439549586E+03   1.0663962E-14
  6.408911398434029E+03   1.1274981E-14
  6.413793369554751E+03   1.1930501E-14
  6.418675352797280E+03   1.2045040E-14
  6.423557348047138E+03   1.2590196E-14
  6.428439355189850E+03   1.3194432E-14
  6.433321374110934E+03   1.3050786E-14
  6.438203404695906E+03   1.3688815E-14
  6.443085446830280E+03   1.4059787E-14
  6.447967500399567E+03   1.4643643E-14
  6.452849565289274E+03   1.4523008E-14
  6.457731641384909E+03   1.4758914E-14
  6.462613728571972E+03   1.5028446E-14
  6.467495826735966E+03   1.5058521E-14
  6.472377935762387E+03   1.5347204E-14
  6.477260055536731E+03   1.5377248E-14
  6.482142185944490E+03   1.5831457E-14
  6.487024326871155E+03   1.5782743E-14
  6.491906478202212E+03   1.5625113E-14
  6.496788639823149E+03   1.5804213E-14
  6.501670811619447E+03   1.5911853E-14
  6.506552993476585E+03   1.5929527E-14
  6.511435185280046E+03   1.6514100E-14
  6.516317386915302E+03   1.6417462E-14
  6.521199598267825E+03   1.6769306E-14
  6.526081819223091E+03   1.6577632E-14
  6.530964049666564E+03   1.6530571E-14
  6.535846289483715E+03   1.6856728E-14
  6.540728538560005E+03   1.6906735E-14
  6.545610796780899E+03   1.7356200E-14
  6.550493064031855E+03   1.6846189E-14
  6.555375340198333E+03   1.7514598E-14
  6.560257625165788E+03   1.7356254E-14
  6.565139918819675E+03   1.7373489E-14
  6.570022221045443E+03   1.7787914E-14
  6.574904531728544E+03   1.7447424E-14
  6.579786850754426E+03   1.7812178E-14
  6.584669178008536E+03   1.7425355E-14
  6.589551513376315E+03   1.7726931E-14
  6.594433856743206E+03   1.6852859E-14
  6.599316207994651E+03   1.7202924E-14
  6.604198567016087E+03   1.7271232E-14
  6.609080933692951E+03   1.7687239E-14
  6.613963307910676E+03   1.6975582E-14
  6.618845689554697E+03   1.7048429E-14
  6.623728078510446E+03   1.6505663E-14
  6.628610474663350E+03   1.6740785E-14
  6.633492877898838E+03   1.6544037E-14
  6.638375288102337E+03   1.6865663E-14
  6.643257705159268E+03   1.6278626E-14
  6.648140128955059E+03   1.5967967E-14
  6.653022559375128E+03   1.5745841E-14
  6.657904996304896E+03   1.4842680E-14
  6.662787439629781E+03   1.4540850E-14
  6.667669889235200E+03   1.4380698E-14
  6.672552345006568E+03   1.3768024E-14
  6.677434806829297E+03   1.3663272E-14
  6.682317274588802E+03   1.3395213E-14
  6.687199748170495E+03   1.2846423E-14
  6.692082227459781E+03   1.2318976E-14
  6.696964712342073E+03   1.2146624E-14
  6.701847202702776E+03   1.1633686E-14
  6.706729698427295E+03   1.1578034E-14
  6.711612199401036E+03   1.1192554E-14
  6.716494705509401E+03   1.1162060E-14
  6.721377216637792E+03   1.1002889E-14
  6.726259732671611E+03   1.1250789E-14
  6.731142253496258E+03   1.1143931E-14
  6.736024778997129E+03   1.1137856E-14
  6.740907309059623E+03   1.1168378E-14
  6.745789843569137E+03   1.1213196E-14
  6.750672382411066E+03   1.0785731E-14
  6.755554925470804E+03   1.0835764E-14
  6.760437472633745E+03   1.1019822E-14
  6.765320023785279E+03   1.1279783E-14
  6.770202578810800E+03   1.1143352E-14
  6.775085137595698E+03   1.1261525E-14
  6.779967700025363E+03   1.0974089E-14
  6.784850265985183E+03   1.1310725E-14
  6.789732835360546E+03   1.1020848E-14
  6.794615408036839E+03   1.0790809E-14
  6.799497983899450E+03   1.0927772E-14
  6.804380562833761E+03   1.1161252E-14
  6.809263144725161E+03   1.0746952E-14
  6.814145729459032E+03   1.0804168E-14
  6.819028316920758E+03   1.0671383E-14
  6.823910906995721E+03   1.0558218E-14
  6.828793499569306E+03   1.0786606E-14
  6.833676094526892E+03   1.0772024E-14
  6.838558691753861E+03   1.0400879E-14
  6.843441291135595E+03   1.0192303E-14
  6.848323892557471E+03   1.0128482E-14
  6.853206495904872E+03   9.9364893E-15
  6.858089101063174E+03   9.8589239E-15
  6.862971707917759E+03   1.0092785E-14
  6.867854316354003E+03   9.9918319E-15
  6.872736926257286E+03   9.9360886E-15
  6.877619537512984E+03   9.7117147E-15
  6.882502150006474E+03   9.3689044E-15
  6.887384763623134E+03   9.2687868E-15
  6.892267378248341E+03   9.0334014E-15
  6.897149993767470E+03   8.9681002E-15
  6.902032610065899E+03   9.2823334E-15
  6.906915227029004E+03   8.6842121E-15
  6.911797844542161E+03   9.0180904E-15
  6.916680462490745E+03   8.5584421E-15
  6.921563080760132E+03   8.8453076E-15
  6.926445699235697E+03   9.1342686E-15
  6.931328317802819E+03   8.6143369E-15
  6.936210936346869E+03   8.9732527E-15
  6.941093554753225E+03   8.9851807E-15
  6.945976172907262E+03   8.8643387E-15
  6.950858790694357E+03   9.0307451E-15
  6.955741407999884E+03   8.8667934E-15
  6.960624024709222E+03   9.2635979E-15
  6.965506640707743E+03   9.1224102E-15
  6.970389255880825E+03   9.2857080E-15
  6.975271870113845E+03   9.1269892E-15
  6.980154483292179E+03   9.1468903E-15
  6.985037095301203E+03   8.9533653E-15
  6.989919706026297E+03   8.8952774E-15
  6.994802315352836E+03   8.9296424E-15
  6.999684923166198E+03   8.5750549E-15
  7.004567529351762E+03   8.8173606E-15
  7.009450133794904E+03   8.3467770E-15
  7.014332736381007E+03   8.2434712E-15
  7.019215336995448E+03   8.1112027E-15
  7.024097935523607E+03   7.7843725E-15
  7.028980531850864E+03   7.5140733E-15
  7.033863125862601E+03   7.4955258E-15
  7.038745717444197E+03   7.3019805E-15
  7.043628306481038E+03   7.0852642E-15
  7.048510892858502E+03   7.0028174E-15
  7.053393476461976E+03   6.5599953E-15
  7.058276057176841E+03   6.4129724E-15
  7.063158634888483E+03   6.5188490E-15
  7.068041209482288E+03   6.5185373E-15
  7.072923780843639E+03   6.1463065E-15
  7.077806348857926E+03   5.9268187E-15
  7.082688913410533E+03   6.4652094E-15
  7.087571474386851E+03   6.0389997E-15
  7.092454031672271E+03   5.9577096E-15
  7.097336585152177E+03   6.0723508E-15
  7.102219134711964E+03   5.8249596E-15
  7.107101680237024E+03   5.8535105E-15
  7.111984221612748E+03   5.7599951E-15
  7.116866758724531E+03   5.8967342E-15
  7.121749291457768E+03   5.6682111E-15
  7.126631819697853E+03   5.6187367E-15
  7.131514343330184E+03   5.6639001E-15
  7.136396862240159E+03   5.4868041E-15
  7.141279376313176E+03   5.6325455E-15
  7.146161885434636E+03   5.5519033E-15
  7.151044389489942E+03   5.8341558E-15
  7.155926888364493E+03   6.0623821E-15
  7.160809381943695E+03   6.0138162E-15
  7.165691870112953E+03   6.1116218E-15
  7.170574352757671E+03   6.1828708E-15
  7.175456829763260E+03   6.2013006E-15
  7.180339301015126E+03   6.5458435E-15
  7.185221766398679E+03   6.5917400E-15
  7.190104225799333E+03   6.7337912E-15
  7.194986679102501E+03   7.2324408E-15
  7.199869126193594E+03   7.1826971E-15
  7.204751566958030E+03   7.3315284E-15
  7.209634001281227E+03   7.0842405E-15
  7.214516429048604E+03   7.3070881E-15
  7.219398850145579E+03   7.3133451E-15
  7.224281264457576E+03   7.4282918E-15
  7.229163671870019E+03   7.7605396E-15
  7.234046072268331E+03   7.4344980E-15
  7.238928465537941E+03   7.8026837E-15
  7.243810851564276E+03   7.4568605E-15
  7.248693230232768E+03   7.4373143E-15
  7.253575601428846E+03   7.2645713E-15
  7.258457965037946E+03   7.0983093E-15
  7.263340320945504E+03   7.1459985E-15
  7.268222669036954E+03   6.8873168E-15
  7.273105009197739E+03   6.8151238E-15
  7.277987341313296E+03   6.8805909E-15
  7.282869665269072E+03   6.8726504E-15
  7.287751980950510E+03   7.2592621E-15
  7.292634288243055E+03   6.9362838E-15
  7.297516587032158E+03   6.9645958E-15
  7.302398877203268E+03   7.1325400E-15
  7.307281158641840E+03   6.8204702E-15
  7.312163431233326E+03   6.7813665E-15
  7.317045694863185E+03   7.0424623E-15
  7.321927949416874E+03   7.1607479E-15
  7.326810194779856E+03   7.1288546E-15
  7.331692430837592E+03   7.1415897E-15
  7.336574657475549E+03   7.4994535E-15
  7.341456874579195E+03   7.3675849E-15
  7.346339082033999E+03   7.4221796E-15
  7.351221279725433E+03   7.3024506E-15
  7.356103467538971E+03   7.5506728E-15
  7.360985645360091E+03   7.6150049E-15
  7.365867813074270E+03   7.6665401E-15
  7.370749970566992E+03   7.9487096E-15
  7.375632117723739E+03   8.1424201E-15
  7.380514254429998E+03   8.4650813E-15
  7.385396380571257E+03   8.8071064E-15
  7.390278496033008E+03   8.9627436E-15
  7.395160600700745E+03   8.8070115E-15
  7.400042694459963E+03   9.2013147E-15
  7.404924777196162E+03   8.8209257E-15
  7.409806848794841E+03   9.3857942E-15
  7.414688909141508E+03   9.5179246E-15
  7.419570958121666E+03   9.8881906E-15
  7.424452995620826E+03   1.0011074E-14
  7.429335021524500E+03   1.0120173E-14
  7.434217035718201E+03   1.0204657E-14
  7.439099038087449E+03   1.0721829E-14
  7.443981028517762E+03   1.0811311E-14
  7.448863006894664E+03   1.0622978E-14
  7.453744973103681E+03   1.0836663E-14
  7.458626927030342E+03   1.0804684E-14
  7.463508868560177E+03   1.0843841E-14
  7.468390797578722E+03   1.0607824E-14
  7.473272713971514E+03   1.0671098E-14
  7.478154617624094E+03   1.0502358E-14
  7.483036508422004E+03   9.8118492E-15
  7.487918386250791E+03   9.9122709E-15
  7.492800250996005E+03   9.7392280E-15
  7.497682102543198E+03   9.5724803E-15
  7.502563940777925E+03   8.9407927E-15
  7.507445765585746E+03   8.5108481E-15
  7.512327576852223E+03   8.7104438E-15
  7.517209374462918E+03   7.9246886E-15
  7.522091158303404E+03   7.8939227E-15
  7.526972928259249E+03   7.5925069E-15
  7.531854684216028E+03   7.4781549E-15
  7.536736426059320E+03   7.4027664E-15
  7.541618153674706E+03   7.1200302E-15
  7.546499866947771E+03   7.0778446E-15
  7.551381565764103E+03   7.0218227E-15
  7.556263250009293E+03   6.3593252E-15
  7.561144919568935E+03   6.8891663E-15
  7.566026574328629E+03   6.9948171E-15
  7.570908214173976E+03   7.0334850E-15
  7.575789838990581E+03   6.6551069E-15
  7.580671448664053E+03   7.0672308E-15
  7.585553043080004E+03   6.9921752E-15
  7.590434622124051E+03   7.7298761E-15
  7.595316185681811E+03   7.7333574E-15
  7.600197733638911E+03   7.7848808E-15
  7.605079265880974E+03   7.7645994E-15
  7.609960782293632E+03   7.8990735E-15
  7.614842282762520E+03   8.0634479E-15
  7.619723767173276E+03   8.5587546E-15
  7.624605235411538E+03   8.6883236E-15
  7.629486687362956E+03   9.1435487E-15
  7.634368122913177E+03   9.5229797E-15
  7.639249541947856E+03   9.5488828E-15
  7.644130944352648E+03   1.0010204E-14
  7.649012330013215E+03   9.9144808E-15
  7.653893698815220E+03   1.0203347E-14
  7.658775050644334E+03   9.7612111E-15
  7.663656385386229E+03   1.0358065E-14
  7.668537702926582E+03   1.0494523E-14
  7.673419003151073E+03   1.1171428E-14
  7.678300285945388E+03   1.1081971E-14
  7.683181551195215E+03   1.1252634E-14
  7.688062798786248E+03   1.1756963E-14
  7.692944028604183E+03   1.1923850E-14
  7.697825240534722E+03   1.1422546E-14
  7.702706434463571E+03   1.1266867E-14
  7.707587610276438E+03   1.1667850E-14
  7.712468767859040E+03   1.2006263E-14
  7.717349907097092E+03   1.2725841E-14
  7.722231027876319E+03   1.3030641E-14
  7.727112130082447E+03   1.3071396E-14
  7.731993213601208E+03   1.2835418E-14
  7.736874278318335E+03   1.2244239E-14
  7.741755324119572E+03   1.2231909E-14
  7.746636350890660E+03   1.2102176E-14
  7.751517358517350E+03   1.2573838E-14
  7.756398346885396E+03   1.2355457E-14
  7.761279315880553E+03   1.2614313E-14
  7.766160265388586E+03   1.3292955E-14
  7.771041195295261E+03   1.3726440E-14
  7.775922105486350E+03   1.3672059E-14
  7.780802995847630E+03   1.3357716E-14
  7.785683866264880E+03   1.3034261E-14
  7.790564716623887E+03   1.2781671E-14
  7.795445546810440E+03   1.2222363E-14
  7.800326356710336E+03   1.2113067E-14
  7.805207146209374E+03   1.2003997E-14
  7.810087915193357E+03   1.2036767E-14
  7.814968663548097E+03   1.2367730E-14
  7.819849391159404E+03   1.2821533E-14
  7.824730097913101E+03   1.3051677E-14
  7.829610783695012E+03   1.2674533E-14
  7.834491448390963E+03   1.2641137E-14
  7.839372091886790E+03   1.2519998E-14
  7.844252714068329E+03   1.1787798E-14
  7.849133314821427E+03   1.1517935E-14
  7.854013894031932E+03   1.1086707E-14
  7.858894451585695E+03   1.0940169E-14
  7.863774987368579E+03   1.0581883E-14
  7.868655501266444E+03   1.0659149E-14
  7.873535993165162E+03   1.0560110E-14
  7.878416462950606E+03   1.0578949E-14
  7.883296910508655E+03   1.1041180E-14
  7.888177335725194E+03   1.0473831E-14
  7.893057738486113E+03   1.0667069E-14
  7.897938118677307E+03   1.1476106E-14
  7.902818476184678E+03   1.0763576E-14
  7.907698810894128E+03   1.0288507E-14
  7.912579122691572E+03   1.0415470E-14
  7.917459411462923E+03   9.3099670E-15
  7.922339677094104E+03   9.3061265E-15
  7.927219919471044E+03   9.9150975E-15
  7.932100138479673E+03   9.7227761E-15
  7.936980334005930E+03   1.0235332E-14
  7.941860505935760E+03   1.0276268E-14
  7.946740654155109E+03   9.8953701E-15
  7.951620778549934E+03   9.5578706E-15
  7.956500879006196E+03   9.3317510E-15
  7.961380955409859E+03   8.7371440E-15
  7.966261007646895E+03   8.6175260E-15
  7.971141035603281E+03   8.7013687E-15
  7.976021039165002E+03   8.9817138E-15
  7.980901018218042E+03   9.1463643E-15
  7.985780972648399E+03   9.0567041E-15
  7.990660902342072E+03   9.1007498E-15
  7.995540807185067E+03   9.0261203E-15
  8.000420687063394E+03   9.1458018E-15
  8.005300541863073E+03   8.0496844E-15
  8.010180371470126E+03   7.6084336E-15
  8.015060175770583E+03   8.0331648E-15
  8.019939954650477E+03   7.7907719E-15
  8.024819707995852E+03   7.8962605E-15
  8.029699435692753E+03   7.9191228E-15
  8.034579137627234E+03   8.3465119E-15
  8.039458813685353E+03   7.9437426E-15
  8.044338463753176E+03   8.2374479E-15
  8.049218087716775E+03   8.3685627E-15
  8.054097685462227E+03   8.3508021E-15
  8.058977256875614E+03   8.1091800E-15
  8.063856801843027E+03   8.1623983E-15
  8.068736320250562E+03   7.5845304E-15
  8.073615811984318E+03   7.6836603E-15
  8.078495276930409E+03   7.6877388E-15
  8.083374714974945E+03   7.2993911E-15
  8.088254126004048E+03   7.5308175E-15
  8.093133509903845E+03   7.3624544E-15
  8.098012866560470E+03   7.4947423E-15
  8.102892195860062E+03   7.5453178E-15
  8.107771497688767E+03   7.6512850E-15
  8.112650771932740E+03   7.4604570E-15
  8.117530018478137E+03   8.0633810E-15
  8.122409237211128E+03   7.6386422E-15
  8.127288428017880E+03   7.3459076E-15
  8.132167590784574E+03   7.6494639E-15
  8.137046725397395E+03   7.8895664E-15
  8.141925831742535E+03   7.2309102E-15
  8.146804909706191E+03   7.1517262E-15
  8.151683959174571E+03   7.4928136E-15
  8.156562980033884E+03   7.1831960E-15
  8.161441972170348E+03   7.3978172E-15
  8.166320935470190E+03   7.2818762E-15
  8.171199869819641E+03   7.6298636E-15
  8.176078775104940E+03   7.3340390E-15
  8.180957651212331E+03   6.9932844E-15
  8.185836498028068E+03   6.8427222E-15
  8.190715315438410E+03   6.0404596E-15
  8.195594103329620E+03   5.4776151E-15
  8.200472861587972E+03   5.4016363E-15
  8.205351590099750E+03   5.2214503E-15
  8.210230288751234E+03   4.4404677E-15
  8.215108957428722E+03   4.5047143E-15
  8.219987596018513E+03   4.1221138E-15
  8.224866204406915E+03   3.8845299E-15
  8.229744782480244E+03   3.9319291E-15
  8.234623330124819E+03   3.2413120E-15
  8.239501847226971E+03   3.2947900E-15
  8.244380333673036E+03   2.8744692E-15
  8.249258789349358E+03   2.6592686E-15
  8.254137214142283E+03   2.5563399E-15
  8.259015607938174E+03   2.2490669E-15
  8.263893970623394E+03   2.1573374E-15
  8.268772302084313E+03   2.4233361E-15
  8.273650602207314E+03   2.4235692E-15
  8.278528870878779E+03   1.9973901E-15
  8.283407107985109E+03   2.1371869E-15
  8.288285313412698E+03   1.7894670E-15
  8.293163487047959E+03   2.0954297E-15
  8.298041628777310E+03   2.0020699E-15
  8.302919738487170E+03   1.7924837E-15
  8.307797816063972E+03   2.3798663E-15
  8.312675861394157E+03   2.2159646E-15
  8.317553874364166E+03   2.4668352E-15
  8.322431854860461E+03   2.6614855E-15
  8.327309802769494E+03   2.7996353E-15
  8.332187717977740E+03   2.8367174E-15
  8.337065600371672E+03   2.7268263E-15
  8.341943449837778E+03   2.6257511E-15
  8.346821266262548E+03   2.8197155E-15
  8.351699049532483E+03   2.5742032E-15
  8.356576799534087E+03   2.4523986E-15
  8.361454516153877E+03   2.7601943E-15
  8.366332199278379E+03   2.2292217E-15
  8.371209848794117E+03   2.5914626E-15
  8.376087464587636E+03   2.5426942E-15
  8.380965046545480E+03   2.7952502E-15
  8.385842594554202E+03   3.1230327E-15
  8.390720108500367E+03   2.7679715E-15
  8.395597588270544E+03   2.9272580E-15
  8.400475033751311E+03   3.8906138E-15
  8.405352444829252E+03   3.3617073E-15
  8.410229821390967E+03   3.1598136E-15
  8.415107163323051E+03   2.9727839E-15
  8.419984470512120E+03   3.2423284E-15
  8.424861742844791E+03   3.1519911E-15
  8.429738980207689E+03   3.6620203E-15
  8.434616182487449E+03   3.4220432E-15
  8.439493349570717E+03   3.9221907E-15
  8.444370481344140E+03   3.8670641E-15
  8.449247577694379E+03   3.8862096E-15
  8.454124638508105E+03   3.8640025E-15
  8.459001663671987E+03   4.2511703E-15
  8.463878653072716E+03   4.4096794E-15
  8.468755606596978E+03   4.7861715E-15
  8.473632524131479E+03   4.7919733E-15
  8.478509405562929E+03   4.7114992E-15
  8.483386250778040E+03   4.4584511E-15
  8.488263059663543E+03   4.8886519E-15
  8.493139832106170E+03   5.1334762E-15
  8.498016567992667E+03   5.3141255E-15
  8.502893267209784E+03   5.8331136E-15
  8.507769929644281E+03   6.2135550E-15
  8.512646555182924E+03   6.4347238E-15
  8.517523143712497E+03   7.1702660E-15
  8.522399695119782E+03   7.8606775E-15
  8.527276209291573E+03   7.6616688E-15
  8.532152686114674E+03   8.2237387E-15
  8.537029125475898E+03   8.5578551E-15
  8.541905527262064E+03   9.8624349E-15
  8.546781891360002E+03   9.4088894E-15
  8.551658217656553E+03   9.3070735E-15
  8.556534506038561E+03   9.6489487E-15
  8.561410756392883E+03   9.6303885E-15
  8.566286968606382E+03   9.2932880E-15
  8.571163142565934E+03   9.4402127E-15
  8.576039278158421E+03   9.5437930E-15
  8.580915375270735E+03   9.6831011E-15
  8.585791433789776E+03   9.9580641E-15
  8.590667453602453E+03   1.0153702E-14
  8.595543434595684E+03   1.0055870E-14
  8.600419376656397E+03   1.0414818E-14
  8.605295279671529E+03   1.0488370E-14
  8.610171143528025E+03   1.0025986E-14
  8.615046968112840E+03   1.1131141E-14
  8.619922753312940E+03   1.0870186E-14
  8.624798499015295E+03   1.0744573E-14
  8.629674205106889E+03   1.1321131E-14
  8.634549871474712E+03   1.1062545E-14
  8.639425498005767E+03   1.0549734E-14
  8.644301084587061E+03   9.6667694E-15
  8.649176631105616E+03   9.5392783E-15
  8.654052137448462E+03   9.7102019E-15
  8.658927603502631E+03   9.5818756E-15
  8.663803029155177E+03   1.0266159E-14
  8.668678414293152E+03   1.0415458E-14
  8.673553758803624E+03   1.0573827E-14
  8.678429062573670E+03   1.0707954E-14
  8.683304325490373E+03   1.1166260E-14
  8.688179547440828E+03   1.1315545E-14
  8.693054728312140E+03   1.1568496E-14
  8.697929867991423E+03   1.1137369E-14
  8.702804966365800E+03   1.0441619E-14
  8.707680023322402E+03   1.0274349E-14
  8.712555038748376E+03   9.7320774E-15
  8.717430012530869E+03   1.0277820E-14
  8.722304944557047E+03   1.0372169E-14
  8.727179834714079E+03   1.0001801E-14
  8.732054682889147E+03   1.0736790E-14
  8.736929488969441E+03   1.1066631E-14
  8.741804252842165E+03   1.1376167E-14
  8.746678974394526E+03   1.1191796E-14
  8.751553653513749E+03   1.1484199E-14
  8.756428290087060E+03   1.1296837E-14
  8.761302884001703E+03   1.0233362E-14
  8.766177435144924E+03   1.0062413E-14
  8.771051943403987E+03   1.0137489E-14
  8.775926408666161E+03   1.0320758E-14
  8.780800830818725E+03   1.0565493E-14
  8.785675209748970E+03   1.0794149E-14
  8.790549545344194E+03   1.0715661E-14
  8.795423837491711E+03   1.0322261E-14
  8.800298086078841E+03   1.0936990E-14
  8.805172290992912E+03   1.0638394E-14
  8.810046452121265E+03   1.1262822E-14
  8.814920569351252E+03   1.1311109E-14
  8.819794642570234E+03   1.1230634E-14
  8.824668671665580E+03   1.0970267E-14
  8.829542656524676E+03   1.0432264E-14
  8.834416597034908E+03   1.0366692E-14
  8.839290493083681E+03   1.0040259E-14
  8.844164344558409E+03   1.0155550E-14
  8.849038151346513E+03   1.0396750E-14
  8.853911913335425E+03   1.0330730E-14
  8.858785630412591E+03   9.3896448E-15
  8.863659302465461E+03   9.6190933E-15
  8.868532929381505E+03   9.7455325E-15
  8.873406511048192E+03   1.0698804E-14
  8.878280047353011E+03   1.0612994E-14
  8.883153538183456E+03   1.0447368E-14
  8.888026983427038E+03   1.0058376E-14
  8.892900382971269E+03   9.5106968E-15
  8.897773736703677E+03   9.3703054E-15
  8.902647044511801E+03   9.1464413E-15
  8.907520306283192E+03   9.1334419E-15
  8.912393521905407E+03   9.4427987E-15
  8.917266691266019E+03   9.4361393E-15
  8.922139814252603E+03   9.6292645E-15
  8.927012890752760E+03   9.2235273E-15
  8.931885920654086E+03   9.3498927E-15
  8.936758903844195E+03   8.4516854E-15
  8.941631840210712E+03   8.6935481E-15
  8.946504729641276E+03   7.5620137E-15
  8.951377572023528E+03   8.3206850E-15
  8.956250367245126E+03   7.9846569E-15
  8.961123115193737E+03   8.0407796E-15
  8.965995815757042E+03   7.9435690E-15
  8.970868468822731E+03   7.6578665E-15
  8.975741074278505E+03   7.9250368E-15
  8.980613632012071E+03   7.7306376E-15
  8.985486141911160E+03   7.7124679E-15
  8.990358603863499E+03   8.0572408E-15
  8.995231017756836E+03   7.7190155E-15
  9.000103383478929E+03   7.5390151E-15
  9.004975700917541E+03   7.2348464E-15
  9.009847969960454E+03   6.7841046E-15
  9.014720190495456E+03   6.3823416E-15
  9.019592362410353E+03   6.2748459E-15
  9.024464485592949E+03   6.7603228E-15
  9.029336559931075E+03   7.1333024E-15
  9.034208585312561E+03   7.0716964E-15
  9.039080561625256E+03   6.6935487E-15
  9.043952488757019E+03   7.1289105E-15
  9.048824366595716E+03   7.2762011E-15
  9.053696195029228E+03   7.4562023E-15
  9.058567973945448E+03   7.4569426E-15
  9.063439703232281E+03   7.1401930E-15
  9.068311382777640E+03   6.1521502E-15
  9.073183012469452E+03   5.7668853E-15
  9.078054592195651E+03   6.3356273E-15
  9.082926121844193E+03   5.9116687E-15
  9.087797601303035E+03   6.5273426E-15
  9.092669030460151E+03   6.6487783E-15
  9.097540409203526E+03   6.4227188E-15
  9.102411737421156E+03   6.1955738E-15
  9.107283015001049E+03   6.1789918E-15
  9.112154241831224E+03   6.9320029E-15
  9.117025417799710E+03   7.4581454E-15
  9.121896542794555E+03   7.6303269E-15
  9.126767616703808E+03   7.8316920E-15
  9.131638639415542E+03   7.7652008E-15
  9.136509610817831E+03   7.2814137E-15
  9.141380530798766E+03   7.5775728E-15
  9.146251399246452E+03   7.0534479E-15
  9.151122216049000E+03   6.3745794E-15
  9.155992981094536E+03   5.9503209E-15
  9.160863694271202E+03   5.8652322E-15
  9.165734355467144E+03   5.5996471E-15
  9.170604964570528E+03   6.1419015E-15
  9.175475521469523E+03   6.4801921E-15
  9.180346026052319E+03   6.4906568E-15
  9.185216478207114E+03   6.9290175E-15
  9.190086877822119E+03   7.2567557E-15
  9.194957224785558E+03   7.0941169E-15
  9.199827518985661E+03   7.3275905E-15
  9.204697760310679E+03   6.5057949E-15
  9.209567948648870E+03   5.8872983E-15
  9.214438083888504E+03   5.4370261E-15
  9.219308165917870E+03   4.9180181E-15
  9.224178194625256E+03   5.3388893E-15
  9.229048169898979E+03   5.2560372E-15
  9.233918091627353E+03   5.3551816E-15
  9.238787959698715E+03   5.8800218E-15
  9.243657774001409E+03   5.7645352E-15
  9.248527534423794E+03   6.3096793E-15
  9.253397240854239E+03   6.9165123E-15
  9.258266893181128E+03   6.8669317E-15
  9.263136491292857E+03   6.9412800E-15
  9.268006035077833E+03   6.7460791E-15
  9.272875524424475E+03   6.5280821E-15
  9.277744959221218E+03   6.7292859E-15
  9.282614339356509E+03   5.6132475E-15
  9.287483664718804E+03   5.1551996E-15
  9.292352935196574E+03   5.6007597E-15
  9.297222150678303E+03   5.0039810E-15
  9.302091311052485E+03   5.3117406E-15
  9.306960416207634E+03   4.9325676E-15
  9.311829466032270E+03   5.1344668E-15
  9.316698460414926E+03   5.3362491E-15
  9.321567399244150E+03   5.5756634E-15
  9.326436282408502E+03   5.4855675E-15
  9.331305109796554E+03   5.8487773E-15
  9.336173881296896E+03   5.9185423E-15
  9.341042596798121E+03   6.3274149E-15
  9.345911256188845E+03   6.1241981E-15
  9.350779859357692E+03   6.6316399E-15
  9.355648406193299E+03   6.4967855E-15
  9.360516896584315E+03   6.5566495E-15
  9.365385330419407E+03   7.1037879E-15
  9.370253707587250E+03   5.7326038E-15
  9.375122027976533E+03   5.1725359E-15
  9.379990291475960E+03   5.0685075E-15
  9.384858497974246E+03   4.7216814E-15
  9.389726647360121E+03   4.4983624E-15
  9.394594739522328E+03   4.9972229E-15
  9.399462774349622E+03   5.0512683E-15
  9.404330751730769E+03   6.0806174E-15
  9.409198671554555E+03   6.4056994E-15
  9.414066533709776E+03   6.8871283E-15
  9.418934338085235E+03   7.1869433E-15
  9.423802084569759E+03   6.8553502E-15
  9.428669773052181E+03   6.5351396E-15
  9.433537403421347E+03   5.4732495E-15
  9.438404975566125E+03   5.1714978E-15
  9.443272489375386E+03   4.9406322E-15
  9.448139944738019E+03   5.0435116E-15
  9.453007341542929E+03   5.0425400E-15
  9.457874679679029E+03   5.1773326E-15
  9.462741959035251E+03   5.5517292E-15
  9.467609179500534E+03   5.5753898E-15
  9.472476340963838E+03   5.9578277E-15
  9.477343443314132E+03   5.9699314E-15
  9.482210486440399E+03   6.4772114E-15
  9.487077470231636E+03   7.2809927E-15
  9.491944394576856E+03   7.0740905E-15
  9.496811259365079E+03   7.3553046E-15
  9.501678064485350E+03   7.6509716E-15
  9.506544809826715E+03   8.6228030E-15
  9.511411495278244E+03   8.0269721E-15
  9.516278120729014E+03   8.6446480E-15
  9.521144686068119E+03   8.4544730E-15
  9.526011191184667E+03   7.6860159E-15
  9.530877635967779E+03   7.4391050E-15
  9.535744020306591E+03   7.7257494E-15
  9.540610344090248E+03   6.9168787E-15
  9.545476607207918E+03   6.6726888E-15
  9.550342809548772E+03   6.2973003E-15
  9.555208951002007E+03   5.4917119E-15
  9.560075031456825E+03   5.5068780E-15
  9.564941050802443E+03   5.1906679E-15
  9.569807008928097E+03   5.5061703E-15
  9.574672905723031E+03   5.8233761E-15
  9.579538741076509E+03   5.8682743E-15
  9.584404514877804E+03   5.5651492E-15
  9.589270227016206E+03   5.2255267E-15
  9.594135877381021E+03   6.1118615E-15
  9.599001465861564E+03   6.5068935E-15
  9.603866992347164E+03   6.8184996E-15
  9.608732456727173E+03   6.8224497E-15
  9.613597858890949E+03   7.5402077E-15
  9.618463198727866E+03   7.1975278E-15
  9.623328476127315E+03   7.5767360E-15
  9.628193690978698E+03   7.5130306E-15
  9.633058843171433E+03   6.6906184E-15
  9.637923932594953E+03   6.5613832E-15
  9.642788959138703E+03   5.7963290E-15
  9.647653922692147E+03   5.4533006E-15
  9.652518823144757E+03   5.1355968E-15
  9.657383660386025E+03   4.8569509E-15
  9.662248434305457E+03   4.4743435E-15
  9.667113144792569E+03   4.1069460E-15
  9.671977791736897E+03   4.1746087E-15
  9.676842375027989E+03   4.2422404E-15
  9.681706894555406E+03   4.9507572E-15
  9.686571350208727E+03   5.1377686E-15
  9.691435741877543E+03   4.8915136E-15
  9.696300069451465E+03   5.9813909E-15
  9.701164332820110E+03   4.9695597E-15
  9.706028531873115E+03   6.4017984E-15
  9.710892666500133E+03   6.1953023E-15
  9.715756736590827E+03   5.8301180E-15
  9.720620742034882E+03   4.8027433E-15
  9.725484682721990E+03   4.6437192E-15
  9.730348558541862E+03   4.2212929E-15
  9.735212369384224E+03   4.8856140E-15
  9.740076115138816E+03   4.2719294E-15
  9.744939795695393E+03   4.5943092E-15
  9.749803410943723E+03   4.6766430E-15
  9.754666960773595E+03   4.1816039E-15
  9.759530445074806E+03   3.9833427E-15
  9.764393863737172E+03   4.3882600E-15
  9.769257216650525E+03   4.6739138E-15
  9.774120503704706E+03   5.2496400E-15
  9.778983724789579E+03   4.9680621E-15
  9.783846879795015E+03   5.7676379E-15
  9.788709968610910E+03   6.1476038E-15
  9.793572991127166E+03   6.1607137E-15
  9.798435947233706E+03   6.6296015E-15
  9.803298836820464E+03   6.9972985E-15
  9.808161659777392E+03   7.1758226E-15
  9.813024415994458E+03   6.7305276E-15
  9.817887105361642E+03   5.2286857E-15
  9.822749727768942E+03   5.9996237E-15
  9.827612283106371E+03   5.4974992E-15
  9.832474771263956E+03   4.9455099E-15
  9.837337192131743E+03   5.4018904E-15
  9.842199545599788E+03   4.9685424E-15
  9.847061831558165E+03   6.4611890E-14
  9.851924049896963E+03   5.1489388E-15
  9.856786200506291E+03   6.9500862E-15
  9.861648283276265E+03   8.0382342E-15
  9.866510298097024E+03   8.2713233E-15
  9.871372244858720E+03   8.5831797E-15
  9.876234123451515E+03   7.9555359E-15
  9.881095933765599E+03   8.4340494E-15
  9.885957675691167E+03   8.0134916E-15
  9.890819349118434E+03   7.3919947E-15
  9.895680953937628E+03   6.1925139E-15
  9.900542490038993E+03   5.6816950E-15
  9.905403957312798E+03   6.0034019E-15
  9.910265355649311E+03   6.9700778E-15
  9.915126684938830E+03   6.4800219E-15
  9.919987945071662E+03   6.4264669E-15
  9.924849135938131E+03   7.3061437E-15
  9.929710257428578E+03   8.2857102E-15
  9.934571309433357E+03   8.1612599E-15
  9.939432291842842E+03   9.6985544E-15
  9.944293204547419E+03   9.4200897E-15
  9.949154047437494E+03   9.5171936E-15
  9.954014820403487E+03   9.2367588E-15
  9.958875523335830E+03   8.9270674E-15
  9.963736156124976E+03   8.0662228E-15
  9.968596718661394E+03   6.8181273E-15
  9.973457210835568E+03   8.2654187E-15
  9.978317632537995E+03   6.5138346E-15
  9.983177983659198E+03   6.6042858E-15
  9.988038264089699E+03   6.9547809E-15
  9.992898473720054E+03   7.6491336E-15
  9.997758612440823E+03   7.6932284E-15
  1.000261868014259E+04   9.3158251E-15
  1.000747867671594E+04   9.5188919E-15
  1.001233860205151E+04   9.2076937E-15
  1.001719845603991E+04   8.8873941E-15
  1.002205823857179E+04   7.7286318E-15
  1.002691794953781E+04   7.0735916E-15
  1.003177758882865E+04   7.3963950E-15
  1.003663715633501E+04   6.3376110E-15
  1.004149665194759E+04   7.0667832E-15
  1.004635607555713E+04   6.6880976E-15
  1.005121542705436E+04   6.3870799E-15
  1.005607470633005E+04   8.0270390E-15
  1.006093391327498E+04   8.1740704E-15
  1.006579304777993E+04   8.3902832E-15
  1.007065210973572E+04   9.8137330E-15
  1.007551109903317E+04   7.9481913E-15
  1.008037001556313E+04   8.8607083E-15
  1.008522885921645E+04   9.7566778E-15
  1.009008762988402E+04   8.6315453E-15
  1.009494632745672E+04   8.9170843E-15
  1.009980495182546E+04   9.0753888E-15
  1.010466350288117E+04   8.1941129E-15
  1.010952198051479E+04   8.6852582E-15
  1.011438038461729E+04   7.5034651E-15
  1.011923871507963E+04   8.1142097E-15
  1.012409697179281E+04   7.6906551E-15
  1.012895515464784E+04   7.5077841E-15
  1.013381326353575E+04   5.1172661E-15
  1.013867129834758E+04   6.5143733E-15
  1.014352925897439E+04   6.9525964E-15
  1.014838714530726E+04   4.4391464E-15
  1.015324495723728E+04   5.9913427E-15
  1.015810269465556E+04   5.7061755E-15
  1.016296035745323E+04   4.7813875E-15
  1.016781794552144E+04   4.3447594E-15
  1.017267545875135E+04   7.1347127E-15
  1.017753289703414E+04   6.8311242E-15
  1.018239026026099E+04   5.0536963E-15
  1.018724754832314E+04   5.9755079E-15
  1.019210476111180E+04   6.3961707E-15
  1.019696189851822E+04   7.7964216E-15
  1.020181896043368E+04   5.7057465E-15
  1.020667594674944E+04   7.9136577E-15
  1.021153285735681E+04   6.8804770E-15
  1.021638969214711E+04   7.4512853E-15
  1.022124645101167E+04   8.1601401E-15
  1.022610313384184E+04   6.7088609E-15
  1.023095974052898E+04   1.0465588E-14
