

  1.570819483337010E+03   0.0000000E+00   0.0000000E+00   2564
  1.572363016751366E+03   0.0000000E+00   0.0000000E+00   2564
  1.573906559238863E+03   0.0000000E+00   0.0000000E+00   2564
  1.575450110799660E+03   0.0000000E+00   0.0000000E+00   2564
  1.576993671433918E+03   0.0000000E+00   0.0000000E+00   2560
  1.578537241141796E+03   0.0000000E+00   0.0000000E+00    512
  1.580080819923455E+03   1.2192573E-14   2.0677308E-13      0
  1.581624407779054E+03   6.4828927E-14   6.4684850E-14      0
  1.583168004708753E+03   2.5067788E-14   3.5229157E-14      0
  1.584711610712713E+03   1.1996439E-15   1.9725342E-14      0
  1.586255225791093E+03  -3.5057399E-14   1.3826598E-14      0
  1.587798849944055E+03  -2.8338751E-14   1.0901372E-14      0
  1.589342483171756E+03   3.4921470E-15   1.3239125E-14      0
  1.590886125474359E+03   1.7706629E-15   1.1479218E-14      0
  1.592429776852022E+03  -8.3240647E-15   8.5457747E-15      0
  1.593973437304906E+03   1.2276166E-14   1.0210875E-14      0
  1.595517106833171E+03  -4.5006570E-15   7.0174554E-15      0
  1.597060785436976E+03  -5.7353880E-15   5.8641141E-15      0
  1.598604473116483E+03  -6.8373876E-15   5.2026060E-15      0
  1.600148169871851E+03   2.7732890E-15   5.6562069E-15      0
  1.601691875703240E+03  -3.0622416E-15   4.4653654E-15      0
  1.603235590610810E+03  -3.6439010E-15   3.8574630E-15      0
  1.604779314594721E+03  -7.2339138E-15   2.7918577E-15      0
  1.606323047655134E+03  -6.1495117E-15   2.6908852E-15      0
  1.607866789792209E+03  -5.6189896E-15   2.4085215E-15      0
  1.609410541006105E+03   3.0125817E-15   3.3504081E-15      0
  1.610954301296983E+03  -3.4756551E-15   2.2855477E-15      0
  1.612498070665003E+03  -2.2574699E-15   2.2258006E-15      0
  1.614041849110324E+03  -9.6967411E-16   2.2634016E-15      0
  1.615585636633108E+03  -1.1285367E-15   1.9988612E-15      0
  1.617129433233514E+03   5.0666761E-17   2.0291125E-15      0
  1.618673238911702E+03  -1.4660558E-15   1.7162339E-15      0
  1.620217053667833E+03  -5.2550300E-16   1.7401158E-15      0
  1.621760877502067E+03  -2.0790610E-15   1.3515546E-15      0
  1.623304710414563E+03  -2.3983943E-15   1.2291928E-15      0
  1.624848552405482E+03   2.1731722E-16   1.5207942E-15      0
  1.626392403474985E+03   1.9779409E-15   1.6488494E-15      0
  1.627936263623230E+03  -9.2842233E-16   1.1674721E-15      0
  1.629480132850379E+03  -1.8742726E-15   9.9188310E-16      0
  1.631024011156592E+03  -1.1926608E-15   1.0260940E-15      0
  1.632567898542028E+03  -1.5439879E-16   1.1127343E-15      0
  1.634111795006849E+03   2.4630930E-15   1.3864486E-15      0
  1.635655700551213E+03  -1.0345997E-15   8.9761500E-16      0
  1.637199615175283E+03   1.0463803E-17   9.8979506E-16      0
  1.638743538879216E+03  -9.1588180E-16   8.2554409E-16      0
  1.640287471663174E+03  -1.1739796E-15   7.5031873E-16      0
  1.641831413527317E+03  -8.2174563E-16   7.6602515E-16      0
  1.643375364471805E+03  -6.6822244E-16   7.7404851E-16      0
  1.644919324496799E+03   9.8912738E-16   9.5553639E-16      0
  1.646463293602458E+03  -3.0201171E-16   7.5646998E-16      0
  1.648007271788943E+03  -7.5488873E-16   6.5648600E-16      0
  1.649551259056414E+03  -1.4527060E-16   7.4547783E-16      0
  1.651095255405032E+03   5.1590463E-16   8.0481386E-16      0
  1.652639260834955E+03   1.0595927E-15   8.5320962E-16      0
  1.654183275346346E+03   8.0950409E-18   7.0171777E-16      0
  1.655727298939364E+03   9.7607556E-16   7.9744054E-16      0
  1.657271331614168E+03   2.9584179E-16   7.0126122E-16      0
  1.658815373370921E+03   8.4519403E-17   6.4849832E-16      0
  1.660359424209781E+03  -1.0639402E-15   4.5538768E-16      0
  1.661903484130909E+03  -4.5588398E-16   5.4868576E-16      0
  1.663447553134465E+03  -1.0170510E-16   5.9189884E-16      0
  1.664991631220610E+03  -4.2264551E-16   5.2695349E-16      0
  1.666535718389504E+03  -5.1877946E-16   4.9215658E-16      0
  1.668079814641307E+03   3.5117380E-16   6.1808132E-16      0
  1.669623919976179E+03   1.7880134E-16   5.8235924E-16      0
  1.671168034394281E+03   9.4301618E-16   6.5010128E-16      0
  1.672712157895773E+03   5.2428629E-16   5.9653883E-16      0
  1.674256290480816E+03   2.6641142E-16   5.5918050E-16      0
  1.675800432149568E+03  -5.5887017E-16   4.2460089E-16      0
  1.677344582902192E+03  -6.8008805E-16   3.9964979E-16      0
  1.678888742738848E+03  -2.1118403E-16   4.6567325E-16      0
  1.680432911659695E+03   7.3895599E-16   5.6939720E-16      0
  1.681977089664893E+03   4.3196854E-16   5.3718877E-16      0
  1.683521276754604E+03  -8.3260705E-17   4.4940863E-16      0
  1.685065472928988E+03   5.3330882E-18   4.6652833E-16      0
  1.686609678188204E+03  -3.3651325E-16   4.0439571E-16      0
  1.688153892532414E+03  -4.4396136E-16   3.8376516E-16      0
  1.689698115961777E+03   2.4800246E-16   4.6847666E-16      0
  1.691242348476454E+03  -2.4207471E-16   4.0156779E-16      0
  1.692786590076606E+03   4.8411649E-16   4.9034848E-16      0
  1.694330840762393E+03   5.0004283E-16   4.8104907E-16      0
  1.695875100533974E+03  -6.0517629E-16   3.2707026E-16      0
  1.697419369391510E+03   3.2610337E-16   4.6342258E-16      0
  1.698963647335163E+03   5.5884686E-17   4.1154597E-16      0
  1.700507934365092E+03  -4.3200303E-16   3.3397395E-16      0
  1.702052230481457E+03   5.6577275E-16   4.6638418E-16      0
  1.703596535684420E+03   3.4141765E-16   4.3379800E-16      0
  1.705140849974140E+03  -3.5904895E-16   3.2888759E-16      0
  1.706685173350777E+03   5.0281257E-16   4.4295747E-16      0
  1.708229505814493E+03  -9.2500908E-17   3.6221855E-16      0
  1.709773847365447E+03   3.9199533E-16   4.2366809E-16      0
  1.711318198003801E+03  -5.8834882E-17   3.5968092E-16      0
  1.712862557729714E+03   2.8069473E-16   4.0006560E-16      0
  1.714406926543346E+03   8.1961184E-16   4.4775670E-16      0
  1.715951304444859E+03   3.0594372E-16   3.9545017E-16      0
  1.717495691434413E+03  -1.2443038E-16   3.2975104E-16      0
  1.719040087512168E+03  -1.7398327E-16   3.1999658E-16      0
  1.720584492678284E+03  -2.2304590E-16   3.0638092E-16      0
  1.722128906932923E+03   1.8721486E-16   3.6151634E-16      0
  1.723673330276244E+03  -3.1642855E-18   3.2913120E-16      0
  1.725217762708408E+03   2.8743104E-17   3.3790987E-16      0
  1.726762204229575E+03  -4.0700227E-16   2.6155387E-16      0
  1.728306654839907E+03  -1.4133568E-16   3.0913664E-16      0
  1.729851114539563E+03   4.4448239E-16   3.7472984E-16      0
  1.731395583328703E+03  -2.5979538E-16   2.7440408E-16      0
  1.732940061207489E+03   1.9770821E-16   3.3509129E-16      0
  1.734484548176081E+03   6.2229774E-18   3.1670255E-16      0
  1.736029044234639E+03  -1.0116152E-16   2.9389388E-16      0
  1.737573549383324E+03   9.6373285E-17   3.1303699E-16      0
  1.739118063622297E+03  -4.2861012E-17   2.9982941E-16      0
  1.740662586951717E+03   3.1050595E-16   3.3287453E-16      0
  1.742207119371745E+03  -1.5652265E-18   2.8982156E-16      0
  1.743751660882543E+03  -7.1727121E-17   2.8518061E-16      0
  1.745296211484269E+03   2.3082132E-16   3.1716453E-16      0
  1.746840771177086E+03  -1.8174382E-16   2.5843012E-16      0
  1.748385339961153E+03   6.4719659E-16   3.6412967E-16      0
  1.749929917836631E+03   2.4788303E-16   3.1211438E-16      0
  1.751474504803680E+03   2.4793094E-16   3.1250079E-16      0
  1.753019100862462E+03   6.7988972E-17   2.8357017E-16      0
  1.754563706013136E+03   3.9100002E-16   3.1981211E-16      0
  1.756108320255863E+03  -1.4562394E-17   2.6807370E-16      0
  1.757652943590805E+03  -5.0792357E-16   1.8321683E-16      0
  1.759197576018120E+03  -2.3444101E-16   2.2791798E-16      0
  1.760742217537970E+03   6.5881826E-16   3.4244195E-16      0
  1.762286868150516E+03  -2.1347242E-16   2.3170621E-16      0
  1.763831527855917E+03  -1.6330413E-16   2.3088877E-16      0
  1.765376196654335E+03  -6.3155379E-17   2.4700513E-16      0
  1.766920874545931E+03   2.5537284E-16   2.8597325E-16      0
  1.768465561530864E+03   7.7840290E-17   2.6013083E-16      0
  1.770010257609295E+03  -2.2079751E-16   2.1584638E-16      0
  1.771554962781385E+03   3.0886216E-17   2.4984963E-16      0
  1.773099677047295E+03   5.0117145E-16   3.0778798E-16      0
  1.774644400407186E+03   1.2548600E-16   2.5620219E-16      0
  1.776189132861217E+03   6.4045178E-19   2.4040148E-16      0
  1.777733874409549E+03   6.8804534E-16   3.2395299E-16      0
  1.779278625052343E+03   3.9030163E-17   2.3798521E-16      0
  1.780823384789760E+03   1.3842476E-16   2.5476356E-16      0
  1.782368153621960E+03   2.5696841E-16   2.6311596E-16      0
  1.783912931549105E+03  -4.1562011E-16   1.6385398E-16      0
  1.785457718571353E+03  -6.2318580E-16   1.1029611E-16      0
  1.787002514688867E+03   4.9904090E-16   2.8442514E-16      0
  1.788547319901807E+03   2.7726186E-16   2.5926461E-16      0
  1.790092134210333E+03   1.1122705E-16   2.3980170E-16      0
  1.791636957614607E+03   2.0867379E-16   2.4882927E-16      0
  1.793181790114788E+03  -3.0568895E-16   1.7108215E-16      0
  1.794726631711038E+03   7.9938093E-17   2.2465574E-16      0
  1.796271482403517E+03   3.4577807E-16   2.6566916E-16      0
  1.797816342192386E+03   6.4884571E-16   2.8933192E-16      0
  1.799361211077806E+03  -1.2029263E-16   1.9303054E-16      0
  1.800906089059937E+03   2.5887709E-17   2.1577545E-16      0
  1.802450976138939E+03  -2.0692673E-16   1.7625678E-16      0
  1.803995872314975E+03  -1.0428615E-16   1.9225446E-16      0
  1.805540777588204E+03  -9.2254977E-17   1.9237022E-16      0
  1.807085691958787E+03   4.5362221E-17   2.0811892E-16      0
  1.808630615426885E+03   2.4281761E-16   2.3390434E-16      0
  1.810175547992658E+03   1.1882993E-16   2.1572193E-16      0
  1.811720489656267E+03   1.1024058E-16   2.1489558E-16      0
  1.813265440417874E+03  -5.4688669E-17   1.8648723E-16      0
  1.814810400277638E+03   1.9627631E-17   1.9617762E-16      0
  1.816355369235720E+03  -1.1655662E-16   1.7798469E-16      0
  1.817900347292282E+03   1.2382368E-16   2.0823416E-16      0
  1.819445334447484E+03   1.6954712E-16   2.0967668E-16      0
  1.820990330701486E+03  -5.4517489E-17   1.8469806E-16      0
  1.822535336054450E+03   2.5781007E-16   2.1744729E-16      0
  1.824080350506536E+03   1.0178887E-16   2.0017972E-16      0
  1.825625374057905E+03   1.6274597E-16   2.0625432E-16      0
  1.827170406708717E+03   6.2417990E-17   1.9032813E-16      0
  1.828715448459134E+03  -2.0578119E-16   1.5037664E-16      0
  1.830260499309317E+03   1.0064561E-16   1.9468465E-16      0
  1.831805559259426E+03  -2.5777911E-17   1.7475620E-16      0
  1.833350628309621E+03   4.0922621E-16   2.2790078E-16      0
  1.834895706460064E+03   2.9128116E-16   2.1825736E-16      0
  1.836440793710915E+03   1.6376384E-16   1.9662163E-16      0
  1.837985890062336E+03  -1.1190256E-17   1.7371808E-16      0
  1.839530995514487E+03   2.0675586E-16   2.0324320E-16      0
  1.841076110067529E+03   3.1481737E-16   2.1370555E-16      0
  1.842621233721622E+03   4.8597176E-16   2.3155345E-16      0
  1.844166366476928E+03   1.8900530E-16   1.9638086E-16      0
  1.845711508333607E+03   3.5299301E-16   2.0988489E-16      0
  1.847256659291821E+03   3.3369085E-16   2.0991024E-16      0
  1.848801819351729E+03  -3.2299431E-17   1.6128725E-16      0
  1.850346988513493E+03   2.9992214E-16   2.0411533E-16      0
  1.851892166777274E+03  -1.8682964E-17   1.6275843E-16      0
  1.853437354143233E+03   1.4640483E-16   1.8343450E-16      0
  1.854982550611530E+03   9.6726736E-17   1.7641338E-16      0
  1.856527756182326E+03   5.5571125E-17   1.7094344E-16      0
  1.858072970855783E+03   3.8931003E-16   2.0829558E-16      0
  1.859618194632060E+03   1.1337413E-16   1.7799593E-16      0
  1.861163427511320E+03   4.1410909E-16   2.1147182E-16      0
  1.862708669493722E+03   4.4469076E-16   2.1170828E-16      0
  1.864253920579428E+03  -7.4603903E-17   1.4806348E-16      0
  1.865799180768598E+03   1.9742129E-16   1.8170621E-16      0
  1.867344450061394E+03   1.9316496E-16   1.8254514E-16      0
  1.868889728457976E+03   2.7059923E-16   1.8852444E-16      0
  1.870435015958506E+03   4.6729904E-17   1.6226924E-16      0
  1.871980312563143E+03   1.1201176E-16   1.7147687E-16      0
  1.873525618272050E+03  -1.3618601E-16   1.3160515E-16      0
  1.875070933085387E+03  -4.8756543E-17   1.4857235E-16      0
  1.876616257003314E+03  -8.4986171E-17   1.4029948E-16      0
  1.878161590025993E+03   3.5487065E-16   1.9396927E-16      0
  1.879706932153586E+03  -6.8641743E-17   1.4080749E-16      0
  1.881252283386252E+03   2.4654969E-16   1.8053894E-16      0
  1.882797643724152E+03   3.6504500E-16   1.9368044E-16      0
  1.884343013167448E+03   1.2568988E-16   1.6495499E-16      0
  1.885888391716301E+03  -2.9718638E-16   9.6598470E-17      0
  1.887433779370871E+03   4.7086789E-16   2.0217938E-16      0
  1.888979176131319E+03  -1.0855438E-17   1.4393583E-16      0
  1.890524581997807E+03   2.0441531E-16   1.6998375E-16      0
  1.892069996970496E+03   2.2207137E-16   1.7360118E-16      0
  1.893615421049545E+03   4.5019411E-17   1.4761999E-16      0
  1.895160854235118E+03   1.1590759E-16   1.5968134E-16      0
  1.896706296527373E+03   3.1579117E-16   1.7849864E-16      0
  1.898251747926473E+03   3.5109959E-17   1.4585497E-16      0
  1.899797208432578E+03  -2.1022988E-16   1.0616929E-16      0
  1.901342678045849E+03   1.9089457E-16   1.6336687E-16      0
  1.902888156766448E+03   2.5096284E-16   1.7193141E-16      0
  1.904433644594535E+03   3.2737736E-16   1.7577220E-16      0
  1.905979141530272E+03   2.4253584E-16   1.6995645E-16      0
  1.907524647573819E+03   1.7582895E-16   1.5607653E-16      0
  1.909070162725337E+03   1.4846236E-16   1.5557833E-16      0
  1.910615686984987E+03   6.1036882E-16   2.0282110E-16      0
  1.912161220352931E+03   1.5785224E-16   1.5315835E-16      0
  1.913706762829330E+03   2.4791582E-16   1.6420186E-16      0
  1.915252314414344E+03  -1.1940425E-16   1.1289605E-16      0
  1.916797875108135E+03  -3.9282834E-17   1.2860791E-16      0
  1.918343444910863E+03   2.4973345E-16   1.6229462E-16      0
  1.919889023822690E+03   1.3444831E-16   1.4972383E-16      0
  1.921434611843776E+03   1.2684799E-16   1.4488447E-16      0
  1.922980208974284E+03   1.4199183E-16   1.4676903E-16      0
  1.924525815214373E+03   7.7348170E-18   1.2858449E-16      0
  1.926071430564205E+03  -1.6082223E-16   1.0288290E-16      0
  1.927617055023942E+03   3.9748067E-17   1.3287481E-16      0
  1.929162688593743E+03   3.1777550E-16   1.6330689E-16      0
  1.930708331273770E+03   5.8667778E-17   1.3384905E-16      0
  1.932253983064185E+03   1.5790888E-17   1.2689439E-16      0
  1.933799643965148E+03  -1.6383982E-16   9.9998817E-17      0
  1.935345313976821E+03   2.7783677E-17   1.2784168E-16      0
  1.936890993099364E+03   1.8657169E-16   1.4633888E-16      0
  1.938436681332939E+03   8.7904199E-17   1.3554628E-16      0
  1.939982378677707E+03   5.2717015E-17   1.3121305E-16      0
  1.941528085133829E+03   9.2081375E-17   1.3592426E-16      0
  1.943073800701466E+03   2.8241005E-16   1.5556761E-16      0
  1.944619525380779E+03   9.1879550E-18   1.2203120E-16      0
  1.946165259171929E+03   1.4240534E-16   1.4017973E-16      0
  1.947711002075078E+03   4.9731554E-17   1.2575238E-16      0
  1.949256754090387E+03   1.0701631E-16   1.3660078E-16      0
  1.950802515218016E+03   7.0118397E-18   1.1886509E-16      0
  1.952348285458127E+03   8.7136686E-18   1.1983961E-16      0
  1.953894064810881E+03   1.7280123E-16   1.4220990E-16      0
  1.955439853276440E+03   1.8769038E-16   1.3924069E-16      0
  1.956985650854964E+03   3.2078402E-17   1.2408767E-16      0
  1.958531457546615E+03  -7.5791125E-17   1.0763040E-16      0
  1.960077273351553E+03   1.7585890E-16   1.3991375E-16      0
  1.961623098269941E+03   2.2337601E-16   1.4423315E-16      0
  1.963168932301938E+03  -8.4486540E-17   1.0389925E-16      0
  1.964714775447707E+03   1.5792678E-16   1.3351816E-16      0
  1.966260627707409E+03   9.8647456E-17   1.2754308E-16      0
  1.967806489081204E+03   8.6093645E-18   1.1672667E-16      0
  1.969352359569254E+03   2.1350615E-17   1.1376518E-16      0
  1.970898239171720E+03   1.4000334E-16   1.3241280E-16      0
  1.972444127888764E+03   1.6423842E-16   1.3223346E-16      0
  1.973990025720546E+03   1.5003706E-17   1.1351487E-16      0
  1.975535932667228E+03   1.0081428E-16   1.2563853E-16      0
  1.977081848728972E+03  -9.8280512E-17   9.3522880E-17      0
  1.978627773905937E+03   1.8731354E-16   1.3475942E-16      0
  1.980173708198286E+03  -4.4214971E-17   1.0144033E-16      0
  1.981719651606180E+03  -4.7445962E-17   1.0204803E-16      0
  1.983265604129779E+03   8.2106100E-17   1.2014704E-16      0
  1.984811565769247E+03  -7.4251914E-17   9.6520648E-17      0
  1.986357536524742E+03  -1.3339676E-16   8.6018671E-17      0
  1.987903516396428E+03   8.0779190E-17   1.1826769E-16      0
  1.989449505384465E+03   1.8329478E-16   1.2870858E-16      0
  1.990995503489014E+03  -5.3525365E-17   9.6697744E-17      0
  1.992541510710236E+03   5.5195574E-18   1.0612372E-16      0
  1.994087527048294E+03  -1.5767186E-17   1.0155570E-16      0
  1.995633552503348E+03   2.6224087E-16   1.3631767E-16      0
  1.997179587075559E+03  -1.8821937E-17   1.0036713E-16      0
  1.998725630765089E+03   4.1419292E-17   1.0835769E-16      0
  2.000271683572099E+03  -5.0144930E-17   9.4619311E-17      0
  2.001817745496751E+03  -3.2889111E-17   9.7566205E-17      0
  2.003363816539205E+03  -8.2653812E-17   8.9340707E-17      0
  2.004909896699623E+03  -1.4849311E-16   7.6145608E-17      0
  2.006455985978167E+03   6.2702448E-17   1.1047838E-16      0
  2.008002084374998E+03   2.5540254E-17   1.0266910E-16      0
  2.009548191890276E+03   2.4779695E-16   1.3057331E-16      0
  2.011094308524164E+03   1.5353698E-16   1.1811074E-16      0
  2.012640434276822E+03   1.1309780E-16   1.1017049E-16      0
  2.014186569148413E+03  -1.2686207E-16   7.8129260E-17      0
  2.015732713139097E+03   3.6060120E-18   9.6975995E-17      0
  2.017278866249035E+03  -5.1915844E-17   8.8515466E-17      0
  2.018825028478390E+03   1.1129084E-16   1.1083775E-16      0
  2.020371199827322E+03  -1.8525830E-17   9.1078290E-17      0
  2.021917380295994E+03   2.3419132E-16   1.2402831E-16      0
  2.023463569884565E+03   1.5971435E-16   1.1590140E-16      0
  2.025009768593198E+03  -1.1162957E-16   7.6369715E-17      0
  2.026555976422054E+03   4.8458758E-17   1.0047629E-16      0
  2.028102193371294E+03  -6.8808907E-17   8.3095620E-17      0
  2.029648419441080E+03  -1.9152798E-16   5.9631894E-17      0
  2.031194654631573E+03  -1.1226614E-16   7.5327705E-17      0
  2.032740898942935E+03  -3.9278129E-17   8.6743969E-17      0
  2.034287152375327E+03   1.0452324E-16   1.0577425E-16      0
  2.035833414928910E+03   2.4357145E-17   9.3949109E-17      0
  2.037379686603846E+03   1.5625972E-16   1.1153380E-16      0
  2.038925967400296E+03   2.8914608E-17   9.5955062E-17      0
  2.040472257318422E+03   2.0124416E-16   1.1574090E-16      0
  2.042018556358385E+03   1.2672374E-16   1.0616786E-16      0
  2.043564864520346E+03   2.1978242E-17   9.1942025E-17      0
  2.045111181804467E+03   2.3973368E-17   9.2630511E-17      0
  2.046657508210910E+03   9.9711435E-17   1.0300213E-16      0
  2.048203843739836E+03   5.6527445E-17   9.5297136E-17      0
  2.049750188391405E+03   7.2826642E-17   9.9788012E-17      0
  2.051296542165781E+03   7.8776466E-17   9.7190354E-17      0
  2.052842905063124E+03  -2.2577186E-18   8.6412720E-17      0
  2.054389277083595E+03   7.7346390E-17   9.8993356E-17      0
  2.055935658227357E+03   4.0895611E-17   9.1192394E-17      0
  2.057482048494570E+03  -1.2513923E-16   6.7024963E-17      0
  2.059028447885397E+03   7.9980398E-17   9.7290343E-17      0
  2.060574856399998E+03   1.9654841E-16   1.0833965E-16      0
  2.062121274038535E+03  -8.3769044E-18   8.2754179E-17      0
  2.063667700801170E+03   5.8890740E-17   9.3344645E-17      0
  2.065214136688064E+03   3.6068417E-17   8.8243952E-17      0
  2.066760581699379E+03   6.0326605E-18   8.3286288E-17      0
  2.068307035835275E+03   1.1250282E-16   9.6863822E-17      0
  2.069853499095916E+03   7.1257692E-17   9.2949902E-17      0
  2.071399971481461E+03   4.2695099E-17   8.9105662E-17      0
  2.072946452992073E+03   4.6231187E-17   8.9090958E-17      0
  2.074492943627914E+03   1.6706127E-17   8.3640242E-17      0
  2.076039443389144E+03  -4.3275608E-17   7.4759141E-17      0
  2.077585952275926E+03   8.3127774E-17   9.3364134E-17      0
  2.079132470288420E+03   1.8541418E-16   1.0315424E-16      0
  2.080678997426789E+03   3.6635287E-17   8.4890191E-17      0
  2.082225533691194E+03  -5.4006496E-17   7.1092779E-17      0
  2.083772079081796E+03   1.5732459E-16   9.8775946E-17      0
  2.085318633598757E+03  -3.4989144E-17   7.3696803E-17      0
  2.086865197242239E+03   1.6004494E-16   9.7650948E-17      0
  2.088411770012403E+03  -3.1171656E-17   7.3179048E-17      0
  2.089958351909411E+03   6.8368886E-17   8.5706036E-17      0
  2.091504942933425E+03   5.0886679E-17   8.3397726E-17      0
  2.093051543084605E+03   1.1446307E-16   9.1940245E-17      0
  2.094598152363114E+03  -4.5204365E-17   6.8086818E-17      0
  2.096144770769113E+03   5.9378188E-17   8.4523691E-17      0
  2.097691398302764E+03  -1.0548900E-16   5.7631705E-17      0
  2.099238034964229E+03   9.6316686E-17   8.7353158E-17      0
  2.100784680753668E+03  -1.3335789E-17   7.2276871E-17      0
  2.102331335671244E+03  -2.7026169E-17   6.9699985E-17      0
  2.103877999717118E+03   1.5781749E-17   7.5930720E-17      0
  2.105424672891451E+03   5.9087126E-17   8.0999299E-17      0
  2.106971355194407E+03  -8.5582654E-17   5.9353061E-17      0
  2.108518046626146E+03   1.2951489E-17   7.5024997E-17      0
  2.110064747186829E+03  -2.3984656E-17   6.8961942E-17      0
  2.111611456876619E+03   3.4865127E-17   7.7046004E-17      0
  2.113158175695677E+03   6.0803387E-17   8.0783868E-17      0
  2.114704903644164E+03   3.0100345E-17   7.6500403E-17      0
  2.116251640722243E+03  -3.8164677E-17   6.6026397E-17      0
  2.117798386930075E+03   3.7398434E-17   7.6094800E-17      0
  2.119345142267821E+03  -6.3347053E-17   6.0020430E-17      0
  2.120891906735644E+03   5.9997964E-17   7.8923175E-17      0
  2.122438680333705E+03  -3.8810955E-18   7.0226754E-17      0
  2.123985463062166E+03   1.5092735E-19   7.0183138E-17      0
  2.125532254921188E+03  -3.0321757E-18   6.9240338E-17      0
  2.127079055910934E+03   2.5091733E-17   7.3194956E-17      0
  2.128625866031564E+03  -6.5112287E-18   6.9433726E-17      0
  2.130172685283240E+03  -3.0917189E-18   6.8278320E-17      0
  2.131719513666126E+03   2.6635340E-17   7.2577747E-17      0
  2.133266351180380E+03   4.4169049E-17   7.5060076E-17      0
  2.134813197826167E+03   1.4402110E-16   8.6146334E-17      0
  2.136360053603647E+03   7.1203740E-17   7.8996801E-17      0
  2.137906918512982E+03   7.3112218E-17   7.7713810E-17      0
  2.139453792554334E+03   2.6299255E-17   7.2205866E-17      0
  2.141000675727865E+03  -4.6554794E-17   6.0300454E-17      0
  2.142547568033735E+03  -2.4671643E-17   6.2651467E-17      0
  2.144094469472108E+03  -9.8844129E-18   6.5738796E-17      0
  2.145641380043145E+03   8.5420646E-17   7.8113306E-17      0
  2.147188299747007E+03   4.5358806E-17   7.3348514E-17      0
  2.148735228583856E+03   1.7638916E-16   8.8854782E-17      0
  2.150282166553855E+03   2.4272407E-17   6.9182117E-17      0
  2.151829113657165E+03  -6.8728717E-17   5.4926361E-17      0
  2.153376069893947E+03   4.5409350E-17   7.0606992E-17      0
  2.154923035264364E+03  -1.1069236E-17   6.4175888E-17      0
  2.156470009768577E+03   1.0830994E-16   7.8890928E-17      0
  2.158016993406747E+03  -9.3189978E-18   6.3974804E-17      0
  2.159563986179038E+03   1.0858430E-16   7.8897678E-17      0
  2.161110988085610E+03   1.0950046E-16   7.8271257E-17      0
  2.162657999126626E+03   1.1555008E-16   7.9701241E-17      0
  2.164205019302246E+03   2.9960038E-17   6.8607611E-17      0
  2.165752048612635E+03   1.3774810E-17   6.4853296E-17      0
  2.167299087057951E+03   6.4314834E-17   7.1659437E-17      0
  2.168846134638358E+03   8.1205022E-17   7.5166577E-17      0
  2.170393191354018E+03   6.5710215E-17   7.0119300E-17      0
  2.171940257205092E+03   7.1802685E-17   7.2731629E-17      0
  2.173487332191743E+03   1.1870905E-17   6.4100019E-17      0
  2.175034416314130E+03  -4.1959696E-18   6.0404401E-17      0
  2.176581509572418E+03   3.4016582E-17   6.7444118E-17      0
  2.178128611966768E+03   1.6149929E-16   8.1302557E-17      0
  2.179675723497342E+03   3.9679199E-17   6.6294125E-17      0
  2.181222844164300E+03  -5.5880147E-17   5.3237745E-17      0
  2.182769973967806E+03   7.8050562E-18   6.2385479E-17      0
  2.184317112908021E+03  -3.6294329E-17   5.5657741E-17      0
  2.185864260985107E+03   2.1430544E-17   6.3639571E-17      0
  2.187411418199226E+03   1.0679029E-16   7.4904745E-17      0
  2.188958584550539E+03   3.5877427E-17   6.4425326E-17      0
  2.190505760039210E+03   1.3155132E-16   7.7415847E-17      0
  2.192052944665400E+03  -6.8167948E-17   4.8209396E-17      0
  2.193600138429269E+03   4.8312486E-17   6.6757459E-17      0
  2.195147341330980E+03   2.2558392E-18   5.9722837E-17      0
  2.196694553370697E+03   7.2162588E-17   6.8256039E-17      0
  2.198241774548579E+03   6.8848241E-17   6.8870919E-17      0
  2.199789004864789E+03   2.9457486E-19   5.8394518E-17      0
  2.201336244319489E+03   8.5884633E-18   5.9900119E-17      0
  2.202883492912842E+03  -5.2212603E-17   5.0108881E-17      0
  2.204430750645007E+03  -6.2857461E-17   4.8177841E-17      0
  2.205978017516150E+03  -2.6591785E-18   5.8438590E-17      0
  2.207525293526429E+03   6.7221772E-17   6.6990473E-17      0
  2.209072578676009E+03   7.0357237E-17   6.6251079E-17      0
  2.210619872965050E+03   3.0393666E-17   6.1207031E-17      0
  2.212167176393715E+03   1.2149269E-16   7.2985322E-17      0
  2.213714488962165E+03  -1.8377960E-17   5.4234957E-17      0
  2.215261810670562E+03   3.6979424E-17   6.2246711E-17      0
  2.216809141519070E+03   1.5067713E-16   7.5628515E-17      0
  2.218356481507849E+03  -5.6418486E-18   5.5861803E-17      0
  2.219903830637061E+03  -2.1531925E-17   5.2649546E-17      0
  2.221451188906869E+03  -2.8417985E-17   5.2815161E-17      0
  2.222998556317434E+03   1.0551312E-16   6.8545082E-17      0
  2.224545932868918E+03   1.2733395E-16   7.1175027E-17      0
  2.226093318561484E+03  -1.2102331E-16   3.3346324E-17      0
  2.227640713395294E+03   6.3009246E-17   6.3430810E-17      0
  2.229188117370509E+03   7.3699966E-17   6.5445683E-17      0
  2.230735530487291E+03   9.7187210E-17   6.7523640E-17      0
  2.232282952745803E+03   2.1727846E-17   5.8208706E-17      0
  2.233830384146207E+03  -9.1431822E-18   5.3467360E-17      0
  2.235377824688664E+03   1.2267642E-16   6.9558432E-17      0
  2.236925274373336E+03   4.6670182E-17   6.0888791E-17      0
  2.238472733200386E+03   8.4478189E-17   6.4929403E-17      0
  2.240020201169976E+03   6.6098547E-17   6.1976865E-17      0
  2.241567678282267E+03   1.3580176E-16   7.1097279E-17      0
  2.243115164537422E+03  -6.0756846E-17   4.4427685E-17      0
  2.244662659935603E+03   9.9193719E-17   6.5955551E-17      0
  2.246210164476972E+03   3.1231160E-17   5.7354904E-17      0
  2.247757678161690E+03  -2.9063434E-17   4.9270203E-17      0
  2.249305200989921E+03   9.1536485E-18   5.3639586E-17      0
  2.250852732961825E+03   1.1283870E-16   6.7459808E-17      0
  2.252400274077567E+03   2.7325031E-17   5.6423617E-17      0
  2.253947824337306E+03  -2.9832507E-17   4.8322326E-17      0
  2.255495383741205E+03   1.0403104E-16   6.7160878E-17      0
  2.257042952289427E+03   4.6430333E-17   5.8404920E-17      0
  2.258590529982134E+03   1.5238946E-16   7.1452060E-17      0
  2.260138116819487E+03  -5.2920607E-17   4.4503621E-17      0
  2.261685712801648E+03   1.9935717E-18   5.2230262E-17      0
  2.263233317928781E+03  -1.3149525E-17   5.0835050E-17      0
  2.264780932201046E+03   2.3168786E-17   5.5949147E-17      0
  2.266328555618607E+03   9.4749125E-17   6.3777266E-17      0
  2.267876188181625E+03   1.0345313E-16   6.5449945E-17      0
  2.269423829890262E+03   6.1197336E-17   6.0714296E-17      0
  2.270971480744681E+03   4.0802656E-17   5.7221178E-17      0
  2.272519140745043E+03   2.7362112E-17   5.6728324E-17      0
  2.274066809891512E+03   1.0586863E-16   6.4848472E-17      0
  2.275614488184247E+03   5.5845961E-17   5.8405919E-17      0
  2.277162175623414E+03   5.6657035E-17   6.0226570E-17      0
  2.278709872209172E+03   4.7064482E-17   5.7202438E-17      0
  2.280257577941685E+03   5.0436990E-17   5.8677691E-17      0
  2.281805292821115E+03   7.1385224E-17   6.0567720E-17      0
  2.283353016847623E+03   2.1942031E-17   5.5040873E-17      0
  2.284900750021372E+03  -8.8612923E-18   4.9160313E-17      0
  2.286448492342524E+03   6.1715548E-18   5.1550852E-17      0
  2.287996243811242E+03   6.8894517E-17   6.0406009E-17      0
  2.289544004427687E+03   3.2419160E-17   5.4970767E-17      0
  2.291091774192022E+03   8.8449120E-19   5.1275341E-17      0
  2.292639553104409E+03  -4.1601087E-17   4.3755889E-17      0
  2.294187341165009E+03   8.2923427E-17   6.1281894E-17      0
  2.295735138373987E+03   3.7712011E-17   5.5781950E-17      0
  2.297282944731503E+03  -4.1778699E-17   4.2723872E-17      0
  2.298830760237719E+03  -8.7427887E-18   4.9376221E-17      0
  2.300378584892799E+03   1.3728963E-16   6.6987250E-17      0
  2.301926418696904E+03   9.6215326E-17   6.2395603E-17      0
  2.303474261650196E+03   4.7588968E-17   5.5955982E-17      0
  2.305022113752838E+03   1.6278340E-16   6.9021327E-17      0
  2.306569975004992E+03   2.3540531E-16   7.6842339E-17      0
  2.308117845406820E+03  -3.6423542E-18   4.8702614E-17      0
  2.309665724958485E+03   1.1495336E-16   6.3014248E-17      0
  2.311213613660149E+03   8.0278970E-17   6.0134780E-17      0
  2.312761511511973E+03   2.0581163E-16   7.2443697E-17      0
  2.314309418514121E+03   5.8888834E-17   5.7001307E-17      0
  2.315857334666755E+03   5.1064688E-17   5.6254171E-17      0
  2.317405259970036E+03   1.8150998E-16   6.9283940E-17      0
  2.318953194424128E+03   9.9472300E-17   6.2018700E-17      0
  2.320501138029192E+03   4.9871103E-17   5.5045366E-17      0
  2.322049090785390E+03   4.7065376E-17   5.4518922E-17      0
  2.323597052692886E+03   1.0484489E-16   6.1840281E-17      0
  2.325145023751841E+03   1.0687145E-16   6.1500660E-17      0
  2.326693003962419E+03   1.1984397E-16   6.4299383E-17      0
  2.328240993324779E+03   1.2952783E-16   6.3206545E-17      0
  2.329788991839085E+03   2.2144677E-17   5.1357199E-17      0
  2.331336999505501E+03   1.1526052E-16   6.1955186E-17      0
  2.332885016324187E+03   8.4447908E-17   5.9378188E-17      0
  2.334433042295308E+03   8.2094360E-17   5.8353575E-17      0
  2.335981077419023E+03  -3.3471854E-17   4.2638788E-17      0
  2.337529121695497E+03   1.5205373E-16   6.6660480E-17      0
  2.339077175124890E+03   5.4485609E-17   5.5497198E-17      0
  2.340625237707366E+03   5.2545669E-17   5.3880580E-17      0
  2.342173309443087E+03   1.7286387E-16   6.8246040E-17      0
  2.343721390332216E+03   2.7128353E-17   5.1249100E-17      0
  2.345269480374915E+03   1.3229629E-16   6.2927520E-17      0
  2.346817579571345E+03   2.0015628E-16   7.2020737E-17      0
  2.348365687921670E+03   7.2878417E-17   5.6237078E-17      0
  2.349913805426052E+03   2.4922810E-17   5.0472751E-17      0
  2.351461932084654E+03  -5.1540813E-18   4.5886716E-17      0
  2.353010067897637E+03   3.3729881E-17   5.0894706E-17      0
  2.354558212865164E+03  -2.4351400E-17   4.3506858E-17      0
  2.356106366987397E+03   8.7727355E-17   5.8303197E-17      0
  2.357654530264499E+03   1.2882703E-16   6.3186911E-17      0
  2.359202702696633E+03   6.8655289E-17   5.5672068E-17      0
  2.360750884283960E+03   2.0344197E-16   7.0195526E-17      0
  2.362299075026644E+03   1.0783905E-16   5.9621259E-17      0
  2.363847274924845E+03   8.8865946E-17   5.8450978E-17      0
  2.365395483978728E+03   1.4491573E-16   6.3156801E-17      0
  2.366943702188455E+03   2.0909952E-16   7.1623862E-17      0
  2.368491929554187E+03   5.6301354E-17   5.4466796E-17      0
  2.370040166076088E+03   1.0961767E-16   6.1019228E-17      0
  2.371588411754319E+03   2.2201544E-16   7.1932010E-17      0
  2.373136666589043E+03   1.2924979E-16   6.1127198E-17      0
  2.374684930580423E+03   6.3645837E-17   5.4813616E-17      0
  2.376233203728621E+03   1.2066305E-16   6.1331273E-17      0
  2.377781486033800E+03   9.1793397E-17   5.7753373E-17      0
  2.379329777496122E+03   8.6861813E-17   5.8520626E-17      0
  2.380878078115750E+03   1.7141641E-16   6.5817094E-17      0
  2.382426387892845E+03   1.0908235E-16   6.0601376E-17      0
  2.383974706827571E+03  -2.6081413E-17   4.1712839E-17      0
  2.385523034920090E+03   9.9110385E-17   5.9017160E-17      0
  2.387071372170565E+03   4.2196344E-18   4.6394086E-17      0
  2.388619718579157E+03   1.3401724E-16   6.2443653E-17      0
  2.390168074146030E+03   1.9475191E-16   6.8449374E-17      0
  2.391716438871346E+03   8.2107827E-17   5.5973261E-17      0
  2.393264812755267E+03   9.5302972E-17   5.8133327E-17      0
  2.394813195797957E+03   8.6490111E-17   5.6367237E-17      0
  2.396361587999577E+03   1.2916796E-16   6.1369363E-17      0
  2.397909989360291E+03   1.9972106E-16   6.9285555E-17      0
  2.399458399880260E+03   1.4616461E-16   6.3364497E-17      0
  2.401006819559647E+03   1.5784235E-16   6.4586534E-17      0
  2.402555248398615E+03   9.5154464E-17   5.7415235E-17      0
  2.404103686397326E+03   6.7947461E-17   5.4056683E-17      0
  2.405652133555944E+03   2.6290607E-17   4.9165319E-17      0
  2.407200589874629E+03   9.2623801E-17   5.6293439E-17      0
  2.408749055353545E+03   8.2294697E-17   5.6076916E-17      0
  2.410297529992855E+03   1.6424932E-16   6.4477061E-17      0
  2.411846013792722E+03   1.1246080E-16   5.9264281E-17      0
  2.413394506753306E+03   1.9105221E-16   6.7804266E-17      0
  2.414943008874773E+03   7.7733385E-17   5.5984027E-17      0
  2.416491520157283E+03   1.2549807E-16   6.0090648E-17      0
  2.418040040600999E+03   7.9090749E-17   5.5019214E-17      0
  2.419588570206085E+03   6.1484613E-17   5.3311529E-17      0
  2.421137108972703E+03   5.6974798E-17   5.1845014E-17      0
  2.422685656901014E+03   5.6147743E-17   5.1950695E-17      0
  2.424234213991183E+03   7.4531541E-17   5.4494335E-17      0
  2.425782780243370E+03   2.4800211E-17   4.8032926E-17      0
  2.427331355657740E+03   8.5372798E-18   4.5276763E-17      0
  2.428879940234455E+03   8.7656296E-17   5.6012065E-17      0
  2.430428533973678E+03   2.5544861E-17   4.8429886E-17      0
  2.431977136875570E+03  -3.0747524E-17   3.9909751E-17      0
  2.433525748940295E+03   7.3858626E-17   5.3609774E-17      0
  2.435074370168016E+03   2.5854225E-17   4.7898621E-17      0
  2.436623000558894E+03   4.6888286E-17   5.0555360E-17      0
  2.438171640113093E+03   3.3872599E-18   4.4733471E-17      0
  2.439720288830775E+03   5.3511009E-17   5.0944836E-17      0
  2.441268946712103E+03   2.8050399E-17   4.7642572E-17      0
  2.442817613757240E+03   4.3172187E-17   5.0620777E-17      0
  2.444366289966348E+03   3.9673157E-17   4.9923096E-17      0
  2.445914975339591E+03   5.7978260E-17   5.2421648E-17      0
  2.447463669877129E+03   1.1456392E-16   5.8202890E-17      0
  2.449012373579127E+03   1.1587793E-16   5.7628926E-17      0
  2.450561086445748E+03   1.2800048E-16   5.9420678E-17      0
  2.452109808477153E+03   3.6781575E-17   4.8252807E-17      0
  2.453658539673505E+03   4.4056113E-17   5.0204159E-17      0
  2.455207280034967E+03  -1.2363300E-17   4.2592999E-17      0
  2.456756029561703E+03   4.3262069E-17   5.0172842E-17      0
  2.458304788253874E+03   8.1703011E-17   5.4339946E-17      0
  2.459853556111644E+03   5.3370017E-17   5.0885084E-17      0
  2.461402333135175E+03   9.4283165E-17   5.5997739E-17      0
  2.462951119324629E+03   9.1507537E-17   5.5380480E-17      0
  2.464499914680169E+03   5.2789112E-17   5.0739424E-17      0
  2.466048719201960E+03   4.8123641E-17   5.0406180E-17      0
  2.467597532890162E+03   1.0330846E-16   5.6424233E-17      0
  2.469146355744939E+03   3.0315508E-17   4.7747403E-17      0
  2.470695187766453E+03   1.0812376E-16   5.7596143E-17      0
  2.472244028954868E+03   2.6456750E-17   4.7067397E-17      0
  2.473792879310346E+03   6.4529954E-17   5.1598706E-17      0
  2.475341738833049E+03   6.9607672E-17   5.3056321E-17      0
  2.476890607523142E+03   8.6685061E-17   5.2741612E-17      0
  2.478439485380785E+03   5.7773530E-17   5.1120314E-17      0
  2.479988372406142E+03   6.5796891E-17   5.3070221E-17      0
  2.481537268599378E+03   1.0499691E-16   5.8255988E-17      0
  2.483086173960653E+03   5.6718650E-17   5.0817867E-17      0
  2.484635088490129E+03   1.3955547E-16   6.0069823E-17      0
  2.486184012187972E+03  -5.8109577E-17   3.3369091E-17      0
  2.487732945054343E+03   3.1772229E-17   4.7532571E-17      0
  2.489281887089404E+03   8.5508049E-17   5.3971225E-17      0
  2.490830838293320E+03   4.9979973E-17   4.9822888E-17      0
  2.492379798666252E+03   5.2338897E-17   5.0151163E-17      0
  2.493928768208363E+03  -4.8333937E-18   4.2263434E-17      0
  2.495477746919817E+03   6.0203290E-17   5.1125969E-17      0
  2.497026734800776E+03  -2.2802640E-17   3.8978395E-17      0
  2.498575731851403E+03   4.4352457E-18   4.3800649E-17      0
  2.500124738071861E+03  -1.5006570E-17   4.0248805E-17      0
  2.501673753462313E+03  -4.1267271E-18   4.2306083E-17      0
  2.503222778022921E+03   3.7322981E-18   4.2760672E-17      0
  2.504771811753848E+03   1.1222018E-16   5.6520232E-17      0
  2.506320854655259E+03  -2.2455194E-17   3.8910983E-17      0
  2.507869906727313E+03   2.2021075E-17   4.5349962E-17      0
  2.509418967970177E+03   4.8045403E-17   4.8935813E-17      0
  2.510968038384010E+03   1.0665249E-16   5.5546105E-17      0
  2.512517117968978E+03  -1.6226044E-18   4.2429829E-17      0
  2.514066206725243E+03   3.9976147E-17   4.8174231E-17      0
  2.515615304652967E+03   9.4512922E-17   5.3537098E-17      0
  2.517164411752313E+03   1.3443824E-16   5.9252721E-17      0
  2.518713528023446E+03   1.6370108E-16   6.1111654E-17      0
  2.520262653466526E+03   9.9642792E-17   5.5119336E-17      0
  2.521811788081717E+03  -4.3677740E-17   3.4712988E-17      0
  2.523360931869183E+03   8.7676140E-19   4.2282277E-17      0
  2.524910084829086E+03   2.6301923E-17   4.6077993E-17      0
  2.526459246961589E+03   6.3765871E-17   5.0157843E-17      0
  2.528008418266854E+03  -3.3615141E-17   3.6809067E-17      0
  2.529557598745046E+03   1.0345093E-16   5.5615588E-17      0
  2.531106788396326E+03   5.1779634E-17   4.8716534E-17      0
  2.532655987220859E+03   1.0066179E-16   5.5132911E-17      0
  2.534205195218806E+03  -2.0985867E-17   3.8729374E-17      0
  2.535754412390331E+03   4.9583284E-17   4.8696586E-17      0
  2.537303638735596E+03   7.8390312E-17   5.2746651E-17      0
  2.538852874254766E+03   4.7217246E-17   4.7630870E-17      0
  2.540402118948001E+03   1.6423716E-17   4.4652573E-17      0
  2.541951372815467E+03   8.9014931E-17   5.2508128E-17      0
  2.543500635857324E+03   4.5266152E-17   4.8558864E-17      0
  2.545049908073738E+03   1.4141023E-16   5.9428440E-17      0
  2.546599189464870E+03   1.3655545E-16   5.7633994E-17      0
  2.548148480030883E+03   5.6609415E-17   5.0403136E-17      0
  2.549697779771941E+03   3.6227566E-18   4.2403793E-17      0
  2.551247088688207E+03   4.6763293E-17   4.7441985E-17      0
  2.552796406779843E+03   4.3815380E-17   4.8466918E-17      0
  2.554345734047014E+03   8.4548579E-18   4.2330376E-17      0
  2.555895070489880E+03   1.3484523E-17   4.3205132E-17      0
  2.557444416108606E+03   8.0028096E-17   5.2707449E-17      0
  2.558993770903355E+03   3.6330520E-17   4.6023869E-17      0
  2.560543134874289E+03   4.8803484E-17   4.8013884E-17      0
  2.562092508021572E+03  -8.6519262E-18   3.9811594E-17      0
  2.563641890345368E+03   1.2793047E-16   5.6203574E-17      0
  2.565191281845838E+03   1.7173892E-17   4.4196823E-17      0
  2.566740682523146E+03  -1.8125328E-18   4.0731740E-17      0
  2.568290092377455E+03   5.2640011E-17   4.8797618E-17      0
  2.569839511408928E+03   2.2019464E-17   4.4574394E-17      0
  2.571388939617728E+03   5.9183727E-17   4.9379331E-17      0
  2.572938377004018E+03   8.6713363E-17   5.2252989E-17      0
  2.574487823567962E+03   6.2740352E-17   4.9993579E-17      0
  2.576037279309721E+03  -4.4551224E-19   4.1444478E-17      0
  2.577586744229460E+03   9.6039448E-17   5.3735261E-17      0
  2.579136218327343E+03   1.1271355E-16   5.5836524E-17      0
  2.580685701603530E+03   1.1538077E-17   4.3802423E-17      0
  2.582235194058187E+03   9.8670550E-17   5.2947288E-17      0
  2.583784695691475E+03   6.2025563E-17   5.0021875E-17      0
  2.585334206503558E+03   7.5236471E-17   5.1194314E-17      0
  2.586883726494599E+03   5.1249338E-17   4.8270045E-17      0
  2.588433255664762E+03   2.1081194E-17   4.4057972E-17      0
  2.589982794014208E+03   9.6821286E-17   5.3960442E-17      0
  2.591532341543103E+03   1.3582922E-16   5.7765490E-17      0
  2.593081898251607E+03  -3.8857547E-17   3.5449543E-17      0
  2.594631464139887E+03  -5.5145964E-18   3.9961049E-17      0
  2.596181039208102E+03   6.3723513E-17   4.9798685E-17      0
  2.597730623456418E+03   1.9006094E-17   4.4484992E-17      0
  2.599280216884996E+03   1.9946683E-17   4.3661382E-17      0
  2.600829819494001E+03   4.5484270E-17   4.7283808E-17      0
  2.602379431283596E+03   8.9240202E-17   5.2848238E-17      0
  2.603929052253944E+03   8.2774467E-18   4.2496248E-17      0
  2.605478682405208E+03   4.4289970E-17   4.6722691E-17      0
  2.607028321737550E+03  -9.6631256E-18   3.9786769E-17      0
  2.608577970251135E+03   1.2370015E-16   5.6207849E-17      0
  2.610127627946125E+03   8.6046133E-17   5.2140446E-17      0
  2.611677294822684E+03   4.2154160E-17   4.6997458E-17      0
  2.613226970880975E+03  -1.2981840E-17   3.9210184E-17      0
  2.614776656121161E+03   6.3497911E-17   4.9390544E-17      0
  2.616326350543405E+03   8.0931378E-17   5.1387345E-17      0
  2.617876054147871E+03   1.9451653E-17   4.3978824E-17      0
  2.619425766934721E+03   6.1219697E-17   4.9923020E-17      0
  2.620975488904120E+03   1.1266919E-16   5.4708786E-17      0
  2.622525220056229E+03   2.6360229E-17   4.5487876E-17      0
  2.624074960391213E+03   8.7444757E-17   5.3691109E-17      0
  2.625624709909235E+03   8.5614682E-17   5.3156327E-17      0
  2.627174468610457E+03  -2.2746014E-17   3.8045094E-17      0
  2.628724236495043E+03   6.0230131E-17   4.9081629E-17      0
  2.630274013563157E+03   1.8118069E-16   6.2730393E-17      0
  2.631823799814963E+03   8.2707586E-17   5.1752535E-17      0
  2.633373595250621E+03   1.9583084E-16   6.3686812E-17      0
  2.634923399870297E+03   3.1188769E-17   4.5909639E-17      0
  2.636473213674154E+03   3.9094402E-17   4.6037789E-17      0
  2.638023036662353E+03   2.7195366E-17   4.5086306E-17      0
  2.639572868835061E+03   4.9572302E-17   4.7447861E-17      0
  2.641122710192438E+03   3.7685803E-17   4.6256436E-17      0
  2.642672560734649E+03  -6.4088736E-17   3.0627160E-17      0
  2.644222420461857E+03  -1.0677377E-18   4.1027262E-17      0
  2.645772289374225E+03   6.7781648E-17   4.9957107E-17      0
  2.647322167471917E+03   1.4891235E-16   5.8760112E-17      0
  2.648872054755095E+03   8.7779785E-17   5.2259405E-17      0
  2.650421951223924E+03  -2.2763409E-18   4.0655133E-17      0
  2.651971856878566E+03  -3.0917778E-19   4.0921872E-17      0
  2.653521771719185E+03   2.0398907E-16   6.5567775E-17      0
  2.655071695745944E+03   6.8183432E-17   4.9746768E-17      0
  2.656621628959007E+03   1.0521395E-16   5.5149723E-17      0
  2.658171571358536E+03   3.5862740E-17   4.5915330E-17      0
  2.659721522944696E+03   6.4811222E-17   4.9469586E-17      0
  2.661271483717649E+03   2.2703679E-17   4.4666502E-17      0
  2.662821453677559E+03   8.2612745E-17   5.1789980E-17      0
  2.664371432824589E+03   3.6380465E-17   4.7349764E-17      0
  2.665921421158902E+03   1.5457819E-16   5.9702694E-17      0
  2.667471418680663E+03   1.0407351E-16   5.4608234E-17      0
  2.669021425390034E+03   5.9254646E-17   4.9640879E-17      0
  2.670571441287179E+03   1.6834642E-16   6.0504437E-17      0
  2.672121466372261E+03   1.2694114E-16   5.6738892E-17      0
  2.673671500645444E+03   1.2954542E-16   5.7126198E-17      0
  2.675221544106890E+03   3.1767629E-16   7.4027404E-17      0
  2.676771596756763E+03   1.5999108E-16   6.2181959E-17      0
  2.678321658595228E+03   1.7480563E-16   6.1306657E-17      0
  2.679871729622446E+03   1.1853979E-16   5.7173036E-17      0
  2.681421809838582E+03   1.6308182E-16   6.0434345E-17      0
  2.682971899243799E+03   1.2477186E-16   5.7081100E-17      0
  2.684521997838260E+03   3.0540263E-16   7.4014275E-17      0
  2.686072105622129E+03   2.2040472E-16   6.7492571E-17      0
  2.687622222595570E+03   2.7152372E-16   7.0376434E-17      0
  2.689172348758745E+03   2.6458387E-16   6.9926640E-17      0
  2.690722484111817E+03   2.8198730E-16   7.2575166E-17      0
  2.692272628654952E+03   2.4342896E-16   6.8604249E-17      0
  2.693822782388312E+03   4.0818031E-16   8.1926807E-17      0
  2.695372945312060E+03   2.4936764E-16   7.0637254E-17      0
  2.696923117426360E+03   3.4555122E-16   7.6234527E-17      0
  2.698473298731376E+03   2.6496517E-16   7.1521616E-17      0
  2.700023489227271E+03   3.3500577E-16   7.6100272E-17      0
  2.701573688914207E+03   2.9298912E-16   7.3557089E-17      0
  2.703123897792349E+03   3.5016924E-16   7.8449452E-17      0
  2.704674115861862E+03   3.4212563E-16   7.6739140E-17      0
  2.706224343122906E+03   1.7490588E-16   6.2279355E-17      0
  2.707774579575647E+03   3.5987142E-16   7.8536313E-17      0
  2.709324825220248E+03   2.5240219E-16   7.0128048E-17      0
  2.710875080056871E+03   2.3289780E-16   6.7788642E-17      0
  2.712425344085683E+03   2.9967295E-16   7.5144693E-17      0
  2.713975617306844E+03   3.8134299E-16   7.9586150E-17      0
  2.715525899720520E+03   4.1042050E-16   8.2361877E-17      0
  2.717076191326872E+03   3.3599274E-16   7.8444251E-17      0
  2.718626492126066E+03   2.4624783E-16   6.9162517E-17      0
  2.720176802118263E+03   3.4637919E-16   7.7807944E-17      0
  2.721727121303630E+03   3.8504027E-16   8.0681609E-17      0
  2.723277449682327E+03   1.9354355E-16   6.4144720E-17      0
  2.724827787254520E+03   3.3171046E-16   7.7538680E-17      0
  2.726378134020371E+03   3.8918501E-16   8.0820238E-17      0
  2.727928489980045E+03   3.3747881E-16   7.8004488E-17      0
  2.729478855133704E+03   3.4936702E-16   7.8049229E-17      0
  2.731029229481512E+03   2.8685620E-16   7.3358255E-17      0
  2.732579613023634E+03   1.9618509E-16   6.5754526E-17      0
  2.734130005760232E+03   4.9343544E-16   8.8827121E-17      0
  2.735680407691470E+03   2.6344495E-16   7.1479807E-17      0
  2.737230818817512E+03   2.9520464E-16   7.3994019E-17      0
  2.738781239138521E+03   3.1875269E-16   7.6390513E-17      0
  2.740331668654661E+03   4.8862260E-16   8.9673327E-17      0
  2.741882107366096E+03   3.3529074E-16   7.7637908E-17      0
  2.743432555272988E+03   4.1502174E-16   8.5036053E-17      0
  2.744983012375503E+03   5.0792585E-16   8.9912733E-17      0
  2.746533478673802E+03   3.1691640E-16   7.6621297E-17      0
  2.748083954168050E+03   3.5559131E-16   8.0404047E-17      0
  2.749634438858411E+03   3.2075407E-16   7.5162448E-17      0
  2.751184932745049E+03   2.9168877E-16   7.5255780E-17      0
  2.752735435828125E+03   3.0318983E-16   7.5315245E-17      0
  2.754285948107806E+03   4.4546124E-16   8.6616008E-17      0
  2.755836469584254E+03   5.1987759E-16   9.1978818E-17      0
  2.757387000257632E+03   3.5759166E-16   7.8479548E-17      0
  2.758937540128105E+03   3.5807894E-16   8.0391560E-17      0
  2.760488089195836E+03   3.4006509E-16   7.8842892E-17      0
  2.762038647460989E+03   2.7657468E-16   7.2342960E-17      0
  2.763589214923727E+03   3.8749494E-16   8.3740086E-17      0
  2.765139791584214E+03   5.0980748E-16   9.0803335E-17      0
  2.766690377442614E+03   5.1979966E-16   9.1383228E-17      0
  2.768240972499091E+03   4.0687180E-16   8.5909265E-17      0
  2.769791576753807E+03   4.1122597E-16   8.3669167E-17      0
  2.771342190206928E+03   3.0164855E-16   7.5896528E-17      0
  2.772892812858616E+03   3.5654160E-16   8.0604714E-17      0
  2.774443444709035E+03   3.9495976E-16   8.1563483E-17      0
  2.775994085758350E+03   3.3876455E-16   8.0673006E-17      0
  2.777544736006722E+03   4.0250018E-16   8.3537003E-17      0
  2.779095395454318E+03   5.3678749E-16   9.3845057E-17      0
  2.780646064101300E+03   3.9059521E-16   8.3709632E-17      0
  2.782196741947831E+03   4.1800668E-16   8.5189379E-17      0
  2.783747428994076E+03   3.2531261E-16   7.8506766E-17      0
  2.785298125240199E+03   3.9310119E-16   8.3252155E-17      0
  2.786848830686362E+03   5.1146740E-16   9.3356047E-17      0
  2.788399545332730E+03   3.9735446E-16   8.4402366E-17      0
  2.789950269179468E+03   4.3255495E-16   8.7438477E-17      0
  2.791501002226737E+03   4.2927283E-16   8.8233152E-17      0
  2.793051744474702E+03   4.0498509E-16   8.3427723E-17      0
  2.794602495923527E+03   3.8339279E-16   8.4292914E-17      0
  2.796153256573376E+03   3.1131042E-16   7.8845956E-17      0
  2.797704026424413E+03   4.0137228E-16   8.5124455E-17      0
  2.799254805476800E+03   3.8203891E-16   8.5086623E-17      0
  2.800805593730703E+03   2.9808582E-16   7.7674562E-17      0
  2.802356391186284E+03   3.3195181E-16   8.0319324E-17      0
  2.803907197843708E+03   3.1685057E-16   7.8811698E-17      0
  2.805458013703138E+03   3.7129284E-16   8.2556874E-17      0
  2.807008838764739E+03   5.1925740E-16   9.4809463E-17      0
  2.808559673028674E+03   2.4672680E-16   7.3205233E-17      0
  2.810110516495106E+03   3.0955706E-16   7.8811777E-17      0
  2.811661369164200E+03   4.5386995E-16   8.9972971E-17      0
  2.813212231036120E+03   3.1988326E-16   7.8257063E-17      0
  2.814763102111029E+03   4.1754058E-16   8.7276482E-17      0
  2.816313982389091E+03   3.7848431E-16   8.3638568E-17      0
  2.817864871870470E+03   2.9770707E-16   7.8368507E-17      0
  2.819415770555330E+03   3.5493190E-16   8.1171644E-17      0
  2.820966678443834E+03   4.1379563E-16   8.7489232E-17      0
  2.822517595536147E+03   3.3895871E-16   8.1796092E-17      0
  2.824068521832433E+03   4.2055578E-16   8.6446985E-17      0
  2.825619457332854E+03   5.2065082E-16   9.5327417E-17      0
  2.827170402037576E+03   2.4701053E-16   7.2920299E-17      0
  2.828721355946762E+03   3.7472060E-16   8.3900989E-17      0
  2.830272319060577E+03   3.9137401E-16   8.6206904E-17      0
  2.831823291379182E+03   4.0945239E-16   8.5998679E-17      0
  2.833374272902744E+03   5.6132349E-16   1.0017650E-16      0
  2.834925263631425E+03   3.5917037E-16   8.2494094E-17      0
  2.836476263565388E+03   5.3963813E-16   9.6458994E-17      0
  2.838027272704800E+03   4.2369845E-16   8.9251279E-17      0
  2.839578291049823E+03   5.0507225E-16   9.3681381E-17      0
  2.841129318600622E+03   2.7098974E-16   7.6867764E-17      0
  2.842680355357359E+03   3.4567203E-16   8.2352209E-17      0
  2.844231401320199E+03   3.4385355E-16   8.1981857E-17      0
  2.845782456489307E+03   5.4878746E-16   9.8879344E-17      0
  2.847333520864845E+03   5.0917003E-16   9.5085311E-17      0
  2.848884594446978E+03   2.6322502E-16   7.6389150E-17      0
  2.850435677235870E+03   4.0449468E-16   8.8516491E-17      0
  2.851986769231685E+03   3.9267002E-16   8.7601319E-17      0
  2.853537870434586E+03   3.3188448E-16   8.3233798E-17      0
  2.855088980844738E+03   5.1157952E-16   9.6358534E-17      0
  2.856640100462305E+03   5.7911960E-16   1.0067908E-16      0
  2.858191229287449E+03   3.0959941E-16   8.0911161E-17      0
  2.859742367320338E+03   3.4856711E-16   8.5208279E-17      0
  2.861293514561132E+03   5.1734432E-16   9.6189326E-17      0
  2.862844671009997E+03   4.9290568E-16   9.6817626E-17      0
  2.864395836667096E+03   4.6317524E-16   9.4790451E-17      0
  2.865947011532594E+03   5.2618820E-16   9.9905703E-17      0
  2.867498195606654E+03   3.5251309E-16   8.6269876E-17      0
  2.869049388889441E+03   4.9804367E-16   9.6966770E-17      0
  2.870600591381118E+03   4.8998913E-16   9.6691524E-17      0
  2.872151803081850E+03   4.7718549E-16   9.4830804E-17      0
  2.873703023991800E+03   4.3046429E-16   9.2313403E-17      0
  2.875254254111133E+03   6.0125988E-16   1.0640460E-16      0
  2.876805493440012E+03   7.1727173E-16   1.1307968E-16      0
  2.878356741978603E+03   6.2946634E-16   1.0784879E-16      0
  2.879907999727067E+03   4.0594758E-16   9.0358080E-17      0
  2.881459266685571E+03   3.8448220E-16   9.0279730E-17      0
  2.883010542854277E+03   3.9983814E-16   9.0907262E-17      0
  2.884561828233350E+03   4.9228872E-16   9.8675997E-17      0
  2.886113122822953E+03   5.7330059E-16   1.0517899E-16      0
  2.887664426623252E+03   6.3082556E-16   1.0768342E-16      0
  2.889215739634410E+03   5.2008892E-16   1.0093992E-16      0
  2.890767061856590E+03   4.8526380E-16   9.7712960E-17      0
  2.892318393289958E+03   5.0658409E-16   9.9962375E-17      0
  2.893869733934677E+03   6.1753271E-16   1.0858162E-16      0
  2.895421083790911E+03   7.0558808E-16   1.1409874E-16      0
  2.896972442858825E+03   7.4379853E-16   1.1786752E-16      0
  2.898523811138582E+03   6.7837048E-16   1.1067865E-16      0
  2.900075188630346E+03   6.1396553E-16   1.0928070E-16      0
  2.901626575334282E+03   7.2008007E-16   1.1660065E-16      0
  2.903177971250554E+03   6.5066747E-16   1.1146706E-16      0
  2.904729376379327E+03   7.3650902E-16   1.1794706E-16      0
  2.906280790720762E+03   6.8483604E-16   1.1591401E-16      0
  2.907832214275027E+03   6.6448898E-16   1.1243016E-16      0
  2.909383647042283E+03   6.2692281E-16   1.1211373E-16      0
  2.910935089022695E+03   7.7803724E-16   1.2254625E-16      0
  2.912486540216429E+03   9.7952563E-16   1.3235529E-16      0
  2.914038000623646E+03   8.0618743E-16   1.2456860E-16      0
  2.915589470244513E+03   7.8350346E-16   1.2325681E-16      0
  2.917140949079193E+03   7.3738877E-16   1.2038346E-16      0
  2.918692437127850E+03   6.4830499E-16   1.1459662E-16      0
  2.920243934390648E+03   8.3611469E-16   1.2653963E-16      0
  2.921795440867751E+03   8.6826907E-16   1.2939122E-16      0
  2.923346956559325E+03   7.9871427E-16   1.2572051E-16      0
  2.924898481465531E+03   7.5739108E-16   1.2307706E-16      0
  2.926450015586536E+03   7.3984087E-16   1.2214530E-16      0
  2.928001558922504E+03   7.9522783E-16   1.2615517E-16      0
  2.929553111473597E+03   6.8756560E-16   1.1790946E-16      0
  2.931104673239981E+03   6.7098911E-16   1.1762867E-16      0
  2.932656244221820E+03   5.4606621E-16   1.0929981E-16      0
  2.934207824419278E+03   8.8414776E-16   1.3252901E-16      0
  2.935759413832519E+03   1.0349175E-15   1.4134279E-16      0
  2.937311012461707E+03   9.3651181E-16   1.3589877E-16      0
  2.938862620307008E+03   8.8722837E-16   1.3522682E-16      0
  2.940414237368584E+03   7.8341993E-16   1.2664027E-16      0
  2.941965863646600E+03   8.3787223E-16   1.3332283E-16      0
  2.943517499141220E+03   6.9376466E-16   1.2112801E-16      0
  2.945069143852609E+03   6.1274040E-16   1.1677931E-16      0
  2.946620797780930E+03   9.6807787E-16   1.3928777E-16      0
  2.948172460926349E+03   7.8054113E-16   1.2733748E-16      0
  2.949724133289029E+03   6.9760982E-16   1.2444944E-16      0
  2.951275814869135E+03   6.3826320E-16   1.1935765E-16      0
  2.952827505666831E+03   8.5850326E-16   1.3447392E-16      0
  2.954379205682280E+03   1.0588173E-15   1.4767006E-16      0
  2.955930914915649E+03   5.6356082E-16   1.1506932E-16      0
  2.957482633367099E+03   5.7174152E-16   1.1571476E-16      0
  2.959034361036797E+03   6.1702840E-16   1.2111212E-16      0
  2.960586097924906E+03   7.6436486E-16   1.2832787E-16      0
  2.962137844031590E+03   9.1772007E-16   1.4068999E-16      0
  2.963689599357014E+03   9.0306460E-16   1.4397281E-16      0
  2.965241363901342E+03   7.1818653E-16   1.2884624E-16      0
  2.966793137664739E+03   1.0411255E-15   1.5152699E-16      0
  2.968344920647369E+03   7.1752966E-16   1.2716568E-16      0
  2.969896712849395E+03   7.0406940E-16   1.2951020E-16      0
  2.971448514270983E+03   8.1711093E-16   1.3740604E-16      0
  2.973000324912297E+03   6.9577986E-16   1.2689506E-16      0
  2.974552144773501E+03   7.8481997E-16   1.3794984E-16      0
  2.976103973854759E+03   7.1495992E-16   1.2855342E-16      0
  2.977655812156237E+03   5.1348752E-16   1.1757209E-16      0
  2.979207659678097E+03   8.4546001E-16   1.4370106E-16      0
  2.980759516420504E+03   8.8441934E-16   1.4488832E-16      0
  2.982311382383624E+03   7.6563816E-16   1.3689803E-16      0
  2.983863257567619E+03   8.1913618E-16   1.4195175E-16      0
  2.985415141972655E+03   9.2747355E-16   1.4734191E-16      0
  2.986967035598896E+03   7.3273872E-16   1.3597670E-16      0
  2.988518938446506E+03   8.5280373E-16   1.4496630E-16      0
  2.990070850515650E+03   7.5572592E-16   1.3905076E-16      0
  2.991622771806492E+03   5.6961446E-16   1.2408110E-16      0
  2.993174702319197E+03   7.3569322E-16   1.3998331E-16      0
  2.994726642053928E+03   7.2640550E-16   1.3937009E-16      0
  2.996278591010850E+03   8.7021296E-16   1.4841435E-16      0
  2.997830549190129E+03   6.5700158E-16   1.3534898E-16      0
  2.999382516591927E+03   5.3360974E-16   1.2458122E-16      0
  3.000934493216409E+03   6.6287623E-16   1.3735003E-16      0
  3.002486479063741E+03   6.6030130E-16   1.3683906E-16      0
  3.004038474134086E+03   6.1945944E-16   1.3265621E-16      0
  3.005590478427609E+03   5.8900903E-16   1.3285192E-16      0
  3.007142491944474E+03   6.6366815E-16   1.3932462E-16      0
  3.008694514684845E+03   6.7498939E-16   1.4077162E-16      0
  3.010246546648888E+03   4.0351522E-16   1.2022379E-16      0
  3.011798587836766E+03   4.7501428E-16   1.2490356E-16      0
  3.013350638248644E+03   6.3400766E-16   1.3729868E-16      0
  3.014902697884687E+03   6.7230334E-16   1.4309510E-16      0
  3.016454766745058E+03   8.0034539E-16   1.5122155E-16      0
  3.018006844829923E+03   7.4066610E-16   1.4849733E-16      0
  3.019558932139446E+03   4.3370747E-16   1.2432908E-16      0
  3.021111028673791E+03   6.2912483E-16   1.4246770E-16      0
  3.022663134433123E+03   7.6519125E-16   1.5308824E-16      0
  3.024215249417607E+03   6.6001035E-16   1.4585640E-16      0
  3.025767373627406E+03   6.4645713E-16   1.4653374E-16      0
  3.027319507062685E+03   6.9127899E-16   1.4887460E-16      0
  3.028871649723609E+03   5.6687219E-16   1.4058273E-16      0
  3.030423801610343E+03   5.7965985E-16   1.4348186E-16      0
  3.031975962723051E+03   5.4877401E-16   1.4052472E-16      0
  3.033528133061896E+03   5.4605239E-16   1.4152739E-16      0
  3.035080312627045E+03   4.7388725E-16   1.3445408E-16      0
  3.036632501418661E+03   6.5439119E-16   1.5141325E-16      0
  3.038184699436909E+03   6.7220736E-16   1.5231184E-16      0
  3.039736906681953E+03   5.3826810E-16   1.4253784E-16      0
  3.041289123153959E+03   5.8462886E-16   1.5017725E-16      0
  3.042841348853090E+03   5.9173801E-16   1.4626309E-16      0
  3.044393583779512E+03   3.9614651E-16   1.3295515E-16      0
  3.045945827933387E+03   9.5797288E-16   1.7806779E-16      0
  3.047498081314882E+03   7.5702643E-16   1.6862655E-16      0
  3.049050343924162E+03   6.7940883E-16   1.6340351E-16      0
  3.050602615761388E+03   5.2457862E-16   1.4669633E-16      0
  3.052154896826729E+03   6.3147905E-16   1.5739709E-16      0
  3.053707187120347E+03   4.5222888E-16   1.4421845E-16      0
  3.055259486642407E+03   3.0399925E-16   1.2774649E-16      0
  3.056811795393074E+03   5.4512515E-16   1.5370792E-16      0
  3.058364113372512E+03   3.0823884E-16   1.3100568E-16      0
  3.059916440580886E+03   5.7469004E-16   1.5646775E-16      0
  3.061468777018360E+03   4.8127247E-16   1.5150795E-16      0
  3.063021122685100E+03   4.6268211E-16   1.4780116E-16      0
  3.064573477581270E+03   7.1701725E-16   1.7502900E-16      0
  3.066125841707034E+03   9.1153546E-16   1.8854407E-16      0
  3.067678215062557E+03   5.0424274E-16   1.5490345E-16      0
  3.069230597648003E+03   6.0441211E-16   1.6452436E-16      0
  3.070782989463538E+03   5.4617690E-16   1.6142933E-16      0
  3.072335390509326E+03   7.0716499E-16   1.7587153E-16      0
  3.073887800785531E+03   5.4488692E-16   1.6482977E-16      0
  3.075440220292319E+03   5.7646040E-16   1.6775720E-16      0
  3.076992649029853E+03   6.4776723E-16   1.7621102E-16      0
  3.078545086998300E+03   7.2573931E-16   1.8222695E-16      0
  3.080097534197822E+03   5.3323583E-16   1.6857770E-16      0
  3.081649990628585E+03   4.7465969E-16   1.6027819E-16      0
  3.083202456290754E+03   8.2001122E-16   1.9263193E-16      0
  3.084754931184493E+03   8.1087750E-16   1.9475475E-16      0
  3.086307415309967E+03   7.8066336E-16   1.9290189E-16      0
  3.087859908667340E+03   7.6999085E-16   1.9207748E-16      0
  3.089412411256778E+03   6.3695295E-16   1.8275378E-16      0
  3.090964923078445E+03   3.5755519E-16   1.5576835E-16      0
  3.092517444132506E+03   3.9894431E-16   1.6414440E-16      0
  3.094069974419124E+03   6.9352861E-16   1.9286309E-16      0
  3.095622513938466E+03   5.7412576E-16   1.8206560E-16      0
  3.097175062690696E+03   1.8249915E-16   1.4379582E-16      0
  3.098727620675979E+03   3.7749124E-16   1.6678440E-16      0
  3.100280187894479E+03   5.0388285E-16   1.8183813E-16      0
  3.101832764346361E+03   6.0214725E-16   1.8595454E-16      0
  3.103385350031789E+03   6.6645473E-16   2.0082467E-16      0
  3.104937944950929E+03   6.1183916E-16   1.9763110E-16      0
  3.106490549103946E+03   6.5008815E-16   1.9839500E-16      0
  3.108043162491003E+03   6.7744382E-16   2.0634750E-16      0
  3.109595785112267E+03   6.4080303E-16   1.9864707E-16      0
  3.111148416967901E+03   6.0954683E-16   1.9780162E-16      0
  3.112701058058070E+03   8.4347488E-16   2.2247175E-16      0
  3.114253708382939E+03   8.9637622E-16   2.2944788E-16      0
  3.115806367942674E+03   1.0047354E-15   2.4112024E-16      0
  3.117359036737437E+03   7.4314324E-16   2.1920295E-16      0
  3.118911714767396E+03   7.0524461E-16   2.1519583E-16      0
  3.120464402032713E+03   9.8253800E-16   2.4207783E-16      0
  3.122017098533555E+03   3.5397245E-16   1.8340466E-16      0
  3.123569804270085E+03   1.0421426E-15   2.4980344E-16      0
  3.125122519242469E+03   5.7505003E-16   2.0963679E-16      0
  3.126675243450872E+03   1.1312952E-15   2.6322401E-16      0
  3.128227976895458E+03   6.0258099E-16   2.1579333E-16      0
  3.129780719576392E+03   5.1808606E-16   2.1033399E-16      0
  3.131333471493839E+03   6.3654870E-16   2.2181020E-16      0
  3.132886232647963E+03   6.8224941E-16   2.2492060E-16      0
  3.134439003038931E+03   5.1197737E-16   2.1155323E-16      0
  3.135991782666906E+03   8.4338689E-16   2.4698777E-16      0
  3.137544571532052E+03   1.3098543E-15   2.8516132E-16      0
  3.139097369634536E+03   7.5061625E-16   2.4316145E-16      0
  3.140650176974523E+03   3.3524397E-16   2.0039439E-16      0
  3.142202993552176E+03   5.0063575E-16   2.1435831E-16      0
  3.143755819367660E+03   1.1152957E-15   2.7038607E-16      0
  3.145308654421142E+03   5.4832429E-16   2.3383067E-16      0
  3.146861498712785E+03   7.3263718E-16   2.6044791E-16      0
  3.148414352242754E+03   4.7893662E-16   1.9291169E-16   2560
  3.149967215011215E+03   6.6495035E-16   2.2407100E-16   2564
  3.151520087018332E+03   8.2374769E-16   2.6811708E-16   2564
  3.153072968264269E+03   1.5544896E-15   3.6603576E-16   2564
  3.154625858749193E+03  -7.8875319E-18   7.1196350E-19   2564
