

  1.570325913513841E+03   0.0000000E+00   0.0000000E+00   2564
  1.571869445448859E+03   0.0000000E+00   0.0000000E+00   2564
  1.573412986458205E+03   0.0000000E+00   0.0000000E+00   2564
  1.574956536542040E+03   0.0000000E+00   0.0000000E+00   2564
  1.576500095700524E+03   0.0000000E+00   0.0000000E+00   2560
  1.578043663933816E+03   0.0000000E+00   0.0000000E+00    512
  1.579587241242077E+03  -1.3025005E-13   4.4258534E-13      0
  1.581130827625467E+03   5.7356569E-15   4.5949460E-14      0
  1.582674423084146E+03  -1.8680202E-14   2.4017209E-14      0
  1.584218027618274E+03   5.3675317E-15   1.6647118E-14      0
  1.585761641228012E+03   9.5591082E-15   1.3028365E-14      0
  1.587305263913518E+03  -6.8786588E-15   9.2193616E-15      0
  1.588848895674953E+03   1.1019710E-14   8.7207598E-15      0
  1.590392536512478E+03   3.9742612E-15   7.2692088E-15      0
  1.591936186426252E+03   8.6878814E-15   6.6108059E-15      0
  1.593479845416436E+03  -2.1687643E-15   5.2322915E-15      0
  1.595023513483189E+03   1.7783592E-15   4.8419567E-15      0
  1.596567190626673E+03   6.4395671E-15   4.5877998E-15      0
  1.598110876847046E+03  -4.6282113E-15   3.4891057E-15      0
  1.599654572144469E+03  -6.4805915E-15   2.8007144E-15      0
  1.601198276519102E+03   2.1867759E-15   3.1604987E-15      0
  1.602741989971105E+03  -1.4808988E-15   2.5841637E-15      0
  1.604285712500639E+03   3.0434819E-15   2.6201558E-15      0
  1.605829444107863E+03   2.1084510E-16   2.2353432E-15      0
  1.607373184792938E+03   3.8049508E-15   2.2512996E-15      0
  1.608916934556024E+03   1.6016930E-15   1.9354423E-15      0
  1.610460693397281E+03   2.7208426E-15   1.8966882E-15      0
  1.612004461316869E+03  -1.9202743E-15   1.4347194E-15      0
  1.613548238314948E+03   2.2912984E-15   1.6244284E-15      0
  1.615092024391678E+03   1.5605793E-15   1.4193767E-15      0
  1.616635819547220E+03   1.7253767E-15   1.3450067E-15      0
  1.618179623781735E+03  -6.9363401E-16   1.1222428E-15      0
  1.619723437095380E+03  -2.6468569E-17   1.1001110E-15      0
  1.621267259488318E+03  -2.5788294E-16   9.8961496E-16      0
  1.622811090960708E+03   3.9060308E-16   9.9176907E-16      0
  1.624354931512712E+03   2.1186314E-15   1.0416650E-15      0
  1.625898781144487E+03   3.8331687E-16   8.7626448E-16      0
  1.627442639856196E+03  -4.8568753E-16   7.5797315E-16      0
  1.628986507647998E+03   1.4773228E-15   8.7367266E-16      0
  1.630530384520053E+03   3.5817318E-16   7.4648754E-16      0
  1.632074270472521E+03   1.0984110E-15   7.5381284E-16      0
  1.633618165505564E+03   1.2249076E-16   6.6893082E-16      0
  1.635162069619341E+03  -2.2121336E-16   6.1607041E-16      0
  1.636705982814011E+03  -5.6941353E-17   5.9193553E-16      0
  1.638249905089737E+03  -3.9077686E-17   5.7589722E-16      0
  1.639793836446677E+03   5.0071061E-16   5.9091321E-16      0
  1.641337776884992E+03  -1.7721531E-16   5.2081854E-16      0
  1.642881726404842E+03   7.9856440E-16   5.7432402E-16      0
  1.644425685006388E+03  -2.1595007E-16   4.8728217E-16      0
  1.645969652689789E+03   9.2076452E-16   5.3958222E-16      0
  1.647513629455207E+03   6.1622970E-16   5.0047439E-16      0
  1.649057615302801E+03   1.4962738E-16   4.7253782E-16      0
  1.650601610232731E+03  -1.1582281E-16   4.3564014E-16      0
  1.652145614245158E+03   2.8771478E-16   4.5333706E-16      0
  1.653689627340243E+03   3.8908366E-17   4.2487308E-16      0
  1.655233649518145E+03   1.3285830E-16   4.1688519E-16      0
  1.656777680779024E+03   9.1415617E-18   3.9880085E-16      0
  1.658321721123042E+03   2.5516910E-16   4.0038493E-16      0
  1.659865770550358E+03  -7.8524037E-17   3.6756929E-16      0
  1.661409829061132E+03   1.7937410E-16   3.8249922E-16      0
  1.662953896655526E+03   1.1596275E-16   3.7227135E-16      0
  1.664497973333698E+03  -3.0950962E-16   3.2938202E-16      0
  1.666042059095811E+03  -2.0144290E-16   3.2681477E-16      0
  1.667586153942023E+03   1.0713345E-16   3.4977760E-16      0
  1.669130257872495E+03  -4.7150364E-16   3.0111270E-16      0
  1.670674370887388E+03   2.5693278E-16   3.3847458E-16      0
  1.672218492986862E+03   1.3264132E-16   3.2746998E-16      0
  1.673762624171077E+03   1.4040197E-16   3.2226904E-16      0
  1.675306764440194E+03   2.3805784E-16   3.2035014E-16      0
  1.676850913794373E+03  -2.6940899E-16   2.8269748E-16      0
  1.678395072233774E+03   3.8908369E-17   3.0096266E-16      0
  1.679939239758558E+03   8.4564031E-17   2.9322168E-16      0
  1.681483416368884E+03  -5.5276245E-17   2.8489228E-16      0
  1.683027602064915E+03   1.0663950E-16   2.8336211E-16      0
  1.684571796846809E+03  -7.1923487E-17   2.7402299E-16      0
  1.686116000714727E+03   1.3876070E-16   2.8060767E-16      0
  1.687660213668830E+03   9.5256227E-17   2.7602853E-16      0
  1.689204435709278E+03   1.1148435E-16   2.6949767E-16      0
  1.690748666836231E+03   1.5094216E-16   2.7238690E-16      0
  1.692292907049850E+03   1.5163183E-16   2.6843006E-16      0
  1.693837156350295E+03   3.4946475E-16   2.7275131E-16      0
  1.695381414737726E+03  -4.4597587E-16   2.1886597E-16      0
  1.696925682212305E+03   2.7049462E-16   2.6559229E-16      0
  1.698469958774191E+03  -1.2779817E-16   2.3292482E-16      0
  1.700014244423545E+03   3.6965438E-17   2.4061609E-16      0
  1.701558539160528E+03   4.8369769E-16   2.6769142E-16      0
  1.703102842985298E+03   4.0221600E-16   2.5992506E-16      0
  1.704647155898019E+03   1.1952013E-16   2.3587300E-16      0
  1.706191477898848E+03  -9.1806195E-17   2.2008840E-16      0
  1.707735808987948E+03  -5.4166946E-17   2.2046067E-16      0
  1.709280149165479E+03  -2.4639048E-16   2.0701371E-16      0
  1.710824498431600E+03   4.8844134E-16   2.5168456E-16      0
  1.712368856786473E+03  -3.3223842E-17   2.1548370E-16      0
  1.713913224230257E+03  -2.1412866E-16   1.9555541E-16      0
  1.715457600763114E+03  -1.5602233E-16   2.0226312E-16      0
  1.717001986385204E+03   1.3625335E-16   2.1885427E-16      0
  1.718546381096688E+03   1.8404595E-16   2.1908327E-16      0
  1.720090784897724E+03   4.6042110E-17   2.0554739E-16      0
  1.721635197788476E+03   2.9566090E-16   2.2126400E-16      0
  1.723179619769102E+03   1.7393787E-16   2.0891149E-16      0
  1.724724050839763E+03   5.0760289E-17   2.0302919E-16      0
  1.726268491000621E+03   2.0259113E-16   2.0601643E-16      0
  1.727812940251834E+03   1.4508412E-16   2.0683770E-16      0
  1.729357398593565E+03  -8.3659730E-17   1.8582086E-16      0
  1.730901866025973E+03   3.6143111E-17   1.8960009E-16      0
  1.732446342549219E+03  -1.0909293E-16   1.7756656E-16      0
  1.733990828163462E+03   2.5151227E-16   2.0587145E-16      0
  1.735535322868865E+03   5.2842664E-16   2.1826692E-16      0
  1.737079826665588E+03   8.5951821E-17   1.8583130E-16      0
  1.738624339553791E+03  -7.0624012E-17   1.7800654E-16      0
  1.740168861533634E+03   1.8852116E-16   1.8786206E-16      0
  1.741713392605278E+03   4.3617310E-16   2.0168306E-16      0
  1.743257932768884E+03  -3.8522053E-16   1.4772486E-16      0
  1.744802482024612E+03   1.9048201E-16   1.8487311E-16      0
  1.746347040372623E+03  -9.2329827E-17   1.6383650E-16      0
  1.747891607813078E+03   2.2611065E-16   1.8637540E-16      0
  1.749436184346136E+03   2.5835516E-18   1.6849997E-16      0
  1.750980769971960E+03  -1.0435663E-17   1.6759352E-16      0
  1.752525364690708E+03  -5.5010320E-17   1.6038209E-16      0
  1.754069968502542E+03   1.2141591E-16   1.7097193E-16      0
  1.755614581407622E+03   1.1331542E-16   1.6910968E-16      0
  1.757159203406109E+03   1.2038114E-16   1.6768619E-16      0
  1.758703834498164E+03   3.6031175E-16   1.8016159E-16      0
  1.760248474683946E+03   1.3724197E-16   1.6683520E-16      0
  1.761793123963618E+03   1.6551789E-16   1.6842181E-16      0
  1.763337782337339E+03   2.9165806E-16   1.7172180E-16      0
  1.764882449805270E+03   1.3861996E-16   1.6331313E-16      0
  1.766427126367572E+03  -8.2405169E-17   1.4586887E-16      0
  1.767971812024405E+03  -2.0968597E-16   1.3422252E-16      0
  1.769516506775930E+03  -5.5106303E-17   1.4524898E-16      0
  1.771061210622307E+03   1.8155444E-18   1.4746987E-16      0
  1.772605923563697E+03   3.1801196E-16   1.6781590E-16      0
  1.774150645600262E+03   1.7111402E-16   1.5523070E-16      0
  1.775695376732161E+03   1.0973455E-16   1.5134950E-16      0
  1.777240116959555E+03   1.9166826E-16   1.5685130E-16      0
  1.778784866282605E+03   6.4264271E-17   1.4315810E-16      0
  1.780329624701471E+03   4.1392687E-17   1.4522995E-16      0
  1.781874392216315E+03   1.6055405E-16   1.4874981E-16      0
  1.783419168827296E+03   9.3100799E-17   1.4443360E-16      0
  1.784963954534576E+03  -6.7472864E-17   1.3150574E-16      0
  1.786508749338316E+03   7.5073496E-17   1.3908225E-16      0
  1.788053553238675E+03   1.2313111E-16   1.4259955E-16      0
  1.789598366235815E+03   1.5343032E-16   1.4510802E-16      0
  1.791143188329896E+03   7.7721202E-17   1.3768325E-16      0
  1.792688019521079E+03  -1.4474843E-16   1.2102955E-16      0
  1.794232859809525E+03   3.2106288E-17   1.3045009E-16      0
  1.795777709195394E+03   6.9299868E-17   1.3652530E-16      0
  1.797322567678849E+03  -1.1407071E-16   1.1957276E-16      0
  1.798867435260047E+03   2.4571642E-16   1.4310083E-16      0
  1.800412311939151E+03  -5.8353734E-17   1.2240015E-16      0
  1.801957197716322E+03   1.2350392E-16   1.3197206E-16      0
  1.803502092591720E+03   1.7380797E-16   1.3631497E-16      0
  1.805046996565506E+03  -1.1929604E-16   1.1456743E-16      0
  1.806591909637840E+03   1.9174396E-16   1.3391309E-16      0
  1.808136831808884E+03  -7.4541699E-17   1.1641913E-16      0
  1.809681763078798E+03   5.3870045E-17   1.2346171E-16      0
  1.811226703447743E+03   1.0959126E-16   1.2732556E-16      0
  1.812771652915879E+03   2.1800905E-16   1.3117707E-16      0
  1.814316611483368E+03   2.5758936E-16   1.3260767E-16      0
  1.815861579150371E+03   1.9400059E-17   1.1817937E-16      0
  1.817406555917047E+03   2.4675669E-16   1.3128551E-16      0
  1.818951541783558E+03   2.3862185E-17   1.1423846E-16      0
  1.820496536750065E+03   7.2673369E-17   1.2071678E-16      0
  1.822041540816728E+03  -8.1813655E-17   1.0515753E-16      0
  1.823586553983709E+03   1.9089687E-16   1.2482175E-16      0
  1.825131576251167E+03   1.5207152E-16   1.2093625E-16      0
  1.826676607619265E+03   2.0771961E-16   1.2291633E-16      0
  1.828221648088162E+03   1.6464129E-16   1.2016336E-16      0
  1.829766697658019E+03   1.7893133E-18   1.0899421E-16      0
  1.831311756328998E+03  -4.5665531E-18   1.0613159E-16      0
  1.832856824101259E+03   2.1907140E-16   1.2214477E-16      0
  1.834401900974963E+03   2.0839125E-16   1.2165853E-16      0
  1.835946986950271E+03   2.6436102E-16   1.2253278E-16      0
  1.837492082027344E+03   1.5862640E-16   1.1550233E-16      0
  1.839037186206342E+03   4.5536313E-17   1.0897745E-16      0
  1.840582299487426E+03   3.7919222E-16   1.2857431E-16      0
  1.842127421870758E+03  -1.2061376E-16   9.5018773E-17      0
  1.843672553356498E+03   1.0893527E-16   1.1044130E-16      0
  1.845217693944807E+03   1.9841305E-16   1.1295220E-16      0
  1.846762843635845E+03   1.5191311E-16   1.1102294E-16      0
  1.848308002429775E+03   8.5137187E-17   1.0609096E-16      0
  1.849853170326756E+03   5.2943116E-17   1.0355035E-16      0
  1.851398347326950E+03   2.0697859E-16   1.1318670E-16      0
  1.852943533430516E+03   2.6290561E-16   1.1533803E-16      0
  1.854488728637618E+03   1.8972944E-16   1.1047817E-16      0
  1.856033932948414E+03   1.1261856E-16   1.0563167E-16      0
  1.857579146363067E+03   8.0570317E-17   1.0223212E-16      0
  1.859124368881736E+03   1.6465784E-16   1.0868945E-16      0
  1.860669600504584E+03  -3.3649165E-17   9.4486717E-17      0
  1.862214841231771E+03   2.1048871E-16   1.0897969E-16      0
  1.863760091063457E+03   6.8348895E-17   1.0018671E-16      0
  1.865305349999804E+03   5.9170254E-17   9.7903569E-17      0
  1.866850618040973E+03   7.7657789E-19   9.4447105E-17      0
  1.868395895187124E+03  -1.0584027E-16   8.4492211E-17      0
  1.869941181438419E+03   1.3109084E-16   1.0179568E-16      0
  1.871486476795018E+03   2.9271751E-16   1.1275472E-16      0
  1.873031781257083E+03   8.5964030E-17   9.6494642E-17      0
  1.874577094824774E+03   3.2387475E-16   1.1359273E-16      0
  1.876122417498253E+03  -2.1814460E-17   8.9620036E-17      0
  1.877667749277680E+03   5.1583751E-17   9.3860601E-17      0
  1.879213090163216E+03   3.4213236E-17   9.2877149E-17      0
  1.880758440155023E+03   1.3822430E-16   9.9434766E-17      0
  1.882303799253261E+03   3.5647087E-17   9.2239810E-17      0
  1.883849167458091E+03   3.3918516E-16   1.1042298E-16      0
  1.885394544769674E+03   2.8193447E-16   1.0640255E-16      0
  1.886939931188172E+03   1.5755710E-16   9.8466700E-17      0
  1.888485326713745E+03   1.8106126E-16   9.8995890E-17      0
  1.890030731346555E+03   1.2007341E-16   9.4192936E-17      0
  1.891576145086761E+03   4.0051890E-17   8.9928846E-17      0
  1.893121567934526E+03  -2.1771569E-17   8.3234804E-17      0
  1.894666999890010E+03   1.1337940E-16   9.4482297E-17      0
  1.896212440953375E+03   1.7395194E-16   9.5399025E-17      0
  1.897757891124781E+03   9.7264860E-17   9.1667017E-17      0
  1.899303350404390E+03   6.3454156E-17   8.8599084E-17      0
  1.900848818792362E+03   2.2671409E-16   9.8096891E-17      0
  1.902394296288858E+03   3.1491706E-16   1.0427246E-16      0
  1.903939782894040E+03   5.8925276E-17   8.6063054E-17      0
  1.905485278608069E+03   1.8519245E-16   9.5333016E-17      0
  1.907030783431106E+03   4.6191142E-17   8.3535772E-17      0
  1.908576297363311E+03   8.8687738E-17   8.7779838E-17      0
  1.910121820404846E+03   2.5410321E-16   9.7042738E-17      0
  1.911667352555872E+03   3.2132241E-17   8.2145447E-17      0
  1.913212893816550E+03   2.6603298E-16   9.6910337E-17      0
  1.914758444187040E+03   8.3958534E-17   8.4988778E-17      0
  1.916304003667506E+03   2.1381159E-16   9.4182493E-17      0
  1.917849572258106E+03   1.6293572E-17   7.9692764E-17      0
  1.919395149959003E+03   1.9988642E-16   9.2610440E-17      0
  1.920940736770357E+03   1.3745657E-16   8.6297874E-17      0
  1.922486332692329E+03  -1.1618765E-16   6.8392531E-17      0
  1.924031937725082E+03   7.8838664E-17   8.2220575E-17      0
  1.925577551868775E+03   9.4409194E-17   8.3519480E-17      0
  1.927123175123570E+03   1.2909675E-16   8.5195454E-17      0
  1.928668807489628E+03   1.2964567E-16   8.3333338E-17      0
  1.930214448967110E+03   8.3774761E-17   8.1697929E-17      0
  1.931760099556177E+03   5.0030296E-17   7.8806033E-17      0
  1.933305759256991E+03   1.6553812E-16   8.6453126E-17      0
  1.934851428069713E+03   2.0701010E-16   8.8124203E-17      0
  1.936397105994503E+03   8.1965850E-17   7.9394185E-17      0
  1.937942793031523E+03   1.2564217E-16   8.3102138E-17      0
  1.939488489180934E+03   1.1900550E-16   8.2562664E-17      0
  1.941034194442898E+03  -1.3011429E-17   7.3341618E-17      0
  1.942579908817575E+03   2.7297293E-17   7.4415405E-17      0
  1.944125632305126E+03   1.0390556E-16   7.9653681E-17      0
  1.945671364905713E+03   8.8611313E-17   7.8970457E-17      0
  1.947217106619497E+03   2.9331695E-17   7.3815447E-17      0
  1.948762857446639E+03  -5.8193453E-17   6.8911967E-17      0
  1.950308617387301E+03  -8.3644736E-19   7.1147962E-17      0
  1.951854386441642E+03   6.3576453E-17   7.5802189E-17      0
  1.953400164609826E+03   1.9605102E-17   7.3291551E-17      0
  1.954945951892012E+03   1.3290112E-16   7.9061016E-17      0
  1.956491748288363E+03   5.6479436E-17   7.5425564E-17      0
  1.958037553799039E+03  -5.3180524E-17   6.7367396E-17      0
  1.959583368424202E+03   1.8960928E-17   7.1423234E-17      0
  1.961129192164012E+03   6.4961365E-17   7.4209073E-17      0
  1.962675025018631E+03   1.0418073E-16   7.7008794E-17      0
  1.964220866988221E+03   3.0126772E-17   6.9997201E-17      0
  1.965766718072942E+03   8.5233716E-17   7.4801552E-17      0
  1.967312578272956E+03   1.9565930E-17   7.0644560E-17      0
  1.968858447588423E+03   3.0925731E-16   8.5850078E-17      0
  1.970404326019506E+03  -6.8065477E-17   6.3392621E-17      0
  1.971950213566366E+03   5.9418832E-17   7.1072113E-17      0
  1.973496110229163E+03   2.1047878E-16   8.1106310E-17      0
  1.975042016008059E+03   5.5404951E-17   7.1475572E-17      0
  1.976587930903216E+03   5.6447248E-17   6.9287196E-17      0
  1.978133854914794E+03   1.4741963E-16   7.6548677E-17      0
  1.979679788042955E+03   1.1186162E-16   7.2640401E-17      0
  1.981225730287860E+03   4.6885689E-17   6.8694577E-17      0
  1.982771681649671E+03   1.7030372E-17   6.6696182E-17      0
  1.984317642128548E+03   2.5284034E-17   6.6506751E-17      0
  1.985863611724654E+03   5.9425602E-17   6.8606830E-17      0
  1.987409590438149E+03   7.9858028E-17   6.9992377E-17      0
  1.988955578269194E+03   2.9459038E-17   6.5833756E-17      0
  1.990501575217952E+03   4.0839922E-17   6.5870371E-17      0
  1.992047581284583E+03   5.6994670E-17   6.7564093E-17      0
  1.993593596469248E+03  -2.3612560E-17   6.0877634E-17      0
  1.995139620772109E+03   1.1952519E-16   7.0681538E-17      0
  1.996685654193328E+03   7.5256839E-17   6.6943621E-17      0
  1.998231696733066E+03   4.7217167E-17   6.5177789E-17      0
  1.999777748391483E+03   5.2439029E-17   6.4744260E-17      0
  2.001323809168741E+03   1.0320411E-16   6.8783344E-17      0
  2.002869879065003E+03  -1.2458058E-17   6.0418013E-17      0
  2.004415958080428E+03   5.2898137E-17   6.3832601E-17      0
  2.005962046215179E+03   1.3020583E-16   6.9987242E-17      0
  2.007508143469417E+03   1.0665509E-16   6.6938102E-17      0
  2.009054249843303E+03   6.1846845E-17   6.4303598E-17      0
  2.010600365336998E+03   4.4522642E-17   6.2407336E-17      0
  2.012146489950664E+03   1.1300087E-16   6.5041026E-17      0
  2.013692623684463E+03   6.6517974E-17   6.3903805E-17      0
  2.015238766538555E+03  -4.3229283E-17   5.5114571E-17      0
  2.016784918513102E+03  -1.5976863E-17   5.6869541E-17      0
  2.018331079608266E+03   4.9481527E-17   6.1396422E-17      0
  2.019877249824208E+03   1.0490158E-16   6.3641238E-17      0
  2.021423429161089E+03   1.2275049E-16   6.5497134E-17      0
  2.022969617619071E+03   1.9049124E-16   6.9733536E-17      0
  2.024515815198315E+03   9.7230760E-17   6.3320173E-17      0
  2.026062021898982E+03  -9.5278713E-17   4.9118590E-17      0
  2.027608237721235E+03   1.4334332E-16   6.5994607E-17      0
  2.029154462665234E+03  -9.6800762E-18   5.4984783E-17      0
  2.030700696731141E+03   2.0106792E-17   5.7827720E-17      0
  2.032246939919117E+03   1.2141431E-17   5.6760386E-17      0
  2.033793192229324E+03   9.3588657E-17   6.1544084E-17      0
  2.035339453661923E+03   8.7204510E-17   6.0808502E-17      0
  2.036885724217076E+03   4.6490321E-18   5.5231369E-17      0
  2.038432003894944E+03  -6.7492201E-18   5.4574111E-17      0
  2.039978292695689E+03   1.2309172E-17   5.5284120E-17      0
  2.041524590619472E+03   8.1318323E-18   5.4540627E-17      0
  2.043070897666454E+03   8.2170216E-17   5.9242814E-17      0
  2.044617213836798E+03  -7.3330686E-17   4.8405448E-17      0
  2.046163539130664E+03   1.0968620E-16   6.0959399E-17      0
  2.047709873548214E+03  -5.6335508E-18   5.2430105E-17      0
  2.049256217089610E+03   7.5859007E-17   5.9823383E-17      0
  2.050802569755012E+03   3.2472388E-17   5.4440333E-17      0
  2.052348931544584E+03   1.0609885E-17   5.3036071E-17      0
  2.053895302458485E+03   4.8155021E-17   5.6265381E-17      0
  2.055441682496878E+03  -7.5959524E-18   5.1183425E-17      0
  2.056988071659925E+03  -1.2519426E-17   5.1970706E-17      0
  2.058534469947785E+03  -7.4448290E-18   5.1448619E-17      0
  2.060080877360622E+03   5.2974519E-17   5.4052756E-17      0
  2.061627293898596E+03   8.0170259E-17   5.6534420E-17      0
  2.063173719561870E+03   9.2950345E-17   5.7553857E-17      0
  2.064720154350605E+03   3.2700445E-17   5.2605418E-17      0
  2.066266598264961E+03  -3.6995951E-17   4.7166007E-17      0
  2.067813051305102E+03   3.7088499E-17   5.2359858E-17      0
  2.069359513471189E+03  -5.1717433E-18   4.9657297E-17      0
  2.070905984763382E+03   3.1956306E-17   5.2439393E-17      0
  2.072452465181844E+03   8.4034304E-17   5.5801247E-17      0
  2.073998954726736E+03   2.9627204E-17   5.1219583E-17      0
  2.075545453398219E+03  -5.3135101E-17   4.4893100E-17      0
  2.077091961196456E+03   8.6964151E-17   5.5126251E-17      0
  2.078638478121608E+03   3.6936865E-18   4.8203881E-17      0
  2.080185004173837E+03   3.7162240E-17   5.0913083E-17      0
  2.081731539353303E+03   5.5960419E-18   4.8397097E-17      0
  2.083278083660170E+03  -3.7591196E-17   4.4644976E-17      0
  2.084824637094597E+03  -8.8904347E-18   4.6764785E-17      0
  2.086371199656748E+03   6.4572015E-17   5.1125148E-17      0
  2.087917771346783E+03   3.0195768E-17   4.9200842E-17      0
  2.089464352164864E+03  -6.0475366E-17   4.1835381E-17      0
  2.091010942111153E+03   4.0878435E-18   4.6478448E-17      0
  2.092557541185811E+03   6.4170435E-17   5.0949164E-17      0
  2.094104149389000E+03   8.1931293E-17   5.0603310E-17      0
  2.095650766720882E+03   4.5955031E-17   4.9342836E-17      0
  2.097197393181619E+03   6.7161573E-17   4.9553767E-17      0
  2.098744028771371E+03   2.7401283E-17   4.6926876E-17      0
  2.100290673490302E+03   2.8629373E-17   4.7132685E-17      0
  2.101837327338571E+03   1.0455401E-16   5.1563114E-17      0
  2.103383990316341E+03  -1.7867295E-17   4.3238560E-17      0
  2.104930662423774E+03  -4.5987455E-20   4.4112903E-17      0
  2.106477343661032E+03   7.8059857E-17   4.9428995E-17      0
  2.108024034028274E+03  -6.4394383E-17   3.9425506E-17      0
  2.109570733525665E+03  -3.8388058E-18   4.3426618E-17      0
  2.111117442153366E+03   8.2368898E-17   4.9251591E-17      0
  2.112664159911537E+03  -1.0268231E-18   4.3742902E-17      0
  2.114210886800342E+03  -1.0605412E-17   4.2883634E-17      0
  2.115757622819940E+03   5.0770457E-17   4.7034912E-17      0
  2.117304367970495E+03   6.7725882E-17   4.7548903E-17      0
  2.118851122252167E+03   5.3110739E-17   4.5742674E-17      0
  2.120397885665119E+03   1.6850519E-17   4.3792057E-17      0
  2.121944658209513E+03  -4.9462601E-17   3.9115489E-17      0
  2.123491439885509E+03  -2.3079591E-17   4.0734251E-17      0
  2.125038230693271E+03   4.4970964E-17   4.5255680E-17      0
  2.126585030632958E+03   7.4275843E-17   4.7065935E-17      0
  2.128131839704734E+03   6.3976789E-17   4.6888121E-17      0
  2.129678657908760E+03   8.1278875E-18   4.2158676E-17      0
  2.131225485245198E+03  -7.5270974E-17   3.5502751E-17      0
  2.132772321714210E+03   3.2633741E-17   4.3714325E-17      0
  2.134319167315956E+03   6.6262044E-17   4.5641633E-17      0
  2.135866022050599E+03   3.9019277E-17   4.4526983E-17      0
  2.137412885918302E+03  -1.4905977E-19   4.1094353E-17      0
  2.138959758919224E+03   3.7477075E-19   4.1420192E-17      0
  2.140506641053530E+03   5.7013616E-17   4.4494525E-17      0
  2.142053532321379E+03   5.4267263E-17   4.3741963E-17      0
  2.143600432722935E+03   4.7855351E-18   4.0901034E-17      0
  2.145147342258358E+03  -1.1191402E-17   3.9495525E-17      0
  2.146694260927810E+03  -2.7334506E-17   3.8420809E-17      0
  2.148241188731454E+03   5.2355106E-17   4.3656617E-17      0
  2.149788125669451E+03   7.5351747E-17   4.4921135E-17      0
  2.151335071741963E+03   6.4890903E-17   4.4069801E-17      0
  2.152882026949152E+03   4.6834185E-17   4.2219725E-17      0
  2.154428991291179E+03  -2.8247358E-17   3.7702750E-17      0
  2.155975964768206E+03   2.8261823E-17   4.1165937E-17      0
  2.157522947380396E+03   3.2079798E-17   4.1712935E-17      0
  2.159069939127910E+03   8.6742725E-18   3.9602271E-17      0
  2.160616940010910E+03   5.8217197E-17   4.2594699E-17      0
  2.162163950029557E+03   7.3104813E-17   4.3551321E-17      0
  2.163710969184014E+03  -1.8061942E-18   3.8766627E-17      0
  2.165257997474443E+03  -1.2423820E-17   3.7156569E-17      0
  2.166805034901005E+03   5.2339013E-17   4.1582687E-17      0
  2.168352081463862E+03   4.8582557E-17   4.2271858E-17      0
  2.169899137163176E+03  -2.0082929E-17   3.5590663E-17      0
  2.171446201999109E+03   9.2956758E-19   3.7977255E-17      0
  2.172993275971823E+03  -3.4380625E-18   3.7373860E-17      0
  2.174540359081479E+03   1.5541187E-17   3.7895255E-17      0
  2.176087451328241E+03   4.2379457E-18   3.7978549E-17      0
  2.177634552712268E+03   3.9768802E-17   3.9985140E-17      0
  2.179181663233724E+03  -5.0720111E-17   3.3057734E-17      0
  2.180728782892770E+03   1.7983248E-18   3.7512492E-17      0
  2.182275911689569E+03  -2.9923325E-17   3.4778193E-17      0
  2.183823049624282E+03   9.8358674E-18   3.7812130E-17      0
  2.185370196697070E+03   4.4093680E-17   3.9696771E-17      0
  2.186917352908097E+03   3.2116022E-17   3.8951836E-17      0
  2.188464518257523E+03   3.1493238E-17   3.8304666E-17      0
  2.190011692745511E+03   2.8362346E-18   3.6713846E-17      0
  2.191558876372223E+03   1.5442200E-18   3.5903768E-17      0
  2.193106069137820E+03   4.6817850E-17   3.9569071E-17      0
  2.194653271042465E+03  -1.5701175E-17   3.4786465E-17      0
  2.196200482086320E+03   2.2230166E-17   3.6939160E-17      0
  2.197747702269547E+03  -4.4862011E-17   3.2635587E-17      0
  2.199294931592306E+03  -1.5668756E-17   3.4093433E-17      0
  2.200842170054761E+03   8.1893677E-18   3.6128506E-17      0
  2.202389417657074E+03   2.0136109E-17   3.6550057E-17      0
  2.203936674399406E+03  -2.5638663E-17   3.3266269E-17      0
  2.205483940281920E+03   5.4042793E-17   3.9201396E-17      0
  2.207031215304776E+03   1.9130103E-17   3.6535568E-17      0
  2.208578499468138E+03   2.0997096E-17   3.5989083E-17      0
  2.210125792772168E+03   8.2649993E-18   3.5119243E-17      0
  2.211673095217027E+03  -2.2437540E-17   3.3119038E-17      0
  2.213220406802877E+03   4.6330681E-17   3.7634938E-17      0
  2.214767727529881E+03  -2.5176107E-17   3.2665167E-17      0
  2.216315057398199E+03   9.3790218E-17   4.0436936E-17      0
  2.217862396407996E+03  -1.6793621E-17   3.3150057E-17      0
  2.219409744559431E+03   7.7871862E-17   3.9001764E-17      0
  2.220957101852669E+03   3.9614950E-17   3.7246299E-17      0
  2.222504468287869E+03   7.3287350E-18   3.3871812E-17      0
  2.224051843865195E+03   5.0864130E-17   3.6835759E-17      0
  2.225599228584809E+03   8.5392396E-17   3.9130699E-17      0
  2.227146622446872E+03   3.3550839E-17   3.5766972E-17      0
  2.228694025451547E+03   1.3600057E-17   3.4164733E-17      0
  2.230241437598996E+03   3.9847775E-17   3.5959285E-17      0
  2.231788858889380E+03   1.6446830E-17   3.4518082E-17      0
  2.233336289322862E+03   1.9646176E-17   3.4470323E-17      0
  2.234883728899605E+03  -2.3014594E-18   3.2698622E-17      0
  2.236431177619768E+03   8.7385385E-17   3.8896474E-17      0
  2.237978635483516E+03   8.0473879E-18   3.3056083E-17      0
  2.239526102491011E+03   6.1117080E-17   3.6249705E-17      0
  2.241073578642413E+03   1.2723690E-17   3.3548480E-17      0
  2.242621063937886E+03   6.4586732E-17   3.7095146E-17      0
  2.244168558377592E+03   4.5993581E-17   3.5198643E-17      0
  2.245716061961691E+03   9.7877284E-17   3.8578192E-17      0
  2.247263574690347E+03   1.4731953E-17   3.3509285E-17      0
  2.248811096563723E+03   7.7590104E-17   3.6915244E-17      0
  2.250358627581979E+03   4.8055471E-18   3.2337633E-17      0
  2.251906167745278E+03   5.5437598E-17   3.5627334E-17      0
  2.253453717053782E+03   2.9977293E-17   3.3954824E-17      0
  2.255001275507654E+03   4.4948329E-17   3.5568740E-17      0
  2.256548843107054E+03  -6.3124452E-18   3.1102924E-17      0
  2.258096419852147E+03   4.5169438E-17   3.4899167E-17      0
  2.259644005743093E+03  -6.7063722E-18   3.1526209E-17      0
  2.261191600780055E+03   8.1179889E-17   3.6809607E-17      0
  2.262739204963195E+03   1.5377771E-17   3.2946680E-17      0
  2.264286818292675E+03   3.7048559E-17   3.4446590E-17      0
  2.265834440768657E+03   7.9353302E-17   3.6313087E-17      0
  2.267382072391304E+03   2.8679853E-18   3.1802510E-17      0
  2.268929713160778E+03   1.3674152E-17   3.2645871E-17      0
  2.270477363077240E+03   8.6944769E-17   3.7118724E-17      0
  2.272025022140854E+03   9.2827545E-17   3.8175672E-17      0
  2.273572690351781E+03   9.4648679E-17   3.7348287E-17      0
  2.275120367710182E+03  -2.3840303E-17   2.9011180E-17      0
  2.276668054216222E+03   5.6066547E-17   3.5585790E-17      0
  2.278215749870062E+03   2.3086452E-17   3.2353383E-17      0
  2.279763454671863E+03  -2.6127515E-17   2.9323645E-17      0
  2.281311168621789E+03   5.7407870E-17   3.4648769E-17      0
  2.282858891720001E+03   6.2591500E-17   3.5553500E-17      0
  2.284406623966662E+03   9.1956564E-17   3.6557667E-17      0
  2.285954365361934E+03   8.1664015E-17   3.6071477E-17      0
  2.287502115905979E+03   6.5795250E-17   3.5353590E-17      0
  2.289049875598960E+03   5.5716768E-17   3.4235646E-17      0
  2.290597644441038E+03   3.7878145E-17   3.3786063E-17      0
  2.292145422432376E+03   8.6776454E-17   3.6126150E-17      0
  2.293693209573136E+03   5.5534643E-17   3.4167400E-17      0
  2.295241005863480E+03   2.9372399E-17   3.2624165E-17      0
  2.296788811303571E+03   6.3619433E-18   3.0244539E-17      0
  2.298336625893572E+03   3.5318696E-17   3.3123343E-17      0
  2.299884449633643E+03   1.9711297E-17   3.1416733E-17      0
  2.301432282523948E+03   6.0514985E-17   3.4095058E-17      0
  2.302980124564649E+03   1.1111368E-16   3.7321840E-17      0
  2.304527975755907E+03   4.4549668E-17   3.2856305E-17      0
  2.306075836097886E+03   2.7641547E-17   3.2073922E-17      0
  2.307623705590747E+03   5.3046166E-17   3.3586134E-17      0
  2.309171584234654E+03   8.1358269E-17   3.4688878E-17      0
  2.310719472029768E+03   9.9906802E-17   3.6394531E-17      0
  2.312267368976251E+03   6.5418545E-17   3.3687728E-17      0
  2.313815275074266E+03  -2.7785784E-17   2.7677300E-17      0
  2.315363190323975E+03   1.6008529E-17   3.0912358E-17      0
  2.316911114725541E+03   6.5753871E-17   3.3324394E-17      0
  2.318459048279126E+03   2.5495495E-17   3.1379623E-17      0
  2.320006990984892E+03   4.8392121E-17   3.2480388E-17      0
  2.321554942843001E+03   8.4241357E-17   3.4890898E-17      0
  2.323102903853616E+03   6.8472886E-17   3.3824262E-17      0
  2.324650874016900E+03   3.5544146E-17   3.1579218E-17      0
  2.326198853333014E+03   6.0079101E-17   3.3816990E-17      0
  2.327746841802120E+03   9.8509905E-17   3.4995815E-17      0
  2.329294839424383E+03   7.2396105E-17   3.4056048E-17      0
  2.330842846199962E+03   9.6282407E-17   3.4994021E-17      0
  2.332390862129022E+03   4.2095671E-17   3.2182888E-17      0
  2.333938887211724E+03   9.8345329E-17   3.5217178E-17      0
  2.335486921448231E+03   9.8449528E-17   3.5228994E-17      0
  2.337034964838706E+03   8.6366113E-17   3.4778746E-17      0
  2.338583017383310E+03   9.0687205E-17   3.5131181E-17      0
  2.340131079082205E+03   1.9098670E-18   2.8583448E-17      0
  2.341679149935555E+03   1.1514304E-16   3.6183530E-17      0
  2.343227229943522E+03   2.4275701E-17   3.0427429E-17      0
  2.344775319106268E+03   7.3181450E-17   3.2985647E-17      0
  2.346323417423955E+03   4.9516299E-17   3.2651975E-17      0
  2.347871524896746E+03   8.2759328E-17   3.3563747E-17      0
  2.349419641524805E+03   1.1347325E-16   3.5826288E-17      0
  2.350967767308292E+03   8.6270524E-17   3.3872632E-17      0
  2.352515902247369E+03   9.5818789E-17   3.4293231E-17      0
  2.354064046342202E+03   1.0874128E-16   3.5702257E-17      0
  2.355612199592950E+03   9.5060483E-17   3.4621413E-17      0
  2.357160361999777E+03   6.3431134E-17   3.2786104E-17      0
  2.358708533562845E+03   7.8365285E-17   3.3505814E-17      0
  2.360256714282316E+03   1.0134430E-16   3.4707211E-17      0
  2.361804904158353E+03   7.1512166E-17   3.2728576E-17      0
  2.363353103191119E+03   4.0423258E-17   3.1253325E-17      0
  2.364901311380776E+03   1.7520149E-16   3.8415078E-17      0
  2.366449528727486E+03   5.7505590E-17   3.2393577E-17      0
  2.367997755231412E+03   1.1626728E-16   3.5891228E-17      0
  2.369545990892717E+03   8.6967731E-17   3.4168627E-17      0
  2.371094235711562E+03   1.5089371E-16   3.7527464E-17      0
  2.372642489688111E+03   8.3913708E-17   3.3028587E-17      0
  2.374190752822526E+03   9.1401181E-17   3.4196500E-17      0
  2.375739025114969E+03   8.6516190E-17   3.3660666E-17      0
  2.377287306565604E+03   1.0753711E-16   3.4732076E-17      0
  2.378835597174590E+03   1.2204076E-16   3.6252759E-17      0
  2.380383896942094E+03   8.6047682E-17   3.3170422E-17      0
  2.381932205868276E+03   6.5378602E-17   3.2636997E-17      0
  2.383480523953300E+03   1.0345803E-16   3.4223661E-17      0
  2.385028851197326E+03   5.6862917E-17   3.1652447E-17      0
  2.386577187600519E+03   1.1040866E-16   3.4753302E-17      0
  2.388125533163040E+03   1.2214117E-16   3.5535613E-17      0
  2.389673887885052E+03   6.0673069E-17   3.1664497E-17      0
  2.391222251766718E+03   8.2395441E-17   3.2900500E-17      0
  2.392770624808201E+03   7.5098550E-17   3.2759347E-17      0
  2.394319007009663E+03   1.1707977E-16   3.4714947E-17      0
  2.395867398371265E+03   9.8490549E-17   3.3932716E-17      0
  2.397415798893172E+03   1.3444222E-16   3.6217339E-17      0
  2.398964208575545E+03   7.4211892E-17   3.2544055E-17      0
  2.400512627418548E+03   2.4159582E-17   2.9200187E-17      0
  2.402061055422342E+03   6.1261340E-17   3.1511763E-17      0
  2.403609492587091E+03   9.4890977E-17   3.3386780E-17      0
  2.405157938912957E+03   6.5829104E-17   3.2098214E-17      0
  2.406706394400102E+03   8.3059971E-17   3.2349108E-17      0
  2.408254859048689E+03   4.7413040E-17   3.0693417E-17      0
  2.409803332858882E+03   1.1132697E-16   3.4452165E-17      0
  2.411351815830841E+03   5.0203299E-17   3.0815479E-17      0
  2.412900307964731E+03   5.4515246E-17   3.0943014E-17      0
  2.414448809260713E+03   3.6344685E-17   3.0231989E-17      0
  2.415997319718951E+03   2.1546882E-17   2.8505213E-17      0
  2.417545839339606E+03   5.3619538E-17   3.0816058E-17      0
  2.419094368122842E+03   4.6870978E-17   3.0589483E-17      0
  2.420642906068821E+03   3.6251528E-17   2.9367367E-17      0
  2.422191453177706E+03   6.9483410E-17   3.1556193E-17      0
  2.423740009449660E+03   2.8895222E-17   2.9123603E-17      0
  2.425288574884845E+03   3.8958983E-17   2.9717142E-17      0
  2.426837149483424E+03   2.3622655E-17   2.8458818E-17      0
  2.428385733245559E+03   8.8991922E-17   3.2907819E-17      0
  2.429934326171413E+03   1.6049655E-17   2.8280226E-17      0
  2.431482928261149E+03   1.1366860E-17   2.7867814E-17      0
  2.433031539514930E+03   2.0404893E-17   2.8029882E-17      0
  2.434580159932918E+03   7.1337651E-17   3.1575784E-17      0
  2.436128789515276E+03   6.7729952E-17   3.1216569E-17      0
  2.437677428262166E+03   4.0078158E-17   2.9586100E-17      0
  2.439226076173752E+03   8.3381851E-17   3.2013448E-17      0
  2.440774733250196E+03   3.1433333E-17   2.8765189E-17      0
  2.442323399491661E+03   5.8232324E-17   3.1019700E-17      0
  2.443872074898309E+03   2.4212099E-17   2.8615248E-17      0
  2.445420759470303E+03   4.7964299E-17   3.0164987E-17      0
  2.446969453207807E+03   3.5803987E-17   2.8958938E-17      0
  2.448518156110982E+03   6.0269749E-17   3.0471607E-17      0
  2.450066868179992E+03   2.0848642E-17   2.7972492E-17      0
  2.451615589414998E+03   5.6119321E-17   3.0131950E-17      0
  2.453164319816165E+03   9.7968004E-18   2.7575302E-17      0
  2.454713059383654E+03   6.5553217E-17   3.1255049E-17      0
  2.456261808117628E+03   4.2900196E-18   2.7180632E-17      0
  2.457810566018251E+03   3.2898396E-17   2.8883843E-17      0
  2.459359333085684E+03   4.8487316E-17   2.9615749E-17      0
  2.460908109320092E+03   1.6366258E-17   2.7607643E-17      0
  2.462456894721636E+03   1.2283419E-16   3.4025403E-17      0
  2.464005689290479E+03   5.2674200E-17   3.0047246E-17      0
  2.465554493026784E+03   4.0791899E-17   2.9351677E-17      0
  2.467103305930714E+03  -1.9113826E-17   2.4828867E-17      0
  2.468652128002432E+03   6.0368369E-17   3.0481126E-17      0
  2.470200959242100E+03   8.4671142E-18   2.7297218E-17      0
  2.471749799649881E+03   4.6696390E-17   2.9448884E-17      0
  2.473298649225939E+03   1.4124124E-17   2.7082120E-17      0
  2.474847507970435E+03   3.1953881E-17   2.8784820E-17      0
  2.476396375883533E+03   3.9925047E-17   2.8005272E-17      0
  2.477945252965396E+03   3.8176639E-17   2.8858747E-17      0
  2.479494139216186E+03   7.9030007E-17   3.2944648E-17      0
  2.481043034636066E+03   8.7070189E-17   3.2867542E-17      0
  2.482591939225199E+03   6.4938800E-17   3.0642572E-17      0
  2.484140852983748E+03   6.7022766E-17   3.0403090E-17      0
  2.485689775911876E+03  -7.5941806E-18   2.5385740E-17      0
  2.487238708009745E+03   1.9774873E-17   2.7409179E-17      0
  2.488787649277519E+03   5.0155871E-17   2.9457592E-17      0
  2.490336599715360E+03   2.2227084E-17   2.7663150E-17      0
  2.491885559323431E+03   5.8602908E-17   3.0163154E-17      0
  2.493434528101895E+03   8.0552813E-17   3.1412081E-17      0
  2.494983506050915E+03   4.3677879E-17   2.8825130E-17      0
  2.496532493170654E+03   2.2098898E-17   2.7336116E-17      0
  2.498081489461274E+03   8.3866856E-17   3.1801677E-17      0
  2.499630494922940E+03   2.7350783E-17   2.7738001E-17      0
  2.501179509555813E+03   1.0011616E-16   3.2627130E-17      0
  2.502728533360055E+03   8.1309555E-18   2.6144122E-17      0
  2.504277566335832E+03   7.3939140E-17   3.0712836E-17      0
  2.505826608483304E+03  -1.6753706E-17   2.4446249E-17      0
  2.507375659802636E+03   5.1748006E-17   2.9078310E-17      0
  2.508924720293990E+03   5.1064093E-17   2.9193275E-17      0
  2.510473789957528E+03   5.3081689E-17   2.9062667E-17      0
  2.512022868793415E+03   6.4621374E-17   3.0091980E-17      0
  2.513571956801812E+03   1.4644080E-17   2.7042840E-17      0
  2.515121053982883E+03   7.2141340E-17   2.9996190E-17      0
  2.516670160336791E+03   8.3156077E-17   3.1253339E-17      0
  2.518219275863698E+03   8.0355117E-17   3.0623867E-17      0
  2.519768400563768E+03   4.5801953E-17   2.8954293E-17      0
  2.521317534437163E+03   2.5279496E-17   2.7064749E-17      0
  2.522866677484048E+03   8.4711434E-17   3.1058548E-17      0
  2.524415829704584E+03   1.4704517E-17   2.6697248E-17      0
  2.525964991098933E+03   4.7051966E-17   2.8382972E-17      0
  2.527514161667261E+03   4.2731264E-17   2.8432524E-17      0
  2.529063341409729E+03   1.0026633E-16   3.2187116E-17      0
  2.530612530326500E+03   6.1718301E-17   2.9514823E-17      0
  2.532161728417739E+03  -1.0778619E-17   2.4814866E-17      0
  2.533710935683606E+03   4.7723831E-17   2.8671807E-17      0
  2.535260152124265E+03   4.3866103E-17   2.8460350E-17      0
  2.536809377739881E+03   2.1324006E-17   2.7231204E-17      0
  2.538358612530614E+03   5.5699834E-17   2.8634108E-17      0
  2.539907856496630E+03   1.7719574E-17   2.6750265E-17      0
  2.541457109638090E+03   3.3762340E-17   2.7461412E-17      0
  2.543006371955157E+03   2.7778399E-17   2.7593486E-17      0
  2.544555643447994E+03   1.5472468E-17   2.6721841E-17      0
  2.546104924116766E+03   5.9693343E-17   2.8938454E-17      0
  2.547654213961634E+03   5.5147807E-17   2.9652231E-17      0
  2.549203512982761E+03   5.8682317E-17   2.9203846E-17      0
  2.550752821180312E+03   4.4773755E-17   2.7968654E-17      0
  2.552302138554448E+03   7.2662741E-17   3.0563556E-17      0
  2.553851465105332E+03   5.3929254E-17   2.8617584E-17      0
  2.555400800833129E+03   7.6481722E-17   3.0070980E-17      0
  2.556950145738002E+03   7.8423631E-17   3.0835619E-17      0
  2.558499499820111E+03   5.7714085E-17   2.8638382E-17      0
  2.560048863079622E+03   8.3071664E-17   3.0581264E-17      0
  2.561598235516698E+03   2.3552547E-17   2.6502237E-17      0
  2.563147617131500E+03   4.5644541E-17   2.7897894E-17      0
  2.564697007924193E+03   3.4965394E-17   2.7880195E-17      0
  2.566246407894940E+03   4.5487982E-17   2.8062198E-17      0
  2.567795817043903E+03   1.0030290E-16   3.1789229E-17      0
  2.569345235371246E+03  -1.8769269E-17   2.3698552E-17      0
  2.570894662877131E+03   5.3268062E-17   2.8689231E-17      0
  2.572444099561723E+03   8.3878013E-17   3.0395304E-17      0
  2.573993545425184E+03   4.1244916E-17   2.8026368E-17      0
  2.575543000467677E+03   5.1928804E-17   2.8608104E-17      0
  2.577092464689365E+03   7.3845166E-17   3.0008558E-17      0
  2.578641938090412E+03   4.4960790E-17   2.8352601E-17      0
  2.580191420670981E+03   1.0982604E-17   2.6147889E-17      0
  2.581740912431234E+03  -1.1479710E-18   2.4473670E-17      0
  2.583290413371335E+03   8.1933841E-17   3.0550599E-17      0
  2.584839923491447E+03   8.2975824E-17   3.0362657E-17      0
  2.586389442791733E+03   7.5706925E-17   3.0101963E-17      0
  2.587938971272358E+03   4.7931335E-17   2.8250991E-17      0
  2.589488508933483E+03   2.3697596E-17   2.6805177E-17      0
  2.591038055775271E+03   7.2342583E-17   2.9705134E-17      0
  2.592587611797886E+03   6.4431286E-18   2.5506122E-17      0
  2.594137177001491E+03   6.5983800E-17   2.9010108E-17      0
  2.595686751386250E+03   7.2828515E-17   2.9865316E-17      0
  2.597236334952325E+03   4.7313884E-17   2.8505266E-17      0
  2.598785927699880E+03   6.8705080E-18   2.5211704E-17      0
  2.600335529629078E+03   6.8772564E-17   2.9372830E-17      0
  2.601885140740082E+03  -1.0868582E-17   2.4141088E-17      0
  2.603434761033055E+03   6.7855406E-17   2.9466877E-17      0
  2.604984390508161E+03   7.1251558E-17   2.9342307E-17      0
  2.606534029165563E+03   2.8175125E-17   2.6987151E-17      0
  2.608083677005424E+03   1.9918542E-17   2.6109625E-17      0
  2.609633334027907E+03   5.4277229E-17   2.8602460E-17      0
  2.611183000233176E+03   4.9975030E-17   2.8482241E-17      0
  2.612732675621393E+03   8.2557707E-17   3.0312196E-17      0
  2.614282360192722E+03   6.3323177E-17   2.8997610E-17      0
  2.615832053947327E+03   6.2474298E-17   2.8820673E-17      0
  2.617381756885370E+03   6.9269825E-17   2.9433124E-17      0
  2.618931469007015E+03   4.3414300E-17   2.8038131E-17      0
  2.620481190312425E+03   4.2722376E-17   2.7573333E-17      0
  2.622030920801763E+03   5.0726143E-17   2.8704190E-17      0
  2.623580660475193E+03   7.2527315E-17   3.0238289E-17      0
  2.625130409332877E+03   7.7803358E-17   3.0550847E-17      0
  2.626680167374981E+03   6.8776157E-17   2.9581560E-17      0
  2.628229934601665E+03   3.9171919E-17   2.7608339E-17      0
  2.629779711013095E+03   5.6779887E-17   2.8988703E-17      0
  2.631329496609432E+03   3.6845778E-17   2.7484968E-17      0
  2.632879291390841E+03   8.5171340E-17   3.0484769E-17      0
  2.634429095357484E+03   1.5853383E-17   2.6137921E-17      0
  2.635978908509525E+03   2.6867268E-17   2.6490497E-17      0
  2.637528730847128E+03   8.7381805E-17   3.0618279E-17      0
  2.639078562370456E+03   6.5059899E-17   2.9129916E-17      0
  2.640628403079671E+03   3.0636831E-17   2.6899214E-17      0
  2.642178252974938E+03   1.0422294E-16   3.2079318E-17      0
  2.643728112056419E+03   2.2048215E-17   2.6291612E-17      0
  2.645277980324278E+03   5.5679539E-17   2.8553491E-17      0
  2.646827857778679E+03   9.4653179E-17   3.0793975E-17      0
  2.648377744419784E+03   3.2127152E-17   2.7057821E-17      0
  2.649927640247758E+03   3.1968142E-17   2.7022072E-17      0
  2.651477545262763E+03   5.4486324E-17   2.8278139E-17      0
  2.653027459464963E+03   3.8107797E-17   2.7998260E-17      0
  2.654577382854521E+03   6.8785594E-17   2.9258159E-17      0
  2.656127315431600E+03   6.9945638E-17   2.9685944E-17      0
  2.657677257196365E+03   7.5035896E-17   2.9716940E-17      0
  2.659227208148978E+03   9.3905209E-17   3.0708865E-17      0
  2.660777168289602E+03   9.4150432E-17   3.1118776E-17      0
  2.662327137618402E+03   1.0100734E-16   3.1359118E-17      0
  2.663877116135541E+03   1.8051823E-16   3.6469758E-17      0
  2.665427103841181E+03   1.0242478E-16   3.1542458E-17      0
  2.666977100735487E+03   1.0226579E-16   3.1691820E-17      0
  2.668527106818622E+03   8.1127036E-17   3.0537086E-17      0
  2.670077122090748E+03   1.4803162E-16   3.3870220E-17      0
  2.671627146552031E+03   1.0062647E-16   3.1309574E-17      0
  2.673177180202632E+03   1.6192681E-16   3.4677539E-17      0
  2.674727223042716E+03   1.9986106E-16   3.6572666E-17      0
  2.676277275072446E+03   1.0613168E-16   3.2678951E-17      0
  2.677827336291986E+03   1.8312038E-16   3.5556842E-17      0
  2.679377406701498E+03   2.6505376E-16   4.0563048E-17      0
  2.680927486301146E+03   2.0512127E-16   3.6899720E-17      0
  2.682477575091095E+03   1.8690775E-16   3.6388899E-17      0
  2.684027673071506E+03   2.1928248E-16   3.7861810E-17      0
  2.685577780242545E+03   1.6656338E-16   3.5871137E-17      0
  2.687127896604373E+03   2.1084233E-16   3.7180518E-17      0
  2.688678022157155E+03   2.5972717E-16   3.9502864E-17      0
  2.690228156901055E+03   2.6268175E-16   4.0317451E-17      0
  2.691778300836235E+03   2.0049838E-16   3.6880857E-17      0
  2.693328453962859E+03   2.5587550E-16   3.9693142E-17      0
  2.694878616281092E+03   2.2861965E-16   3.9178884E-17      0
  2.696428787791094E+03   2.7468421E-16   4.0431516E-17      0
  2.697978968493032E+03   2.8188002E-16   4.1422856E-17      0
  2.699529158387068E+03   2.7213842E-16   4.0166630E-17      0
  2.701079357473366E+03   2.4342943E-16   3.9456578E-17      0
  2.702629565752089E+03   3.0629397E-16   4.2466463E-17      0
  2.704179783223400E+03   2.3466926E-16   3.8635734E-17      0
  2.705730009887464E+03   2.8848283E-16   4.1150512E-17      0
  2.707280245744445E+03   2.2546757E-16   3.8203026E-17      0
  2.708830490794504E+03   2.9960723E-16   4.1979201E-17      0
  2.710380745037806E+03   2.9758983E-16   4.1533993E-17      0
  2.711931008474514E+03   2.8602611E-16   4.1993620E-17      0
  2.713481281104794E+03   2.5461982E-16   3.9523265E-17      0
  2.715031562928806E+03   2.5031936E-16   3.9565693E-17      0
  2.716581853946715E+03   3.8214108E-16   4.6452693E-17      0
  2.718132154158686E+03   3.4189061E-16   4.3634889E-17      0
  2.719682463564880E+03   2.8760006E-16   4.1440624E-17      0
  2.721232782165463E+03   3.3274379E-16   4.3258274E-17      0
  2.722783109960597E+03   2.5082149E-16   3.9492243E-17      0
  2.724333446950447E+03   2.5492613E-16   4.0328324E-17      0
  2.725883793135175E+03   2.6546367E-16   4.0233830E-17      0
  2.727434148514945E+03   3.1334740E-16   4.3047928E-17      0
  2.728984513089921E+03   2.9270558E-16   4.1612264E-17      0
  2.730534886860267E+03   3.1087335E-16   4.2410033E-17      0
  2.732085269826146E+03   3.0729844E-16   4.2826330E-17      0
  2.733635661987722E+03   3.7333020E-16   4.5153129E-17      0
  2.735186063345157E+03   3.3566137E-16   4.3830474E-17      0
  2.736736473898618E+03   3.3178063E-16   4.3428302E-17      0
  2.738286893648266E+03   4.2741198E-16   4.7599893E-17      0
  2.739837322594265E+03   3.5081524E-16   4.4797908E-17      0
  2.741387760736779E+03   3.5955876E-16   4.5006096E-17      0
  2.742938208075971E+03   3.1387012E-16   4.3616258E-17      0
  2.744488664612007E+03   3.8223193E-16   4.5587773E-17      0
  2.746039130345048E+03   4.0116579E-16   4.6950236E-17      0
  2.747589605275258E+03   3.1875388E-16   4.3785942E-17      0
  2.749140089402802E+03   3.1226383E-16   4.2112007E-17      0
  2.750690582727843E+03   3.8750556E-16   4.6800231E-17      0
  2.752241085250545E+03   3.7699975E-16   4.5742724E-17      0
  2.753791596971070E+03   3.2506660E-16   4.3781101E-17      0
  2.755342117889584E+03   4.6763191E-16   4.9534424E-17      0
  2.756892648006249E+03   3.5704731E-16   4.4416916E-17      0
  2.758443187321230E+03   3.2401276E-16   4.3994574E-17      0
  2.759993735834690E+03   3.7306584E-16   4.5793996E-17      0
  2.761544293546793E+03   4.2739676E-16   4.7406326E-17      0
  2.763094860457702E+03   3.7357099E-16   4.6571221E-17      0
  2.764645436567581E+03   4.2858139E-16   4.7888645E-17      0
  2.766196021876595E+03   4.5460507E-16   4.8782781E-17      0
  2.767746616384906E+03   4.4898633E-16   5.0225755E-17      0
  2.769297220092679E+03   3.2074223E-16   4.3370251E-17      0
  2.770847833000077E+03   4.1878707E-16   4.7921908E-17      0
  2.772398455107264E+03   4.0902715E-16   4.7704618E-17      0
  2.773949086414403E+03   4.1064493E-16   4.6721123E-17      0
  2.775499726921659E+03   4.2382021E-16   4.9116251E-17      0
  2.777050376629195E+03   3.7111446E-16   4.5765031E-17      0
  2.778601035537175E+03   3.5973066E-16   4.5680252E-17      0
  2.780151703645763E+03   3.6427316E-16   4.6056718E-17      0
  2.781702380955122E+03   4.2154448E-16   4.8088565E-17      0
  2.783253067465417E+03   4.0421590E-16   4.7680782E-17      0
  2.784803763176811E+03   3.9803526E-16   4.7246800E-17      0
  2.786354468089467E+03   4.4504779E-16   4.9856237E-17      0
  2.787905182203550E+03   4.5341838E-16   4.9816185E-17      0
  2.789455905519224E+03   3.6477688E-16   4.6376579E-17      0
  2.791006638036651E+03   3.5413524E-16   4.6526885E-17      0
  2.792557379755997E+03   4.5240379E-16   4.9080487E-17      0
  2.794108130677424E+03   3.5373340E-16   4.6533184E-17      0
  2.795658890801098E+03   2.6806224E-16   4.2711256E-17      0
  2.797209660127181E+03   3.8108325E-16   4.7211724E-17      0
  2.798760438655837E+03   3.1171323E-16   4.5064591E-17      0
  2.800311226387230E+03   4.1682462E-16   4.9107463E-17      0
  2.801862023321524E+03   3.6148693E-16   4.6756397E-17      0
  2.803412829458884E+03   2.5621021E-16   4.1895954E-17      0
  2.804963644799471E+03   3.2138624E-16   4.4471999E-17      0
  2.806514469343452E+03   2.8127111E-16   4.3334672E-17      0
  2.808065303090988E+03   2.6515059E-16   4.2562565E-17      0
  2.809616146042245E+03   1.8679093E-16   3.8784189E-17      0
  2.811166998197386E+03   2.8038141E-16   4.3303077E-17      0
  2.812717859556576E+03   4.1868661E-16   4.8410606E-17      0
  2.814268730119976E+03   4.2642593E-16   4.9527462E-17      0
  2.815819609887752E+03   3.1510211E-16   4.4490432E-17      0
  2.817370498860069E+03   2.9226705E-16   4.4187955E-17      0
  2.818921397037089E+03   4.4767894E-16   4.9681996E-17      0
  2.820472304418976E+03   3.7794790E-16   4.7599966E-17      0
  2.822023221005894E+03   3.4615248E-16   4.6514440E-17      0
  2.823574146798008E+03   3.9714680E-16   4.7723706E-17      0
  2.825125081795481E+03   4.0230979E-16   4.8871985E-17      0
  2.826676025998477E+03   3.7434383E-16   4.7210675E-17      0
  2.828226979407160E+03   2.6460438E-16   4.2499819E-17      0
  2.829777942021693E+03   4.0854927E-16   4.9329617E-17      0
  2.831328913842241E+03   3.7116195E-16   4.6753869E-17      0
  2.832879894868969E+03   3.6064654E-16   4.8127280E-17      0
  2.834430885102039E+03   3.8639316E-16   4.7762041E-17      0
  2.835981884541616E+03   3.7856819E-16   4.7724275E-17      0
  2.837532893187863E+03   3.7056029E-16   4.8070361E-17      0
  2.839083911040944E+03   3.7885984E-16   4.7651169E-17      0
  2.840634938101025E+03   3.5086318E-16   4.7362181E-17      0
  2.842185974368267E+03   3.5571043E-16   4.7067189E-17      0
  2.843737019842835E+03   3.3073050E-16   4.5853923E-17      0
  2.845288074524895E+03   3.5741942E-16   4.7778796E-17      0
  2.846839138414608E+03   4.2654631E-16   5.0284247E-17      0
  2.848390211512141E+03   4.0439383E-16   4.9702428E-17      0
  2.849941293817655E+03   4.3048356E-16   5.1039760E-17      0
  2.851492385331316E+03   4.3948360E-16   5.1327566E-17      0
  2.853043486053286E+03   4.2882224E-16   5.1301196E-17      0
  2.854594595983732E+03   3.2225760E-16   4.6312843E-17      0
  2.856145715122816E+03   4.1032486E-16   4.9976532E-17      0
  2.857696843470702E+03   4.2359527E-16   5.0634141E-17      0
  2.859247981027554E+03   3.6745631E-16   4.8958134E-17      0
  2.860799127793537E+03   4.2192196E-16   5.0433989E-17      0
  2.862350283768814E+03   4.1316457E-16   5.1186677E-17      0
  2.863901448953550E+03   3.5437894E-16   4.8610238E-17      0
  2.865452623347908E+03   3.0224219E-16   4.6812834E-17      0
  2.867003806952052E+03   3.8894374E-16   5.0257254E-17      0
  2.868554999766148E+03   4.2079551E-16   5.1296388E-17      0
  2.870106201790357E+03   5.1034969E-16   5.5184852E-17      0
  2.871657413024846E+03   3.7695393E-16   4.9371860E-17      0
  2.873208633469777E+03   5.1486638E-16   5.5368426E-17      0
  2.874759863125315E+03   4.6970190E-16   5.4522349E-17      0
  2.876311101991624E+03   5.0992135E-16   5.5592791E-17      0
  2.877862350068868E+03   5.3596036E-16   5.7007309E-17      0
  2.879413607357211E+03   4.5541012E-16   5.3082665E-17      0
  2.880964873856816E+03   4.2935190E-16   5.2826087E-17      0
  2.882516149567849E+03   4.9071271E-16   5.4869802E-17      0
  2.884067434490474E+03   4.4599292E-16   5.3605076E-17      0
  2.885618728624854E+03   5.2981027E-16   5.7452352E-17      0
  2.887170031971153E+03   4.2999289E-16   5.2636090E-17      0
  2.888721344529536E+03   5.6872762E-16   5.8527641E-17      0
  2.890272666300166E+03   4.9654739E-16   5.5473501E-17      0
  2.891823997283208E+03   6.2142472E-16   6.0460173E-17      0
  2.893375337478827E+03   6.3639211E-16   6.1518699E-17      0
  2.894926686887185E+03   6.7637799E-16   6.2762891E-17      0
  2.896478045508448E+03   5.6411060E-16   5.9430254E-17      0
  2.898029413342779E+03   6.5021425E-16   6.0997430E-17      0
  2.899580790390342E+03   6.4744456E-16   6.2320151E-17      0
  2.901132176651302E+03   7.8128080E-16   6.7368454E-17      0
  2.902683572125824E+03   7.7532039E-16   6.6670367E-17      0
  2.904234976814069E+03   7.5929611E-16   6.6668177E-17      0
  2.905786390716204E+03   6.5451078E-16   6.3741420E-17      0
  2.907337813832393E+03   7.9968116E-16   6.7540104E-17      0
  2.908889246162798E+03   7.9776321E-16   6.8744804E-17      0
  2.910440687707586E+03   8.6066795E-16   7.1134998E-17      0
  2.911992138466919E+03   7.2103452E-16   6.5317642E-17      0
  2.913543598440962E+03   6.8429870E-16   6.5226818E-17      0
  2.915095067629879E+03   7.0473829E-16   6.6037150E-17      0
  2.916646546033835E+03   6.7863014E-16   6.5288049E-17      0
  2.918198033652994E+03   6.5671290E-16   6.4467320E-17      0
  2.919749530487519E+03   7.6455428E-16   6.8183558E-17      0
  2.921301036537575E+03   7.1816133E-16   6.7054126E-17      0
  2.922852551803327E+03   7.8004826E-16   6.9610610E-17      0
  2.924404076284937E+03   7.7548423E-16   6.9463246E-17      0
  2.925955609982572E+03   7.7942225E-16   6.9662134E-17      0
  2.927507152896394E+03   7.6919533E-16   6.9641825E-17      0
  2.929058705026569E+03   8.2614924E-16   7.0785438E-17      0
  2.930610266373260E+03   8.5725965E-16   7.2404714E-17      0
  2.932161836936632E+03   8.4767553E-16   7.2401577E-17      0
  2.933713416716848E+03   7.8140732E-16   7.0377288E-17      0
  2.935265005714074E+03   7.7370732E-16   7.0296760E-17      0
  2.936816603928473E+03   6.8253417E-16   6.6946248E-17      0
  2.938368211360209E+03   7.4111338E-16   7.0235926E-17      0
  2.939919828009449E+03   7.1471555E-16   6.8326396E-17      0
  2.941471453876354E+03   6.5941256E-16   6.7957334E-17      0
  2.943023088961088E+03   8.4757637E-16   7.3188656E-17      0
  2.944574733263818E+03   8.7954366E-16   7.5101336E-17      0
  2.946126386784708E+03   8.0955248E-16   7.2424335E-17      0
  2.947678049523920E+03   6.1022228E-16   6.4920853E-17      0
  2.949229721481620E+03   7.9285074E-16   7.3069304E-17      0
  2.950781402657973E+03   7.9099468E-16   7.2401001E-17      0
  2.952333093053141E+03   8.1214848E-16   7.3479566E-17      0
  2.953884792667290E+03   7.4191055E-16   7.1454866E-17      0
  2.955436501500584E+03   7.0753461E-16   7.0059306E-17      0
  2.956988219553187E+03   6.6453181E-16   6.8620098E-17      0
  2.958539946825264E+03   7.9483809E-16   7.4540752E-17      0
  2.960091683316978E+03   7.8354264E-16   7.2414276E-17      0
  2.961643429028495E+03   6.8310481E-16   7.0138246E-17      0
  2.963195183959978E+03   8.0419754E-16   7.6097255E-17      0
  2.964746948111593E+03   6.9184550E-16   7.1123239E-17      0
  2.966298721483502E+03   8.5830468E-16   7.8292440E-17      0
  2.967850504075871E+03   7.3575362E-16   7.1899512E-17      0
  2.969402295888865E+03   6.7678277E-16   7.1668172E-17      0
  2.970954096922645E+03   6.6071688E-16   7.1073052E-17      0
  2.972505907177380E+03   8.3450824E-16   7.6087931E-17      0
  2.974057726653231E+03   7.7323578E-16   7.6774332E-17      0
  2.975609555350364E+03   7.2513135E-16   7.2214039E-17      0
  2.977161393268943E+03   6.8157618E-16   7.2516866E-17      0
  2.978713240409132E+03   7.5307640E-16   7.6612588E-17      0
  2.980265096771095E+03   6.4817799E-16   7.2106300E-17      0
  2.981816962354998E+03   7.2950559E-16   7.5227716E-17      0
  2.983368837161004E+03   6.9808453E-16   7.4856133E-17      0
  2.984920721189278E+03   7.0738321E-16   7.4312695E-17      0
  2.986472614439985E+03   6.2693281E-16   7.2196794E-17      0
  2.988024516913288E+03   6.4243839E-16   7.3164979E-17      0
  2.989576428609352E+03   6.3685289E-16   7.3173489E-17      0
  2.991128349528341E+03   6.3600671E-16   7.2521154E-17      0
  2.992680279670421E+03   6.3701203E-16   7.4421056E-17      0
  2.994232219035756E+03   6.4094221E-16   7.4711754E-17      0
  2.995784167624509E+03   6.9835235E-16   7.6631170E-17      0
  2.997336125436846E+03   5.4383126E-16   7.1394938E-17      0
  2.998888092472929E+03   5.3806466E-16   7.0488136E-17      0
  3.000440068732926E+03   7.1749276E-16   7.9541919E-17      0
  3.001992054216999E+03   5.5144905E-16   7.2468413E-17      0
  3.003544048925314E+03   5.5716160E-16   7.1715090E-17      0
  3.005096052858034E+03   5.0676933E-16   7.1114385E-17      0
  3.006648066015325E+03   6.1631393E-16   7.5893159E-17      0
  3.008200088397350E+03   7.2547647E-16   8.1167587E-17      0
  3.009752120004274E+03   5.7254197E-16   7.5709247E-17      0
  3.011304160836261E+03   5.5942148E-16   7.4261125E-17      0
  3.012856210893477E+03   6.5245296E-16   7.7985609E-17      0
  3.014408270176086E+03   5.8574536E-16   7.6812660E-17      0
  3.015960338684251E+03   6.1507493E-16   7.7296746E-17      0
  3.017512416418139E+03   5.9025385E-16   7.6735130E-17      0
  3.019064503377912E+03   6.1500627E-16   7.9110740E-17      0
  3.020616599563736E+03   5.5783636E-16   7.7109763E-17      0
  3.022168704975776E+03   6.5718862E-16   8.1182119E-17      0
  3.023720819614195E+03   5.6584702E-16   7.7935839E-17      0
  3.025272943479158E+03   5.2708213E-16   7.7261826E-17      0
  3.026825076570831E+03   6.8930477E-16   8.3592954E-17      0
  3.028377218889377E+03   7.1169577E-16   8.5443853E-17      0
  3.029929370434960E+03   6.0806484E-16   8.2217452E-17      0
  3.031481531207746E+03   6.1740147E-16   8.2365431E-17      0
  3.033033701207899E+03   5.6952028E-16   8.1098653E-17      0
  3.034585880435584E+03   6.1832304E-16   8.2497839E-17      0
  3.036138068890965E+03   4.6395880E-16   7.6639984E-17      0
  3.037690266574207E+03   7.2885099E-16   8.7980412E-17      0
  3.039242473485474E+03   5.7185831E-16   8.1998447E-17      0
  3.040794689624932E+03   5.1421067E-16   8.1380371E-17      0
  3.042346914992743E+03   5.3491105E-16   8.0046936E-17      0
  3.043899149589074E+03   6.0392078E-16   8.5660879E-17      0
  3.045451393414089E+03   5.1941283E-16   8.1475643E-17      0
  3.047003646467952E+03   6.4527997E-16   8.9375859E-17      0
  3.048555908750828E+03   6.9507661E-16   9.2690537E-17      0
  3.050108180262881E+03   5.7326131E-16   8.5520119E-17      0
  3.051660461004276E+03   5.8200608E-16   8.6443127E-17      0
  3.053212750975179E+03   6.0096919E-16   8.8853366E-17      0
  3.054765050175753E+03   6.3007308E-16   8.8617494E-17      0
  3.056317358606163E+03   6.2972892E-16   9.0652629E-17      0
  3.057869676266574E+03   6.1760825E-16   9.0004695E-17      0
  3.059422003157150E+03   6.1778528E-16   9.0257323E-17      0
  3.060974339278057E+03   7.4475520E-16   9.7942638E-17      0
  3.062526684629458E+03   7.1119708E-16   9.5201534E-17      0
  3.064079039211518E+03   3.2498486E-16   7.9152536E-17      0
  3.065631403024403E+03   6.2527337E-16   9.3544856E-17      0
  3.067183776068275E+03   7.1971823E-16   9.7380380E-17      0
  3.068736158343302E+03   4.1601356E-16   8.4311482E-17      0
  3.070288549849646E+03   6.0152394E-16   9.3663494E-17      0
  3.071840950587473E+03   5.9534844E-16   9.4030841E-17      0
  3.073393360556948E+03   5.3236338E-16   9.2587683E-17      0
  3.074945779758234E+03   4.9345715E-16   9.0781669E-17      0
  3.076498208191498E+03   7.5681912E-16   1.0458813E-16      0
  3.078050645856903E+03   6.2354828E-16   9.8000111E-17      0
  3.079603092754614E+03   4.8867957E-16   9.3238568E-17      0
  3.081155548884796E+03   5.6437858E-16   9.5480029E-17      0
  3.082708014247614E+03   5.3882741E-16   9.5506704E-17      0
  3.084260488843233E+03   3.2248066E-16   8.5880717E-17      0
  3.085812972671816E+03   5.2422006E-16   9.6685383E-17      0
  3.087365465733530E+03   4.8574851E-16   9.4800119E-17      0
  3.088917968028537E+03   5.6368132E-16   9.9837232E-17      0
  3.090470479557005E+03   6.2560631E-16   1.0220478E-16      0
  3.092023000319096E+03   5.4872123E-16   1.0120982E-16      0
  3.093575530314976E+03   6.6647644E-16   1.0749837E-16      0
  3.095128069544810E+03   6.6920082E-16   1.0751095E-16      0
  3.096680618008761E+03   6.7473427E-16   1.0968895E-16      0
  3.098233175706997E+03   6.9616759E-16   1.1102639E-16      0
  3.099785742639680E+03   6.8626175E-16   1.1223659E-16      0
  3.101338318806976E+03   5.5024038E-16   1.0367841E-16      0
  3.102890904209049E+03   7.7877781E-16   1.1706864E-16      0
  3.104443498846065E+03   5.6204437E-16   1.0912614E-16      0
  3.105996102718187E+03   5.8874285E-16   1.0920116E-16      0
  3.107548715825582E+03   6.9019204E-16   1.1704379E-16      0
  3.109101338168413E+03   4.8423052E-16   1.0482955E-16      0
  3.110653969746845E+03   5.5008098E-16   1.0856037E-16      0
  3.112206610561045E+03   7.3978111E-16   1.2080958E-16      0
  3.113759260611174E+03   7.3885477E-16   1.2135445E-16      0
  3.115311919897400E+03   9.3922857E-16   1.3205962E-16      0
  3.116864588419887E+03   6.3568420E-16   1.1844207E-16      0
  3.118417266178799E+03   7.5783821E-16   1.2381549E-16      0
  3.119969953174301E+03   6.9414509E-16   1.2264950E-16      0
  3.121522649406559E+03   7.4609521E-16   1.2496645E-16      0
  3.123075354875737E+03   6.8463328E-16   1.2410575E-16      0
  3.124628069582000E+03   5.7952358E-16   1.1955208E-16      0
  3.126180793525512E+03   6.8578953E-16   1.2703588E-16      0
  3.127733526706440E+03   5.1397710E-16   1.1785245E-16      0
  3.129286269124947E+03   6.7038693E-16   1.2716221E-16      0
  3.130839020781199E+03   7.4263534E-16   1.3117353E-16      0
  3.132391781675359E+03   6.1270668E-16   1.2352001E-16      0
  3.133944551807593E+03   5.1722108E-16   1.2102763E-16      0
  3.135497331178067E+03   7.7829696E-16   1.3601492E-16      0
  3.137050119786945E+03   7.2325962E-16   1.3325549E-16      0
  3.138602917634392E+03   7.1180927E-16   1.3506963E-16      0
  3.140155724720572E+03   6.4288800E-16   1.3175390E-16      0
  3.141708541045652E+03   1.2127729E-15   1.5721768E-16      0
  3.143261366609794E+03   8.8744690E-16   1.4604661E-16      0
  3.144814201413165E+03   8.0581982E-16   1.4852420E-16      0
  3.146367045455929E+03   5.2585346E-16   1.3844010E-16      0
  3.147919898738252E+03   4.0033175E-16   1.0674297E-16   2560
  3.149472761260298E+03   4.4136584E-16   1.1323662E-16   2564
  3.151025633022232E+03   1.0674741E-15   1.6366510E-16   2564
  3.152578514024219E+03   1.3151596E-15   1.9936424E-16   2564
  3.154131404266425E+03   2.0113590E-17   2.0923580E-17   2564
