  5.255334704877771E+03   5.3112666E-14   2.2633891E-14   2576
  5.260204480237747E+03  -5.4378736E-15   1.8175465E-14   2576
  5.265074312307175E+03   8.9228897E-14   1.6007844E-14    512
  5.269944200974816E+03   1.2118631E-14   1.3110560E-14    512
  5.274814146129419E+03  -8.0565242E-15   1.1433684E-14    512
  5.279684147659721E+03  -4.7876970E-15   1.0266182E-14    512
  5.284554205454446E+03   8.2555854E-15   9.3352780E-15    512
  5.289424319402302E+03   3.6110207E-14   8.8302660E-15    528
  5.294294489391988E+03  -2.1156605E-15   7.7256164E-15    512
  5.299164715312188E+03  -1.4035453E-14   7.0649997E-15    512
  5.304034997051574E+03   7.1308070E-15   6.7797550E-15      0
  5.308905334498805E+03  -7.6456531E-15   6.3891102E-15      0
  5.313775727542527E+03  -7.4178072E-15   6.2988042E-15      0
  5.318646176071370E+03  -1.0597184E-15   6.3730187E-15      0
  5.323516679973957E+03   2.5908091E-15   6.4566065E-15      0
  5.328387239138896E+03   1.9323935E-14   6.6943758E-15      0
  5.333257853454780E+03   3.9910085E-14   7.2066071E-15     16
  5.338128522810191E+03  -6.8852145E-15   6.6998612E-15      0
  5.342999247093699E+03   1.0891887E-14   7.0537041E-15     16
  5.347870026193861E+03   1.9523506E-14   7.2636963E-15      0
  5.352740859999220E+03   2.7989889E-14   7.5136939E-15     16
  5.357611748398307E+03  -2.0210162E-15   7.3905895E-15     16
  5.362482691279642E+03   3.7934899E-14   7.8753236E-15      0
  5.367353688531731E+03   9.8912381E-14   8.8128391E-15     16
  5.372224740043067E+03   1.6380277E-13   9.7483794E-15     16
  5.377095845702132E+03   2.1625257E-15   7.6152734E-15      0
  5.381967005397391E+03  -2.6815670E-15   7.5165848E-15      0
  5.386838219017306E+03   3.2970431E-15   7.5339329E-15      0
  5.391709486450317E+03   1.2522870E-14   7.5890696E-15      0
  5.396580807584856E+03   1.7322964E-14   7.5297917E-15      0
  5.401452182309342E+03   1.6250063E-14   7.3635911E-15      0
  5.406323610512180E+03  -6.9782492E-16   7.1346314E-15      0
  5.411195092081767E+03   4.9765303E-15   7.0408246E-15      0
  5.416066626906484E+03  -4.6949939E-15   6.8311111E-15      0
  5.420938214874697E+03   7.5170820E-15   6.7223482E-15      0
  5.425809855874768E+03   9.4837688E-15   6.5808378E-15     16
  5.430681549795040E+03   1.0224504E-14   6.5239951E-15      0
  5.435553296523845E+03   2.8548402E-14   6.6427623E-15     16
  5.440425095949506E+03   2.7817224E-14   6.4288382E-15      0
  5.445296947960327E+03   5.7570153E-14   6.8103516E-15     16
  5.450168852444609E+03   1.4463833E-14   6.0943724E-15      0
  5.455040809290634E+03   1.3912840E-14   5.9007187E-15      0
  5.459912818386673E+03   1.6431020E-14   5.8646321E-15      0
  5.464784879620988E+03   3.9628309E-15   5.6044854E-15     16
  5.469656992881826E+03   6.2094549E-14   6.3098737E-15     16
  5.474529158057423E+03  -1.5024645E-14   5.3317264E-15      0
  5.479401375036002E+03   2.4600341E-14   5.6613277E-15     16
  5.484273643705777E+03   1.4257025E-13   7.2729705E-15     16
  5.489145963954946E+03  -1.4831583E-16   5.3501324E-15      0
  5.494018335671698E+03   5.3623293E-15   5.2601580E-15      0
  5.498890758744208E+03  -5.8073117E-15   5.1951694E-15      0
  5.503763233060643E+03   9.7079107E-15   5.2219704E-15      0
  5.508635758509151E+03   2.6989004E-14   5.4470724E-15     16
  5.513508334977877E+03   1.0014838E-13   6.5201776E-15     16
  5.518380962354947E+03   1.3351666E-15   5.0691894E-15      0
  5.523253640528479E+03   1.6616156E-14   5.2597460E-15      0
  5.528126369386579E+03   1.7935762E-14   5.2842947E-15     16
  5.532999148817339E+03   5.0580437E-15   5.1278612E-15      0
  5.537871978708841E+03   1.6570821E-14   5.2744670E-15      0
  5.542744858949157E+03   3.4895024E-15   5.1209562E-15      0
  5.547617789426346E+03   3.2093960E-14   5.4154539E-15      0
  5.552490770028452E+03   1.8601453E-14   5.2083120E-15     16
  5.557363800643512E+03   1.2567077E-15   4.9937742E-15      0
  5.562236881159548E+03   1.0813709E-14   5.1657325E-15      0
  5.567110011464574E+03   1.5135282E-13   7.1342510E-15     16
  5.571983191446591E+03   4.0250694E-14   5.5474424E-15     16
  5.576856420993588E+03   8.3044127E-15   5.0576841E-15      0
  5.581729699993542E+03   2.8015448E-16   4.9255051E-15      0
  5.586603028334421E+03  -3.6561271E-15   4.8982602E-15      0
  5.591476405904176E+03   1.1039658E-14   5.0060757E-15      0
  5.596349832590754E+03   2.2062201E-14   5.1077184E-15      0
  5.601223308282086E+03   2.0710415E-14   5.4173076E-15      0
  5.606096832866093E+03  -3.2789200E-15   4.8696356E-15      0
  5.610970406230684E+03   6.9526722E-15   4.9056286E-15      0
  5.615844028263758E+03   1.8809188E-14   4.9685085E-15      0
  5.620717698853200E+03   1.7142737E-14   4.9466737E-15      0
  5.625591417886887E+03  -9.4862248E-16   4.7625596E-15      0
  5.630465185252684E+03   9.6129651E-15   4.7891878E-15      0
  5.635339000838443E+03   4.2822627E-15   4.7360268E-15      0
  5.640212864532008E+03   1.6081331E-15   4.6543469E-15     16
  5.645086776221207E+03   5.2177335E-15   4.6847503E-15     16
  5.649960735793861E+03   1.2603643E-14   4.7460061E-15      0
  5.654834743137781E+03   2.1478655E-14   4.8281335E-15     16
  5.659708798140761E+03   5.5442863E-15   4.6469854E-15      0
  5.664582900690590E+03  -7.6951715E-15   4.5064241E-15     16
  5.669457050675042E+03   1.1167789E-14   4.6687914E-15      0
  5.674331247981884E+03   1.6582752E-14   4.7174187E-15      0
  5.679205492498867E+03  -1.0452014E-15   4.5366576E-15      0
  5.684079784113734E+03  -1.4519226E-14   4.4765234E-15  16384
  5.688954122714219E+03   3.4645712E-15   4.5832212E-15      0
  5.693828508188041E+03  -7.3150926E-15   4.4334475E-15      0
  5.698702940422911E+03  -1.5293675E-14   4.3694728E-15  16384
  5.703577419306526E+03   5.8064405E-15   4.4838494E-15      0
  5.708451944726578E+03   6.1193645E-15   4.5153404E-15      0
  5.713326516570742E+03   2.9260624E-14   4.7833081E-15     16
  5.718201134726686E+03   2.2081593E-14   4.6398953E-15      0
  5.723075799082066E+03   2.1073174E-15   4.4134863E-15      0
  5.727950509524525E+03   1.4215173E-15   4.4187121E-15     16
  5.732825265941700E+03   1.7199785E-14   4.5591239E-15     16
  5.737700068221216E+03   2.7632929E-14   4.7278055E-15     16
  5.742574916250685E+03   3.0005166E-14   4.7020197E-15     16
  5.747449809917711E+03   7.0891144E-15   4.4634088E-15      0
  5.752324749109884E+03   1.2567367E-14   4.4875920E-15      0
  5.757199733714787E+03   6.3636205E-15   4.4131251E-15      0
  5.762074763619989E+03  -2.7797718E-15   4.3103381E-15      0
  5.766949838713055E+03  -2.2349165E-15   4.2946879E-15      0
  5.771824958881532E+03   8.4300412E-15   4.4050698E-15      0
  5.776700124012961E+03  -1.3679578E-14   4.2624345E-15  16384
  5.781575333994871E+03   8.1191682E-15   4.3399414E-15      0
  5.786450588714780E+03   1.4128612E-14   4.4165818E-15     16
  5.791325888060197E+03   1.4454446E-14   4.3998614E-15      0
  5.796201231918620E+03   4.0907770E-15   4.2742553E-15      0
  5.801076620177538E+03  -1.0623309E-14   4.1704048E-15      0
  5.805952052724426E+03  -3.2031819E-15   4.1610460E-15      0
  5.810827529446753E+03   1.0297525E-14   4.2809536E-15      0
  5.815703050231977E+03   1.2723179E-14   4.3235069E-15     16
  5.820578614967541E+03   6.3906273E-15   4.2294964E-15      0
  5.825454223540886E+03   2.3475884E-15   4.2121801E-15      0
  5.830329875839435E+03   1.1650094E-14   4.2436465E-15      0
  5.835205571750606E+03   4.8519856E-14   4.7754417E-15     16
  5.840081311161806E+03   5.3131234E-15   4.2032117E-15     16
  5.844957093960428E+03   3.8732068E-15   4.2402444E-15     16
  5.849832920033859E+03   4.3360108E-15   4.1228240E-15      0
  5.854708789269476E+03   1.4893503E-16   4.4242403E-15      0
  5.859584701554646E+03   3.8256551E-14   4.5725596E-15    272
  5.864460656776720E+03   3.7458822E-13   8.5887023E-15     16
  5.869336654823050E+03   1.1942058E-14   4.2160332E-15     16
  5.874212695580966E+03   5.4402283E-15   4.1297765E-15     16
  5.879088778937798E+03   1.7293423E-14   4.2711268E-15     16
  5.883964904780863E+03   9.3762456E-15   4.1902995E-15      0
  5.888841072997464E+03   1.1518012E-14   4.2495529E-15     16
  5.893717283474898E+03   3.5156808E-15   4.1459603E-15     16
  5.898593536100453E+03   5.4137738E-15   4.1193207E-15      0
  5.903469830761405E+03   1.7019824E-14   4.2748245E-15      0
  5.908346167345022E+03   1.5330520E-14   4.2465683E-15      0
  5.913222545738560E+03   1.3498694E-14   4.2517403E-15      0
  5.918098965829268E+03   9.8511990E-15   4.2145683E-15      0
  5.922975427504382E+03   1.2831838E-14   4.2251583E-15      0
  5.927851930651132E+03   1.0022118E-14   4.2070322E-15      0
  5.932728475156736E+03   2.6191319E-14   4.4174119E-15      0
  5.937605060908403E+03   9.0996580E-15   4.2055249E-15     16
  5.942481687793333E+03   1.4884273E-14   4.2556138E-15     16
  5.947358355698714E+03   2.9433218E-15   4.1458578E-15      0
  5.952235064511728E+03   6.0696166E-15   4.1623695E-15      0
  5.957111814119547E+03   1.3188507E-14   4.2487054E-15      0
  5.961988604409328E+03   1.3354276E-14   4.3178932E-15     16
  5.966865435268227E+03  -6.5347168E-16   4.1359175E-15      0
  5.971742306583385E+03  -5.1238632E-15   4.0923702E-15      0
  5.976619218241935E+03   1.1778523E-14   4.2312599E-15      0
  5.981496170131002E+03   8.7968962E-15   4.1795159E-15      0
  5.986373162137699E+03   2.1672475E-14   4.3735399E-15     16
  5.991250194149130E+03   3.2774832E-14   4.4783182E-15      0
  5.996127266052392E+03   1.4262063E-14   4.2170628E-15      0
  6.001004377734572E+03   1.6719727E-14   4.2361071E-15      0
  6.005881529082746E+03   5.0564225E-15   4.1377843E-15      0
  6.010758719983984E+03  -5.3736961E-16   4.1195901E-15      0
  6.015635950325340E+03   7.8061548E-15   4.1516854E-15      0
  6.020513219993869E+03   1.1348830E-14   4.1277127E-15      0
  6.025390528876609E+03   1.0383878E-14   4.1680340E-15      0
  6.030267876860591E+03   2.3841530E-14   4.2991517E-15      0
  6.035145263832837E+03   2.1015289E-14   4.2432975E-15      0
  6.040022689680362E+03   1.1685895E-14   4.1902673E-15      0
  6.044900154290169E+03   2.1180452E-14   4.1969623E-15      0
  6.049777657549253E+03   3.5253857E-14   4.3986103E-15     16
  6.054655199344599E+03   6.9294495E-15   4.0505420E-15      0
  6.059532779563185E+03   1.5642801E-14   4.1085316E-15      0
  6.064410398091980E+03   4.7041577E-14   4.5246150E-15     16
  6.069288054817943E+03   1.2254156E-14   4.0498242E-15     16
  6.074165749628024E+03   1.6087805E-14   4.0575097E-15     16
  6.079043482409164E+03   1.5079140E-14   4.0160975E-15      0
  6.083921253048296E+03   1.1276955E-14   3.9804924E-15      0
  6.088799061432345E+03   3.1304301E-14   4.2337100E-15     16
  6.093676907448226E+03   9.2574391E-15   3.9679618E-15      0
  6.098554790982844E+03   2.1777932E-14   4.0819513E-15     16
  6.103432711923097E+03   1.4237509E-14   4.0164032E-15      0
  6.108310670155873E+03   1.9720470E-14   4.0424707E-15      0
  6.113188665568054E+03   3.3586679E-14   4.2170471E-15      0
  6.118066698046511E+03   1.7163606E-14   4.2886011E-15      0
  6.122944767478107E+03   5.8685431E-14   4.5605732E-15      0
  6.127822873749696E+03   5.4481289E-13   9.5514086E-15     16
  6.132701016748123E+03   3.0997351E-11   6.6149783E-14    272
  6.137579196360228E+03   1.2343155E-14   3.8810372E-15      0
  6.142457412472835E+03   4.6153677E-14   4.3344264E-15      0
  6.147335664972769E+03  -8.4224569E-15   3.7330991E-15      0
  6.152213953746839E+03   4.2626450E-15   3.7952370E-15      0
  6.157092278681849E+03   4.5053869E-15   3.7651042E-15     16
  6.161970639664594E+03   7.0577762E-15   3.7936340E-15     16
  6.166849036581861E+03   7.7440157E-15   3.7752381E-15      0
  6.171727469320426E+03   1.6169402E-14   3.8696632E-15      0
  6.176605937767060E+03   1.1538950E-14   3.8755023E-15     16
  6.181484441808525E+03   8.7092012E-15   3.8030767E-15      0
  6.186362981331573E+03  -4.6290088E-15   3.6656854E-15      0
  6.191241556222949E+03   9.7848236E-14   5.1172890E-15     16
  6.196120166369390E+03   1.2464512E-14   3.8500434E-15     16
  6.200998811657625E+03   2.2685194E-14   3.9780724E-15     16
  6.205877491974374E+03   9.5191502E-15   3.8288456E-15      0
  6.210756207206347E+03   2.0644783E-15   3.7395772E-15      0
  6.215634957240251E+03   1.2193565E-14   3.8100821E-15      0
  6.220513741962781E+03   2.8005100E-14   4.1003768E-15     16
  6.225392561260624E+03   9.9703088E-15   3.8310093E-15     16
  6.230271415020458E+03   2.1874473E-14   3.9352240E-15     16
  6.235150303128958E+03   1.8342919E-14   3.8993992E-15     16
  6.240029225472785E+03   5.9378132E-15   3.7593173E-15     16
  6.244908181938596E+03   1.0631011E-14   3.8064619E-15     16
  6.249787172413039E+03   5.2220737E-15   3.7635961E-15      0
  6.254666196782753E+03   1.4116315E-14   3.8717321E-15     16
  6.259545254934371E+03   7.5728845E-15   3.8222078E-15      0
  6.264424346754516E+03   2.0275902E-15   3.7361996E-15     16
  6.269303472129804E+03  -1.2708386E-14   3.5865865E-15  16384
  6.274182630946843E+03   8.1584414E-16   3.6982339E-15      0
  6.279061823092234E+03   8.6940715E-15   3.7625907E-15      0
  6.283941048452572E+03   1.2132286E-14   3.8097522E-15     16
  6.288820306914438E+03   1.1177481E-14   3.7820504E-15     16
  6.293699598364412E+03   1.3962443E-14   3.8355473E-15      0
  6.298578922689064E+03   7.9129081E-15   3.7460934E-15      0
  6.303458279774954E+03   1.5710450E-14   4.1286313E-15     16
  6.308337669508636E+03   2.9826804E-15   4.2005376E-15      0
  6.313217091776660E+03   6.3071242E-15   4.2070581E-15      0
  6.318096546465562E+03   8.8734485E-15   3.6948619E-15      0
  6.322976033461875E+03  -3.5083131E-15   3.6425441E-15      0
  6.327855552652122E+03   5.1954523E-15   3.6668539E-15      0
  6.332735103922821E+03   1.7505613E-14   3.8148039E-15     16
  6.337614687160480E+03   1.1341557E-14   3.6738199E-15      0
  6.342494302251600E+03   4.1565746E-16   3.5664415E-15      0
  6.347373949082677E+03   2.6741262E-14   3.8780048E-15     16
  6.352253627540195E+03   1.8475217E-14   3.7627986E-15      0
  6.357133337510637E+03   3.6899805E-13   7.9847560E-15     16
  6.362013078880472E+03   7.3350292E-15   3.5993907E-15      0
  6.366892851536165E+03   1.0833957E-13   5.0116013E-15     16
  6.371772655364176E+03   6.3253663E-14   4.3632861E-15     16
  6.376652490250952E+03   1.5488504E-14   3.7007712E-15     16
  6.381532356082937E+03   3.8206925E-14   4.0154512E-15     16
  6.386412252746568E+03   3.6236137E-15   3.5749119E-15      0
  6.391292180128271E+03   7.1962903E-15   3.5538669E-15      0
  6.396172138114469E+03   1.4347698E-14   3.6404883E-15     16
  6.401052126591576E+03   3.2295547E-14   3.8775699E-15     16
  6.405932145445999E+03   1.9359707E-14   3.6962544E-15     16
  6.410812194564136E+03   9.3078308E-15   3.5601379E-15      0
  6.415692273832383E+03   1.9536571E-15   3.4931728E-15      0
  6.420572383137124E+03   8.0681760E-15   3.5638179E-15      0
  6.425452522364739E+03  -1.0452731E-14   3.7363712E-15  16384
  6.430332691401598E+03   8.5026328E-15   3.5513375E-15      0
  6.435212890134067E+03   5.2827802E-15   3.5004257E-15      0
  6.440093118448505E+03   7.8030005E-15   3.5250201E-15     16
  6.444973376231262E+03  -8.0705528E-15   3.6482319E-15      0
  6.449853663368681E+03   1.5644780E-14   3.9194493E-15     16
  6.454733979747100E+03  -3.2711028E-15   3.4694853E-15      0
  6.459614325252852E+03   1.6081249E-15   3.4180227E-15      0
  6.464494699772257E+03  -9.7369292E-15   3.3895554E-15  16384
  6.469375103191635E+03   5.9973168E-15   3.5044531E-15      0
  6.474255535397295E+03  -1.1138713E-14   3.3520922E-15  16384
  6.479135996275540E+03   1.0694624E-15   3.4661933E-15      0
  6.484016485712667E+03   6.2715192E-15   3.4673679E-15     16
  6.488897003594965E+03   4.7092190E-15   3.4727841E-15      0
  6.493777549808720E+03   8.4647594E-15   3.5599808E-15      0
  6.498658124240207E+03   9.2368460E-15   3.5379126E-15     16
  6.503538726775698E+03   6.3533311E-15   3.5286006E-15      0
  6.508419357301455E+03   5.6057140E-15   3.5129616E-15      0
  6.513300015703734E+03   4.9591772E-15   3.5190121E-15      0
  6.518180701868789E+03   2.9685985E-15   3.5186151E-15     16
  6.523061415682860E+03   1.1848790E-14   3.5702807E-15      0
  6.527942157032189E+03   1.1654733E-14   3.5594967E-15      0
  6.532822925803005E+03   9.3729964E-15   3.5334217E-15      0
  6.537703721881533E+03  -7.7792836E-17   3.4367252E-15     16
  6.542584545153993E+03   1.5133712E-14   3.6312298E-15      0
  6.547465395506593E+03   2.6657652E-14   3.8094595E-15     16
  6.552346272825544E+03   7.0570393E-15   3.5200728E-15     16
  6.557227176997042E+03   8.4601541E-15   3.5494534E-15      0
  6.562108107907282E+03   8.7427785E-15   3.5805823E-15      0
  6.566989065442450E+03   9.0750390E-15   3.5584265E-15      0
  6.571870049488727E+03   8.4891214E-14   4.6279085E-15     16
  6.576751059932288E+03   1.6890635E-14   3.6784303E-15     16
  6.581632096659300E+03   1.3773436E-14   3.6235760E-15      0
  6.586513159555929E+03   1.6481691E-15   3.5293468E-15     16
  6.591394248508326E+03   6.5502481E-15   3.5694328E-15     16
  6.596275363402646E+03   3.1380256E-15   3.5439935E-15      0
  6.601156504125028E+03   1.4616292E-14   3.6432369E-15      0
  6.606037670561614E+03   1.0697583E-14   3.5956968E-15      0
  6.610918862598533E+03   5.6999778E-15   3.6072338E-15     16
  6.615800080121914E+03   1.0271231E-14   3.6016836E-15      0
  6.620681323017875E+03   2.8419163E-14   3.8368200E-15      0
  6.625562591172529E+03  -4.4302089E-15   3.4762065E-15      0
  6.630443884471988E+03   1.1253199E-15   3.5424000E-15      0
  6.635325202802351E+03   2.3428692E-14   3.7695990E-15   1040
  6.640206546049716E+03   6.3270418E-15   3.5547792E-15   1024
  6.645087914100173E+03   2.1628899E-15   3.5171703E-15   1024
  6.649969306839806E+03   6.9429470E-15   3.5495902E-15   1024
  6.654850724154697E+03   1.5000710E-14   3.6517064E-15   1024
  6.659732165930915E+03   1.8471380E-14   3.7189003E-15   1040
  6.664613632054532E+03   1.5615757E-14   3.6586830E-15   1040
  6.669495122411607E+03   2.7354414E-14   3.8072018E-15   1040
  6.674376636888197E+03   8.1012272E-15   3.6009005E-15   1024
  6.679258175370352E+03   1.3905643E-14   3.6554080E-15   1024
  6.684139737744118E+03   3.8094040E-14   3.9740571E-15   1040
  6.689021323895535E+03   1.0813397E-14   3.5710740E-15   1024
  6.693902933710634E+03   2.2169839E-14   3.7119665E-15   1040
  6.698784567075447E+03   1.3836276E-14   3.5912778E-15   1024
  6.703666223875993E+03  -1.1076150E-14   3.4303778E-15  17408
  6.708547903998294E+03   1.2482715E-14   3.5761909E-15   1024
  6.713429607328358E+03   1.0127873E-14   3.5953393E-15   1024
  6.718311333752192E+03   1.6204840E-14   3.6371201E-15   1024
  6.723193083155797E+03   1.6884584E-14   3.6164842E-15   1024
  6.728074855425171E+03   2.4486401E-15   3.5105516E-15   1024
  6.732956650446303E+03   1.5491653E-14   3.6195120E-15   1040
  6.737838468105176E+03   1.0461148E-14   3.5856141E-15      0
  6.742720308287772E+03   2.5602746E-15   3.4596826E-15      0
  6.747602170880065E+03   1.7029087E-14   3.6266313E-15      0
  6.752484055768025E+03   1.6152076E-14   3.6042264E-15      0
  6.757365962837614E+03   2.9199150E-14   3.7955576E-15     16
  6.762247891974792E+03   1.2609874E-14   3.5499278E-15     16
  6.767129843065512E+03   4.7433595E-15   3.4892571E-15     16
  6.772011815995724E+03   1.4383966E-14   3.6176591E-15      0
  6.776893810651369E+03   6.2124844E-15   3.5254687E-15      0
  6.781775826918387E+03   9.6301946E-15   3.5066088E-15      0
  6.786657864682710E+03   2.0947885E-14   3.6747000E-15      0
  6.791539923830269E+03   1.3972331E-14   3.5957751E-15      0
  6.796422004246984E+03  -3.4892472E-15   3.4222689E-15      0
  6.801304105818775E+03   1.4286448E-15   3.4671439E-15      0
  6.806186228431555E+03  -2.2127934E-16   3.4333104E-15      0
  6.811068371971231E+03   5.7410617E-16   3.4560092E-15      0
  6.815950536323709E+03   1.1628907E-14   3.8143702E-15     16
  6.820832721374885E+03   1.0878096E-14   3.5400694E-15      0
  6.825714927010656E+03   2.2448548E-14   3.7011130E-15      0
  6.830597153116906E+03   3.8607673E-15   3.4801852E-15      0
  6.835479399579523E+03   1.1828447E-14   3.5684778E-15     16
  6.840361666284388E+03   1.0972695E-14   3.5635443E-15      0
  6.845243953117371E+03   9.7399184E-15   3.5803142E-15      0
  6.850126259964344E+03   1.1972875E-14   3.5604107E-15      0
  6.855008586711173E+03   7.2450624E-15   3.5024120E-15      0
  6.859890933243718E+03   4.6407893E-15   3.5004117E-15      0
  6.864773299447836E+03  -1.7307064E-16   3.4506104E-15      0
  6.869655685209374E+03   7.7244297E-15   3.5064005E-15      0
  6.874538090414186E+03   3.6637656E-16   3.4456911E-15      0
  6.879420514948107E+03   1.0468421E-14   3.5604136E-15      0
  6.884302958696980E+03   1.4221034E-14   3.6049887E-15      0
  6.889185421546636E+03   1.0062950E-14   3.5308518E-15      0
  6.894067903382904E+03   1.6060931E-14   3.5924781E-15      0
  6.898950404091606E+03   8.0323440E-15   3.5461479E-15      0
  6.903832923558568E+03   5.6987542E-15   3.4747756E-15      0
  6.908715461669599E+03   1.7547154E-15   3.5109291E-15      0
  6.913598018310514E+03   1.1261658E-14   3.5788154E-15      0
  6.918480593367118E+03  -1.0090049E-14   3.3825039E-15  16384
  6.923363186725214E+03  -4.6092835E-15   3.3971840E-15      0
  6.928245798270602E+03   1.4332609E-14   3.5867530E-15      0
  6.933128427889072E+03   2.1588812E-14   3.6881017E-15      0
  6.938011075466417E+03   3.4264763E-15   3.5085161E-15      0
  6.942893740888420E+03   1.0089570E-14   3.5548973E-15     16
  6.947776424040866E+03   8.8153251E-15   3.5049201E-15      0
  6.952659124809529E+03   7.5410395E-15   3.4948177E-15      0
  6.957541843080183E+03   5.1573028E-15   3.4926811E-15      0
  6.962424578738596E+03   5.9204079E-15   3.4633663E-15      0
  6.967307331670535E+03  -4.6100022E-16   3.4467624E-15      0
  6.972190101761758E+03   3.8897019E-15   3.4594327E-15      0
  6.977072888898026E+03  -1.8650039E-15   3.4225046E-15     16
  6.981955692965087E+03  -1.0555424E-14   3.3954906E-15  16384
  6.986838513848694E+03  -5.4042286E-15   3.4493223E-15      0
  6.991721351434589E+03   1.3988631E-14   3.5853439E-15      0
  6.996604205608513E+03   1.0557019E-14   3.5332179E-15      0
  7.001487076256207E+03   1.0390765E-14   3.5518878E-15     16
  7.006369963263400E+03   1.9640170E-14   3.6251977E-15      0
  7.011252866515822E+03   1.0227295E-14   3.5444401E-15     16
  7.016135785899201E+03  -3.9246954E-15   3.4185373E-15      0
  7.021018721299256E+03   1.3438976E-14   3.5567489E-15     16
  7.025901672601707E+03   7.7299285E-14   4.4860707E-15     16
  7.030784639692270E+03   6.8743859E-14   4.3349338E-15     16
  7.035667622456651E+03   6.8888152E-15   3.4837161E-15     16
  7.040550620780561E+03   8.6688476E-14   4.6090540E-15     16
  7.045433634549701E+03  -2.5789311E-15   3.4004671E-15      0
  7.050316663649772E+03   2.0559748E-14   3.6430777E-15      0
  7.055199707966470E+03  -9.9059766E-15   3.3957002E-15  16384
  7.060082767385487E+03  -2.8350106E-15   3.3516084E-15      0
  7.064965841792513E+03   7.9169806E-15   3.4721763E-15      0
  7.069848931073234E+03   3.3953623E-15   3.4766844E-15      0
  7.074732035113329E+03   6.9411352E-15   3.4690976E-15     16
  7.079615153798480E+03   4.0851709E-15   3.4834634E-15      0
  7.084498287014360E+03   4.3171893E-15   3.4417727E-15      0
  7.089381434646643E+03   3.4511050E-14   3.8334149E-15     16
  7.094264596580995E+03   1.4752141E-14   3.5655077E-15     16
  7.099147772703083E+03   2.2595534E-14   3.6984423E-15     16
  7.104030962898567E+03   1.3093855E-15   3.4387223E-15      0
  7.108914167053107E+03   1.4770572E-14   3.5623466E-15      0
  7.113797385052357E+03   2.2685328E-14   3.6978079E-15     16
  7.118680616781969E+03   1.2693332E-14   3.5588055E-15     16
  7.123563862127593E+03   9.2087127E-15   3.5220814E-15      0
  7.128447120974874E+03   9.7508559E-16   3.4111649E-15      0
  7.133330393209451E+03   9.2419731E-15   3.5650647E-15     16
  7.138213678716969E+03   6.4809256E-14   4.2941381E-15     16
  7.143096977383060E+03   2.0563859E-14   3.7117729E-15     16
  7.147980289093358E+03   7.9413489E-15   3.5396266E-15      0
  7.152863613733494E+03   1.2773348E-15   3.4699423E-15      0
  7.157746951189093E+03   1.4926599E-14   3.6036030E-15      0
  7.162630301345780E+03  -4.1495915E-15   3.4540259E-15      0
  7.167513664089177E+03   9.9349265E-15   3.5702883E-15      0
  7.172397039304899E+03   3.8060333E-15   3.5190405E-15     16
  7.177280426878565E+03   7.2451776E-15   3.5802054E-15      0
  7.182163826695784E+03   1.7183951E-14   3.6815584E-15      0
  7.187047238642166E+03   1.5731230E-14   3.6725599E-15      0
  7.191930662603319E+03   1.0244911E-14   3.5892809E-15      0
  7.196814098464843E+03   1.0385339E-14   3.6009869E-15     16
  7.201697546112345E+03   9.3966633E-15   3.6480159E-15     16
  7.206581005431418E+03   4.9787001E-14   4.1709622E-15     16
  7.211464476307659E+03   7.4089108E-15   3.5899852E-15      0
  7.216347958626660E+03   2.4360907E-15   3.5400408E-15      0
  7.221231452274012E+03   3.5481607E-14   3.9632604E-15     16
  7.226114957135301E+03   1.7102368E-14   3.7471869E-15      0
  7.230998473096114E+03   1.0269727E-14   3.6433886E-15      0
  7.235882000042031E+03   7.7768899E-15   3.6542501E-15      0
  7.240765537858632E+03   1.8547995E-14   3.8046289E-15     16
  7.245649086431494E+03   8.9020512E-15   3.6776265E-15      0
  7.250532645646192E+03   1.1660803E-14   3.7209569E-15     16
  7.255416215388295E+03  -2.2370545E-15   3.6206576E-15      0
  7.260299795543378E+03   4.5362506E-15   3.6434034E-15      0
  7.265183385997004E+03   3.4622224E-15   3.6531722E-15     16
  7.270066986634738E+03   5.2728508E-15   3.6807719E-15     16
  7.274950597342143E+03   6.9229053E-15   3.7234404E-15     16
  7.279834218004780E+03   7.1737118E-15   3.7016712E-15     16
  7.284717848508204E+03   1.2654025E-14   3.8100779E-15     16
  7.289601488737972E+03   1.6907836E-14   3.8698492E-15      0
  7.294485138579635E+03   9.8667946E-15   3.7870737E-15      0
  7.299368797918748E+03  -1.0288032E-14   3.6424831E-15  16384
  7.304252466640854E+03  -2.5014698E-15   3.7234306E-15      0
  7.309136144631504E+03   1.2760657E-14   3.8684605E-15     16
  7.314019831776239E+03   6.6412973E-15   3.7756794E-15      0
  7.318903527960602E+03  -8.5912451E-15   3.7563552E-15      0
  7.323787233070134E+03   8.2426802E-14   4.9155753E-15     16
  7.328670946990370E+03   2.4499473E-14   4.0182074E-15      0
  7.333554669606848E+03   1.0522051E-14   3.8538170E-15      0
  7.338438400805100E+03   2.0925099E-14   4.0026542E-15      0
  7.343322140470661E+03   1.1746136E-14   3.8861673E-15      0
  7.348205888489057E+03   1.0890963E-14   3.9390886E-15      0
  7.353089644745815E+03   1.4005491E-15   3.8448363E-15      0
  7.357973409126465E+03   1.0915458E-14   3.9265593E-15      0
  7.362857181516528E+03   4.1535328E-14   4.3496628E-15     16
  7.367740961801527E+03   1.1736732E-14   3.9741596E-15      0
  7.372624749866981E+03   1.0931200E-14   3.9048405E-15      0
  7.377508545598410E+03  -1.0827981E-14   3.8002142E-15  16384
  7.382392348881328E+03   1.2840071E-15   3.8296024E-15     16
  7.387276159601252E+03  -3.1781381E-15   3.8872290E-15     16
  7.392159977643693E+03   4.7728668E-15   3.9143713E-15      0
  7.397043802894165E+03   2.3075102E-14   4.1620505E-15     16
  7.401927635238177E+03   1.6326923E-14   4.0177420E-15      0
  7.406811474561234E+03   2.5992929E-14   4.1620090E-15     16
  7.411695320748844E+03   1.3432880E-14   4.0333147E-15      0
  7.416579173686513E+03   1.5893667E-14   4.0673324E-15     16
  7.421463033259743E+03   3.7560414E-13   8.4556267E-15     16
  7.426346899354035E+03   1.0416266E-14   3.9758291E-15      0
  7.431230771854889E+03   4.3636821E-15   3.9204336E-15     16
  7.436114650647805E+03  -2.9115199E-15   3.9174295E-15      0
  7.440998535618280E+03   9.3527862E-15   4.0109653E-15      0
  7.445882426651808E+03   2.2033075E-14   4.1593701E-15      0
  7.450766323633883E+03  -2.6954191E-15   3.9221598E-15      0
  7.455650226450000E+03   3.1463414E-15   3.9133405E-15     16
  7.460534134985647E+03   6.7238140E-15   4.0098989E-15      0
  7.465418049126317E+03  -1.1540914E-15   3.9165042E-15      0
  7.470301968757499E+03  -7.8367107E-15   3.9602034E-15      0
  7.475185893764678E+03   8.0951373E-16   3.9394668E-15      0
  7.480069824033342E+03   3.6551496E-15   3.9335626E-15      0
  7.484953759448976E+03  -1.0678045E-14   3.9022262E-15      0
  7.489837699897063E+03   8.6039142E-15   4.0006027E-15      0
  7.494721645263085E+03   5.6199450E-15   4.0528045E-15      0
  7.499605595432524E+03   4.6143333E-14   4.5441238E-15     16
  7.504489550290861E+03   2.1557806E-16   3.9949801E-15      0
  7.509373509723575E+03   1.7076003E-14   4.1982282E-15     16
  7.514257473616143E+03   1.8967270E-14   4.1386500E-15     16
  7.519141441854044E+03   3.7585198E-15   4.0067852E-15      0
  7.524025414322752E+03   7.2162582E-15   4.0484871E-15      0
  7.528909390907744E+03   3.1494193E-15   4.0302827E-15      0
  7.533793371494492E+03   2.0195951E-14   4.1751901E-15      0
  7.538677355968471E+03   3.8142927E-15   3.9982500E-15      0
  7.543561344215152E+03   1.1617362E-15   4.0049776E-15      0
  7.548445336120007E+03   3.6411075E-15   4.0602406E-15     16
  7.553329331568506E+03   5.6248671E-15   4.0244894E-15      0
  7.558213330446119E+03   1.4250074E-14   4.1299213E-15      0
  7.563097332638315E+03   4.8012411E-15   4.0651953E-15     16
  7.567981338030564E+03   5.2154893E-15   4.0606891E-15      0
  7.572865346508331E+03   7.8025124E-14   5.1499510E-15     16
  7.577749357957082E+03   1.8459086E-14   4.2269633E-15     16
  7.582633372262282E+03   7.7941134E-15   4.0600610E-15      0
  7.587517389309401E+03  -2.2591565E-15   4.0085597E-15      0
  7.592401408983898E+03   6.3526904E-15   4.0938534E-15      0
  7.597285431171243E+03   1.2513636E-14   4.1266386E-15      0
  7.602169455756895E+03   3.9041489E-15   4.0866972E-15      0
  7.607053482626317E+03   1.0705884E-14   4.1358065E-15     16
  7.611937511664973E+03   1.8657253E-14   4.2879489E-15     16
  7.616821542758325E+03   3.3668103E-14   4.4907980E-15     16
  7.621705575791832E+03   2.7779125E-15   4.1075516E-15     16
  7.626589610650957E+03   4.6243234E-15   4.1005157E-15      0
  7.631473647221160E+03   2.3586037E-15   4.1365693E-15      0
  7.636357685387900E+03   1.3861753E-14   4.2726061E-15      0
  7.641241725036639E+03  -7.4489755E-15   4.0323063E-15      0
  7.646125766052834E+03   2.5781682E-15   4.1432646E-15     16
  7.651009808321943E+03   7.8322138E-15   4.2334080E-15     16
  7.655893851729428E+03   1.2107159E-14   4.2528864E-15      0
  7.660777896160746E+03   1.0406485E-14   4.2322958E-15      0
  7.665661941501355E+03   1.7999919E-14   4.3705748E-15      0
  7.670545987636713E+03   1.2039637E-14   4.3113964E-15     16
  7.675430034452278E+03   6.5156061E-15   4.2382949E-15      0
  7.680314081833507E+03   1.2975943E-14   4.3251916E-15      0
  7.685198129665857E+03   1.0118724E-14   4.2841296E-15     16
  7.690082177834789E+03   4.8148503E-16   4.2609039E-15      0
  7.694966226225755E+03   7.6437270E-15   4.3110885E-15      0
  7.699850274724216E+03   1.5409782E-14   4.4192864E-15      0
  7.704734323215628E+03   3.1457482E-14   4.6627415E-15     16
  7.709618371585449E+03   1.1243426E-14   4.4266615E-15      0
  7.714502419719136E+03   9.7796993E-15   4.4162117E-15      0
  7.719386467502144E+03  -5.0120321E-16   4.4060346E-15      0
  7.724270514819935E+03  -2.8608810E-16   4.3649776E-15      0
  7.729154561557963E+03   1.6122444E-14   4.5175558E-15     16
  7.734038607601686E+03   1.0714094E-14   4.4807425E-15     16
  7.738922652836562E+03   3.6280559E-14   4.8610018E-15      0
  7.743806697148049E+03   2.3138960E-14   4.6653931E-15   1024
  7.748690740421606E+03   8.3130202E-15   4.5553631E-15   1024
  7.753574782542692E+03   3.4327376E-15   4.5153128E-15   1024
  7.758458823396763E+03   1.3142496E-14   4.6291884E-15   1024
  7.763342862869281E+03  -9.8753062E-16   4.4839184E-15   1024
  7.768226900845704E+03  -9.4167999E-15   4.4647022E-15   1024
  7.773110937211492E+03   8.8907136E-15   4.6418583E-15   1024
  7.777994971852106E+03   1.7665944E-14   4.7352797E-15   1040
  7.782879004653003E+03   4.5833499E-15   4.6193861E-15   1024
  7.787763035499648E+03   1.6898004E-14   4.7956977E-15   1024
  7.792647064277501E+03   1.4192412E-14   4.8099977E-15   1040
  7.797531090872023E+03  -2.9459863E-15   4.6354623E-15      0
  7.802415115168676E+03   2.5563058E-15   4.6595719E-15      0
  7.807299137052924E+03   9.6271105E-15   4.7946939E-15      0
  7.812183156410231E+03   1.9118769E-14   4.8998429E-15      0
  7.817067173126060E+03   4.9817602E-14   5.3909183E-15     16
  7.821951187085877E+03   5.6891480E-15   4.8510915E-15      0
  7.826835198175146E+03   7.4789943E-15   5.8087033E-15      0
  7.831719206279334E+03   9.6621667E-15   5.5286628E-15      0
  7.836603211283907E+03   1.6548423E-14   5.0010388E-15      0
  7.841487213074331E+03   1.8453077E-15   4.8506299E-15      0
  7.846371211536078E+03  -3.3093260E-15   4.8349615E-15      0
  7.851255206554612E+03   1.1350043E-14   5.0089454E-15      0
  7.856139198015409E+03   2.3600757E-14   5.1639038E-15     16
  7.861023185803931E+03   1.9029966E-14   5.1255111E-15     16
  7.865907169805660E+03   6.5788244E-15   4.9976934E-15      0
  7.870791149906060E+03   1.2650491E-14   5.0759673E-15      0
  7.875675125990608E+03   7.7627918E-15   5.0389503E-15      0
  7.880559097944777E+03   1.5957487E-14   5.1483929E-15     16
  7.885443065654043E+03   9.4035887E-15   5.1135849E-15      0
  7.890327029003883E+03   4.6127983E-15   5.1127934E-15      0
  7.895210987879771E+03   1.3425354E-15   5.1367309E-15     16
  7.900094942167188E+03   7.0129686E-15   5.1689309E-15      0
  7.904978891751613E+03   7.4021498E-15   5.1685662E-15      0
  7.909862836518526E+03   2.8154083E-14   5.4357492E-15      0
  7.914746776353409E+03  -7.9862595E-15   5.1261413E-15      0
  7.919630711141744E+03   1.0931180E-14   5.2608708E-15      0
  7.924514640769014E+03   1.7090872E-14   5.3464639E-15     16
  7.929398565120706E+03   2.1669918E-14   5.4433437E-15      0
  7.934282484082306E+03   7.5807001E-15   5.3333391E-15     16
  7.939166397539301E+03   9.0577151E-16   5.2520676E-15      0
  7.944050305377181E+03   1.5013481E-14   5.4264721E-15      0
  7.948934207481434E+03  -4.1045819E-15   5.2360727E-15      0
  7.953818103737553E+03   1.4240479E-14   5.4229201E-15      0
  7.958701994031033E+03   2.2444586E-14   5.5816617E-15      0
  7.963585878247366E+03   3.1013515E-14   5.7006402E-15      0
  7.968469756272046E+03   3.5941607E-15   5.3804511E-15     16
  7.973353627990574E+03   1.5215685E-14   5.5018568E-15     16
  7.978237493288444E+03   1.0087719E-14   5.4937384E-15      0
  7.983121352051162E+03   7.1789430E-15   5.5225269E-15      0
  7.988005204164227E+03   2.1478575E-14   5.6839129E-15      0
  7.992889049513140E+03   1.7168495E-15   5.5151594E-15      0
  7.997772887983410E+03   6.0288525E-14   6.2845080E-15     16
  8.002656719460540E+03  -2.2769783E-15   5.5263309E-15      0
  8.007540543830040E+03   7.0523048E-15   5.6170812E-15      0
  8.012424360977420E+03  -1.8163485E-14   5.5047574E-15  16384
  8.017308170788191E+03   1.3731533E-14   5.7573088E-15      0
  8.022191973147864E+03   3.1325819E-14   5.9852005E-15     16
  8.027075767941958E+03   3.0583778E-14   5.9788214E-15     16
  8.031959555055989E+03   1.7190090E-14   5.8406543E-15      0
  8.036843334375471E+03   3.8017524E-15   5.7489016E-15     16
  8.041727105785931E+03   2.6483502E-14   5.9534829E-15      0
  8.046610869172885E+03   5.3015885E-15   5.8260548E-15      0
  8.051494624421862E+03   6.5710722E-14   6.6700109E-15     16
  8.056378371418384E+03  -5.7395725E-16   5.7790275E-15     16
  8.061262110047983E+03   1.5526492E-14   5.9733407E-15      0
  8.066145840196186E+03   5.3435679E-15   5.9295796E-15     16
  8.071029561748525E+03   3.6762819E-14   6.2920284E-15     16
  8.075913274590534E+03   1.5408253E-14   6.0046056E-15     16
  8.080796978607752E+03   8.1010409E-15   6.0120158E-15      0
  8.085680673685712E+03   7.3168485E-15   5.9785076E-15      0
  8.090564359709958E+03   1.0394491E-14   6.0388515E-15      0
  8.095448036566030E+03   3.3965066E-14   6.3596623E-15      0
  8.100331704139474E+03   2.9748949E-14   6.3229091E-15      0
  8.105215362315836E+03   2.5261975E-14   6.2460332E-15     16
  8.110099010980663E+03   1.0193374E-14   6.1413429E-15      0
  8.114982650019509E+03   1.3458772E-14   6.1749324E-15      0
  8.119866279317926E+03   1.1690036E-14   6.1700586E-15      0
  8.124749898761466E+03   2.8266709E-14   6.3980075E-15      0
  8.129633508235693E+03   2.9179787E-14   6.4253679E-15      0
  8.134517107626163E+03   4.7758143E-14   7.3592315E-15     16
  8.139400696818442E+03   2.9951993E-14   6.5051808E-15     16
  8.144284275698091E+03   1.8368143E-14   6.3884152E-15      0
  8.149167844150678E+03  -1.5639457E-14   6.0865073E-15     16
  8.154051402061776E+03   1.7631792E-16   6.2511823E-15      0
  8.158934949316953E+03   1.5953833E-14   6.4189724E-15      0
  8.163818485801788E+03  -4.7175555E-15   6.3361906E-15      0
  8.168702011401855E+03   2.1246502E-14   6.5193293E-15      0
  8.173585526002736E+03   2.0729483E-14   6.5387119E-15      0
  8.178469029490009E+03   1.6343153E-14   6.4466733E-15      0
  8.183352521749265E+03   6.8131345E-15   6.4541242E-15      0
  8.188236002666090E+03   2.5356711E-15   6.4068564E-15      0
  8.193119472126071E+03   7.8281511E-14   7.5148721E-15     16
  8.198002930014803E+03   1.9033870E-14   6.6257234E-15      0
  8.202886376217886E+03   4.1628596E-14   6.9756124E-15     16
  8.207769810620910E+03   2.3808273E-15   6.3962079E-15      0
  8.212653233109482E+03   2.5482415E-14   6.7276325E-15      0
  8.217536643569205E+03   1.1680471E-14   6.6117931E-15      0
  8.222420041885685E+03   6.8416998E-15   6.5424109E-15      0
  8.227303427944533E+03   4.5469004E-15   6.5776416E-15      0
  8.232186801631362E+03   4.1023361E-14   7.1051080E-15     16
  8.237070162831784E+03   9.7443429E-13   1.6968769E-14     16
  8.241953511431419E+03   2.7236219E-14   6.8892523E-15      0
  8.246836847315888E+03   1.5222221E-14   6.6780827E-15      0
  8.251720170370818E+03   2.9548389E-14   6.9375577E-15      0
  8.256603480481834E+03   1.9693967E-14   6.8566063E-15      0
  8.261486777534565E+03   1.1758487E-14   6.7388810E-15      0
  8.266370061414649E+03   2.6108498E-14   6.9078675E-15      0
  8.271253332007716E+03   1.0832312E-14   6.7767299E-15      0
  8.276136589199412E+03   2.3008596E-14   6.9237079E-15      0
  8.281019832875374E+03   1.0535056E-15   6.6383992E-15      0
  8.285903062921254E+03  -6.9600814E-16   6.6489816E-15      0
  8.290786279222695E+03   1.8452679E-14   6.8363686E-15     16
  8.295669481665353E+03   5.8075174E-14   7.5432663E-15     16
  8.300552670134883E+03   2.7486448E-14   7.0650772E-15      0
  8.305435844516944E+03   1.2614802E-14   6.8232794E-15      0
  8.310319004697196E+03   7.9973395E-14   7.9609713E-15     16
  8.315202150561308E+03   1.2106410E-14   6.8908853E-15      0
  8.320085281994945E+03   3.3163068E-14   7.1316244E-15      0
  8.324968398883781E+03   1.9031602E-13   9.6527917E-15     16
  8.329851501113493E+03   7.1999588E-15   6.8683843E-15      0
  8.334734588569758E+03   1.6199890E-14   6.9524092E-15      0
  8.339617661138260E+03   4.7464478E-15   6.8802678E-15     16
  8.344500718704681E+03   1.4748450E-14   6.9548601E-15      0
  8.349383761154717E+03   7.0485550E-15   6.9451357E-15     16
  8.354266788374056E+03   4.4688539E-15   6.9332014E-15      0
  8.359149800248397E+03   8.9671736E-15   6.8951091E-15      0
  8.364032796663440E+03   2.1150858E-14   7.0925499E-15      0
  8.368915777504886E+03   1.2873422E-13   8.8768528E-15     16
  8.373798742658448E+03   1.8383012E-14   7.0203412E-15      0
  8.378681692009830E+03  -8.0981991E-15   6.8778059E-15      0
  8.383564625444755E+03  -1.0409782E-14   6.8016060E-15      0
  8.388447542848935E+03   5.0812995E-14   7.6309800E-15     16
  8.393330444108095E+03   5.5927150E-15   6.9770777E-15      0
  8.398213329107959E+03   4.3490441E-15   6.9270964E-15      0
  8.403096197734259E+03   3.0948537E-14   7.2443289E-15      0
  8.407979049872729E+03   1.4332844E-14   7.1456699E-15      0
  8.412861885409107E+03   1.9425718E-14   7.2242762E-15      0
  8.417744704229135E+03   8.7817394E-15   7.0525810E-15      0
  8.422627506218554E+03  -1.7934663E-15   6.9921879E-15      0
  8.427510291263114E+03   4.4972647E-15   7.0517162E-15      0
  8.432393059248576E+03   6.5738663E-15   7.0338908E-15      0
  8.437275810060688E+03  -9.1130602E-16   6.9769765E-15      0
  8.442158543585216E+03   5.8157147E-14   7.8192457E-15     16
  8.447041259707923E+03   1.8010782E-14   7.1720668E-15      0
  8.451923958314581E+03   1.8423561E-14   7.1309408E-15      0
  8.456806639290966E+03   2.2583250E-14   7.3854192E-15     16
  8.461689302522849E+03   1.6877613E-14   7.2214904E-15      0
  8.466571947896016E+03   2.5017965E-14   7.3382564E-15      0
  8.471454575296251E+03   2.6043520E-14   7.3394558E-15      0
  8.476337184609345E+03   1.3955409E-14   7.1876056E-15      0
  8.481219775721094E+03   2.3441571E-14   7.3154737E-15      0
  8.486102348517295E+03   1.8872534E-14   7.2733737E-15     16
  8.490984902883753E+03  -6.7200769E-15   6.9866492E-15      0
  8.495867438706273E+03  -4.1805828E-15   7.0854700E-15      0
  8.500749955870666E+03   2.7264835E-14   7.3128615E-15      0
  8.505632454262752E+03   2.9785375E-14   7.3840893E-15     16
  8.510514933768345E+03   7.7538955E-14   8.2139462E-15     16
  8.515397394273277E+03   1.8410871E-14   7.2614161E-15     16
  8.520279835663374E+03   2.4773303E-14   7.3066265E-15      0
  8.525162257824468E+03   4.1546837E-14   7.6118980E-15      0
  8.530044660642401E+03   8.3364804E-13   1.6945977E-14     16
  8.534927044003014E+03   1.5416100E-14   7.2171476E-15      0
  8.539809407792152E+03   8.0870098E-14   8.2377258E-15     16
  8.544691751895671E+03   8.8844515E-15   7.1159661E-15      0
  8.549574076199426E+03   6.0895532E-15   7.1287961E-15     16
  8.554456380589278E+03  -1.1517017E-14   7.0315851E-15      0
  8.559338664951092E+03  -2.1481861E-15   7.0792096E-15      0
  8.564220929170739E+03   4.0062378E-14   7.6389175E-15     16
  8.569103173134095E+03   2.1146113E-14   7.2403089E-15      0
  8.573985396727037E+03   1.1856693E-15   7.1600830E-15      0
  8.578867599835457E+03   2.1496493E-14   7.3303731E-15      0
  8.583749782345236E+03   1.3040849E-14   7.2327796E-15      0
  8.588631944142275E+03   1.6519623E-14   7.3045614E-15     16
  8.593514085112471E+03  -4.4657483E-15   7.1678359E-15      0
  8.598396205141724E+03   3.4040021E-14   7.5245816E-15      0
  8.603278304115946E+03   3.5630178E-15   7.1644368E-15      0
  8.608160381921054E+03   1.4804865E-13   9.3728177E-15     16
  8.613042438442963E+03   2.5397804E-14   7.4138126E-15     16
  8.617924473567597E+03   5.3102173E-15   7.2258543E-15      0
  8.622806487180886E+03   7.5593498E-15   7.3107930E-15      0
  8.627688479168766E+03   2.7962828E-14   7.4375896E-15     16
  8.632570449417171E+03   1.9252232E-14   7.2970245E-15      0
  8.637452397812051E+03  -6.3285237E-15   7.6161069E-15      0
  8.642334324239348E+03   3.4872726E-14   7.6008053E-15     16
  8.647216228585021E+03   8.2482762E-13   1.5157870E-14     16
  8.652098110735029E+03  -9.0143567E-15   7.1114853E-15      0
  8.656979970575334E+03   1.7113859E-14   7.3750032E-15      0
  8.661861807991911E+03   7.4150003E-14   8.2914200E-15     16
  8.666743622870730E+03   7.1118267E-15   7.3387045E-15     16
  8.671625415097773E+03   7.2529700E-16   7.2298573E-15     16
  8.676507184559026E+03   1.9732325E-14   7.4406085E-15      0
  8.681388931140480E+03   1.8325102E-14   7.4279809E-15      0
  8.686270654728134E+03   9.5484249E-14   8.8081025E-15     16
  8.691152355207985E+03  -2.2156584E-14   7.1448678E-15  16384
  8.696034032466041E+03   1.2142140E-14   7.3506112E-15      0
  8.700915686388318E+03   1.8254499E-14   7.4211267E-15      0
  8.705797316860830E+03   2.4663916E-14   7.5037971E-15     16
  8.710678923769601E+03   1.0770637E-14   7.2880976E-15      0
  8.715560507000664E+03   3.3421487E-14   7.6896937E-15     16
  8.720442066440048E+03   1.5619604E-14   7.3989658E-15     16
  8.725323601973798E+03   8.9050276E-15   7.3322967E-15      0
  8.730205113487955E+03   5.8405738E-15   7.2581660E-15      0
  8.735086600868573E+03   1.7308227E-14   7.4838122E-15      0
  8.739968064001709E+03   8.5114688E-14   8.5731898E-15     16
  8.744849502773426E+03   1.9840447E-14   7.5298349E-15     16
  8.749730917069792E+03  -5.5134073E-15   7.3147470E-15      0
  8.754612306776880E+03  -2.4898654E-14   7.2227296E-15  16384
  8.759493671780769E+03  -1.5524286E-14   7.3154339E-15      0
  8.764375011967546E+03   3.1811132E-14   7.6697656E-15     16
  8.769256327223304E+03   2.4278366E-13   1.1006968E-14     16
  8.774137617434137E+03   3.3093269E-14   7.7366549E-15      0
  8.779018882486149E+03   1.1216631E-14   7.4234399E-15     16
  8.783900122265452E+03   2.0734796E-14   7.5838892E-15      0
  8.788781336658154E+03   1.3974306E-14   7.4547310E-15      0
  8.793662525550382E+03   2.0408851E-14   7.4580353E-15     16
  8.798543688828260E+03   2.9438234E-14   7.6244561E-15      0
  8.803424826377923E+03   1.3659047E-14   7.4977696E-15     16
  8.808305938085507E+03   2.6068224E-13   1.1299006E-14     16
  8.813187023837158E+03   6.6725264E-14   8.3255859E-15     16
  8.818068083519025E+03   1.4246033E-13   9.5909837E-15     16
  8.822949117017266E+03   2.4503177E-14   7.6161975E-15      0
  8.827830124218048E+03   7.9560170E-15   7.4821215E-15      0
  8.832711105007533E+03   1.2474527E-14   7.4631734E-15      0
  8.837592059271901E+03   7.3380938E-15   7.3942529E-15      0
  8.842472986897332E+03  -1.1491965E-14   7.2272883E-15      0
  8.847353887770014E+03  -2.4559650E-15   7.4141726E-15      0
  8.852234761776142E+03   2.1671324E-14   7.5978330E-15      0
  8.857115608801916E+03   3.0636087E-14   7.7059051E-15      0
  8.861996428733542E+03   1.5045660E-14   7.4793399E-15     16
  8.866877221457231E+03   2.2017793E-14   7.6679250E-15      0
  8.871757986859206E+03   2.0393740E-14   7.5580699E-15      0
  8.876638724825691E+03   3.2225494E-14   7.7202454E-15      0
  8.881519435242919E+03   1.9990474E-14   7.6153666E-15     16
  8.886400117997124E+03   6.1815046E-15   7.4811991E-15      0
  8.891280772974556E+03   1.7809093E-14   7.5130323E-15      0
  8.896161400061466E+03   8.1135736E-15   7.5774636E-15      0
  8.901041999144110E+03   1.9089531E-14   7.5732657E-15     16
  8.905922570108754E+03   1.1726898E-14   7.4055396E-15      0
  8.910803112841668E+03   1.4004231E-14   7.5832717E-15      0
  8.915683627229129E+03   1.1581179E-14   7.5484129E-15     16
  8.920564113157423E+03   1.2502122E-14   7.5144054E-15      0
  8.925444570512840E+03   1.0233487E-14   7.4372076E-15     16
  8.930324999181677E+03   2.9113447E-14   7.7587244E-15     16
  8.935205399050241E+03   6.2202127E-15   7.4096257E-15      0
  8.940085770004838E+03   3.7768498E-14   7.9199664E-15      0
  8.944966111931792E+03   1.3299269E-14   7.5919783E-15      0
  8.949846424717423E+03   4.7880117E-15   7.4640213E-15      0
  8.954726708248065E+03  -7.0382344E-15   7.3200833E-15      0
  8.959606962410053E+03  -7.5862912E-16   7.4693305E-15      0
  8.964487187089735E+03   1.6395100E-14   7.6476148E-15     16
  8.969367382173461E+03   3.0042578E-14   7.8097734E-15      0
  8.974247547547593E+03  -5.9761961E-15   7.3912095E-15      0
  8.979127683098490E+03   4.0914897E-16   7.4563972E-15      0
  8.984007788712532E+03   1.7055191E-14   7.6638711E-15      0
  8.988887864276097E+03   3.7198434E-14   7.9139940E-15     16
  8.993767909675569E+03   1.6683418E-14   7.6301499E-15      0
  8.998647924797344E+03   4.3930622E-14   8.1196290E-15     16
  9.003527909527820E+03   2.8663304E-14   7.8644248E-15      0
  9.008407863753409E+03   2.4394147E-14   7.7809522E-15     16
  9.013287787360523E+03   8.7345445E-15   7.6086183E-15      0
  9.018167680235587E+03   2.8404064E-15   7.5858119E-15     16
  9.023047542265027E+03  -1.7660097E-14   7.9775469E-15      0
  9.027927373335280E+03   1.8320986E-14   7.7609445E-15      0
  9.032807173332794E+03   1.1678266E-14   7.6730495E-15     16
  9.037686942144013E+03   6.4015239E-15   7.5880413E-15     16
  9.042566679655403E+03   2.5560153E-14   7.8113819E-15      0
  9.047446385753423E+03   1.4941927E-14   7.7315863E-15      0
  9.052326060324551E+03   4.3240210E-15   7.5837392E-15      0
  9.057205703255262E+03   2.0517232E-14   7.7213482E-15     16
  9.062085314432050E+03   3.9210493E-15   7.5946143E-15     16
  9.066964893741404E+03   1.6552316E-14   7.8381320E-15      0
  9.071844441069830E+03   2.1745111E-14   7.8502378E-15      0
  9.076723956303837E+03   2.8445335E-14   7.9938607E-15     16
  9.081603439329943E+03   4.9159194E-14   8.3119529E-15      0
  9.086482890034671E+03   1.2724126E-14   7.7567779E-15      0
  9.091362308304559E+03   1.5107581E-14   7.8311432E-15     16
  9.096241694026141E+03   3.2765061E-14   8.0113359E-15      0
  9.101121047085964E+03   3.1002500E-14   8.0311598E-15      0
  9.106000367370589E+03   2.4541914E-14   9.3945339E-15      0
  9.110879654766575E+03   1.1576514E-14   7.8841513E-15      0
  9.115758909160493E+03  -4.6357914E-15   7.5558803E-15      0
  9.120638130438922E+03   1.2846923E-14   7.8260542E-15      0
  9.125517318488448E+03   3.1197367E-15   7.6669822E-15      0
  9.130396473195664E+03   9.4394673E-15   7.7859438E-15      0
  9.135275594447172E+03   8.4733220E-15   7.6975254E-15      0
  9.140154682129581E+03   1.2404422E-14   7.7871457E-15      0
  9.145033736129510E+03   2.0396248E-14   7.9107007E-15      0
  9.149912756333579E+03   4.4516465E-15   7.6588380E-15      0
  9.154791742628426E+03   2.9662298E-14   8.0097951E-15     16
  9.159670694900691E+03   3.7100809E-14   8.1494768E-15      0
  9.164549613037019E+03   4.0815706E-14   8.2244849E-15      0
  9.169428496924073E+03   1.6576011E-14   7.8654971E-15      0
  9.174307346448511E+03  -1.7107757E-14   7.6191461E-15      0
  9.179186161497008E+03   2.3797091E-14   7.9198919E-15      0
  9.184064941956245E+03   3.6679986E-14   8.2142070E-15     16
  9.188943687712914E+03  -9.5118285E-15   7.5550519E-15      0
  9.193822398653707E+03   6.6988443E-15   7.8770380E-15     16
  9.198701074665330E+03   2.4546129E-14   8.0941079E-15      0
  9.203579715634498E+03   2.7540580E-14   8.0801319E-15     16
  9.208458321447930E+03   8.8540108E-15   7.8812104E-15     16
  9.213336891992356E+03  -1.3951165E-14   7.6421057E-15      0
  9.218215427154515E+03  -4.1828698E-15   7.7262491E-15      0
  9.223093926821151E+03   4.1575518E-14   8.3550873E-15     16
  9.227972390879018E+03  -8.3232854E-15   7.7742903E-15      0
  9.232850819214882E+03  -2.5792833E-14   7.6761226E-15  16384
  9.237729211715508E+03   5.1207428E-15   7.8569946E-15      0
  9.242607568267680E+03  -3.0580644E-15   7.8128633E-15      0
  9.247485888758185E+03  -6.2267666E-15   7.9066248E-15      0
  9.252364173073816E+03   1.2097190E-14   8.0162004E-15      0
  9.257242421101380E+03   5.2021596E-14   8.6103728E-15     16
  9.262120632727689E+03   1.5578293E-14   8.0059699E-15      0
  9.266998807839562E+03   7.3583040E-15   8.0721325E-15      0
  9.271876946323831E+03   3.2885093E-15   7.9739351E-15     16
  9.276755048067336E+03   2.2522889E-14   8.1410412E-15      0
  9.281633112956921E+03  -1.6113062E-14   7.8816924E-15      0
  9.286511140879442E+03   2.2768252E-14   8.2823686E-15      0
  9.291389131721760E+03   1.8387390E-14   8.1425896E-15     16
  9.296267085370755E+03   4.1018805E-13   1.3873101E-14     16
  9.301145001713301E+03   2.7188963E-14   8.2510140E-15     16
  9.306022880636292E+03   1.7818359E-15   8.1062027E-15      0
  9.310900722026625E+03   1.8050099E-14   8.2965641E-15      0
  9.315778525771209E+03   4.6445503E-14   1.0241214E-14      0
  9.320656291756959E+03   3.9932145E-14   8.6711695E-15     16
  9.325534019870800E+03  -3.2295178E-14   7.9717659E-15  16384
  9.330411709999666E+03   1.5489658E-14   8.3832731E-15      0
  9.335289362030499E+03   5.3171555E-14   8.9980852E-15     16
  9.340166975850252E+03   2.7015891E-14   8.4779494E-15      0
  9.345044551345884E+03   2.2594202E-14   8.4979250E-15      0
  9.349922088404364E+03   9.7875631E-15   8.4228770E-15     16
  9.354799586912672E+03  -5.5329696E-15   8.3074510E-15      0
  9.359677046757794E+03  -1.2916589E-14   8.3120495E-15     16
  9.364554467826725E+03   5.3855452E-15   8.3823803E-15      0
  9.369431850006471E+03   1.9973056E-14   8.6698515E-15      0
  9.374309193184048E+03   5.7159938E-14   9.2621935E-15      0
  9.379186497246481E+03   4.5331959E-13   1.4990818E-14     16
  9.384063762080796E+03   9.1141719E-15   8.5994020E-15     16
  9.388940987574038E+03  -8.0932473E-16   8.4739700E-15      0
  9.393818173613259E+03   1.1196398E-14   8.6690053E-15      0
  9.398695320085517E+03   1.3407321E-14   8.7218322E-15      0
  9.403572426877883E+03   3.3261581E-14   9.0320987E-15     16
  9.408449493877433E+03   1.6537102E-14   8.8042070E-15      0
  9.413326520971255E+03   3.4924879E-14   9.2153686E-15     16
  9.418203508046448E+03   1.7468742E-14   8.8766707E-15      0
  9.423080454990115E+03   3.0358044E-14   9.1033172E-15      0
  9.427957361689374E+03   3.5951599E-14   9.2452206E-15      0
  9.432834228031348E+03   2.1099198E-14   9.0677528E-15     16
  9.437711053903173E+03   1.0441192E-15   8.9434931E-15      0
  9.442587839191992E+03  -4.3707247E-15   8.7771985E-15      0
  9.447464583784958E+03   1.3642498E-14   8.9959371E-15      0
  9.452341287569232E+03  -9.8506891E-15   8.8604762E-15      0
  9.457217950431988E+03   5.3074754E-15   9.0063251E-15      0
  9.462094572260405E+03  -1.0188878E-14   8.9447492E-15      0
  9.466971152941678E+03   6.6563739E-14   1.0101202E-14     16
  9.471847692363006E+03   6.4383898E-15   9.1754641E-15      0
  9.476724190411596E+03   3.7545342E-14   9.6092754E-15     16
  9.481600646974672E+03  -1.0115092E-14   9.2585326E-15     16
  9.486477061939460E+03   1.6851129E-14   9.2823639E-15      0
  9.491353435193203E+03   2.6068272E-14   9.4219202E-15      0
  9.496229766623148E+03   2.6454265E-14   9.5796580E-15      0
  9.501106056116552E+03  -2.1441916E-14   9.1984271E-15      0
  9.505982303560686E+03  -3.2594806E-15   9.3934870E-15      0
  9.510858508842824E+03   4.4344994E-14   9.9541169E-15      0
  9.515734671850259E+03   1.0114641E-13   1.1209731E-14     16
  9.520610792470285E+03   8.1205997E-14   1.0738625E-14     16
  9.525486870590210E+03  -3.2932655E-14   9.3115865E-15  16384
  9.530362906097353E+03  -1.3550925E-15   9.5209349E-15      0
  9.535238898879037E+03  -4.2240665E-16   9.6869856E-15      0
  9.540114848822604E+03  -4.1357210E-15   9.5894370E-15      0
  9.544990755815399E+03   7.2248143E-14   1.0830642E-14     16
  9.549866619744782E+03   1.5678581E-13   1.2328059E-14     16
  9.554742440498116E+03   6.9617089E-14   1.0782095E-14      0
  9.559618217962779E+03   2.8587379E-14   1.0028013E-14     16
  9.564493952026160E+03   2.9225042E-14   1.0128568E-14      0
  9.569369642575652E+03   2.7594143E-14   1.0274736E-14      0
  9.574245289498667E+03   2.1997193E-14   1.0214735E-14     16
  9.579120892682622E+03  -2.1765044E-17   1.0083539E-14      0
  9.583996452014944E+03   2.2321524E-14   1.0419732E-14     16
  9.588871967383069E+03   3.5716947E-14   1.0764278E-14     16
  9.593747438674445E+03   4.5442210E-14   1.0809982E-14      0
  9.598622865776533E+03   5.3134865E-14   1.0975307E-14     16
  9.603498248576800E+03   2.4114523E-14   1.0698992E-14      0
  9.608373586962725E+03   4.1301194E-14   1.1008909E-14      0
  9.613248880821797E+03   1.7104267E-12   2.8411650E-14     16
  9.618124130041511E+03   2.4263222E-14   1.0811631E-14      0
  9.622999334509386E+03  -1.5839933E-14   1.0645612E-14      0
  9.627874494112935E+03   3.8408523E-14   1.1166835E-14     16
  9.632749608739690E+03   1.2974170E-13   1.2911367E-14     16
  9.637624678277194E+03  -2.1288678E-15   1.1023070E-14     16
  9.642499702612997E+03   2.9296532E-14   1.1325211E-14     16
  9.647374681634661E+03   5.7916623E-14   1.1930256E-14      0
  9.652249615229757E+03   2.1170567E-13   1.4648173E-14     16
  9.657124503285870E+03  -1.4016011E-14   1.1159142E-14      0
  9.661999345690592E+03   2.9768929E-14   1.1580077E-14      0
  9.666874142331530E+03   2.5013266E-14   1.1639912E-14      0
  9.671748893096294E+03   2.6372994E-14   1.1883356E-14      0
  9.676623597872514E+03   1.2219843E-14   1.1674066E-14     16
  9.681498256547822E+03   3.4160890E-14   1.2111007E-14      0
  9.686372869009869E+03   4.6944152E-14   1.2355267E-14      0
  9.691247435146308E+03   5.4096095E-14   1.2642667E-14      0
  9.696121954844812E+03   6.7039592E-15   1.1932048E-14      0
  9.700996427993055E+03  -3.8832967E-15   1.2168419E-14      0
  9.705870854478731E+03   1.1299808E-14   1.2432569E-14      0
  9.710745234189539E+03   3.1460359E-14   1.2597049E-14      0
  9.715619567013186E+03   5.3954711E-15   1.2564899E-14      0
  9.720493852837400E+03   2.3699353E-14   1.2821637E-14      0
  9.725368091549914E+03   4.8726383E-14   1.3192659E-14     16
  9.730242283038468E+03   4.0159519E-14   1.3208073E-14      0
  9.735116427190818E+03   2.2460722E-15   1.2925896E-14     16
  9.739990523894736E+03   2.9520226E-14   1.3315438E-14      0
  9.744864573037992E+03   6.0420459E-14   1.3879814E-14     16
  9.749738574508374E+03   2.0937338E-14   1.4496186E-14      0
  9.754612528193684E+03   5.1576175E-14   1.4114444E-14     16
  9.759486433981732E+03   3.4054082E-14   1.3834760E-14      0
  9.764360291760338E+03   6.5529715E-14   1.4472442E-14   1040
  9.769234101417334E+03   5.4528098E-14   1.4401012E-14   1024
  9.774107862840565E+03   6.4891842E-13   2.3440322E-14   1040
  9.778981575917884E+03   6.7403230E-14   1.4781401E-14   1024
  9.783855240537157E+03   5.3231725E-12   5.7376487E-14   1040
  9.788728856586264E+03   1.3740187E-14   1.4222769E-14   1040
  9.793602423953091E+03   3.0443370E-14   1.4665620E-14   1024
  9.798475942525532E+03   4.6345516E-14   1.5092912E-14   1040
  9.803349412191508E+03   7.3516016E-14   1.5819379E-14   1024
  9.808222832838934E+03   3.6860201E-14   1.5593736E-14   1040
  9.813096204355748E+03   5.4259247E-14   1.6368719E-14   1040
  9.817969526629890E+03   2.2370408E-14   1.6168646E-14   1040
  9.822842799549320E+03   2.9328872E-14   1.6767751E-14   1040
  9.827716023002005E+03   1.6140980E-14   2.0849589E-14   1024
  9.832589196875924E+03   2.7326462E-14   1.7389996E-14   1024
  9.837462321059067E+03   1.0344534E-14   1.7282425E-14   1024
  9.842335395439435E+03  -2.8978000E-14   1.7462187E-14   1024
  9.847208419905044E+03   1.3063241E-14   1.7496682E-14   1024
  9.852081394343921E+03  -1.5362465E-14   1.7492213E-14   1040
  9.856954318644097E+03   3.2274727E-14   1.8001773E-14   1024
  9.861827192693623E+03   3.8609554E-14   1.7835688E-14   1024
  9.866700016380559E+03   4.5772132E-13   2.4960181E-14   1040
  9.871572789592978E+03   6.3876909E-14   1.8250936E-14   1040
  9.876445512218965E+03  -3.6986869E-14   1.7126562E-14   1024
  9.881318184146610E+03   4.1605818E-14   1.7565756E-14   1024
  9.886190805264023E+03   4.6015092E-14   1.7789831E-14   1040
  9.891063375459318E+03   4.5194104E-14   1.7962948E-14   1024
  9.895935894620632E+03   2.1839992E-14   1.7835827E-14   1024
  9.900808362636104E+03   6.7978060E-14   1.8550462E-14   1024
  9.905680779393886E+03   9.4164111E-15   1.7833796E-14   1024
  9.910553144782149E+03   4.4298576E-14   1.8388294E-14   1040
  9.915425458689064E+03   2.9158665E-14   1.8433344E-14      0
  9.920297721002824E+03   9.1287963E-17   1.8253130E-14      0
  9.925169931611630E+03   5.3600641E-14   1.9019695E-14      0
  9.930042090403695E+03   3.7286861E-14   1.9024401E-14      0
  9.934914197267244E+03   5.6668825E-14   1.9492415E-14      0
  9.939786252090518E+03  -1.7421863E-14   1.9190372E-14      0
  9.944658254761762E+03  -6.9856366E-14   1.8779772E-14  16384
  9.949530205169238E+03   1.8766662E-14   1.9763073E-14     16
  9.954402103201222E+03   5.8250740E-14   2.0323881E-14      0
  9.959273948745997E+03   5.2755702E-14   2.0694160E-14      0
  9.964145741691862E+03   1.8695245E-13   2.3530719E-14     16
  9.969017481927127E+03   8.0453409E-15   2.1026964E-14      0
  9.973889169340113E+03  -4.9081472E-15   2.1029843E-14      0
  9.978760803819156E+03   5.9756681E-13   3.1010090E-14     16
  9.983632385252600E+03   3.4618890E-14   2.1606628E-14     16
  9.988503913528806E+03   6.2406677E-14   2.2114262E-14      0
  9.993375388536146E+03   4.7462177E-14   2.2345927E-14      0
  9.998246810163000E+03   2.0383659E-13   2.5917130E-14     16
  1.000311817829777E+04   1.8991161E-15   2.2424437E-14      0
  1.000798949282885E+04   3.1212534E-14   2.2976104E-14     16
  1.001286075364468E+04   8.9617699E-14   2.4192284E-14     16
  1.001773196063367E+04  -1.3910287E-14   2.3184710E-14      0
  1.002260311368429E+04   8.1869461E-14   2.4694566E-14      0
  1.002747421268498E+04   7.1263599E-14   2.4604616E-14     16
  1.003234525752421E+04   6.5727487E-14   2.4891776E-14      0
  1.003721624809048E+04   6.4581390E-14   2.5106419E-14      0
  1.004208718427226E+04   1.0384616E-13   2.6292655E-14     16
  1.004695806595808E+04  -1.5762770E-14   2.5078394E-14      0
  1.005182889303645E+04   7.5863056E-14   2.6123763E-14      0
  1.005669966539591E+04   1.7676871E-14   2.6130665E-14      0
  1.006157038292499E+04   2.0491026E-14   2.6687689E-14      0
  1.006644104551226E+04   1.3819615E-14   2.6963308E-14      0
  1.007131165304629E+04  -5.6601459E-14   2.6985524E-14      0
  1.007618220541566E+04  -3.5554564E-14   2.7399913E-14      0
  1.008105270250897E+04   5.3443212E-14   2.8691872E-14      0
  1.008592314421483E+04   8.1697927E-14   2.9240062E-14      0
  1.009079353042186E+04   8.4894243E-14   2.9601555E-14      0
  1.009566386101869E+04   5.0637822E-14   2.9409750E-14      0
  1.010053413589397E+04   3.3327704E-14   3.0182186E-14      0
  1.010540435493637E+04   1.8599931E-13   3.3180598E-14     16
  1.011027451803454E+04   5.1444939E-14   3.1679686E-14      0
  1.011514462507720E+04   3.7694315E-14   3.1880945E-14     16
  1.012001467595301E+04   1.0889042E-13   3.3475833E-14     16
  1.012488467055071E+04   8.5577094E-14   3.3636597E-14      0
  1.012975460875902E+04   5.7639806E-14   3.3915982E-14      0
  1.013462449046667E+04   1.9201264E-13   3.6497799E-14     16
  1.013949431556242E+04   5.5800357E-13   4.3615258E-14     16
  1.014436408393502E+04   9.0561754E-14   3.5942739E-14     16
  1.014923379547326E+04   1.2011823E-13   3.7153955E-14      0
  1.015410345006593E+04   4.0422911E-13   4.3467075E-14     16
  1.015897304760183E+04   1.0043915E-13   3.8773367E-14     16
  1.016384258796977E+04   9.3886853E-14   3.8843051E-14      0
  1.016871207105859E+04   1.0053717E-14   3.9034101E-14      0
  1.017358149675713E+04   2.6909944E-14   4.0222237E-14      0
  1.017845086495424E+04  -9.6758225E-15   4.1009385E-14      0
  1.018332017553879E+04   5.1111781E-14   4.1565977E-14      0
  1.018818942839967E+04   1.0756080E-13   4.4005317E-14      0
  1.019305862342577E+04   1.2780781E-13   4.5348636E-14     16
  1.019792776050600E+04   2.6726291E-13   4.8870833E-14     16
  1.020279683952928E+04   9.2139541E-15   4.5932208E-14      0
  1.020766586038456E+04   2.1199280E-13   4.9559369E-14      0
  1.021253482296077E+04   2.6280800E-13   5.1916960E-14      0
  1.021740372714688E+04   5.4358898E-14   5.0642111E-14      0
  1.022227257283187E+04  -4.7793946E-14   5.0338843E-14      0
  1.022714135990472E+04   4.3375348E-13   6.0455615E-14     16
  1.023201008825445E+04   1.1842373E-13   5.4496230E-14     16
  1.023687875777006E+04   1.0417351E-13   5.6398876E-14     16
  1.024174736834058E+04   4.3464483E-13   6.3941115E-14      0
  1.024661591985506E+04   1.7195163E-13   6.0850041E-14    512
