1605 4.3329194397685375e-15
1610 -6.009617237488697e-16
1615 9.29740799056596e-16
1620 1.0545621434504602e-15
1625 3.0869430149218706e-16
1630 -1.8521583767065082e-16
1635 -3.324868215798492e-16
1640 -2.630802659127154e-16
1645 4.439260851188988e-16
1650 4.028963686644313e-17
1655 3.554039276348654e-16
1660 2.6436706732950835e-16
1665 7.556544285438166e-17
1670 3.665092266701696e-16
1675 1.1526582834606144e-16
1680 1.11083843842079e-16
1685 -1.5036835633818164e-17
1690 1.3893655513315437e-16
1695 -3.485334244111979e-17
1700 -1.1644645302522413e-16
1705 1.1959303455374487e-17
1710 1.9769609334323822e-16
1715 6.804112494010554e-17
1720 1.2442869391856022e-16
1725 -1.7213973606303385e-16
1730 1.394024601832468e-16
1735 9.339462951383255e-17
1740 3.0984498851370306e-17
1745 -3.6387425334778695e-17
1750 8.189949994350749e-17
1755 1.9128107718812411e-16
1760 8.368597608709365e-17
1765 1.2704673862133524e-16
1770 8.58760851194692e-17
1775 4.4191125747273653e-17
1780 8.360099380366817e-17
1785 -9.450597651771837e-18
1790 5.584923208344789e-17
1795 1.3874277865109087e-16
1800 5.499694560998039e-17
1805 9.536026198149492e-17
1810 -6.789991465281425e-17
1815 6.107822791978115e-17
1820 -1.8649871022389846e-17
1825 7.401141600383495e-18
1830 7.73915748628177e-17
1835 4.133722076328011e-17
1840 -1.2827794442532875e-17
1845 2.800544237143981e-17
1850 6.734393695236283e-17
1855 6.571455678248564e-17
1860 8.442139696149632e-17
1865 -2.6279652849183243e-17
1870 2.2265103119085685e-17
1875 2.0759379321027457e-17
1880 -3.996422729021864e-17
1885 -5.562295799868689e-17
1890 1.5044898332457796e-16
1895 -6.837872041748934e-17
1900 6.064711342224329e-17
1905 1.1437969553609875e-17
1910 -3.1038001603726694e-17
1915 8.850157001455607e-17
1920 7.700457026874044e-17
1925 6.356539620113446e-17
1930 5.227358248896751e-17
1935 5.612572791436194e-17
1940 4.613589571988407e-18
1945 9.422579500640012e-17
1950 2.86677399809193e-17
1955 7.898725371696836e-19
1960 -3.2263722435259394e-17
1965 3.840354717004984e-17
1970 4.5589503935820527e-17
1975 1.476121284927786e-17
1980 7.188711438804863e-17
1985 -8.631276597911327e-18
1990 3.037351652637369e-17
1995 6.413302449454026e-17
2000 2.682819934128787e-17
2005 7.303253751171392e-17
2010 5.77272122908635e-17
2015 2.520024240122713e-17
2020 5.935010821057454e-17
2025 2.6779921558937315e-19
2030 -1.8815814305793845e-17
2035 4.93394080481738e-17
2040 -1.7582645144570032e-17
2045 3.341682005071117e-17
2050 2.0907695227688836e-17
2055 5.3420678344529367e-17
2060 1.6617784037636553e-17
2065 2.871993087516434e-18
2070 6.638559232732826e-18
2075 -3.777928999360093e-18
2080 1.3361668571887424e-17
2085 5.861308494587702e-17
2090 5.395707129977201e-18
2095 -1.8626500790799456e-17
2100 3.188412798612138e-17
2105 -3.283802575642347e-18
2110 -1.7287347759841063e-17
2115 2.4894520585681825e-17
2120 3.761160083265581e-17
2125 1.798198060530168e-17
2130 2.0562448719661212e-17
2135 -1.2027371740185885e-17
2140 5.817964962575474e-18
2145 -1.7691331663305418e-17
2150 1.2643946543009859e-17
2155 1.1121286187216444e-17
2160 1.4128357651798034e-17
2165 -2.0970914059652943e-17
2170 -1.540070984639145e-17
2175 1.741153076978568e-18
2180 -6.063396931681893e-18
2185 1.2165351516673692e-17
2190 -1.0233447349755743e-17
2195 2.5456249596520286e-17
2200 4.50895174730212e-17
2205 -1.2105652650052496e-17
2210 -1.0741806068551174e-17
2215 2.1364253982677364e-17
2220 -6.941799830188071e-18
2225 8.86596918282237e-18
2230 1.891400819189852e-17
2235 1.5987870544965843e-17
2240 2.014180882837652e-18
2245 -1.99758177689311e-17
2250 -1.6322738413714977e-17
2255 4.475964889272967e-17
2260 4.310375117381411e-18
2265 1.724030728721487e-17
2270 2.2015519874095178e-17
2275 6.9267637117582986e-18
2280 1.0558541048300902e-17
2285 -6.6415786079992856e-18
2290 2.777929839962092e-19
2295 -9.039521198731715e-18
2300 6.95212592585928e-18
2305 1.0450136326836315e-17
2310 -3.0363031492857474e-18
2315 9.850845508324324e-18
2320 1.810012356139285e-18
2325 -9.869248821433465e-18
2330 2.2188020511050486e-17
2335 6.800095882568734e-18
2340 -1.3175109887184943e-17
2345 1.0770229446445494e-17
2350 1.1244902992710026e-17
2355 5.07440926718892e-19
2360 -2.2932836917330894e-18
2365 7.04878126659972e-18
2370 1.1603632922520907e-17
2375 3.4218066989949466e-19
2380 -7.300966319221224e-18
2385 3.6513132255072986e-19
2390 7.003603716061037e-18
2395 2.5282744550680775e-17
2400 -1.7054740339451677e-18
2405 2.9520238656858666e-17
2410 5.843244332489402e-18
2415 2.369286289095616e-17
2420 1.4818790608955163e-17
2425 -2.03388344586321e-17
2430 -1.3544207623012229e-18
2435 2.0614724147235316e-17
2440 1.5470046826913165e-17
2445 1.3919601903175256e-17
2450 2.711111680886155e-18
2455 1.2568339531743129e-17
2460 3.7003454921747954e-17
2465 1.2796674013504443e-17
2470 -2.1707198773862007e-18
2475 5.825014876744602e-17
2480 4.073479763537611e-17
2485 1.0904059253735604e-17
2490 -1.1863044015266225e-17
2495 2.0178645493289798e-17
2500 3.9362614995599707e-17
2505 2.6911617407356685e-17
2510 6.245431435041753e-18
2515 2.5262977135526565e-17
2520 2.0966300533262693e-17
2525 6.066509401076259e-17
2530 4.036311457651058e-17
2535 4.1237711752250715e-17
2540 3.322522002814387e-17
2545 4.7319662926451996e-17
2550 4.267331922485553e-17
2555 4.382945593368132e-17
2560 7.471344404346038e-17
2565 7.622323832718127e-17
2570 8.712548612048113e-17
2575 9.725791163422759e-17
2580 1.1848840441841313e-16
2585 1.1076866870639647e-16
2590 1.0794387040698932e-16
2595 1.1491821173429086e-16
2600 9.44154686132564e-17
2605 1.5943679025230554e-16
2610 1.625262074520557e-16
2615 1.749344803561006e-16
2620 1.9973212696952083e-16
2625 2.702701995201141e-16
2630 3.0277517768440353e-16
2635 2.7464104205505343e-16
2640 3.5301377372991314e-16
2645 3.550519248316398e-16
2650 3.705896822112051e-16
2655 4.173667634306087e-16
2660 4.680666772760525e-16
2665 5.158406366966263e-16
2670 5.383410720473074e-16
2675 5.96104008608306e-16
2680 5.960446973900018e-16
2685 6.109110103765092e-16
2690 6.579992473527163e-16
2695 6.672944059859917e-16
2700 6.743208709968985e-16
2705 7.385162974661823e-16
2710 7.997341529400113e-16
2715 7.923636107574721e-16
2720 8.30175158188928e-16
2725 8.317540996439089e-16
2730 8.91989464071657e-16
2735 9.273119525872773e-16
2740 9.780727714231215e-16
2745 1.0192639118055374e-15
2750 1.0487036408698465e-15
2755 1.2000509448674162e-15
2760 1.2204445829406923e-15
2765 1.2228394200500024e-15
2770 1.4241061399350895e-15
2775 1.467929622731416e-15
2780 1.6117947885038206e-15
2785 1.6807901668806099e-15
2790 1.7969521903215777e-15
2795 1.6519156513351952e-15
2800 1.7963148687083137e-15
2805 1.775190413868314e-15
2810 1.8122669401707954e-15
2815 2.0817658174926753e-15
2820 2.3647855089052203e-15
2825 2.737502370306389e-15
2830 2.918731183799838e-15
2835 3.319929074658003e-15
2840 3.356673815146357e-15
2845 3.76112810639748e-15
2850 3.956666343039039e-15
2855 4.2482937988316484e-15
2860 4.667327182177789e-15
2865 4.409698195868286e-15
2870 5.194671413810765e-15
2875 5.549585102348489e-15
2880 5.7530823341073514e-15
2885 5.9964434675324425e-15
2890 6.2306130752638905e-15
2895 6.162744797425516e-15
2900 5.42750067776725e-15
2905 4.613662617633626e-15
2910 6.860710590006108e-15
2915 6.334522809413992e-15
2920 6.2615707882630446e-15
2925 5.8258540969783455e-15
2930 5.533878917953498e-15
2935 7.966064308759352e-15
2940 1.2013695854389168e-14
2945 6.159954985086599e-15
2950 6.095356705373511e-15
2955 6.490102827547341e-15
2960 6.3650901787744425e-15
2965 6.547606423780778e-15
2970 6.679172539316789e-15
2975 6.514935765880006e-15
2980 6.398683172200298e-15
2985 6.241843293512584e-15
2990 6.3155839546210644e-15
2995 6.334466174796933e-15
3000 6.24402813841125e-15
3005 6.053986532422204e-15
3010 5.861271109216048e-15
3015 5.966924601486759e-15
3020 5.809733647625226e-15
3025 5.934307005431712e-15
3030 5.708148165305667e-15
3035 5.99355791207746e-15
3040 6.033487471015339e-15
3045 5.808902302512949e-15
3050 6.016922012662503e-15
3055 6.458449441768806e-15
3060 6.485354726518169e-15
3065 6.594631759127906e-15
3070 6.5473824027533374e-15
3075 6.336918475422478e-15
3080 6.660253793671373e-15
3085 6.879820633032002e-15
3090 6.786905684105578e-15
3095 7.44200707428379e-15
3100 7.57659057577139e-15
3105 7.816033719160027e-15
3110 8.093105662912652e-15
3115 8.718108873481842e-15
3120 8.990629613558938e-15
3125 8.8421697272769e-15
3130 9.662264230268108e-15
3135 9.64318047701018e-15
3140 1.0028916585165178e-14
3145 1.0113136087528293e-14
3150 1.0895577866825782e-14
3155 1.1109657270007861e-14
3160 1.105431941775173e-14
3165 1.3755307853256868e-14
3170 1.1553825009482333e-14
3175 1.1087584710485834e-14
3180 1.162052632086857e-14
3185 1.1994164497952102e-14
3190 1.2047559638007575e-14
3195 1.1509542493480977e-14
3200 1.1660362148694727e-14
3205 1.1678258996887592e-14
3210 1.1528627433082432e-14
3215 1.1763487311109999e-14
3220 1.1653655025194036e-14
3225 1.1265855811363174e-14
3230 1.1839852032124405e-14
3235 1.1741491119330253e-14
3240 1.1799335492106101e-14
3245 1.1727729924686365e-14
3250 1.2319231718652357e-14
3255 1.1774401615997597e-14
3260 1.1666077915629444e-14
3265 1.207806071181718e-14
3270 1.2608032552954305e-14
3275 1.30253952527051e-14
3280 1.2722616132510623e-14
3285 1.2337402053926823e-14
3290 1.266663723495081e-14
3295 1.319397271199829e-14
3300 1.2892763448698795e-14
3305 1.3540291325810236e-14
3310 1.3918386640478183e-14
3315 1.44458615540638e-14
3320 1.4585237878613236e-14
3325 1.5040517909758787e-14
3330 1.582492928582996e-14
3335 1.595392912349504e-14
3340 1.6542959013882155e-14
3345 1.7342580891739365e-14
3350 2.044007122051788e-14
3355 4.8963127917867254e-14
3360 1.8917266610953557e-14
3365 1.9348407387270023e-14
3370 1.929886886226934e-14
3375 1.9057832678486676e-14
3380 1.91583662140637e-14
3385 1.896827639132053e-14
3390 1.8716018338328166e-14
3395 1.8396804243502555e-14
3400 1.8974220181780466e-14
3405 1.9109055875146205e-14
3410 2.0170594664149173e-14
3415 2.0219135761277714e-14
3420 2.126996480056937e-14
3425 2.182687359524523e-14
3430 2.200901962071972e-14
3435 2.2586626978147104e-14
3440 2.282834018776643e-14
3445 2.374183084852766e-14
3450 2.4191834902619047e-14
3455 2.506806198035122e-14
3460 2.5329397153673492e-14
3465 2.630528831081929e-14
3470 2.5897332144055104e-14
3475 2.55614355682382e-14
3480 2.5819015337193894e-14
3485 2.520868285621573e-14
3490 2.4914777798459105e-14
3495 2.300590733130479e-14
3500 2.4702298238727082e-14
3505 2.5088831263912535e-14
3510 2.477853927908465e-14
3515 2.4169454112996635e-14
3520 2.3360133202775947e-14
3525 2.2392233525323582e-14
3530 2.092689020203159e-14
3535 1.9696202716703208e-14
3540 1.971417904844537e-14
3545 1.7533397951408275e-14
3550 1.6189566136584312e-14
3555 1.5135446248969136e-14
3560 1.4004947328519236e-14
3565 1.2762842011139464e-14
3570 1.1973689777860715e-14
3575 1.0757775360470566e-14
3580 9.696880341381563e-15
3585 8.665839473712792e-15
3590 7.763627645735434e-15
3595 7.026245993154803e-15
3600 6.607716861645284e-15
3605 6.0549475884348e-15
3610 5.8354337534082826e-15
3615 6.749374074571596e-15
3620 6.720725673724301e-15
3625 5.2493364614298736e-15
3630 5.334297154428064e-15
3635 5.0138668449279606e-15
3640 4.983402308584432e-15
3645 4.998469567941547e-15
3650 5.331551333983814e-15
3655 5.372194521166526e-15
3660 6.733344471510081e-15
3665 5.570013388388529e-15
3670 5.458876735941477e-15
3675 5.811715690334347e-15
3680 6.04278251168364e-15
3685 6.124071198675167e-15
3690 6.327784012703404e-15
3695 6.376000801912664e-15
3700 6.575314453151526e-15
3705 1.0777566663929695e-14
3710 6.909109652152499e-15
3715 7.411520285237881e-15
3720 7.4485377358388e-15
3725 7.940662335130342e-15
3730 8.084254512479025e-15
3735 8.939374066558416e-15
3740 9.4912409664023e-15
3745 1.0111775293553638e-14
3750 1.2579467467640832e-14
3755 1.2855231680213245e-14
3760 1.282272257446761e-14
3765 1.3491255549310224e-14
3770 1.4805039515751295e-14
3775 1.5666118178723017e-14
3780 1.6794579828967372e-14
3785 1.8099376531013024e-14
3790 1.9263826503758825e-14
3795 2.0112066678072853e-14
3800 2.1031834234211232e-14
3805 2.1539658771578797e-14
3810 2.2112649766600175e-14
3815 2.356747303694988e-14
3820 2.5475045607602336e-14
3825 2.647962604926297e-14
3830 2.7496262605539776e-14
3835 2.862925447933848e-14
3840 3.0936127198839007e-14
3845 3.1148885143634226e-14
3850 3.26642696933069e-14
3855 3.501242180186387e-14
3860 3.6114712772861866e-14
3865 3.698873124462665e-14
3870 3.792715593543898e-14
3875 4.013007557490351e-14
3880 4.034590426840935e-14
3885 4.20904121497886e-14
3890 4.1157375831952196e-14
3895 4.196698770868916e-14
3900 4.1355771606401055e-14
3905 4.0511984641817957e-14
3910 3.9822828855524584e-14
3915 3.9015088617595613e-14
3920 3.860158462740756e-14
3925 3.6948833033785314e-14
3930 3.7266040104318154e-14
3935 3.628578651504861e-14
3940 3.602328288531254e-14
3945 3.518195457620483e-14
3950 3.3619530000410866e-14
3955 3.090452783837753e-14
3960 3.1039820171491047e-14
3965 3.2015188859564123e-14
3970 3.136879664884455e-14
3975 3.141407571926642e-14
3980 3.145933421432861e-14
3985 3.1443864658351336e-14
3990 3.0745206268841544e-14
3995 3.135914800690861e-14
4000 3.193781696297257e-14
4005 3.222895073256769e-14
4010 3.3513023625634343e-14
4015 3.457395305188078e-14
4020 3.606474565913826e-14
4025 3.644370996296652e-14
4030 3.777604582200964e-14
4035 3.927279713730815e-14
4040 4.023353164950222e-14
4045 4.1257536152083e-14
4050 4.1848296725489226e-14
4055 4.265614396819181e-14
4060 4.402318321763184e-14
4065 4.470159175147641e-14
4070 4.614421532218479e-14
4075 4.633134148377524e-14
4080 4.7200952371146045e-14
4085 4.757356656475493e-14
4090 4.8165772966442294e-14
4095 4.7782766163918815e-14
4100 4.762413069042154e-14
4105 4.791841153933415e-14
4110 4.6755960096969436e-14
4115 4.627496973163698e-14
4120 4.5294674566300815e-14
4125 4.411675400919693e-14
4130 4.408324077082248e-14
4135 4.272145967372021e-14
4140 4.201632610036796e-14
4145 4.25162311669611e-14
4150 4.110792408345251e-14
4155 4.0555362904098585e-14
4160 4.0781749062360784e-14
4165 4.0088960546821814e-14
4170 3.960434566089797e-14
4175 3.918073465756899e-14
4180 3.8740352656788014e-14
4185 3.814233834343292e-14
4190 3.679734624917043e-14
4195 3.5891989468266105e-14
4200 3.462485659059445e-14
4205 3.341083193622919e-14
4210 3.178837891018317e-14
4215 3.043253319309195e-14
4220 2.903768729128164e-14
4225 2.7667555418908417e-14
4230 2.6037707656928357e-14
4235 2.5170619873477528e-14
4240 2.3654201085578004e-14
4245 2.255710926097947e-14
4250 2.1478647293941196e-14
4255 2.0262104223069373e-14
4260 1.9952508734690432e-14
4265 1.945920051298701e-14
4270 1.888915309786169e-14
4275 1.8461842368515366e-14
4280 1.7728420501786714e-14
4285 1.7630264300680086e-14
4290 1.7417399147799608e-14
4295 1.777791828819498e-14
4300 1.8578810460502266e-14
4305 1.8919461754355604e-14
4310 1.9784316636912993e-14
4315 2.053265244475233e-14
4320 2.1525607912560527e-14
4325 2.2584735913801424e-14
4330 2.3202799043452534e-14
4335 2.379794276437993e-14
4340 2.3749585559123707e-14
4345 2.4726238992484362e-14
4350 2.5528198682966466e-14
4355 2.665168210350432e-14
4360 2.7212201215997575e-14
4365 2.7605850156667597e-14
4370 2.7688878787561377e-14
4375 2.8927853857913565e-14
4380 2.901260298389477e-14
4385 2.9304664062040015e-14
4390 2.882536692938792e-14
4395 2.8505860334578065e-14
4400 2.8015183128308627e-14
4405 2.800075574904267e-14
4410 2.8026081073357163e-14
4415 2.7781120104514275e-14
4420 2.7719905791950005e-14
4425 2.7844303552373996e-14
4430 2.7709614837066904e-14
4435 2.8013731170760605e-14
4440 2.873142693155588e-14
4445 2.9323054274742344e-14
4450 3.022659299061279e-14
4455 3.079234394514938e-14
4460 3.1790837641167883e-14
4465 3.27130905075742e-14
4470 3.337140918004888e-14
4475 3.4082630305232585e-14
4480 3.4632624298435087e-14
4485 3.525776559592259e-14
4490 3.548591952636241e-14
4495 3.5974279201339375e-14
4500 3.671646379687532e-14
4505 3.722204744891404e-14
4510 3.753578330664581e-14
4515 3.7345324899654295e-14
4520 3.6903446457595426e-14
4525 3.7319729839014464e-14
4530 3.6540456365329956e-14
4535 3.6285436886533817e-14
4540 3.5371694706221594e-14
4545 3.583725241258178e-14
4550 3.5376684887528605e-14
4555 3.521486993379976e-14
4560 3.499021681702558e-14
4565 3.520159635029473e-14
4570 3.524326985347236e-14
4575 3.4662596420580006e-14
4580 3.4736253437634545e-14
4585 3.4462595035010813e-14
4590 3.412054826752016e-14
4595 3.421178471114122e-14
4600 3.335731794289362e-14
4605 3.354178996876441e-14
4610 3.2563016018435795e-14
4615 3.099839538563069e-14
4620 3.067611466674344e-14
4625 2.940508444143389e-14
4630 2.7871149997189172e-14
4635 2.6971800988065965e-14
4640 2.6352431468626548e-14
4645 2.5899841232087358e-14
4650 2.468452512849938e-14
4655 2.501350209884666e-14
4660 2.4250232147572023e-14
4665 2.4439216033273913e-14
4670 2.531229669027465e-14
4675 2.45205950614777e-14
4680 2.432926289158357e-14
4685 2.4850640540433385e-14
4690 2.4590122494220517e-14
4695 2.4140594165613915e-14
4700 2.4309748731811874e-14
4705 2.403063939487051e-14
4710 2.3044085519304144e-14
4715 2.2831023631028415e-14
4720 2.1630457822801672e-14
4725 2.0842174956921936e-14
4730 2.0508913942668858e-14
4735 2.0279811868926238e-14
4740 1.9908783453052794e-14
4745 2.0176435869038185e-14
4750 1.998789470048606e-14
4755 2.032872529237331e-14
4760 2.0647403727603038e-14
4765 2.043880830129375e-14
4770 2.044996705735254e-14
4775 2.0424215489055572e-14
4780 2.037152628677062e-14
4785 2.0217890071375743e-14
4790 1.9102686114788007e-14
4795 1.8783260498432874e-14
4800 1.8087076412796925e-14
4805 1.7575803706038008e-14
4810 1.6694324266790884e-14
4815 1.6541338315096554e-14
4820 1.5817127908491477e-14
4825 1.509327179775657e-14
4830 1.4646854056383216e-14
4835 1.4310708206929417e-14
4840 1.3858976962939898e-14
4845 1.343710126891818e-14
4850 1.3154132066823833e-14
4855 1.294659727521415e-14
4860 1.3261462880885913e-14
4865 1.3236927336303474e-14
4870 1.3102444368932024e-14
4875 1.3309163455665927e-14
4880 1.3969120350395161e-14
4885 1.447128489909651e-14
4890 1.5013429082221614e-14
4895 1.5378817495125952e-14
4900 1.538571030098302e-14
4905 1.637481166548468e-14
4910 1.6617735455894718e-14
4915 1.7126842767966418e-14
4920 1.7798131858486895e-14
4925 1.8045672925509154e-14
4930 1.8729378885490612e-14
4935 1.9305404742137667e-14
4940 1.9373679176668553e-14
4945 1.9004240735495284e-14
4950 1.9291999358296435e-14
4955 1.9328857179927026e-14
4960 1.9553616060266122e-14
4965 1.9923961069665328e-14
4970 1.8594850012419252e-14
4975 1.9502436291035532e-14
4980 2.0112203321345715e-14
4985 2.015457347384319e-14
4990 2.076307809469337e-14
4995 2.0754887944938522e-14
5000 2.1276698572869862e-14
5005 2.125166800422554e-14
5010 2.1632403353073585e-14
5015 2.2215145128234975e-14
5020 2.2276515391131512e-14
5025 2.2346184245888272e-14
5030 2.2539443514881555e-14
5035 2.3304062949033442e-14
5040 2.401068116022452e-14
5045 2.417078360179772e-14
5050 2.455930662186736e-14
5055 2.4521747195168827e-14
5060 2.4811260834036127e-14
5065 2.5330263923649855e-14
5070 2.586589195312314e-14
5075 2.646042399588959e-14
5080 2.631481506167043e-14
5085 2.6422057284684194e-14
5090 2.6682106311714158e-14
5095 2.7154509875022813e-14
5100 2.686616273722e-14
5105 2.7182146368444055e-14
5110 2.7121720748064113e-14
5115 2.7093322996525443e-14
5120 2.6470005626486143e-14
5125 2.600297801169288e-14
5130 2.5899239225384033e-14
5135 2.621626123323809e-14
5140 2.6098475029983452e-14
5145 2.5856017068102214e-14
5150 2.605342725031045e-14
5155 2.6152327197704868e-14
5160 2.6683564762231992e-14
5165 2.6319370745221352e-14
5170 2.6773478921661885e-14
5175 2.6838190212887198e-14
5180 2.7105979780907845e-14
5185 2.7200223704447652e-14
5190 2.6976762846111076e-14
5195 2.6610318378636715e-14
5200 2.6344261598513257e-14
5205 2.5844923809104635e-14
5210 2.5257983711480695e-14
5215 2.4602786601321475e-14
5220 2.3596037148891957e-14
5225 2.235400388507812e-14
5230 2.1638777058131156e-14
5235 2.1119421912880772e-14
5240 2.0269624577202636e-14
5245 1.986768069414229e-14
5250 1.935744968863564e-14
5255 1.895594746070244e-14
5260 1.878221651887706e-14
5265 1.8490696492726857e-14
5270 1.8397067263814543e-14
5275 1.8469086489239754e-14
5280 1.9042713180028274e-14
5285 1.869353548439881e-14
5290 1.8541050411191806e-14
5295 1.868809700485072e-14
5300 1.864372020953721e-14
5305 1.903058220027922e-14
5310 1.8968603455205454e-14
5315 1.962567712662069e-14
5320 1.936169110797181e-14
5325 2.0403054442963668e-14
5330 2.467969867204718e-14
5335 2.0551717522847234e-14
5340 2.0630070028670067e-14
5345 2.0948616293525545e-14
5350 2.075850442464098e-14
5355 2.0457865066789462e-14
5360 2.038962653143393e-14
5365 2.044526677363608e-14
5370 2.0259203135660244e-14
5375 2.0595674767722397e-14
5380 1.99711241633394e-14
5385 1.986249583986396e-14
5390 1.8857547512516617e-14
5395 1.913523610591856e-14
5400 1.9013523641302705e-14
5405 1.852058829478482e-14
5410 1.792707619033858e-14
5415 1.7509344470868895e-14
5420 1.7205557793009343e-14
5425 1.688303630684956e-14
5430 1.6596301097265638e-14
5435 1.5514895046987364e-14
5440 1.4842412108602346e-14
5445 1.5810955074523837e-14
5450 1.580090397657787e-14
5455 1.616679570932182e-14
5460 1.6612816238697454e-14
5465 1.6763473920036924e-14
5470 1.7437683107872056e-14
5475 1.7813636961307307e-14
5480 1.889585352680741e-14
5485 1.9262886287552528e-14
5490 1.9714297011621314e-14
5495 2.0671926820030155e-14
5500 2.1389596996228656e-14
5505 2.1654328542220102e-14
5510 2.2580953123513516e-14
5515 2.2717147446246377e-14
5520 2.350637221164048e-14
5525 2.371931825447797e-14
5530 2.4138207749316813e-14
5535 2.4388149294660345e-14
5540 2.418936457591863e-14
5545 2.3966499244220214e-14
5550 2.3727339519274446e-14
5555 2.2646630012678277e-14
5560 2.3322154081890463e-14
5565 2.305558554602503e-14
5570 2.3233115609792418e-14
5575 2.3580590014358878e-14
5580 2.415951819272745e-14
5585 2.4338277175355296e-14
5590 2.4234321002044033e-14
5595 2.4172860906283468e-14
5600 2.4339622534254264e-14
5605 2.422692613660966e-14
5610 2.541501221608561e-14
5615 2.4763187958028328e-14
5620 2.5762231394973578e-14
5625 2.500169149370605e-14
5630 2.482697266831148e-14
5635 2.4615364714585696e-14
5640 2.4424042959182058e-14
