

  1.570974342756999E+03   0.0000000E+00   0.0000000E+00   2564
  1.572517886887630E+03   0.0000000E+00   0.0000000E+00   2564
  1.574061440090210E+03   0.0000000E+00   0.0000000E+00   2564
  1.575605002364897E+03   0.0000000E+00   0.0000000E+00   2564
  1.577148573711853E+03   0.0000000E+00   0.0000000E+00   2560
  1.578692154131237E+03   0.0000000E+00   0.0000000E+00    512
  1.580235743623208E+03   1.9870375E-13   1.9517858E-13      0
  1.581779342187928E+03   8.7329924E-14   6.1433199E-14      0
  1.583322949825556E+03   5.0796695E-14   3.6305889E-14      0
  1.584866566536252E+03   4.2786504E-14   2.5019951E-14      0
  1.586410192320176E+03  -2.3252469E-14   1.6214128E-14      0
  1.587953827177488E+03  -4.5460761E-16   1.5366377E-14      0
  1.589497471108348E+03  -7.2041999E-15   1.1962743E-14      0
  1.591041124112917E+03   2.3862014E-14   1.4176847E-14      0
  1.592584786191353E+03   1.3341774E-14   1.1533428E-14      0
  1.594128457343818E+03  -1.8459148E-16   8.7580022E-15      0
  1.595672137570470E+03   6.1644114E-15   8.5448599E-15      0
  1.597215826871470E+03  -5.0253829E-15   6.1759946E-15      0
  1.598759525246979E+03   1.0373969E-15   6.4680202E-15      0
  1.600303232697156E+03   3.8462339E-15   5.8541632E-15      0
  1.601846949222161E+03   4.6946356E-15   5.5749976E-15      0
  1.603390674822154E+03  -2.6115169E-15   4.1016025E-15      0
  1.604934409497296E+03  -1.7707842E-15   3.7914508E-15      0
  1.606478153247746E+03  -8.5141052E-16   3.5735363E-15      0
  1.608021906073664E+03  -2.0814662E-15   3.0465977E-15      0
  1.609565667975211E+03  -1.9551246E-15   2.7896198E-15      0
  1.611109438952546E+03   4.5686294E-16   2.9266928E-15      0
  1.612653219005831E+03   3.3335558E-15   3.0218025E-15      0
  1.614197008135223E+03  -3.4444428E-16   2.4068818E-15      0
  1.615740806340885E+03  -7.7725024E-16   2.1073847E-15      0
  1.617284613622975E+03   2.5528377E-16   2.0965260E-15      0
  1.618828429981654E+03  -1.6560623E-15   1.7308301E-15      0
  1.620372255417083E+03  -1.6990507E-15   1.6122208E-15      0
  1.621916089929421E+03  -5.1224392E-16   1.6257155E-15      0
  1.623459933518827E+03  -1.0748911E-15   1.4826966E-15      0
  1.625003786185463E+03  -3.1192748E-16   1.4837983E-15      0
  1.626547647929489E+03   1.6038047E-15   1.6344126E-15      0
  1.628091518751064E+03  -2.1553414E-15   1.0145079E-15      0
  1.629635398650349E+03  -2.9029974E-16   1.2736437E-15      0
  1.631179287627504E+03   4.6243451E-16   1.2695893E-15      0
  1.632723185682689E+03   2.0532038E-15   1.4010154E-15      0
  1.634267092816064E+03  -4.7052686E-16   1.0529726E-15      0
  1.635811009027789E+03   5.2431546E-16   1.1354363E-15      0
  1.637354934318024E+03   8.7113514E-17   1.0245265E-15      0
  1.638898868686930E+03  -3.0842945E-18   9.8051930E-16      0
  1.640442812134667E+03  -1.3367243E-16   9.3447173E-16      0
  1.641986764661395E+03   1.4362861E-15   1.0816151E-15      0
  1.643530726267274E+03  -1.5866235E-15   6.5604073E-16      0
  1.645074696952464E+03   1.6816708E-15   1.0519153E-15      0
  1.646618676717125E+03   1.6642118E-16   8.3450702E-16      0
  1.648162665561418E+03  -1.1187914E-15   6.2659871E-16      0
  1.649706663485503E+03  -4.7475482E-16   7.2011242E-16      0
  1.651250670489540E+03  -8.3407202E-17   7.4394237E-16      0
  1.652794686573688E+03   9.1698569E-17   7.5237146E-16      0
  1.654338711738109E+03  -1.2425993E-15   5.3699575E-16      0
  1.655882745982963E+03   8.1830413E-16   7.9286191E-16      0
  1.657426789308409E+03  -5.2926446E-16   6.0884157E-16      0
  1.658970841714609E+03   3.8604089E-17   6.6172797E-16      0
  1.660514903201722E+03  -7.9943568E-16   5.2519468E-16      0
  1.662058973769907E+03  -3.0456181E-16   5.8904339E-16      0
  1.663603053419327E+03  -2.3693849E-16   5.8789661E-16      0
  1.665147142150140E+03   2.8565908E-16   6.3986118E-16      0
  1.666691239962508E+03  -4.2999834E-16   5.2345884E-16      0
  1.668235346856590E+03  -6.8675420E-16   4.8942972E-16      0
  1.669779462832546E+03   4.5837077E-16   6.3013036E-16      0
  1.671323587890538E+03   1.8741926E-16   5.7460216E-16      0
  1.672867722030724E+03  -2.2156757E-16   5.1484362E-16      0
  1.674411865253266E+03  -1.8019857E-16   5.1619712E-16      0
  1.675956017558323E+03  -3.1926151E-16   4.7892932E-16      0
  1.677500178946056E+03  -9.8080645E-17   5.0446916E-16      0
  1.679044349416626E+03  -2.6673975E-16   4.7251114E-16      0
  1.680588528970191E+03   6.4061779E-16   5.7175147E-16      0
  1.682132717606914E+03   5.4793773E-16   5.6015226E-16      0
  1.683676915326953E+03  -3.3510799E-16   4.2709609E-16      0
  1.685221122130471E+03  -3.6022475E-17   4.7549518E-16      0
  1.686765338017625E+03   1.0124338E-15   5.8325715E-16      0
  1.688309562988577E+03  -5.0986735E-16   3.9095438E-16      0
  1.689853797043488E+03  -9.0352659E-19   4.5108189E-16      0
  1.691398040182517E+03   5.5891400E-16   5.1971686E-16      0
  1.692942292405825E+03  -2.3719374E-16   4.1185212E-16      0
  1.694486553713572E+03   1.0413452E-16   4.4273401E-16      0
  1.696030824105919E+03  -6.8282271E-17   4.2438741E-16      0
  1.697575103583025E+03  -8.0445038E-16   3.0354744E-16      0
  1.699119392145052E+03   2.6428145E-16   4.5029150E-16      0
  1.700663689792159E+03  -5.5424172E-16   3.3094467E-16      0
  1.702207996524507E+03   6.4592626E-16   4.8385381E-16      0
  1.703752312342256E+03   2.7112225E-16   4.3628663E-16      0
  1.705296637245566E+03  -2.6549996E-16   3.5336859E-16      0
  1.706840971234599E+03  -2.9153860E-16   3.4862187E-16      0
  1.708385314309514E+03  -3.4724449E-16   3.3818555E-16      0
  1.709929666470472E+03  -8.7982437E-17   3.7444346E-16      0
  1.711474027717632E+03  -5.3049889E-17   3.7174161E-16      0
  1.713018398051156E+03   5.2210380E-16   4.3808663E-16      0
  1.714562777471203E+03  -2.6157423E-16   3.2667776E-16      0
  1.716107165977935E+03   1.3937698E-16   3.8584508E-16      0
  1.717651563571511E+03   1.3054554E-17   3.6173588E-16      0
  1.719195970252093E+03   7.7654880E-18   3.5609006E-16      0
  1.720740386019840E+03   1.7155886E-16   3.7019742E-16      0
  1.722284810874912E+03   1.8099678E-16   3.7073594E-16      0
  1.723829244817470E+03  -5.8112409E-17   3.3106892E-16      0
  1.725373687847675E+03  -1.0802600E-16   3.2972767E-16      0
  1.726918139965687E+03   2.1634030E-16   3.5856392E-16      0
  1.728462601171667E+03   2.1898635E-16   3.6744932E-16      0
  1.730007071465775E+03  -3.5519020E-17   3.2434948E-16      0
  1.731551550848171E+03   3.5063903E-16   3.6454016E-16      0
  1.733096039319015E+03   2.8250084E-16   3.5297279E-16      0
  1.734640536878469E+03  -8.9779239E-17   3.1265744E-16      0
  1.736185043526692E+03  -2.9158593E-17   3.1734500E-16      0
  1.737729559263845E+03   9.0709023E-17   3.2038886E-16      0
  1.739274084090089E+03   6.1028613E-16   3.8776202E-16      0
  1.740818618005584E+03   1.9436698E-16   3.2687200E-16      0
  1.742363161010490E+03  -1.1223024E-16   2.8259976E-16      0
  1.743907713104968E+03   6.4180997E-17   3.1270990E-16      0
  1.745452274289179E+03  -2.6838983E-16   2.6037136E-16      0
  1.746996844563283E+03  -4.2562368E-16   2.3114566E-16      0
  1.748541423927440E+03  -3.1490628E-16   2.5003298E-16      0
  1.750086012381810E+03  -1.9610535E-16   2.6250745E-16      0
  1.751630609926556E+03  -5.2858615E-16   2.0751489E-16      0
  1.753175216561836E+03   1.2835749E-16   2.9973899E-16      0
  1.754719832287811E+03  -2.1394883E-17   2.7786191E-16      0
  1.756264457104643E+03  -1.6059045E-16   2.5786018E-16      0
  1.757809091012490E+03  -5.8901970E-17   2.6732135E-16      0
  1.759353734011515E+03   3.3452711E-16   3.1116631E-16      0
  1.760898386101877E+03   8.1899794E-17   2.8098185E-16      0
  1.762443047283737E+03   2.2311830E-16   2.9984418E-16      0
  1.763987717557256E+03  -1.4358977E-16   2.4426805E-16      0
  1.765532396922594E+03   5.0758391E-16   3.2597197E-16      0
  1.767077085379911E+03   4.8676538E-16   3.1868312E-16      0
  1.768621782929368E+03   3.5344803E-16   3.0245170E-16      0
  1.770166489571126E+03  -3.6821303E-16   2.0094115E-16      0
  1.771711205305346E+03  -1.4845008E-16   2.3356200E-16      0
  1.773255930132187E+03  -3.5342196E-16   1.9880279E-16      0
  1.774800664051810E+03  -7.9743950E-17   2.3621369E-16      0
  1.776345407064377E+03   3.2869289E-17   2.5282501E-16      0
  1.777890159170047E+03   1.8394756E-16   2.7139301E-16      0
  1.779434920368981E+03  -8.5638479E-17   2.2824536E-16      0
  1.780979690661340E+03  -1.5093567E-16   2.2307322E-16      0
  1.782524470047284E+03   4.9107321E-17   2.4505605E-16      0
  1.784069258526974E+03   1.3932060E-16   2.5484442E-16      0
  1.785614056100570E+03  -1.1213766E-16   2.2045490E-16      0
  1.787158862768234E+03  -1.3787441E-16   2.1223853E-16      0
  1.788703678530125E+03   4.5406971E-17   2.3745115E-16      0
  1.790248503386405E+03   2.4219126E-16   2.6259580E-16      0
  1.791793337337233E+03   1.9944536E-17   2.3128065E-16      0
  1.793338180382771E+03   7.8587538E-17   2.3682586E-16      0
  1.794883032523180E+03  -3.9715453E-16   1.6154451E-16      0
  1.796427893758619E+03   5.2416156E-17   2.3411347E-16      0
  1.797972764089249E+03   2.5254637E-16   2.5131409E-16      0
  1.799517643515232E+03   2.4994521E-16   2.4914733E-16      0
  1.801062532036727E+03   4.1238249E-17   2.2356442E-16      0
  1.802607429653896E+03  -2.5655119E-16   1.7609971E-16      0
  1.804152336366898E+03   5.4847125E-16   2.7910014E-16      0
  1.805697252175896E+03   1.0445959E-16   2.2628784E-16      0
  1.807242177081049E+03  -1.8841962E-17   2.0657314E-16      0
  1.808787111082518E+03   8.2202278E-17   2.2133723E-16      0
  1.810332054180463E+03   7.1416392E-17   2.1551614E-16      0
  1.811877006375046E+03  -2.7228877E-16   1.6612853E-16      0
  1.813421967666427E+03   2.3055832E-16   2.3101810E-16      0
  1.814966938054767E+03  -1.0855990E-16   1.8545294E-16      0
  1.816511917540227E+03   2.3223216E-16   2.3071859E-16      0
  1.818056906122966E+03   1.7717597E-16   2.2086567E-16      0
  1.819601903803147E+03  -8.1249366E-17   1.8336829E-16      0
  1.821146910580929E+03   2.8673743E-16   2.3506999E-16      0
  1.822691926456473E+03   2.3178710E-16   2.1932146E-16      0
  1.824236951429940E+03   2.1743967E-16   2.2057401E-16      0
  1.825781985501491E+03  -2.2297825E-16   1.5886771E-16      0
  1.827327028671287E+03  -1.6961763E-16   1.6296322E-16      0
  1.828872080939487E+03  -2.5926426E-16   1.5064498E-16      0
  1.830417142306254E+03  -4.0700562E-18   1.8799428E-16      0
  1.831962212771747E+03   5.5487503E-16   2.4778776E-16      0
  1.833507292336128E+03   3.5175214E-17   1.9108996E-16      0
  1.835052380999557E+03   3.8235975E-16   2.3252455E-16      0
  1.836597478762195E+03   3.6258185E-17   1.8645792E-16      0
  1.838142585624202E+03  -1.1878668E-16   1.6526423E-16      0
  1.839687701585741E+03   9.8239808E-17   1.9564449E-16      0
  1.841232826646970E+03   3.6315429E-16   2.2379733E-16      0
  1.842777960808051E+03   1.3795002E-16   1.9648593E-16      0
  1.844323104069145E+03   5.0984177E-17   1.8514250E-16      0
  1.845868256430413E+03   7.1006898E-17   1.8195909E-16      0
  1.847413417892015E+03   3.3042779E-16   2.1434244E-16      0
  1.848958588454112E+03   1.6725227E-16   1.9430949E-16      0
  1.850503768116865E+03  -1.6785232E-16   1.4781953E-16      0
  1.852048956880435E+03   1.3327145E-16   1.8845684E-16      0
  1.853594154744982E+03   1.6538600E-16   1.8964511E-16      0
  1.855139361710668E+03  -1.8177003E-16   1.4288428E-16      0
  1.856684577777653E+03  -1.1828891E-17   1.6709029E-16      0
  1.858229802946098E+03   1.6003739E-16   1.8757579E-16      0
  1.859775037216164E+03   2.2998805E-16   1.9765127E-16      0
  1.861320280588011E+03   7.2280048E-17   1.7720721E-16      0
  1.862865533061801E+03   1.4944959E-16   1.8323631E-16      0
  1.864410794637695E+03   4.0150427E-17   1.7036223E-16      0
  1.865956065315852E+03   3.8359998E-17   1.6683764E-16      0
  1.867501345096435E+03   7.5639235E-17   1.7284839E-16      0
  1.869046633979603E+03  -8.8586226E-17   1.4498790E-16      0
  1.870591931965519E+03   2.5114492E-16   1.9103429E-16      0
  1.872137239054342E+03   7.9532523E-17   1.7240371E-16      0
  1.873682555246233E+03   2.4887522E-16   1.8890077E-16      0
  1.875227880541354E+03   1.6818690E-16   1.8294320E-16      0
  1.876773214939865E+03   2.0523719E-17   1.6148600E-16      0
  1.878318558441927E+03   1.9664947E-17   1.5839148E-16      0
  1.879863911047701E+03   1.9448708E-16   1.7973733E-16      0
  1.881409272757348E+03   1.2312855E-16   1.7045532E-16      0
  1.882954643571029E+03   1.2485430E-16   1.7103181E-16      0
  1.884500023488905E+03   1.9442616E-16   1.7726695E-16      0
  1.886045412511137E+03   3.2591406E-16   1.9246486E-16      0
  1.887590810637884E+03   3.2822577E-16   1.9170868E-16      0
  1.889136217869310E+03   1.5007093E-16   1.6911374E-16      0
  1.890681634205573E+03   9.0538094E-17   1.6077943E-16      0
  1.892227059646836E+03   1.7018536E-16   1.7150722E-16      0
  1.893772494193259E+03   8.8989334E-17   1.5811544E-16      0
  1.895317937845004E+03   1.1428310E-16   1.6467586E-16      0
  1.896863390602231E+03   2.9703047E-16   1.8105971E-16      0
  1.898408852465100E+03   3.2917357E-16   1.8592421E-16      0
  1.899954323433774E+03   2.0984328E-16   1.7162372E-16      0
  1.901499803508412E+03   1.5574102E-16   1.6346976E-16      0
  1.903045292689177E+03   2.3510109E-16   1.7441265E-16      0
  1.904590790976228E+03   4.6613912E-16   1.9394716E-16      0
  1.906136298369727E+03  -6.2742821E-17   1.3410713E-16      0
  1.907681814869835E+03   4.6303739E-16   1.9061404E-16      0
  1.909227340476713E+03   2.7969698E-16   1.7484843E-16      0
  1.910772875190522E+03   1.6434346E-16   1.6064115E-16      0
  1.912318419011422E+03   5.9398516E-17   1.4560772E-16      0
  1.913863971939576E+03   3.7890796E-16   1.8255524E-16      0
  1.915409533975142E+03   4.1507023E-17   1.4300918E-16      0
  1.916955105118285E+03   3.4202370E-16   1.8119352E-16      0
  1.918500685369162E+03   2.3315275E-16   1.6400664E-16      0
  1.920046274727937E+03   1.6211602E-16   1.5770520E-16      0
  1.921591873194769E+03   1.8357142E-16   1.5613704E-16      0
  1.923137480769820E+03   3.5101188E-16   1.7359953E-16      0
  1.924683097453251E+03   2.9225514E-16   1.6716263E-16      0
  1.926228723245222E+03   1.1800993E-16   1.4789009E-16      0
  1.927774358145896E+03   1.2564761E-16   1.4808285E-16      0
  1.929320002155433E+03   2.8975772E-16   1.6393292E-16      0
  1.930865655273993E+03  -8.2136777E-18   1.3006070E-16      0
  1.932411317501739E+03   8.5694661E-17   1.4110718E-16      0
  1.933956988838831E+03   4.5390358E-17   1.3665239E-16      0
  1.935502669285430E+03   2.0385588E-16   1.5406424E-16      0
  1.937048358841698E+03   7.4734928E-17   1.3675420E-16      0
  1.938594057507794E+03   1.3887095E-16   1.4651075E-16      0
  1.940139765283881E+03   1.1399037E-16   1.4328450E-16      0
  1.941685482170119E+03  -9.5173912E-17   1.1454806E-16      0
  1.943231208166671E+03   2.8025345E-16   1.5889664E-16      0
  1.944776943273695E+03  -1.5636920E-17   1.2332104E-16      0
  1.946322687491355E+03   2.2065875E-17   1.2863361E-16      0
  1.947868440819810E+03   1.6440466E-16   1.4413414E-16      0
  1.949414203259222E+03   2.2744357E-16   1.5503912E-16      0
  1.950959974809752E+03  -1.1530615E-16   1.0615499E-16      0
  1.952505755471561E+03   1.1569131E-17   1.2550406E-16      0
  1.954051545244811E+03   2.5014555E-17   1.2753942E-16      0
  1.955597344129662E+03   7.6116009E-17   1.3053408E-16      0
  1.957143152126275E+03   7.1717704E-17   1.3364121E-16      0
  1.958688969234812E+03   1.6993092E-16   1.4449442E-16      0
  1.960234795455434E+03   1.3758120E-17   1.2221052E-16      0
  1.961780630788302E+03   1.0842043E-16   1.3411441E-16      0
  1.963326475233577E+03   2.7897104E-16   1.5416702E-16      0
  1.964872328791420E+03   1.7277610E-16   1.3933918E-16      0
  1.966418191461992E+03   2.5241656E-16   1.4982226E-16      0
  1.967964063245455E+03  -3.0898243E-17   1.1600613E-16      0
  1.969509944141970E+03   5.2722021E-17   1.2214644E-16      0
  1.971055834151698E+03   4.3902674E-17   1.2410011E-16      0
  1.972601733274799E+03   1.2833175E-16   1.3216769E-16      0
  1.974147641511436E+03   1.5996729E-16   1.3659576E-16      0
  1.975693558861769E+03   9.2624930E-18   1.1832070E-16      0
  1.977239485325960E+03   2.6902886E-17   1.1634586E-16      0
  1.978785420904169E+03   2.3499124E-16   1.4403116E-16      0
  1.980331365596558E+03   1.3632105E-16   1.2926913E-16      0
  1.981877319403289E+03   3.0041998E-16   1.4821646E-16      0
  1.983423282324522E+03   6.0193715E-17   1.2137874E-16      0
  1.984969254360418E+03   2.1312273E-16   1.3780926E-16      0
  1.986515235511140E+03   3.6005051E-17   1.1662253E-16      0
  1.988061225776847E+03   3.1633287E-16   1.4834179E-16      0
  1.989607225157702E+03   1.5092486E-16   1.2888468E-16      0
  1.991153233653865E+03   2.4569969E-16   1.3832119E-16      0
  1.992699251265498E+03  -4.5822044E-17   1.0330771E-16      0
  1.994245277992762E+03   1.2087061E-16   1.2307202E-16      0
  1.995791313835818E+03   1.1902232E-16   1.2350120E-16      0
  1.997337358794827E+03   3.8546693E-17   1.1212162E-16      0
  1.998883412869951E+03   3.0924716E-17   1.1118293E-16      0
  2.000429476061351E+03   2.6876633E-16   1.3810938E-16      0
  2.001975548369188E+03   3.0399570E-16   1.4221730E-16      0
  2.003521629793624E+03   1.8502864E-16   1.2856901E-16      0
  2.005067720334820E+03   5.9730818E-17   1.1200858E-16      0
  2.006613819992937E+03   2.4477820E-16   1.3543944E-16      0
  2.008159928768136E+03   9.4349140E-17   1.1564546E-16      0
  2.009706046660578E+03   1.6313685E-16   1.2429340E-16      0
  2.011252173670426E+03   1.7900613E-16   1.2416493E-16      0
  2.012798309797839E+03  -1.0011922E-16   8.4868910E-17      0
  2.014344455042981E+03   9.8780592E-17   1.1542073E-16      0
  2.015890609406011E+03   1.4094499E-16   1.1799610E-16      0
  2.017436772887091E+03   4.7830799E-17   1.0704581E-16      0
  2.018982945486382E+03   1.5055235E-16   1.1869103E-16      0
  2.020529127204047E+03   1.1137501E-16   1.1188204E-16      0
  2.022075318040245E+03   3.1577108E-16   1.3525720E-16      0
  2.023621517995139E+03  -7.7391720E-17   8.7443446E-17      0
  2.025167727068889E+03   1.4560987E-16   1.1645770E-16      0
  2.026713945261658E+03   9.5666565E-18   9.8606394E-17      0
  2.028260172573606E+03   1.6199422E-17   9.9934310E-17      0
  2.029806409004895E+03   3.2693695E-18   9.6926668E-17      0
  2.031352654555687E+03   6.8780888E-17   1.0653778E-16      0
  2.032898909226141E+03  -1.3498022E-16   7.6145046E-17      0
  2.034445173016420E+03   2.0302112E-16   1.2020084E-16      0
  2.035991445926686E+03   1.0223837E-16   1.0755704E-16      0
  2.037537727957099E+03   2.3918805E-16   1.2365142E-16      0
  2.039084019107822E+03   1.3937838E-16   1.1265986E-16      0
  2.040630319379014E+03   1.4071697E-16   1.1149999E-16      0
  2.042176628770839E+03   7.1797636E-17   1.0271871E-16      0
  2.043722947283456E+03   2.0720226E-17   9.5533663E-17      0
  2.045269274917028E+03   9.7223401E-17   1.0637412E-16      0
  2.046815611671716E+03   7.7082169E-17   1.0298447E-16      0
  2.048361957547681E+03   5.2685807E-17   9.8012353E-17      0
  2.049908312545086E+03   1.1383750E-16   1.0848368E-16      0
  2.051454676664090E+03   2.9896084E-18   9.0595521E-17      0
  2.053001049904856E+03   1.1278801E-17   9.1855495E-17      0
  2.054547432267545E+03   1.0733412E-16   1.0475862E-16      0
  2.056093823752318E+03   2.0398681E-17   9.1680007E-17      0
  2.057640224359337E+03   3.5360787E-17   9.5482345E-17      0
  2.059186634088764E+03   2.9675342E-18   9.0193564E-17      0
  2.060733052940759E+03   2.1314419E-16   1.1238264E-16      0
  2.062279480915485E+03   5.9443469E-17   9.6238851E-17      0
  2.063825918013102E+03  -1.7341876E-18   8.8819842E-17      0
  2.065372364233772E+03   1.9864549E-16   1.1059016E-16      0
  2.066918819577657E+03   1.2868929E-16   1.0263057E-16      0
  2.068465284044918E+03  -4.2447842E-17   7.9975547E-17      0
  2.070011757635717E+03   1.9094447E-16   1.1002965E-16      0
  2.071558240350214E+03   3.6297433E-17   9.1529315E-17      0
  2.073104732188573E+03   2.4919299E-17   8.9893456E-17      0
  2.074651233150953E+03  -1.4893327E-17   8.2618853E-17      0
  2.076197743237516E+03   3.2723457E-18   8.4544297E-17      0
  2.077744262448425E+03   2.9521054E-17   8.7749483E-17      0
  2.079290790783840E+03   9.7324668E-17   9.5475933E-17      0
  2.080837328243923E+03   2.4887611E-17   8.6617933E-17      0
  2.082383874828835E+03   8.5365105E-17   9.3497674E-17      0
  2.083930430538739E+03  -1.1527318E-16   6.4817284E-17      0
  2.085476995373795E+03  -1.0815497E-16   6.4986333E-17      0
  2.087023569334165E+03   6.9284767E-17   8.9634443E-17      0
  2.088570152420010E+03   1.0594484E-16   9.4555413E-17      0
  2.090116744631493E+03  -5.6925015E-17   7.1848498E-17      0
  2.091663345968775E+03   7.6900837E-17   8.9937316E-17      0
  2.093209956432016E+03   6.0607040E-17   8.8474947E-17      0
  2.094756576021380E+03  -9.8471120E-17   6.3421023E-17      0
  2.096303204737026E+03   7.9096982E-17   8.9833131E-17      0
  2.097849842579118E+03   1.0578570E-17   7.9272351E-17      0
  2.099396489547816E+03   9.3733295E-17   8.9700372E-17      0
  2.100943145643282E+03   2.4066504E-17   8.1097806E-17      0
  2.102489810865678E+03   1.3508053E-16   9.3581080E-17      0
  2.104036485215165E+03   3.5899271E-17   8.1783003E-17      0
  2.105583168691904E+03  -5.1551080E-17   6.9002024E-17      0
  2.107129861296058E+03  -4.8410725E-17   6.9166533E-17      0
  2.108676563027787E+03  -6.8368642E-17   6.6337655E-17      0
  2.110223273887255E+03  -8.7079209E-17   6.2747903E-17      0
  2.111769993874621E+03   1.1651736E-16   9.0043275E-17      0
  2.113316722990048E+03   1.8036630E-16   9.7559938E-17      0
  2.114863461233698E+03   2.0276247E-16   9.9099222E-17      0
  2.116410208605731E+03   2.4356929E-17   7.8869481E-17      0
  2.117956965106310E+03   4.3566815E-17   8.0012876E-17      0
  2.119503730735596E+03  -3.4130293E-17   6.8067396E-17      0
  2.121050505493751E+03   1.9534610E-16   9.6907273E-17      0
  2.122597289380937E+03   1.5677178E-16   9.2757956E-17      0
  2.124144082397314E+03   7.5920066E-17   8.3309462E-17      0
  2.125690884543045E+03  -4.3548690E-17   6.6368724E-17      0
  2.127237695818292E+03  -4.0351680E-17   6.6534637E-17      0
  2.128784516223216E+03   5.7305862E-17   8.1056368E-17      0
  2.130331345757978E+03   1.0786178E-16   8.5135010E-17      0
  2.131878184422741E+03  -7.7222679E-18   7.0765540E-17      0
  2.133425032217666E+03   7.5636945E-17   8.1443204E-17      0
  2.134971889142914E+03   1.0332689E-16   8.3957270E-17      0
  2.136518755198648E+03   5.5256823E-17   7.9585085E-17      0
  2.138065630385029E+03   3.3517137E-17   7.5483526E-17      0
  2.139612514702219E+03   5.5979444E-18   7.2170278E-17      0
  2.141159408150379E+03   7.5260499E-18   7.1344798E-17      0
  2.142706310729671E+03   7.1781033E-17   7.8326414E-17      0
  2.144253222440258E+03   7.8057378E-18   7.1477279E-17      0
  2.145800143282299E+03   2.0285726E-17   7.2878040E-17      0
  2.147347073255958E+03   1.4892118E-16   8.8234410E-17      0
  2.148894012361397E+03  -4.6935150E-18   6.8684175E-17      0
  2.150440960598775E+03   6.3434436E-17   7.7211659E-17      0
  2.151987917968256E+03   7.1608284E-17   7.8090535E-17      0
  2.153534884470002E+03   6.2908297E-17   7.5714799E-17      0
  2.155081860104173E+03   3.8067487E-17   7.3810841E-17      0
  2.156628844870932E+03   9.0944551E-17   7.9257012E-17      0
  2.158175838770440E+03   7.1221760E-17   7.7490544E-17      0
  2.159722841802859E+03   1.0633201E-16   8.0954261E-17      0
  2.161269853968352E+03  -4.5055780E-17   6.0015189E-17      0
  2.162816875267078E+03  -1.5447689E-17   6.4904886E-17      0
  2.164363905699201E+03  -3.9097701E-17   6.1430853E-17      0
  2.165910945264883E+03  -5.6294782E-17   5.7559595E-17      0
  2.167457993964285E+03  -5.7626489E-18   6.4956991E-17      0
  2.169005051797568E+03   1.1676333E-16   8.2078353E-17      0
  2.170552118764895E+03   9.9620107E-17   7.6731358E-17      0
  2.172099194866427E+03   7.2064657E-17   7.5073946E-17      0
  2.173646280102326E+03  -5.3441585E-17   5.7204754E-17      0
  2.175193374472754E+03  -3.3875253E-17   5.9082513E-17      0
  2.176740477977873E+03   5.4147286E-17   7.2612250E-17      0
  2.178287590617844E+03   8.2906288E-17   7.5142007E-17      0
  2.179834712392830E+03  -4.4620124E-17   5.7502777E-17      0
  2.181381843302991E+03   1.4923419E-17   6.6568101E-17      0
  2.182928983348491E+03   1.7133961E-16   8.4521044E-17      0
  2.184476132529490E+03   1.3718028E-16   8.0917077E-17      0
  2.186023290846151E+03  -4.1352008E-18   6.3078061E-17      0
  2.187570458298635E+03  -1.8565190E-17   6.1117285E-17      0
  2.189117634887105E+03   4.5255931E-17   6.8171958E-17      0
  2.190664820611722E+03  -8.1903765E-17   5.0935115E-17      0
  2.192212015472648E+03  -2.2025631E-17   5.8608910E-17      0
  2.193759219470045E+03   1.1616503E-17   6.4337605E-17      0
  2.195306432604074E+03   8.4342962E-17   7.2653033E-17      0
  2.196853654874898E+03   8.1275524E-17   7.1630115E-17      0
  2.198400886282679E+03  -2.5913699E-17   5.8726740E-17      0
  2.199948126827577E+03   1.7388420E-16   8.1374396E-17      0
  2.201495376509756E+03   2.0463964E-17   6.4379877E-17      0
  2.203042635329377E+03  -8.2069241E-17   4.8289163E-17      0
  2.204589903286602E+03   1.2863104E-17   6.2672054E-17      0
  2.206137180381593E+03   5.4590787E-17   6.8610271E-17      0
  2.207684466614511E+03  -3.3253719E-17   5.5910693E-17      0
  2.209231761985519E+03   9.7259599E-17   7.1633583E-17      0
  2.210779066494778E+03   4.2449457E-17   6.5155389E-17      0
  2.212326380142452E+03   9.9455968E-17   7.2577813E-17      0
  2.213873702928700E+03  -7.5714250E-17   4.8296882E-17      0
  2.215421034853686E+03   5.7533595E-17   6.7329921E-17      0
  2.216968375917571E+03   9.8733542E-17   7.1454469E-17      0
  2.218515726120517E+03   1.1271441E-17   6.1228928E-17      0
  2.220063085462687E+03  -7.1818951E-17   4.7486546E-17      0
  2.221610453944241E+03  -9.6534777E-17   4.3519937E-17      0
  2.223157831565342E+03  -3.7748904E-20   5.7667379E-17      0
  2.224705218326153E+03   4.0678265E-18   5.8170457E-17      0
  2.226252614226834E+03   1.5401665E-16   7.6031041E-17      0
  2.227800019267548E+03   7.1233419E-17   6.6738123E-17      0
  2.229347433448457E+03  -5.1771028E-17   4.9845067E-17      0
  2.230894856769722E+03   1.1833291E-16   7.1812611E-17      0
  2.232442289231507E+03   4.0069433E-17   6.2802570E-17      0
  2.233989730833971E+03   1.7511991E-16   7.7850461E-17      0
  2.235537181577280E+03  -1.5363551E-17   5.4440412E-17      0
  2.237084641461592E+03   1.1891484E-16   7.1351362E-17      0
  2.238632110487071E+03  -5.6707102E-18   5.5289282E-17      0
  2.240179588653879E+03   8.1770602E-17   6.5941151E-17      0
  2.241727075962178E+03   1.1127770E-16   7.0141746E-17      0
  2.243274572412129E+03  -6.7263939E-17   4.6084776E-17      0
  2.244822078003896E+03   1.4784028E-16   7.3094146E-17      0
  2.246369592737638E+03   1.4533390E-16   7.3124890E-17      0
  2.247917116613520E+03   1.6099545E-17   5.8473186E-17      0
  2.249464649631702E+03   1.3065282E-16   7.0704739E-17      0
  2.251012191792347E+03   7.7675959E-17   6.5402081E-17      0
  2.252559743095617E+03  -1.8065846E-17   5.2578018E-17      0
  2.254107303541674E+03   6.5155627E-17   6.3207121E-17      0
  2.255654873130680E+03  -2.2424529E-17   5.2945396E-17      0
  2.257202451862797E+03   1.1623040E-16   6.8854997E-17      0
  2.258750039738187E+03   6.1821282E-17   6.2984827E-17      0
  2.260297636757012E+03   4.9852687E-18   5.6027755E-17      0
  2.261845242919434E+03   6.8873599E-17   6.2865607E-17      0
  2.263392858225616E+03  -4.1712409E-17   4.9192150E-17      0
  2.264940482675719E+03  -4.3142571E-17   4.8765665E-17      0
  2.266488116269905E+03   5.5043460E-18   5.4288959E-17      0
  2.268035759008337E+03   1.0376673E-16   6.7905308E-17      0
  2.269583410891176E+03   1.5533653E-16   7.3809670E-17      0
  2.271131071918585E+03   1.4707384E-17   5.6162010E-17      0
  2.272678742090725E+03   4.7733605E-17   6.1443505E-17      0
  2.274226421407760E+03   4.6876521E-17   5.9954732E-17      0
  2.275774109869851E+03   1.4701352E-17   5.5271520E-17      0
  2.277321807477160E+03   4.3215836E-17   6.0917789E-17      0
  2.278869514229849E+03   6.2738016E-17   6.1141273E-17      0
  2.280417230128080E+03   4.8249376E-17   6.0345069E-17      0
  2.281964955172015E+03   4.3155015E-17   5.8523631E-17      0
  2.283512689361818E+03   8.0965093E-17   6.4460180E-17      0
  2.285060432697649E+03   1.1763379E-16   6.7340893E-17      0
  2.286608185179671E+03  -1.6528527E-18   5.2938983E-17      0
  2.288155946808045E+03   4.5379075E-17   5.9344041E-17      0
  2.289703717582935E+03   2.3506003E-16   7.8963184E-17      0
  2.291251497504503E+03   4.2927335E-17   5.9573971E-17      0
  2.292799286572910E+03   1.4096435E-17   5.4612165E-17      0
  2.294347084788319E+03   3.4913368E-17   5.6810321E-17      0
  2.295894892150891E+03   4.2434647E-17   5.8309741E-17      0
  2.297442708660789E+03   1.6216188E-16   7.0327478E-17      0
  2.298990534318176E+03   1.7338614E-16   7.3128947E-17      0
  2.300538369123213E+03   1.0567999E-16   6.5053202E-17      0
  2.302086213076063E+03   1.0101667E-16   6.4826879E-17      0
  2.303634066176887E+03   5.2760008E-17   5.8784239E-17      0
  2.305181928425848E+03   1.8586926E-16   7.2679119E-17      0
  2.306729799823108E+03   2.0142438E-16   7.5278088E-17      0
  2.308277680368830E+03   1.1448900E-16   6.5580705E-17      0
  2.309825570063175E+03   1.7926045E-16   7.1352944E-17      0
  2.311373468906307E+03   1.7531791E-16   7.2068594E-17      0
  2.312921376898385E+03   7.6851749E-17   6.0459571E-17      0
  2.314469294039575E+03   5.5426832E-17   5.8801021E-17      0
  2.316017220330037E+03   8.9615821E-17   6.2871067E-17      0
  2.317565155769933E+03   8.8378968E-17   6.0848915E-17      0
  2.319113100359427E+03   1.8685916E-16   7.2777388E-17      0
  2.320661054098679E+03   3.4884830E-17   5.5172513E-17      0
  2.322209016987854E+03   8.7985296E-17   6.1701705E-17      0
  2.323756989027112E+03   1.7195936E-16   7.0571172E-17      0
  2.325304970216615E+03   1.0630737E-16   6.3428196E-17      0
  2.326852960556528E+03   5.5544933E-17   5.8635591E-17      0
  2.328400960047010E+03   1.9157473E-16   7.0840793E-17      0
  2.329948968688226E+03   3.7355430E-17   5.5674873E-17      0
  2.331496986480337E+03   2.3045498E-16   7.5116384E-17      0
  2.333045013423504E+03   2.0904411E-16   7.4213149E-17      0
  2.334593049517892E+03   1.8576385E-16   7.0595564E-17      0
  2.336141094763661E+03   1.4368548E-16   6.6801571E-17      0
  2.337689149160975E+03   2.4508740E-16   7.7155100E-17      0
  2.339237212709995E+03   8.2064059E-17   6.0766461E-17      0
  2.340785285410884E+03   2.1385290E-16   7.3015928E-17      0
  2.342333367263805E+03   1.2632971E-16   6.4897401E-17      0
  2.343881458268918E+03   1.4528359E-16   6.6770098E-17      0
  2.345429558426388E+03   8.5009411E-17   5.9233398E-17      0
  2.346977667736375E+03   3.1493169E-16   8.3841571E-17      0
  2.348525786199044E+03   2.2152781E-16   7.3082380E-17      0
  2.350073913814555E+03   1.2947706E-16   6.5210320E-17      0
  2.351622050583071E+03   9.4649983E-17   6.0466837E-17      0
  2.353170196504755E+03   5.3260241E-17   5.5744661E-17      0
  2.354718351579768E+03   2.6558324E-16   7.8348662E-17      0
  2.356266515808274E+03   1.0518883E-16   6.2001468E-17      0
  2.357814689190434E+03   2.0709830E-16   7.2680608E-17      0
  2.359362871726412E+03   1.2401976E-16   6.3875608E-17      0
  2.360911063416368E+03   2.3156372E-16   7.4153757E-17      0
  2.362459264260467E+03   2.1493669E-16   7.2186861E-17      0
  2.364007474258869E+03   1.6073055E-16   6.7919641E-17      0
  2.365555693411738E+03   8.0365950E-17   5.8040802E-17      0
  2.367103921719236E+03   2.7995199E-16   7.9184445E-17      0
  2.368652159181524E+03   2.3367484E-16   7.4962595E-17      0
  2.370200405798768E+03   2.3853724E-16   7.5734857E-17      0
  2.371748661571126E+03   1.2465292E-16   6.3538516E-17      0
  2.373296926498763E+03   2.0476446E-16   7.0338264E-17      0
  2.374845200581841E+03   2.0603828E-16   7.2065590E-17      0
  2.376393483820523E+03   2.0276186E-16   7.1644647E-17      0
  2.377941776214970E+03   2.7006364E-16   7.6646926E-17      0
  2.379490077765345E+03   1.2717734E-16   6.4626139E-17      0
  2.381038388471811E+03   1.0626121E-16   6.0536035E-17      0
  2.382586708334530E+03   2.1353943E-16   7.3019058E-17      0
  2.384135037353664E+03   9.3098821E-17   5.9412406E-17      0
  2.385683375529377E+03   1.4236705E-16   6.4990151E-17      0
  2.387231722861829E+03   2.2384177E-16   7.2629092E-17      0
  2.388780079351185E+03   2.1768883E-16   7.2069891E-17      0
  2.390328444997605E+03   1.1796652E-16   6.2008675E-17      0
  2.391876819801254E+03   1.1720702E-16   6.1755650E-17      0
  2.393425203762293E+03   2.3217681E-16   7.3286521E-17      0
  2.394973596880885E+03   2.0908864E-16   7.0325982E-17      0
  2.396521999157191E+03   7.9516475E-17   5.7488470E-17      0
  2.398070410591376E+03   1.9896481E-16   7.0264195E-17      0
  2.399618831183600E+03   1.1958015E-16   6.2198959E-17      0
  2.401167260934028E+03   1.5074672E-16   6.5088645E-17      0
  2.402715699842820E+03   1.4371249E-16   6.4287107E-17      0
  2.404264147910140E+03   8.0639800E-17   5.7272338E-17      0
  2.405812605136151E+03   2.1553386E-16   7.1731541E-17      0
  2.407361071521014E+03   8.7470121E-17   5.7463900E-17      0
  2.408909547064892E+03   2.3927741E-16   7.3221181E-17      0
  2.410458031767948E+03   9.0128236E-17   5.8676957E-17      0
  2.412006525630345E+03   1.2477446E-16   6.2082300E-17      0
  2.413555028652243E+03   8.2465281E-17   5.7476797E-17      0
  2.415103540833808E+03   6.2117466E-17   5.5872874E-17      0
  2.416652062175201E+03   1.5417483E-16   6.4536241E-17      0
  2.418200592676583E+03   5.6906995E-17   5.4593159E-17      0
  2.419749132338120E+03   2.5700392E-17   5.0794680E-17      0
  2.421297681159971E+03   4.4775052E-17   5.2259415E-17      0
  2.422846239142301E+03   7.5772643E-17   5.6243464E-17      0
  2.424394806285271E+03   7.9795612E-17   5.6827427E-17      0
  2.425943382589045E+03   1.1973267E-16   6.1204893E-17      0
  2.427491968053784E+03   1.2490594E-16   6.1288214E-17      0
  2.429040562679652E+03   6.2307360E-17   5.4972144E-17      0
  2.430589166466812E+03   8.4929228E-17   5.7466474E-17      0
  2.432137779415424E+03   1.1069290E-16   6.0438037E-17      0
  2.433686401525653E+03   8.4792908E-17   5.6574283E-17      0
  2.435235032797661E+03   3.6867278E-17   5.0861145E-17      0
  2.436783673231610E+03   1.0270578E-16   5.8580428E-17      0
  2.438332322827663E+03   7.8386090E-17   5.6274202E-17      0
  2.439880981585983E+03   1.2904050E-17   4.7682403E-17      0
  2.441429649506732E+03   1.2461244E-16   6.0815801E-17      0
  2.442978326590073E+03   3.6909894E-17   5.1533855E-17      0
  2.444527012836169E+03   4.0504186E-17   5.1724461E-17      0
  2.446075708245181E+03   1.5703641E-16   6.4912257E-17      0
  2.447624412817274E+03  -2.3219284E-18   4.5358508E-17      0
  2.449173126552609E+03   5.5808936E-17   5.3212744E-17      0
  2.450721849451349E+03   5.7700619E-17   5.2969990E-17      0
  2.452270581513657E+03   1.5219481E-17   4.7312610E-17      0
  2.453819322739696E+03   1.0660413E-16   5.9514560E-17      0
  2.455368073129627E+03  -4.3105070E-17   4.0225062E-17      0
  2.456916832683615E+03   1.8719915E-16   6.7961510E-17      0
  2.458465601401820E+03   2.4496426E-17   4.8915547E-17      0
  2.460014379284407E+03   2.3287538E-17   4.8584711E-17      0
  2.461563166331538E+03   3.6813564E-17   5.0802108E-17      0
  2.463111962543375E+03   5.3904644E-17   5.2754469E-17      0
  2.464660767920081E+03   8.2469020E-17   5.6001590E-17      0
  2.466209582461819E+03   6.4063676E-17   5.4218460E-17      0
  2.467758406168752E+03   6.6448987E-17   5.3893964E-17      0
  2.469307239041042E+03   5.2019648E-17   5.2362587E-17      0
  2.470856081078852E+03   9.5400487E-17   5.7676637E-17      0
  2.472404932282345E+03   3.2044719E-17   4.9420710E-17      0
  2.473953792651684E+03   1.4534753E-18   4.5424276E-17      0
  2.475502662187030E+03   1.9163945E-17   4.8563969E-17      0
  2.477051540888547E+03   3.3206573E-17   4.8032932E-17      0
  2.478600428756398E+03   6.3255593E-17   5.3279530E-17      0
  2.480149325790746E+03   5.2561941E-17   5.5887532E-17      0
  2.481698231991752E+03   9.1891792E-17   5.7611760E-17      0
  2.483247147359582E+03   3.4608932E-17   5.0025240E-17      0
  2.484796071894395E+03   1.9594070E-16   6.6724074E-17      0
  2.486345005596355E+03   1.0449170E-16   5.7682805E-17      0
  2.487893948465626E+03   6.4214514E-17   5.3100059E-17      0
  2.489442900502369E+03   9.8513034E-18   4.6403466E-17      0
  2.490991861706749E+03   8.9680851E-17   5.6281931E-17      0
  2.492540832078927E+03   1.3804377E-16   6.1568529E-17      0
  2.494089811619066E+03   2.3741351E-17   4.8404293E-17      0
  2.495638800327329E+03   1.0162237E-16   5.7350702E-17      0
  2.497187798203880E+03   3.2982857E-17   4.9238280E-17      0
  2.498736805248880E+03   2.0136817E-17   4.8195447E-17      0
  2.500285821462493E+03   5.2448029E-17   5.1538788E-17      0
  2.501834846844880E+03   2.3598682E-17   4.8151838E-17      0
  2.503383881396206E+03   5.2346269E-17   5.1026889E-17      0
  2.504932925116633E+03   2.5045444E-17   4.8039986E-17      0
  2.506481978006323E+03   1.3473318E-16   6.0248104E-17      0
  2.508031040065440E+03  -5.5636442E-19   4.4136554E-17      0
  2.509580111294147E+03   7.7369915E-17   5.3909571E-17      0
  2.511129191692606E+03   1.7226347E-16   6.3208623E-17      0
  2.512678281260979E+03   6.0558521E-18   4.5456715E-17      0
  2.514227379999430E+03   8.9607854E-17   5.5945772E-17      0
  2.515776487908124E+03   3.0347311E-17   4.7520974E-17      0
  2.517325604987220E+03   1.3613230E-16   6.0511326E-17      0
  2.518874731236882E+03  -3.4373960E-17   3.8637792E-17      0
  2.520423866657275E+03   5.1661992E-17   5.1336367E-17      0
  2.521973011248559E+03   9.8037764E-17   5.5708563E-17      0
  2.523522165010899E+03   6.8757721E-17   5.2626551E-17      0
  2.525071327944456E+03   3.7568145E-17   4.9038522E-17      0
  2.526620500049395E+03   4.4801631E-17   4.9237731E-17      0
  2.528169681325877E+03   8.4562714E-17   5.4427492E-17      0
  2.529718871774066E+03   1.3329532E-16   6.0001167E-17      0
  2.531268071394124E+03   4.6932497E-17   5.0048824E-17      0
  2.532817280186216E+03   1.4532311E-16   6.1208520E-17      0
  2.534366498150502E+03   1.9528587E-16   6.5775788E-17      0
  2.535915725287147E+03   8.0629907E-17   5.3896634E-17      0
  2.537464961596313E+03   6.7682677E-17   5.3066042E-17      0
  2.539014207078163E+03   1.7765251E-16   6.2618724E-17      0
  2.540563461732861E+03  -2.2529970E-17   4.0953196E-17      0
  2.542112725560568E+03   1.1497645E-16   5.7203768E-17      0
  2.543661998561448E+03   1.5450359E-16   6.2020169E-17      0
  2.545211280735665E+03   1.3849431E-16   6.0568381E-17      0
  2.546760572083380E+03   5.9516373E-17   5.0716084E-17      0
  2.548309872604757E+03   1.4742818E-16   6.1897290E-17      0
  2.549859182299959E+03  -1.0439268E-17   4.2099612E-17      0
  2.551408501169148E+03   1.5395128E-16   6.0564728E-17      0
  2.552957829212488E+03   4.7157338E-17   5.0592672E-17      0
  2.554507166430143E+03   1.3464875E-16   5.9062403E-17      0
  2.556056512822273E+03   7.3270170E-17   5.2348684E-17      0
  2.557605868389043E+03   1.6220797E-16   6.2844359E-17      0
  2.559155233130616E+03   1.9897075E-16   6.4749243E-17      0
  2.560704607047155E+03   4.3496204E-17   4.9084209E-17      0
  2.562253990138822E+03   1.4488330E-16   5.9761874E-17      0
  2.563803382405781E+03   9.7122161E-17   5.4085373E-17      0
  2.565352783848194E+03  -1.6522273E-17   4.1542430E-17      0
  2.566902194466225E+03   1.0721623E-16   5.5655623E-17      0
  2.568451614260037E+03   1.2913471E-16   5.8951058E-17      0
  2.570001043229792E+03   4.4469534E-17   4.9022594E-17      0
  2.571550481375655E+03   3.6176053E-17   4.8141597E-17      0
  2.573099928697787E+03   9.5674231E-17   5.4517790E-17      0
  2.574649385196351E+03   1.1924904E-16   5.7823280E-17      0
  2.576198850871512E+03   9.3204759E-17   5.4256179E-17      0
  2.577748325723432E+03   3.0774295E-17   4.7471902E-17      0
  2.579297809752273E+03   2.5393198E-16   7.0153075E-17      0
  2.580847302958199E+03   1.2381977E-16   5.9064488E-17      0
  2.582396805341374E+03   3.3455363E-17   4.6782794E-17      0
  2.583946316901959E+03   2.9058603E-17   4.7560397E-17      0
  2.585495837640119E+03   1.4106522E-16   5.9703786E-17      0
  2.587045367556016E+03   8.5071198E-17   5.3735393E-17      0
  2.588594906649813E+03   7.0258114E-17   5.2132158E-17      0
  2.590144454921674E+03   1.2668034E-16   5.8619339E-17      0
  2.591694012371761E+03   9.9961534E-17   5.5217767E-17      0
  2.593243579000238E+03   9.2565316E-17   5.4351146E-17      0
  2.594793154807267E+03   1.6406123E-16   6.0830306E-17      0
  2.596342739793013E+03   6.9062348E-17   5.1910636E-17      0
  2.597892333957637E+03   1.5101588E-16   6.0995094E-17      0
  2.599441937301303E+03   8.8421961E-17   5.3524842E-17      0
  2.600991549824175E+03   4.9070038E-17   4.9214245E-17      0
  2.602541171526414E+03   1.7538783E-16   6.3098283E-17      0
  2.604090802408185E+03   2.1359901E-16   6.6570450E-17      0
  2.605640442469651E+03   2.1750017E-16   6.6088819E-17      0
  2.607190091710975E+03   5.6303643E-17   5.0517439E-17      0
  2.608739750132319E+03   1.0800533E-17   4.4166535E-17      0
  2.610289417733847E+03   1.3317768E-16   5.8839739E-17      0
  2.611839094515722E+03   1.0914919E-16   5.6424081E-17      0
  2.613388780478107E+03   1.3815485E-16   5.9234007E-17      0
  2.614938475621166E+03   7.8636329E-17   5.2644021E-17      0
  2.616488179945061E+03   5.7379130E-17   5.0171747E-17      0
  2.618037893449957E+03   1.3238486E-16   5.8527204E-17      0
  2.619587616136015E+03   1.0890698E-16   5.6747204E-17      0
  2.621137348003399E+03   1.1758661E-16   5.6625840E-17      0
  2.622687089052273E+03   1.2199221E-16   5.8211089E-17      0
  2.624236839282799E+03   1.4683474E-16   6.1153734E-17      0
  2.625786598695141E+03   6.0058587E-17   5.1207840E-17      0
  2.627336367289462E+03   9.8258224E-17   5.5387488E-17      0
  2.628886145065925E+03   1.7245542E-16   6.2448695E-17      0
  2.630435932024693E+03   1.4470354E-16   6.0530093E-17      0
  2.631985728165929E+03   1.4060211E-16   5.9189379E-17      0
  2.633535533489798E+03   2.4858768E-16   6.9458905E-17      0
  2.635085347996461E+03   1.6855459E-16   6.2660870E-17      0
  2.636635171686082E+03   9.8024086E-17   5.4460807E-17      0
  2.638185004558826E+03   2.3905316E-16   6.8916050E-17      0
  2.639734846614853E+03   2.3599611E-16   6.8207738E-17      0
  2.641284697854329E+03   2.3669243E-16   6.8213482E-17      0
  2.642834558277416E+03   1.9266580E-16   6.5510084E-17      0
  2.644384427884277E+03   1.4600872E-16   5.9576155E-17      0
  2.645934306675076E+03   1.7294667E-16   6.2405444E-17      0
  2.647484194649976E+03   1.3808675E-16   5.8772387E-17      0
  2.649034091809140E+03   2.2729163E-16   6.7409066E-17      0
  2.650583998152732E+03   2.6439924E-16   7.0447466E-17      0
  2.652133913680914E+03   3.3440053E-16   7.5933903E-17      0
  2.653683838393851E+03   1.2910922E-16   5.9076167E-17      0
  2.655233772291705E+03   2.3518857E-16   6.8170105E-17      0
  2.656783715374639E+03   3.1294519E-16   7.5652582E-17      0
  2.658333667642817E+03   9.1999339E-17   5.4093321E-17      0
  2.659883629096403E+03   2.6140424E-16   6.9992781E-17      0
  2.661433599735559E+03   4.3796635E-16   8.4453281E-17      0
  2.662983579560449E+03   1.7248545E-16   6.2366447E-17      0
  2.664533568571236E+03   2.2928451E-16   6.9320429E-17      0
  2.666083566768083E+03   2.2235004E-16   6.6929916E-17      0
  2.667633574151154E+03   2.6273575E-16   7.1187521E-17      0
  2.669183590720613E+03   4.7320777E-16   8.7540623E-17      0
  2.670733616476622E+03   3.0435768E-16   7.3752529E-17      0
  2.672283651419345E+03   3.7900574E-16   7.9973225E-17      0
  2.673833695548945E+03   3.4357740E-16   7.7189596E-17      0
  2.675383748865586E+03   3.2898580E-16   7.5861389E-17      0
  2.676933811369430E+03   5.5441022E-16   9.4472728E-17      0
  2.678483883060642E+03   4.5998172E-16   8.5071774E-17      0
  2.680033963939384E+03   5.0562504E-16   9.0940422E-17      0
  2.681584054005820E+03   4.9504534E-16   8.7913358E-17      0
  2.683134153260114E+03   4.0640305E-16   8.2773290E-17      0
  2.684684261702428E+03   6.2187746E-16   9.6905770E-17      0
  2.686234379332926E+03   5.6772674E-16   9.5451382E-17      0
  2.687784506151772E+03   7.0545838E-16   1.0126262E-16      0
  2.689334642159129E+03   6.7876869E-16   9.9561622E-17      0
  2.690884787355160E+03   5.6787471E-16   9.4917943E-17      0
  2.692434941740029E+03   7.4226281E-16   1.0364277E-16      0
  2.693985105313899E+03   5.8698123E-16   9.5251370E-17      0
  2.695535278076933E+03   6.4330405E-16   1.0091046E-16      0
  2.697085460029296E+03   7.3390222E-16   1.0302968E-16      0
  2.698635651171149E+03   8.4095591E-16   1.1120419E-16      0
  2.700185851502657E+03   6.9839291E-16   1.0153596E-16      0
  2.701736061023984E+03   7.0611065E-16   1.0342647E-16      0
  2.703286279735292E+03   7.1022543E-16   1.0397205E-16      0
  2.704836507636746E+03   7.1320111E-16   1.0265595E-16      0
  2.706386744728508E+03   9.0074204E-16   1.1347290E-16      0
  2.707936991010742E+03   6.2179916E-16   9.7302698E-17      0
  2.709487246483611E+03   7.5769141E-16   1.0595661E-16      0
  2.711037511147279E+03   8.1167837E-16   1.0837963E-16      0
  2.712587785001911E+03   7.2930236E-16   1.0613406E-16      0
  2.714138068047667E+03   5.3114276E-16   9.1046096E-17      0
  2.715688360284713E+03   9.1050388E-16   1.1393006E-16      0
  2.717238661713212E+03   8.2077773E-16   1.1214391E-16      0
  2.718788972333326E+03   7.6732339E-16   1.0637864E-16      0
  2.720339292145222E+03   9.4779313E-16   1.1651993E-16      0
  2.721889621149060E+03   7.8823981E-16   1.0753378E-16      0
  2.723439959345005E+03   1.0148021E-15   1.1892888E-16      0
  2.724990306733220E+03   6.5381420E-16   1.0114843E-16      0
  2.726540663313869E+03   8.3460782E-16   1.0986942E-16      0
  2.728091029087116E+03   6.9224159E-16   1.0347148E-16      0
  2.729641404053123E+03   9.0871272E-16   1.1440334E-16      0
  2.731191788212054E+03   8.8544976E-16   1.1376996E-16      0
  2.732742181564074E+03   6.9608633E-16   1.0378486E-16      0
  2.734292584109344E+03   7.7414444E-16   1.0731877E-16      0
  2.735842995848030E+03   9.8713686E-16   1.1941329E-16      0
  2.737393416780295E+03   9.7858627E-16   1.1912018E-16      0
  2.738943846906301E+03   9.0439359E-16   1.1496300E-16      0
  2.740494286226213E+03   9.6629593E-16   1.1948591E-16      0
  2.742044734740194E+03   8.1819269E-16   1.1045204E-16      0
  2.743595192448408E+03   8.6877644E-16   1.1492347E-16      0
  2.745145659351018E+03   1.0475940E-15   1.2169340E-16      0
  2.746696135448189E+03   1.0175965E-15   1.2206391E-16      0
  2.748246620740082E+03   8.5631738E-16   1.1419471E-16      0
  2.749797115226863E+03   1.0636054E-15   1.2127921E-16      0
  2.751347618908694E+03   9.7515240E-16   1.2069575E-16      0
  2.752898131785740E+03   9.0531930E-16   1.1527390E-16      0
  2.754448653858163E+03   1.0571058E-15   1.2396643E-16      0
  2.755999185126128E+03   9.6040248E-16   1.1883678E-16      0
  2.757549725589798E+03   1.1235309E-15   1.2475662E-16      0
  2.759100275249336E+03   9.8573618E-16   1.2054764E-16      0
  2.760650834104907E+03   8.8361614E-16   1.1503328E-16      0
  2.762201402156673E+03   9.5343289E-16   1.1694402E-16      0
  2.763751979404800E+03   1.0584077E-15   1.2617575E-16      0
  2.765302565849449E+03   8.7590989E-16   1.1370201E-16      0
  2.766853161490785E+03   9.9466232E-16   1.2010664E-16      0
  2.768403766328971E+03   9.3763191E-16   1.2098813E-16      0
  2.769954380364172E+03   9.7718994E-16   1.1913708E-16      0
  2.771505003596550E+03   1.1348216E-15   1.2857429E-16      0
  2.773055636026269E+03   1.1187605E-15   1.2793845E-16      0
  2.774606277653494E+03   7.8585965E-16   1.0783737E-16      0
  2.776156928478388E+03   1.2374904E-15   1.3646296E-16      0
  2.777707588501113E+03   1.0113102E-15   1.2142479E-16      0
  2.779258257721835E+03   8.5590996E-16   1.1406179E-16      0
  2.780808936140716E+03   1.4001153E-15   1.4218966E-16      0
  2.782359623757922E+03   1.0824225E-15   1.2588305E-16      0
  2.783910320573613E+03   1.0925544E-15   1.2685193E-16      0
  2.785461026587956E+03   9.8067939E-16   1.2088088E-16      0
  2.787011741801113E+03   9.8735137E-16   1.2312035E-16      0
  2.788562466213250E+03   1.1114796E-15   1.2813737E-16      0
  2.790113199824526E+03   1.0535493E-15   1.2602863E-16      0
  2.791663942635110E+03   1.0812528E-15   1.2882471E-16      0
  2.793214694645162E+03   1.1472887E-15   1.2852844E-16      0
  2.794765455854847E+03   1.0006750E-15   1.2502757E-16      0
  2.796316226264330E+03   8.5167289E-16   1.1657845E-16      0
  2.797867005873773E+03   9.7842142E-16   1.2218661E-16      0
  2.799417794683339E+03   1.0344518E-15   1.2737622E-16      0
  2.800968592693194E+03   1.0228824E-15   1.2556202E-16      0
  2.802519399903501E+03   7.4578763E-16   1.0997751E-16      0
  2.804070216314424E+03   9.3302066E-16   1.2016355E-16      0
  2.805621041926125E+03   1.0308272E-15   1.2408911E-16      0
  2.807171876738770E+03   1.1073471E-15   1.3012702E-16      0
  2.808722720752522E+03   8.4692257E-16   1.1548752E-16      0
  2.810273573967544E+03   5.7004502E-16   9.9107209E-17      0
  2.811824436384000E+03   8.3875399E-16   1.1553042E-16      0
  2.813375308002054E+03   7.9982050E-16   1.1130962E-16      0
  2.814926188821871E+03   1.0898295E-15   1.2883771E-16      0
  2.816477078843613E+03   6.7092384E-16   1.0455179E-16      0
  2.818027978067444E+03   5.7181987E-16   9.9877513E-17      0
  2.819578886493529E+03   8.9416228E-16   1.1636201E-16      0
  2.821129804122031E+03   9.8535004E-16   1.2436286E-16      0
  2.822680730953115E+03   8.9756450E-16   1.1964526E-16      0
  2.824231666986942E+03   9.7241267E-16   1.2127871E-16      0
  2.825782612223678E+03   1.0050659E-15   1.2511648E-16      0
  2.827333566663487E+03   8.1758140E-16   1.1378245E-16      0
  2.828884530306532E+03   8.5017401E-16   1.1594382E-16      0
  2.830435503152977E+03   9.3785997E-16   1.2187135E-16      0
  2.831986485202986E+03   9.4422701E-16   1.2043748E-16      0
  2.833537476456722E+03   9.9814331E-16   1.2645512E-16      0
  2.835088476914351E+03   9.4807117E-16   1.2083300E-16      0
  2.836639486576034E+03   9.3841213E-16   1.2130478E-16      0
  2.838190505441937E+03   1.0246495E-15   1.2770042E-16      0
  2.839741533512223E+03   8.8676403E-16   1.1795136E-16      0
  2.841292570787057E+03   8.5534785E-16   1.1869449E-16      0
  2.842843617266601E+03   9.4766088E-16   1.2255945E-16      0
  2.844394672951020E+03   8.4521019E-16   1.1611545E-16      0
  2.845945737840478E+03   1.2608091E-15   1.4030885E-16      0
  2.847496811935137E+03   1.0684420E-15   1.2917976E-16      0
  2.849047895235164E+03   8.4870277E-16   1.1829772E-16      0
  2.850598987740721E+03   9.2794842E-16   1.2346072E-16      0
  2.852150089451973E+03   1.1742693E-15   1.3619857E-16      0
  2.853701200369082E+03   8.7910945E-16   1.2106547E-16      0
  2.855252320492214E+03   1.0595305E-15   1.3002558E-16      0
  2.856803449821531E+03   1.0045533E-15   1.2666742E-16      0
  2.858354588357198E+03   1.2765973E-15   1.4087640E-16      0
  2.859905736099380E+03   1.1003665E-15   1.3377181E-16      0
  2.861456893048239E+03   1.0423150E-15   1.2838096E-16      0
  2.863008059203940E+03   1.2370556E-15   1.4148120E-16      0
  2.864559234566646E+03   1.0476363E-15   1.3100767E-16      0
  2.866110419136523E+03   1.1437872E-15   1.3777080E-16      0
  2.867661612913732E+03   9.8647638E-16   1.2862636E-16      0
  2.869212815898440E+03   1.2154504E-15   1.3932042E-16      0
  2.870764028090808E+03   1.2184036E-15   1.4052336E-16      0
  2.872315249491002E+03   1.2584516E-15   1.4139039E-16      0
  2.873866480099186E+03   1.1555715E-15   1.3719594E-16      0
  2.875417719915523E+03   1.4227253E-15   1.5338099E-16      0
  2.876968968940178E+03   1.2596193E-15   1.4364612E-16      0
  2.878520227173314E+03   1.4886974E-15   1.5558387E-16      0
  2.880071494615095E+03   1.5081341E-15   1.5421537E-16      0
  2.881622771265686E+03   1.4057978E-15   1.5209816E-16      0
  2.883174057125249E+03   1.4161380E-15   1.5106516E-16      0
  2.884725352193950E+03   1.5649189E-15   1.5937239E-16      0
  2.886276656471953E+03   1.5696990E-15   1.6054572E-16      0
  2.887827969959421E+03   1.4588315E-15   1.5358137E-16      0
  2.889379292656519E+03   1.5657520E-15   1.5964510E-16      0
  2.890930624563410E+03   1.8768656E-15   1.7199518E-16      0
  2.892481965680258E+03   1.7265602E-15   1.6699395E-16      0
  2.894033316007228E+03   1.7918431E-15   1.7044513E-16      0
  2.895584675544483E+03   1.7729231E-15   1.6977698E-16      0
  2.897136044292189E+03   2.2299574E-15   1.9081295E-16      0
  2.898687422250507E+03   1.8378330E-15   1.7022652E-16      0
  2.900238809419604E+03   2.1384194E-15   1.8656752E-16      0
  2.901790205799642E+03   1.8715225E-15   1.7608138E-16      0
  2.903341611390786E+03   1.7445413E-15   1.6940917E-16      0
  2.904893026193200E+03   2.1176198E-15   1.8638394E-16      0
  2.906444450207047E+03   1.8539262E-15   1.7749781E-16      0
  2.907995883432493E+03   2.0171658E-15   1.8100238E-16      0
  2.909547325869702E+03   1.8659776E-15   1.7795620E-16      0
  2.911098777518836E+03   2.0392682E-15   1.8617905E-16      0
  2.912650238380060E+03   2.1665735E-15   1.8749761E-16      0
  2.914201708453539E+03   2.0988941E-15   1.8865327E-16      0
  2.915753187739437E+03   1.4991299E-15   1.6255854E-16      0
  2.917304676237917E+03   1.8889574E-15   1.8051327E-16      0
  2.918856173949143E+03   1.9072681E-15   1.8139743E-16      0
  2.920407680873282E+03   1.8177276E-15   1.7691687E-16      0
  2.921959197010494E+03   1.7871459E-15   1.7725471E-16      0
  2.923510722360946E+03   1.5061497E-15   1.6447765E-16      0
  2.925062256924801E+03   1.9377876E-15   1.8460641E-16      0
  2.926613800702223E+03   1.6776189E-15   1.7293041E-16      0
  2.928165353693377E+03   1.7463087E-15   1.7699722E-16      0
  2.929716915898427E+03   2.2567916E-15   1.9677580E-16      0
  2.931268487317536E+03   1.8133000E-15   1.7950578E-16      0
  2.932820067950870E+03   2.1033397E-15   1.9188950E-16      0
  2.934371657798591E+03   2.0955303E-15   1.9316569E-16      0
  2.935923256860865E+03   2.2291599E-15   1.9839047E-16      0
  2.937474865137855E+03   1.9585996E-15   1.8685572E-16      0
  2.939026482629726E+03   2.0249220E-15   1.9305538E-16      0
  2.940578109336642E+03   2.0008513E-15   1.8980182E-16      0
  2.942129745258766E+03   1.8688636E-15   1.8815038E-16      0
  2.943681390396264E+03   2.4071255E-15   2.0666328E-16      0
  2.945233044749300E+03   2.0601648E-15   1.9502118E-16      0
  2.946784708318036E+03   1.8545937E-15   1.8468974E-16      0
  2.948336381102640E+03   2.2145736E-15   1.9948011E-16      0
  2.949888063103273E+03   1.6465075E-15   1.7808109E-16      0
  2.951439754320099E+03   1.8210690E-15   1.8490130E-16      0
  2.952991454753285E+03   1.8433785E-15   1.8676359E-16      0
  2.954543164402993E+03   2.0240795E-15   1.9619234E-16      0
  2.956094883269388E+03   1.8832882E-15   1.8928198E-16      0
  2.957646611352634E+03   2.0257847E-15   1.9607751E-16      0
  2.959198348652896E+03   1.8956727E-15   1.9318483E-16      0
  2.960750095170337E+03   2.2654587E-15   2.0398410E-16      0
  2.962301850905122E+03   1.7918889E-15   1.8739144E-16      0
  2.963853615857415E+03   1.7918664E-15   1.8951914E-16      0
  2.965405390027381E+03   1.9242585E-15   1.9529872E-16      0
  2.966957173415183E+03   2.1313706E-15   2.0660899E-16      0
  2.968508966020987E+03   1.6566308E-15   1.8077470E-16      0
  2.970060767844955E+03   1.7878708E-15   1.9123701E-16      0
  2.971612578887253E+03   1.6953889E-15   1.8755926E-16      0
  2.973164399148045E+03   1.4190926E-15   1.6973239E-16      0
  2.974716228627494E+03   1.6975557E-15   1.9093833E-16      0
  2.976268067325766E+03   2.0970619E-15   2.0196540E-16      0
  2.977819915243025E+03   1.9142769E-15   1.9790603E-16      0
  2.979371772379435E+03   2.1845621E-15   2.1617815E-16      0
  2.980923638735160E+03   1.5501200E-15   1.8342262E-16      0
  2.982475514310364E+03   1.6557004E-15   1.8891901E-16      0
  2.984027399105213E+03   1.7039675E-15   1.9277663E-16      0
  2.985579293119869E+03   1.5371209E-15   1.8228191E-16      0
  2.987131196354498E+03   1.7550070E-15   1.9606481E-16      0
  2.988683108809264E+03   1.9955948E-15   2.0726385E-16      0
  2.990235030484332E+03   1.4444243E-15   1.8216823E-16      0
  2.991786961379864E+03   1.5219631E-15   1.8369222E-16      0
  2.993338901496027E+03   1.5844139E-15   1.9108278E-16      0
  2.994890850832984E+03   1.7531622E-15   2.0010653E-16      0
  2.996442809390899E+03   1.8751709E-15   2.0584669E-16      0
  2.997994777169938E+03   1.6700281E-15   1.9748724E-16      0
  2.999546754170264E+03   1.7045527E-15   1.9736697E-16      0
  3.001098740392041E+03   1.5339231E-15   1.9329862E-16      0
  3.002650735835435E+03   1.6874410E-15   2.0017269E-16      0
  3.004202740500609E+03   1.5078564E-15   1.8929990E-16      0
  3.005754754387728E+03   1.7939772E-15   2.0788351E-16      0
  3.007306777496955E+03   1.4501953E-15   1.8938501E-16      0
  3.008858809828457E+03   1.6890322E-15   2.0411695E-16      0
  3.010410851382397E+03   1.6154213E-15   2.0194128E-16      0
  3.011962902158940E+03   1.5071185E-15   1.9435479E-16      0
  3.013514962158249E+03   1.3670501E-15   1.8609389E-16      0
  3.015067031380489E+03   1.7618980E-15   2.1068145E-16      0
  3.016619109825825E+03   1.5813263E-15   1.9934588E-16      0
  3.018171197494421E+03   1.6870365E-15   2.0498907E-16      0
  3.019723294386442E+03   1.4779866E-15   1.9804880E-16      0
  3.021275400502052E+03   1.6085915E-15   2.0618484E-16      0
  3.022827515841415E+03   1.3904567E-15   1.9364862E-16      0
  3.024379640404696E+03   1.3446846E-15   1.9216855E-16      0
  3.025931774192059E+03   1.6491544E-15   2.1284605E-16      0
  3.027483917203670E+03   1.7770307E-15   2.1712554E-16      0
  3.029036069439691E+03   1.5164987E-15   2.0564936E-16      0
  3.030588230900288E+03   1.5276976E-15   2.0803885E-16      0
  3.032140401585625E+03   1.7560840E-15   2.2008004E-16      0
  3.033692581495867E+03   1.5164734E-15   2.0982454E-16      0
  3.035244770631178E+03   1.4376143E-15   2.0188727E-16      0
  3.036796968991722E+03   1.7238319E-15   2.2126265E-16      0
  3.038349176577665E+03   1.6433340E-15   2.1598277E-16      0
  3.039901393389171E+03   1.7799732E-15   2.2512667E-16      0
  3.041453619426402E+03   1.3468850E-15   2.0637169E-16      0
  3.043005854689527E+03   1.5349609E-15   2.1001833E-16      0
  3.044558099178706E+03   1.4686016E-15   2.1314646E-16      0
  3.046110352894107E+03   1.7110997E-15   2.2593092E-16      0
  3.047662615835893E+03   1.3970202E-15   2.0398679E-16      0
  3.049214888004228E+03   1.8940506E-15   2.4551359E-16      0
  3.050767169399278E+03   1.5976436E-15   2.2203959E-16      0
  3.052319460021206E+03   1.6578456E-15   2.2698905E-16      0
  3.053871759870177E+03   1.5964781E-15   2.2719502E-16      0
  3.055424068946356E+03   1.7834772E-15   2.3418060E-16      0
  3.056976387249908E+03   1.4968652E-15   2.2297391E-16      0
  3.058528714780997E+03   1.5909211E-15   2.2733533E-16      0
  3.060081051539787E+03   1.4665634E-15   2.2045026E-16      0
  3.061633397526443E+03   1.3828078E-15   2.2069981E-16      0
  3.063185752741130E+03   1.4582825E-15   2.2205869E-16      0
  3.064738117184011E+03   1.6643419E-15   2.4151117E-16      0
  3.066290490855253E+03   1.3486299E-15   2.1960461E-16      0
  3.067842873755018E+03   1.7845889E-15   2.4544783E-16      0
  3.069395265883473E+03   1.5103909E-15   2.3084562E-16      0
  3.070947667240781E+03   1.3835770E-15   2.2377194E-16      0
  3.072500077827107E+03   1.7786754E-15   2.4928346E-16      0
  3.074052497642616E+03   1.1881330E-15   2.1605485E-16      0
  3.075604926687472E+03   1.5120156E-15   2.3788372E-16      0
  3.077157364961840E+03   1.8563223E-15   2.6110368E-16      0
  3.078709812465885E+03   1.2681869E-15   2.2354523E-16      0
  3.080262269199771E+03   1.4337112E-15   2.3826788E-16      0
  3.081814735163663E+03   1.1343386E-15   2.1452213E-16      0
  3.083367210357724E+03   1.5115693E-15   2.4263846E-16      0
  3.084919694782121E+03   1.6073604E-15   2.5212253E-16      0
  3.086472188437018E+03   1.4414051E-15   2.4249029E-16      0
  3.088024691322579E+03   1.9947537E-15   2.7533648E-16      0
  3.089577203438968E+03   1.4525116E-15   2.4505722E-16      0
  3.091129724786352E+03   1.5222468E-15   2.5036288E-16      0
  3.092682255364894E+03   1.5297803E-15   2.5568031E-16      0
  3.094234795174758E+03   1.6016457E-15   2.6137645E-16      0
  3.095787344216111E+03   1.9428988E-15   2.8073809E-16      0
  3.097339902489116E+03   1.8023699E-15   2.7696537E-16      0
  3.098892469993937E+03   1.8005981E-15   2.7766039E-16      0
  3.100445046730741E+03   1.5461241E-15   2.6426782E-16      0
  3.101997632699690E+03   1.4772749E-15   2.5364386E-16      0
  3.103550227900951E+03   1.7012881E-15   2.7809299E-16      0
  3.105102832334687E+03   1.7288464E-15   2.8600187E-16      0
  3.106655446001064E+03   1.5941539E-15   2.7342636E-16      0
  3.108208068900246E+03   1.9711312E-15   3.0294157E-16      0
  3.109760701032398E+03   1.2125175E-15   2.4625937E-16      0
  3.111313342397684E+03   1.5890470E-15   2.7510092E-16      0
  3.112865992996270E+03   1.6201758E-15   2.8252265E-16      0
  3.114418652828320E+03   1.4281041E-15   2.7203879E-16      0
  3.115971321893998E+03   1.6372405E-15   2.8830659E-16      0
  3.117524000193470E+03   1.1373404E-15   2.5323527E-16      0
  3.119076687726901E+03   1.3339695E-15   2.6710133E-16      0
  3.120629384494454E+03   1.7933970E-15   3.0292429E-16      0
  3.122182090496295E+03   2.0622895E-15   3.1903364E-16      0
  3.123734805732588E+03   2.1114858E-15   3.2513111E-16      0
  3.125287530203500E+03   1.3787938E-15   2.7810545E-16      0
  3.126840263909192E+03   2.0980917E-15   3.3293567E-16      0
  3.128393006849832E+03   1.2448162E-15   2.7103821E-16      0
  3.129945759025583E+03   1.6391917E-15   3.0345744E-16      0
  3.131498520436611E+03   1.9547191E-15   3.2491038E-16      0
  3.133051291083080E+03   1.7794191E-15   3.1157636E-16      0
  3.134604070965155E+03   1.4777696E-15   2.9479404E-16      0
  3.136156860083001E+03   1.8590116E-15   3.2568554E-16      0
  3.137709658436781E+03   2.0547482E-15   3.3824268E-16      0
  3.139262466026663E+03   1.4882822E-15   3.0389292E-16      0
  3.140815282852810E+03   2.2293842E-15   3.5377999E-16      0
  3.142368108915386E+03   2.8128753E-15   3.9573573E-16      0
  3.143920944214558E+03   1.8457661E-15   3.3649170E-16      0
  3.145473788750489E+03   1.9195988E-15   3.4136913E-16      0
  3.147026642523344E+03   2.5167416E-15   3.7853905E-16      0
  3.148579505533289E+03   1.6520518E-15   2.8929794E-16   2560
  3.150132377780488E+03   1.3745329E-15   2.9319069E-16   2564
  3.151685259265106E+03   2.4279215E-15   3.9050477E-16   2564
  3.153238149987308E+03   4.5366454E-15   5.3406063E-16   2564
  3.154791049947259E+03  -8.6314262E-18   7.8597151E-19   2564
