

  1.570127858633202E+03   0.0000000E+00   0.0000000E+00   2564
  1.571671416322503E+03   0.0000000E+00   0.0000000E+00   2564
  1.573214983087579E+03   0.0000000E+00   0.0000000E+00   2564
  1.574758558928591E+03   0.0000000E+00   0.0000000E+00   2564
  1.576302143845697E+03   0.0000000E+00   0.0000000E+00   2560
  1.577845737839058E+03   0.0000000E+00   0.0000000E+00    512
  1.579389340908835E+03   0.0000000E+00   0.0000000E+00    512
  1.580932953055187E+03   1.0101244E-13   5.7480659E-14      0
  1.582476574278274E+03   2.7801160E-14   2.9060897E-14      0
  1.584020204578257E+03  -1.6623986E-14   1.6689009E-14      0
  1.585563843955295E+03  -2.1576011E-14   1.2085676E-14      0
  1.587107492409550E+03   1.0042563E-14   1.1144955E-14      0
  1.588651149941181E+03  -4.6324922E-15   8.3284345E-15      0
  1.590194816550347E+03   6.3216001E-17   7.5312842E-15      0
  1.591738492237210E+03   2.5623960E-15   6.6693858E-15      0
  1.593282177001930E+03  -1.1174181E-14   5.0177546E-15      0
  1.594825870844666E+03   6.5860221E-15   5.4666871E-15      0
  1.596369573765578E+03   1.8215074E-16   4.4829490E-15      0
  1.597913285764828E+03   2.7341965E-15   4.2542746E-15      0
  1.599457006842574E+03   4.5198623E-15   3.7808756E-15      0
  1.601000736998978E+03  -1.8850242E-15   3.1080489E-15      0
  1.602544476234199E+03   1.2074117E-15   2.9589815E-15      0
  1.604088224548398E+03  -2.5109563E-15   2.4141358E-15      0
  1.605631981941734E+03  -9.2911584E-16   2.3104795E-15      0
  1.607175748414369E+03   3.0179776E-16   2.1536338E-15      0
  1.608719523966462E+03   2.0529031E-15   2.0780424E-15      0
  1.610263308598173E+03  -1.0875115E-15   1.7588778E-15      0
  1.611807102309663E+03   8.5458890E-16   1.7243231E-15      0
  1.613350905101091E+03   1.0526121E-15   1.6399386E-15      0
  1.614894716972619E+03  -3.5182833E-18   1.4024702E-15      0
  1.616438537924405E+03  -5.4955625E-16   1.2812905E-15      0
  1.617982367956611E+03  -2.4248168E-16   1.2289054E-15      0
  1.619526207069398E+03   1.7804885E-15   1.2814728E-15      0
  1.621070055262923E+03   2.2363020E-16   1.0840424E-15      0
  1.622613912537349E+03  -1.8597386E-15   8.9574687E-16      0
  1.624157778892835E+03   5.4182162E-16   9.9964044E-16      0
  1.625701654329542E+03  -2.3242364E-17   9.0041180E-16      0
  1.627245538847629E+03   1.7670877E-15   9.4378031E-16      0
  1.628789432447258E+03   3.7665676E-16   8.4870801E-16      0
  1.630333335128589E+03   6.4678181E-16   8.0467368E-16      0
  1.631877246891781E+03  -6.1413515E-16   6.8546782E-16      0
  1.633421167736994E+03  -4.0749365E-17   6.9628459E-16      0
  1.634965097664391E+03  -3.8617124E-16   6.4346033E-16      0
  1.636509036674129E+03   4.6576271E-17   6.3275394E-16      0
  1.638052984766371E+03   2.7647219E-16   6.3013449E-16      0
  1.639596941941275E+03  -4.6191375E-16   5.6034183E-16      0
  1.641140908199003E+03   1.8792845E-15   6.7659806E-16      0
  1.642684883539715E+03  -2.9817466E-16   5.3343255E-16      0
  1.644228867963570E+03  -3.0278291E-16   5.0937062E-16      0
  1.645772861470730E+03   1.5395022E-17   5.0757645E-16      0
  1.647316864061354E+03  -1.4363633E-16   4.7741223E-16      0
  1.648860875735603E+03   5.7109635E-16   5.2408560E-16      0
  1.650404896493638E+03   9.6519786E-16   5.2664951E-16      0
  1.651948926335618E+03   4.2365925E-16   4.8546767E-16      0
  1.653492965261704E+03   1.4635685E-17   4.4646334E-16      0
  1.655037013272056E+03  -2.0828642E-16   4.1741392E-16      0
  1.656581070366835E+03  -1.3092333E-16   4.1196374E-16      0
  1.658125136546201E+03   1.5242020E-16   4.1392091E-16      0
  1.659669211810314E+03   2.7599269E-16   4.1089304E-16      0
  1.661213296159335E+03  -1.3116330E-16   3.8011181E-16      0
  1.662757389593423E+03  -3.9634329E-16   3.5860979E-16      0
  1.664301492112740E+03   6.4755822E-16   4.0865332E-16      0
  1.665845603717446E+03  -2.5920095E-16   3.4261358E-16      0
  1.667389724407701E+03   9.2207914E-17   3.6564517E-16      0
  1.668933854183665E+03   1.5214631E-17   3.5276794E-16      0
  1.670477993045499E+03  -1.8501570E-16   3.2572676E-16      0
  1.672022140993364E+03   4.3119436E-17   3.3801755E-16      0
  1.673566298027419E+03   2.9151798E-16   3.4915418E-16      0
  1.675110464147825E+03  -2.3043245E-16   3.0540374E-16      0
  1.676654639354743E+03   8.9864306E-17   3.2335959E-16      0
  1.678198823648333E+03   1.7332003E-17   3.1507339E-16      0
  1.679743017028754E+03   1.6322856E-16   3.1344984E-16      0
  1.681287219496169E+03   2.5404229E-17   3.0507459E-16      0
  1.682831431050736E+03   3.5925060E-16   3.1220764E-16      0
  1.684375651692618E+03  -1.1890656E-16   2.8612016E-16      0
  1.685919881421973E+03   3.2345382E-17   2.8741151E-16      0
  1.687464120238963E+03  -1.3376428E-17   2.8269256E-16      0
  1.689008368143747E+03   1.9593227E-17   2.7671150E-16      0
  1.690552625136486E+03   1.1076740E-16   2.8274905E-16      0
  1.692096891217342E+03   6.8107080E-17   2.7559898E-16      0
  1.693641166386474E+03   2.2643830E-16   2.7672193E-16      0
  1.695185450644042E+03   2.8400766E-16   2.8213582E-16      0
  1.696729743990207E+03  -2.1240133E-16   2.4723989E-16      0
  1.698274046425131E+03   2.1939898E-16   2.6815967E-16      0
  1.699818357948972E+03   4.1076257E-17   2.5334941E-16      0
  1.701362678561891E+03   3.4724764E-16   2.6994342E-16      0
  1.702907008264050E+03  -9.3808978E-17   2.4037257E-16      0
  1.704451347055608E+03  -3.3534312E-16   2.1732233E-16      0
  1.705995694936727E+03  -1.1202219E-16   2.3033335E-16      0
  1.707540051907566E+03   6.3766328E-17   2.3978375E-16      0
  1.709084417968286E+03  -2.4373344E-16   2.1912836E-16      0
  1.710628793119047E+03  -6.1091219E-17   2.2691849E-16      0
  1.712173177360011E+03  -2.1437313E-16   2.1420107E-16      0
  1.713717570691337E+03   4.2624141E-16   2.4680438E-16      0
  1.715261973113186E+03   5.1575423E-16   2.5544415E-16      0
  1.716806384625718E+03   2.7409372E-17   2.2203672E-16      0
  1.718350805229095E+03   2.4724325E-16   2.3254443E-16      0
  1.719895234923477E+03   1.3780657E-16   2.2119880E-16      0
  1.721439673709024E+03   2.1915942E-17   2.1247319E-16      0
  1.722984121585896E+03  -4.7223130E-16   1.7331415E-16      0
  1.724528578554255E+03   1.0865741E-16   2.1666307E-16      0
  1.726073044614261E+03  -2.0658678E-16   1.8838768E-16      0
  1.727617519766073E+03   1.1059924E-17   2.0730296E-16      0
  1.729162004009855E+03   2.3487903E-16   2.1614711E-16      0
  1.730706497345764E+03   2.4296995E-16   2.1110634E-16      0
  1.732250999773963E+03  -2.3326976E-17   1.9232300E-16      0
  1.733795511294611E+03   2.8199775E-17   1.9969356E-16      0
  1.735340031907870E+03   8.7744077E-17   1.9976781E-16      0
  1.736884561613900E+03   6.7460305E-17   1.9276073E-16      0
  1.738429100412861E+03  -2.5746991E-16   1.7464718E-16      0
  1.739973648304914E+03   2.2468830E-16   1.9796360E-16      0
  1.741518205290220E+03  -1.0549236E-16   1.7476402E-16      0
  1.743062771368939E+03  -6.0489270E-17   1.8071051E-16      0
  1.744607346541232E+03  -1.2316304E-16   1.7202895E-16      0
  1.746151930807260E+03   2.5885181E-16   1.9484598E-16      0
  1.747696524167183E+03   1.2263084E-16   1.8789429E-16      0
  1.749241126621161E+03   2.9435017E-16   1.9553274E-16      0
  1.750785738169356E+03   1.7582152E-17   1.7746664E-16      0
  1.752330358811927E+03  -2.3465637E-16   1.5560323E-16      0
  1.753874988549037E+03  -1.0282353E-16   1.6345815E-16      0
  1.755419627380845E+03   7.7417581E-17   1.7383494E-16      0
  1.756964275307511E+03   1.4339001E-16   1.7651657E-16      0
  1.758508932329197E+03  -1.6564705E-16   1.5247034E-16      0
  1.760053598446064E+03   2.6795850E-16   1.8169608E-16      0
  1.761598273658272E+03   4.4418132E-16   1.9230971E-16      0
  1.763142957965981E+03   6.9631859E-17   1.6450386E-16      0
  1.764687651369352E+03   2.2629329E-17   1.6313562E-16      0
  1.766232353868547E+03   1.4237626E-16   1.6781034E-16      0
  1.767777065463725E+03   2.5126137E-16   1.7311281E-16      0
  1.769321786155047E+03   2.6777031E-17   1.5738588E-16      0
  1.770866515942674E+03   2.2620293E-16   1.6812582E-16      0
  1.772411254826767E+03   1.9876965E-16   1.6638772E-16      0
  1.773956002807486E+03   2.6850137E-16   1.6732777E-16      0
  1.775500759884993E+03  -3.4500499E-17   1.4795044E-16      0
  1.777045526059447E+03   8.7294858E-17   1.5623484E-16      0
  1.778590301331010E+03   4.3892244E-16   1.7174775E-16      0
  1.780135085699842E+03   6.1507211E-17   1.5250677E-16      0
  1.781679879166104E+03   2.3495807E-17   1.4580092E-16      0
  1.783224681729957E+03   2.6749731E-17   1.4592649E-16      0
  1.784769493391561E+03  -9.2945480E-18   1.4176282E-16      0
  1.786314314151078E+03   2.0803337E-16   1.5343896E-16      0
  1.787859144008667E+03   1.0866339E-16   1.4729162E-16      0
  1.789403982964490E+03   5.0733340E-18   1.4109916E-16      0
  1.790948831018708E+03   8.1747778E-17   1.4430069E-16      0
  1.792493688171480E+03   1.1351341E-16   1.4480669E-16      0
  1.794038554422969E+03   8.6848480E-18   1.3432042E-16      0
  1.795583429773334E+03   1.9774560E-16   1.5090679E-16      0
  1.797128314222737E+03   1.9783483E-16   1.4655340E-16      0
  1.798673207771338E+03  -1.1435387E-16   1.2509843E-16      0
  1.800218110419298E+03  -4.4612262E-18   1.3223770E-16      0
  1.801763022166778E+03   1.0940227E-17   1.3033614E-16      0
  1.803307943013939E+03  -1.6469640E-16   1.1831379E-16      0
  1.804852872960940E+03   2.7796236E-16   1.4525527E-16      0
  1.806397812007945E+03  -8.8086417E-17   1.2030870E-16      0
  1.807942760155112E+03   9.2279773E-17   1.3326668E-16      0
  1.809487717402603E+03   2.7099991E-16   1.4190449E-16      0
  1.811032683750579E+03   2.4584819E-16   1.4084838E-16      0
  1.812577659199200E+03   2.6886110E-16   1.3847616E-16      0
  1.814122643748628E+03   7.1275692E-17   1.2574626E-16      0
  1.815667637399022E+03   6.5289233E-17   1.2614756E-16      0
  1.817212640150545E+03   1.1230652E-16   1.2751417E-16      0
  1.818757652003356E+03   5.1647226E-18   1.1782380E-16      0
  1.820302672957617E+03   4.4795473E-17   1.2385330E-16      0
  1.821847703013489E+03   2.1739862E-16   1.2936079E-16      0
  1.823392742171132E+03   1.6153284E-16   1.2717001E-16      0
  1.824937790430707E+03   1.7180208E-16   1.2682966E-16      0
  1.826482847792375E+03   1.6737203E-16   1.2453130E-16      0
  1.828027914256297E+03   1.2644893E-16   1.2207721E-16      0
  1.829572989822634E+03   2.0695144E-16   1.2635805E-16      0
  1.831118074491546E+03   2.2524041E-16   1.2533363E-16      0
  1.832663168263196E+03   2.7181793E-16   1.2895122E-16      0
  1.834208271137742E+03   3.1574945E-16   1.3197289E-16      0
  1.835753383115347E+03   2.3913312E-16   1.2500728E-16      0
  1.837298504196171E+03   7.8215591E-17   1.1501637E-16      0
  1.838843634380375E+03   2.4112233E-16   1.2551334E-16      0
  1.840388773668121E+03   1.7726696E-16   1.2062820E-16      0
  1.841933922059568E+03   1.7352054E-16   1.1959064E-16      0
  1.843479079554878E+03   3.7422911E-16   1.3010269E-16      0
  1.845024246154212E+03   1.0878846E-16   1.1134234E-16      0
  1.846569421857730E+03   3.0098236E-16   1.2375702E-16      0
  1.848114606665595E+03   6.9172357E-17   1.0933800E-16      0
  1.849659800577965E+03   3.1615116E-16   1.2399128E-16      0
  1.851205003595004E+03   6.9816393E-17   1.0794413E-16      0
  1.852750215716870E+03   2.4271443E-16   1.1779617E-16      0
  1.854295436943727E+03   2.8255992E-16   1.1933793E-16      0
  1.855840667275733E+03   3.5559475E-16   1.2387286E-16      0
  1.857385906713050E+03   2.5347162E-16   1.1670289E-16      0
  1.858931155255841E+03   3.3904310E-16   1.2279656E-16      0
  1.860476412904264E+03   2.7381595E-16   1.1824890E-16      0
  1.862021679658481E+03   2.7654360E-16   1.1648801E-16      0
  1.863566955518654E+03   2.3347606E-16   1.1447310E-16      0
  1.865112240484943E+03   2.6064294E-16   1.1409685E-16      0
  1.866657534557509E+03   2.4948376E-16   1.1421256E-16      0
  1.868202837736513E+03   2.4205841E-16   1.1152491E-16      0
  1.869748150022116E+03   1.8123863E-16   1.0812020E-16      0
  1.871293471414479E+03   2.5424604E-16   1.1386619E-16      0
  1.872838801913764E+03   1.8281715E-16   1.0611082E-16      0
  1.874384141520130E+03   4.0351440E-16   1.2174403E-16      0
  1.875929490233740E+03   3.1289413E-16   1.1530617E-16      0
  1.877474848054754E+03   2.9637021E-16   1.1230901E-16      0
  1.879020214983333E+03   4.5946969E-16   1.2119208E-16      0
  1.880565591019639E+03   2.2681089E-16   1.0805662E-16      0
  1.882110976163831E+03   3.3858358E-16   1.1392049E-16      0
  1.883656370416072E+03   4.4419996E-16   1.1908533E-16      0
  1.885201773776522E+03   3.6818095E-16   1.1444050E-16      0
  1.886747186245343E+03   3.2516724E-16   1.1173049E-16      0
  1.888292607822695E+03   3.5486890E-16   1.1235776E-16      0
  1.889838038508740E+03   3.6080710E-16   1.1153378E-16      0
  1.891383478303638E+03   4.6637856E-16   1.1801903E-16      0
  1.892928927207551E+03   3.3232615E-16   1.0822456E-16      0
  1.894474385220639E+03   2.4838386E-16   1.0587582E-16      0
  1.896019852343064E+03   2.8037984E-16   1.0483786E-16      0
  1.897565328574988E+03   3.7347747E-16   1.1106606E-16      0
  1.899110813916570E+03   4.3455445E-16   1.1297387E-16      0
  1.900656308367972E+03   3.5989038E-16   1.0847100E-16      0
  1.902201811929355E+03   4.6885857E-16   1.1525532E-16      0
  1.903747324600880E+03   3.8465415E-16   1.0806746E-16      0
  1.905292846382709E+03   2.0320150E-16   9.9348355E-17      0
  1.906838377275002E+03   4.3059222E-16   1.0888095E-16      0
  1.908383917277921E+03   3.6392178E-16   1.0705075E-16      0
  1.909929466391626E+03   4.0198161E-16   1.0790859E-16      0
  1.911475024616279E+03   3.7383720E-16   1.0510784E-16      0
  1.913020591952041E+03   4.5519561E-16   1.0970948E-16      0
  1.914566168399073E+03   2.5992471E-16   9.8055671E-17      0
  1.916111753957536E+03   1.6403442E-16   9.3676524E-17      0
  1.917657348627592E+03   1.4541412E-16   9.0849022E-17      0
  1.919202952409401E+03   1.7269068E-16   9.3807496E-17      0
  1.920748565303125E+03   3.2173411E-16   9.9610327E-17      0
  1.922294187308924E+03   2.1883604E-16   9.3508024E-17      0
  1.923839818426961E+03   4.0961627E-16   1.0399739E-16      0
  1.925385458657396E+03   2.4585285E-16   9.5460659E-17      0
  1.926931108000389E+03   1.3257883E-16   8.8083029E-17      0
  1.928476766456104E+03   4.1274457E-16   1.0191348E-16      0
  1.930022434024700E+03   3.5965194E-16   1.0051742E-16      0
  1.931568110706338E+03   2.1049098E-16   9.1296559E-17      0
  1.933113796501181E+03   3.1999370E-16   9.7684293E-17      0
  1.934659491409389E+03   4.8447272E-16   1.0554625E-16      0
  1.936205195431123E+03   2.5564418E-16   9.2094630E-17      0
  1.937750908566545E+03   3.6167672E-16   9.9305785E-17      0
  1.939296630815816E+03   3.2067429E-16   9.7073993E-17      0
  1.940842362179097E+03   1.8715476E-16   8.8995886E-17      0
  1.942388102656549E+03   1.4475452E-16   8.4480849E-17      0
  1.943933852248333E+03   1.2900974E-16   8.3840334E-17      0
  1.945479610954612E+03   2.5847880E-16   9.1862728E-17      0
  1.947025378775545E+03   3.5077966E-16   9.5549770E-17      0
  1.948571155711294E+03   2.3402348E-16   9.0828011E-17      0
  1.950116941762021E+03   2.0769003E-16   8.6606128E-17      0
  1.951662736927886E+03   1.9524638E-16   8.6405328E-17      0
  1.953208541209052E+03   2.6787777E-16   9.1297936E-17      0
  1.954754354605678E+03   2.9447505E-16   9.0533303E-17      0
  1.956300177117927E+03   3.0586378E-16   9.3038767E-17      0
  1.957846008745959E+03   1.3485966E-16   8.2526718E-17      0
  1.959391849489937E+03   1.1423445E-16   8.0155198E-17      0
  1.960937699350021E+03   2.9318648E-16   9.0222939E-17      0
  1.962483558326373E+03   1.9187874E-16   8.4879630E-17      0
  1.964029426419152E+03   2.2218442E-16   8.4178379E-17      0
  1.965575303628522E+03   2.2732363E-16   8.5835751E-17      0
  1.967121189954644E+03   2.2917345E-16   8.6124120E-17      0
  1.968667085397678E+03   1.1486324E-16   7.6635538E-17      0
  1.970212989957787E+03   1.2513686E-16   7.9385443E-17      0
  1.971758903635130E+03   2.5305776E-16   8.4932285E-17      0
  1.973304826429870E+03   2.2927242E-16   8.4476217E-17      0
  1.974850758342168E+03   2.8421743E-16   8.7692474E-17      0
  1.976396699372186E+03   2.1299534E-16   8.1146398E-17      0
  1.977942649520083E+03   1.8748158E-16   8.1158111E-17      0
  1.979488608786023E+03   3.5411790E-16   8.8569027E-17      0
  1.981034577170167E+03   2.4079537E-16   8.2729999E-17      0
  1.982580554672674E+03   7.0790441E-17   7.2679894E-17      0
  1.984126541293708E+03   1.9609179E-16   7.9445735E-17      0
  1.985672537033429E+03   1.6869962E-16   7.7596496E-17      0
  1.987218541891998E+03   3.2050702E-16   8.6154256E-17      0
  1.988764555869577E+03   2.1712952E-16   7.9462371E-17      0
  1.990310578966328E+03   8.2219860E-17   7.0578478E-17      0
  1.991856611182412E+03   1.8675371E-16   7.7831667E-17      0
  1.993402652517990E+03   1.1065124E-16   7.2114294E-17      0
  1.994948702973223E+03   3.0053984E-16   8.3276415E-17      0
  1.996494762548273E+03   1.8926553E-16   7.5828911E-17      0
  1.998040831243301E+03   2.1690068E-16   7.7684621E-17      0
  1.999586909058470E+03   1.8805561E-16   7.5301686E-17      0
  2.001132995993938E+03   1.7394463E-16   7.5165591E-17      0
  2.002679092049870E+03   1.5972757E-16   7.3693627E-17      0
  2.004225197226426E+03   6.8893835E-17   6.7314383E-17      0
  2.005771311523766E+03   2.4644739E-16   7.8756707E-17      0
  2.007317434942054E+03   2.2465254E-16   7.5831889E-17      0
  2.008863567481449E+03   2.3311043E-16   7.6645583E-17      0
  2.010409709142114E+03   2.2702894E-16   7.5397063E-17      0
  2.011955859924211E+03   2.5587161E-16   7.5053928E-17      0
  2.013502019827899E+03   3.1776396E-16   8.0361986E-17      0
  2.015048188853341E+03   2.8354857E-16   7.7233920E-17      0
  2.016594367000699E+03   2.7548611E-16   7.6858446E-17      0
  2.018140554270134E+03   2.7504335E-16   7.6639839E-17      0
  2.019686750661806E+03   3.0662288E-16   7.6597481E-17      0
  2.021232956175879E+03   3.3860542E-17   6.1669928E-17      0
  2.022779170812512E+03   2.2746530E-16   7.3589336E-17      0
  2.024325394571868E+03   2.4594631E-16   7.3762051E-17      0
  2.025871627454108E+03   1.8095533E-16   6.9711771E-17      0
  2.027417869459394E+03   2.2783127E-16   7.2425665E-17      0
  2.028964120587887E+03   2.4528875E-16   7.2511169E-17      0
  2.030510380839749E+03   2.4731967E-16   7.3682403E-17      0
  2.032056650215140E+03   2.4380615E-16   7.2785065E-17      0
  2.033602928714223E+03   9.9656477E-17   6.3655651E-17      0
  2.035149216337159E+03   2.6545623E-16   7.2656931E-17      0
  2.036695513084110E+03   2.8558515E-16   7.3942628E-17      0
  2.038241818955236E+03   2.0324848E-16   6.9716939E-17      0
  2.039788133950701E+03   1.4534401E-16   6.5379370E-17      0
  2.041334458070664E+03   1.8126244E-16   6.7141489E-17      0
  2.042880791315288E+03   1.6593628E-16   6.6170677E-17      0
  2.044427133684733E+03   2.9373649E-16   7.3006319E-17      0
  2.045973485179163E+03   8.9567917E-17   6.1576337E-17      0
  2.047519845798739E+03   8.8219415E-17   6.0627409E-17      0
  2.049066215543620E+03   1.7262113E-16   6.7438963E-17      0
  2.050612594413970E+03   2.4219695E-16   6.8675221E-17      0
  2.052158982409950E+03   1.7833348E-16   6.5461830E-17      0
  2.053705379531722E+03   2.5795078E-16   7.0415986E-17      0
  2.055251785779446E+03   1.2990944E-16   6.1728214E-17      0
  2.056798201153286E+03   2.1484096E-16   6.7762503E-17      0
  2.058344625653401E+03   1.4380092E-16   6.3015572E-17      0
  2.059891059279954E+03   1.6640469E-16   6.2571661E-17      0
  2.061437502033107E+03   2.4555800E-16   6.7889916E-17      0
  2.062983953913020E+03   1.4564972E-16   6.2379490E-17      0
  2.064530414919856E+03   1.9862433E-16   6.4659392E-17      0
  2.066076885053776E+03   3.0514328E-16   6.9638357E-17      0
  2.067623364314941E+03   1.2699978E-16   5.9550737E-17      0
  2.069169852703515E+03   1.8091561E-16   6.2996553E-17      0
  2.070716350219656E+03   2.8107673E-17   5.4038402E-17      0
  2.072262856863529E+03   2.2258496E-16   6.5344595E-17      0
  2.073809372635293E+03   1.6101615E-16   6.1043845E-17      0
  2.075355897535112E+03   1.0919796E-16   5.7736485E-17      0
  2.076902431563145E+03   1.3857946E-16   5.9385268E-17      0
  2.078448974719557E+03   1.8358985E-16   6.1017865E-17      0
  2.079995527004507E+03   1.4087614E-16   5.8979619E-17      0
  2.081542088418157E+03   1.5042830E-16   5.9231300E-17      0
  2.083088658960669E+03   6.8753181E-17   5.3785725E-17      0
  2.084635238632205E+03   1.1404221E-16   5.6606457E-17      0
  2.086181827432926E+03   6.2557215E-17   5.2534022E-17      0
  2.087728425362994E+03   1.5906159E-16   5.8786045E-17      0
  2.089275032422571E+03   1.4124437E-16   5.6807112E-17      0
  2.090821648611818E+03   1.5143105E-16   5.7355632E-17      0
  2.092368273930897E+03   1.2592513E-16   5.6237919E-17      0
  2.093914908379970E+03   1.2887935E-16   5.4794896E-17      0
  2.095461551959198E+03   1.4237810E-16   5.6893939E-17      0
  2.097008204668743E+03   8.2384655E-17   5.1886102E-17      0
  2.098554866508768E+03   1.0139906E-16   5.3172070E-17      0
  2.100101537479432E+03   3.0321943E-17   4.8706975E-17      0
  2.101648217580899E+03   1.5359754E-16   5.5745826E-17      0
  2.103194906813330E+03   4.0237043E-18   4.6377602E-17      0
  2.104741605176887E+03   1.4086370E-16   5.4556720E-17      0
  2.106288312671731E+03   5.0075585E-17   4.8936495E-17      0
  2.107835029298023E+03   8.0050238E-17   5.1135452E-17      0
  2.109381755055927E+03   8.4702944E-17   5.0776670E-17      0
  2.110928489945603E+03   9.8814698E-17   5.1715150E-17      0
  2.112475233967214E+03   7.8035968E-17   5.0540395E-17      0
  2.114021987120921E+03   1.3929186E-16   5.3858123E-17      0
  2.115568749406885E+03   3.3823055E-17   4.7388621E-17      0
  2.117115520825269E+03   3.9137415E-17   4.7106662E-17      0
  2.118662301376235E+03   1.0287249E-16   5.0081740E-17      0
  2.120209091059943E+03   1.6451069E-16   5.4418863E-17      0
  2.121755889876556E+03   1.2639926E-16   5.2307640E-17      0
  2.123302697826236E+03   1.9804636E-16   5.5929870E-17      0
  2.124849514909145E+03   1.5390345E-16   5.3314355E-17      0
  2.126396341125443E+03   7.7723393E-17   4.8521624E-17      0
  2.127943176475294E+03   1.1925203E-17   4.4691202E-17      0
  2.129490020958858E+03   1.1609395E-16   5.0421132E-17      0
  2.131036874576298E+03   8.3550145E-17   4.8552296E-17      0
  2.132583737327775E+03   3.0847918E-17   4.5026624E-17      0
  2.134130609213452E+03   1.2779062E-16   5.0614894E-17      0
  2.135677490233489E+03   8.3575278E-17   4.8762572E-17      0
  2.137224380388050E+03   5.8974689E-17   4.6331352E-17      0
  2.138771279677294E+03   1.0608073E-16   4.9603649E-17      0
  2.140318188101387E+03   1.2067967E-16   4.9772113E-17      0
  2.141865105660486E+03   1.4862374E-16   5.0640570E-17      0
  2.143412032354755E+03   4.1672886E-17   4.4745263E-17      0
  2.144958968184358E+03   9.7445814E-17   4.7884252E-17      0
  2.146505913149453E+03   4.9826266E-17   4.5198998E-17      0
  2.148052867250205E+03   1.5783718E-16   5.1477431E-17      0
  2.149599830486774E+03   1.9238162E-16   5.2842577E-17      0
  2.151146802859323E+03   6.0915354E-17   4.5191362E-17      0
  2.152693784368012E+03   5.8503110E-17   4.4270045E-17      0
  2.154240775013005E+03   9.9609156E-17   4.7483439E-17      0
  2.155787774794463E+03   8.0429537E-17   4.5715890E-17      0
  2.157334783712548E+03   2.6436873E-17   4.2585485E-17      0
  2.158881801767421E+03   1.0489478E-16   4.7060926E-17      0
  2.160428828959245E+03   8.1822675E-17   4.5354938E-17      0
  2.161975865288182E+03   1.0287340E-16   4.6654158E-17      0
  2.163522910754394E+03   1.4752565E-16   4.9562227E-17      0
  2.165069965358041E+03   1.9138098E-16   5.1023323E-17      0
  2.166617029099287E+03   4.2707795E-17   4.2126264E-17      0
  2.168164101978293E+03   1.3410155E-16   4.8897190E-17      0
  2.169711183995221E+03   1.8469041E-16   4.9613214E-17      0
  2.171258275150234E+03   5.9225291E-17   4.3181128E-17      0
  2.172805375443492E+03   7.6838600E-17   4.3975525E-17      0
  2.174352484875159E+03   1.0810608E-16   4.4913376E-17      0
  2.175899603445394E+03   1.0873705E-16   4.6044112E-17      0
  2.177446731154363E+03   8.4720262E-17   4.3992813E-17      0
  2.178993868002224E+03   1.4166584E-16   4.6859577E-17      0
  2.180541013989141E+03   6.5132962E-17   4.2857204E-17      0
  2.182088169115276E+03   4.3724618E-17   4.1151461E-17      0
  2.183635333380791E+03   6.4695847E-17   4.2639294E-17      0
  2.185182506785847E+03   1.4111046E-16   4.6825225E-17      0
  2.186729689330607E+03   8.8415529E-17   4.3665961E-17      0
  2.188276881015231E+03   8.4605449E-17   4.2630100E-17      0
  2.189824081839884E+03   6.4902973E-17   4.2063434E-17      0
  2.191371291804727E+03   1.3734930E-17   3.7876984E-17      0
  2.192918510909920E+03  -2.6869015E-17   3.5614377E-17      0
  2.194465739155627E+03   2.8491287E-17   3.9048381E-17      0
  2.196012976542010E+03   5.1080329E-17   3.9898412E-17      0
  2.197560223069230E+03   9.2740618E-17   4.3366820E-17      0
  2.199107478737449E+03   2.2044226E-17   3.7943314E-17      0
  2.200654743546831E+03   1.1295112E-16   4.4024187E-17      0
  2.202202017497536E+03  -7.0235749E-18   3.5782467E-17      0
  2.203749300589725E+03   3.5554962E-17   3.8829357E-17      0
  2.205296592823563E+03   8.8205041E-17   4.2417597E-17      0
  2.206843894199210E+03   3.8827428E-17   3.8872853E-17      0
  2.208391204716830E+03   8.8425482E-17   4.1334123E-17      0
  2.209938524376582E+03   8.5697513E-17   4.1055919E-17      0
  2.211485853178631E+03   9.3735412E-17   4.1981788E-17      0
  2.213033191123137E+03   6.6129431E-17   3.9778153E-17      0
  2.214580538210263E+03   4.2928824E-17   3.8601373E-17      0
  2.216127894440171E+03   1.9634948E-16   4.7292275E-17      0
  2.217675259813023E+03   6.6614602E-17   3.9940449E-17      0
  2.219222634328981E+03   8.3283131E-17   4.0281843E-17      0
  2.220770017988208E+03   5.7368668E-17   3.9253714E-17      0
  2.222317410790864E+03   3.3679889E-17   3.6652701E-17      0
  2.223864812737112E+03   6.1434095E-17   3.8499957E-17      0
  2.225412223827115E+03   7.4499102E-17   3.9389570E-17      0
  2.226959644061035E+03   1.1811510E-16   4.2024378E-17      0
  2.228507073439033E+03   8.7552588E-17   3.9893194E-17      0
  2.230054511961272E+03   7.7047553E-17   3.9290308E-17      0
  2.231601959627913E+03   8.5813278E-17   3.9936991E-17      0
  2.233149416439120E+03   9.3149623E-17   4.0187951E-17      0
  2.234696882395054E+03   6.9566518E-17   3.8581831E-17      0
  2.236244357495877E+03   8.0815777E-17   3.9411196E-17      0
  2.237791841741751E+03   2.7696429E-17   3.5457203E-17      0
  2.239339335132838E+03   8.4399680E-17   3.8609327E-17      0
  2.240886837669301E+03   3.4641560E-17   3.6075309E-17      0
  2.242434349351302E+03   8.9643164E-17   3.9578372E-17      0
  2.243981870179003E+03   8.7134736E-17   3.8694917E-17      0
  2.245529400152565E+03   9.1474092E-17   3.9143196E-17      0
  2.247076939272152E+03   1.1720529E-16   4.1060021E-17      0
  2.248624487537925E+03   1.5589424E-16   4.2181754E-17      0
  2.250172044950048E+03   1.1298839E-16   4.0325641E-17      0
  2.251719611508679E+03   6.0732454E-17   3.6858996E-17      0
  2.253267187213985E+03   1.2095449E-16   4.0454634E-17      0
  2.254814772066125E+03   1.1654025E-16   4.0976145E-17      0
  2.256362366065262E+03   9.4449779E-17   3.8662481E-17      0
  2.257909969211559E+03   8.0368445E-17   3.8008962E-17      0
  2.259457581505178E+03   6.2118802E-17   3.7305157E-17      0
  2.261005202946280E+03   1.1481645E-16   3.9639617E-17      0
  2.262552833535028E+03   1.1298218E-16   4.0056492E-17      0
  2.264100473271585E+03   1.6675133E-16   4.3102787E-17      0
  2.265648122156112E+03   1.2035848E-16   3.9481757E-17      0
  2.267195780188772E+03   1.1105491E-16   3.9749565E-17      0
  2.268743447369726E+03   8.1776458E-17   3.7933206E-17      0
  2.270291123699138E+03   1.1717482E-16   3.9598178E-17      0
  2.271838809177169E+03   7.1771848E-17   3.7710274E-17      0
  2.273386503803982E+03   8.6634272E-17   3.7683510E-17      0
  2.274934207579738E+03   5.8394068E-17   3.5580843E-17      0
  2.276481920504601E+03   1.2823690E-16   4.0807682E-17      0
  2.278029642578731E+03   1.2524238E-16   3.9385884E-17      0
  2.279577373802293E+03   1.0091709E-16   3.8825433E-17      0
  2.281125114175447E+03   6.6870478E-17   3.6152544E-17      0
  2.282672863698357E+03   9.5281538E-17   3.8415049E-17      0
  2.284220622371184E+03   1.5653764E-16   4.1013322E-17      0
  2.285768390194090E+03   1.4126495E-16   4.0309001E-17      0
  2.287316167167239E+03   1.9901010E-16   4.3868885E-17      0
  2.288863953290791E+03   1.0401965E-16   3.8115712E-17      0
  2.290411748564911E+03   1.4528666E-16   4.1119516E-17      0
  2.291959552989759E+03   2.2214003E-16   4.4356333E-17      0
  2.293507366565499E+03   2.0914223E-16   4.3867214E-17      0
  2.295055189292292E+03   1.6254918E-16   4.1443271E-17      0
  2.296603021170300E+03   1.7365246E-16   4.1260987E-17      0
  2.298150862199687E+03   1.7608967E-16   4.2325088E-17      0
  2.299698712380614E+03   1.4663661E-16   4.0004602E-17      0
  2.301246571713244E+03   2.3151165E-16   4.4614847E-17      0
  2.302794440197739E+03   1.6588394E-16   4.1228263E-17      0
  2.304342317834260E+03   2.5479640E-16   4.5289938E-17      0
  2.305890204622973E+03   2.4300277E-16   4.5070626E-17      0
  2.307438100564037E+03   1.9693703E-16   4.2405556E-17      0
  2.308986005657615E+03   1.6837141E-16   4.0464835E-17      0
  2.310533919903871E+03   2.4240585E-16   4.4808857E-17      0
  2.312081843302965E+03   1.5817008E-16   3.9764058E-17      0
  2.313629775855061E+03   2.3919279E-16   4.4410675E-17      0
  2.315177717560321E+03   2.6299685E-16   4.5720698E-17      0
  2.316725668418907E+03   2.6062134E-16   4.4424552E-17      0
  2.318273628430982E+03   3.5606473E-16   4.9779680E-17      0
  2.319821597596708E+03   3.6852574E-16   4.9683809E-17      0
  2.321369575916247E+03   2.5612098E-16   4.4834241E-17      0
  2.322917563389762E+03   2.9197766E-16   4.6364218E-17      0
  2.324465560017415E+03   2.7548002E-16   4.5505581E-17      0
  2.326013565799369E+03   3.5988447E-16   5.0054529E-17      0
  2.327561580735786E+03   2.9609897E-16   4.5709650E-17      0
  2.329109604826828E+03   2.7314441E-16   4.5510726E-17      0
  2.330657638072658E+03   2.4674607E-16   4.3707721E-17      0
  2.332205680473439E+03   3.1076919E-16   4.7310823E-17      0
  2.333753732029331E+03   3.3263834E-16   4.7639121E-17      0
  2.335301792740500E+03   3.2641124E-16   4.7357506E-17      0
  2.336849862607105E+03   3.0664941E-16   4.6907173E-17      0
  2.338397941629312E+03   3.1047551E-16   4.7177307E-17      0
  2.339946029807280E+03   4.1404696E-16   5.0534254E-17      0
  2.341494127141172E+03   3.5807653E-16   4.8845869E-17      0
  2.343042233631153E+03   3.2718140E-16   4.7197867E-17      0
  2.344590349277383E+03   3.0789055E-16   4.5900183E-17      0
  2.346138474080026E+03   3.8578086E-16   5.0710152E-17      0
  2.347686608039243E+03   4.2731600E-16   5.0721471E-17      0
  2.349234751155198E+03   3.4838907E-16   4.8322022E-17      0
  2.350782903428052E+03   3.8740632E-16   4.9404881E-17      0
  2.352331064857968E+03   3.6118234E-16   4.7956898E-17      0
  2.353879235445109E+03   3.0137459E-16   4.6255626E-17      0
  2.355427415189637E+03   3.2609397E-16   4.6907705E-17      0
  2.356975604091715E+03   3.9124015E-16   4.9986501E-17      0
  2.358523802151505E+03   3.2913800E-16   4.7033162E-17      0
  2.360072009369170E+03   4.3671552E-16   5.1370120E-17      0
  2.361620225744872E+03   4.3871698E-16   5.1030043E-17      0
  2.363168451278773E+03   3.6606334E-16   4.8728062E-17      0
  2.364716685971037E+03   4.5335527E-16   5.1520260E-17      0
  2.366264929821826E+03   4.8604852E-16   5.3963314E-17      0
  2.367813182831302E+03   4.5735724E-16   5.2401045E-17      0
  2.369361444999628E+03   3.8623887E-16   4.9921253E-17      0
  2.370909716326966E+03   4.0852230E-16   5.0319091E-17      0
  2.372457996813479E+03   3.0340725E-16   4.4915735E-17      0
  2.374006286459330E+03   3.6341385E-16   4.8660547E-17      0
  2.375554585264681E+03   3.5890890E-16   4.7972118E-17      0
  2.377102893229694E+03   4.2580391E-16   5.0442476E-17      0
  2.378651210354531E+03   3.7985380E-16   4.9686311E-17      0
  2.380199536639358E+03   3.9561383E-16   4.8855342E-17      0
  2.381747872084334E+03   3.1827816E-16   4.6852774E-17      0
  2.383296216689624E+03   2.5100990E-16   4.2721361E-17      0
  2.384844570455389E+03   2.5784710E-16   4.3621456E-17      0
  2.386392933381791E+03   2.7963027E-16   4.4157287E-17      0
  2.387941305468995E+03   2.1371892E-16   4.1023443E-17      0
  2.389489686717161E+03   2.2588000E-16   4.1479342E-17      0
  2.391038077126454E+03   3.1239427E-16   4.5213219E-17      0
  2.392586476697035E+03   2.7706728E-16   4.3961721E-17      0
  2.394134885429068E+03   2.7280493E-16   4.3325275E-17      0
  2.395683303322714E+03   2.5739155E-16   4.2878647E-17      0
  2.397231730378136E+03   2.8660196E-16   4.4485323E-17      0
  2.398780166595497E+03   2.0273372E-16   4.0384949E-17      0
  2.400328611974960E+03   2.4411423E-16   4.2109866E-17      0
  2.401877066516687E+03   2.4279718E-16   4.1964017E-17      0
  2.403425530220841E+03   1.7605866E-16   3.8559398E-17      0
  2.404974003087584E+03   1.4652222E-16   3.7539481E-17      0
  2.406522485117080E+03   2.2102920E-16   4.0435791E-17      0
  2.408070976309490E+03   1.7552454E-16   3.8672738E-17      0
  2.409619476664978E+03   1.5696814E-16   3.7810992E-17      0
  2.411167986183706E+03   1.6621710E-16   3.8249980E-17      0
  2.412716504865837E+03   1.5026112E-16   3.7326820E-17      0
  2.414265032711533E+03   1.2972548E-16   3.6652208E-17      0
  2.415813569720958E+03   1.3648345E-16   3.6195928E-17      0
  2.417362115894274E+03   1.7221298E-16   3.8413596E-17      0
  2.418910671231642E+03   1.3674751E-16   3.6544069E-17      0
  2.420459235733229E+03   2.9409010E-17   2.9689987E-17      0
  2.422007809399192E+03   1.9013079E-16   3.8903800E-17      0
  2.423556392229698E+03   1.0410307E-16   3.4530036E-17      0
  2.425104984224909E+03   7.5561586E-17   3.2754820E-17      0
  2.426653585384986E+03   8.7166698E-17   3.3198411E-17      0
  2.428202195710094E+03   1.2202529E-16   3.5518504E-17      0
  2.429750815200393E+03   1.1687871E-16   3.5189818E-17      0
  2.431299443856049E+03   1.0575145E-16   3.4625728E-17      0
  2.432848081677222E+03   2.6957130E-17   2.9306357E-17      0
  2.434396728664076E+03   3.8365497E-17   3.0156209E-17      0
  2.435945384816774E+03   4.1542238E-17   3.0399172E-17      0
  2.437494050135477E+03   8.2644303E-17   3.2940992E-17      0
  2.439042724620350E+03   7.4203038E-17   3.2155412E-17      0
  2.440591408271554E+03   1.2555675E-16   3.5148158E-17      0
  2.442140101089253E+03   9.7155089E-17   3.4172906E-17      0
  2.443688803073610E+03   1.2936636E-16   3.5714585E-17      0
  2.445237514224786E+03   7.6082888E-17   3.2747293E-17      0
  2.446786234542945E+03   7.2602701E-17   3.2092748E-17      0
  2.448334964028250E+03   7.3848065E-17   3.2049063E-17      0
  2.449883702680863E+03   6.2443752E-17   3.1356246E-17      0
  2.451432450500948E+03   8.8086073E-17   3.2724208E-17      0
  2.452981207488666E+03   1.9725073E-17   2.9129311E-17      0
  2.454529973644181E+03   1.0685417E-16   3.4405016E-17      0
  2.456078748967656E+03   5.4091537E-17   3.1345202E-17      0
  2.457627533459253E+03   1.0452825E-16   3.3958368E-17      0
  2.459176327119136E+03   1.0624252E-16   3.3873010E-17      0
  2.460725129947466E+03   1.3446755E-16   3.5480883E-17      0
  2.462273941944408E+03   1.4523476E-16   3.5960933E-17      0
  2.463822763110123E+03   1.3678155E-16   3.5725719E-17      0
  2.465371593444775E+03   7.9125126E-17   3.2654397E-17      0
  2.466920432948526E+03   5.8271784E-17   3.0910429E-17      0
  2.468469281621539E+03   8.4853656E-17   3.2750483E-17      0
  2.470018139463978E+03   6.3825759E-17   3.1710406E-17      0
  2.471567006476004E+03   3.1534686E-17   2.9306232E-17      0
  2.473115882657781E+03   7.7866607E-17   3.1910305E-17      0
  2.474664768009472E+03   9.9755732E-17   3.3800238E-17      0
  2.476213662531240E+03   3.0131066E-17   2.8165513E-17      0
  2.477762566223247E+03   5.8292940E-17   3.0908864E-17      0
  2.479311479085655E+03   2.8661094E-17   3.0558150E-17      0
  2.480860401118630E+03   1.1354184E-16   3.5323689E-17      0
  2.482409332322332E+03   1.0309681E-16   3.3578755E-17      0
  2.483958272696926E+03   9.5669797E-17   3.2840956E-17      0
  2.485507222242573E+03   6.2107202E-17   3.0847967E-17      0
  2.487056180959437E+03   1.3568450E-16   3.5241798E-17      0
  2.488605148847681E+03   9.4547750E-17   3.2991013E-17      0
  2.490154125907467E+03   1.0473038E-16   3.3518583E-17      0
  2.491703112138959E+03   6.9539281E-17   3.1588820E-17      0
  2.493252107542319E+03   1.0032819E-16   3.3162058E-17      0
  2.494801112117710E+03   6.0724593E-17   3.0756455E-17      0
  2.496350125865296E+03   7.1452887E-17   3.1322024E-17      0
  2.497899148785239E+03   7.3061138E-17   3.1734096E-17      0
  2.499448180877703E+03   1.5539383E-16   3.5845601E-17      0
  2.500997222142849E+03   1.0557292E-16   3.3621507E-17      0
  2.502546272580842E+03   6.5055128E-17   3.0655482E-17      0
  2.504095332191843E+03   1.4571530E-16   3.5424506E-17      0
  2.505644400976016E+03   8.1877586E-17   3.1702038E-17      0
  2.507193478933525E+03   9.5969898E-17   3.2453009E-17      0
  2.508742566064531E+03   1.0096441E-16   3.2952070E-17      0
  2.510291662369198E+03   1.2065616E-16   3.3812884E-17      0
  2.511840767847689E+03   9.9495455E-17   3.2912233E-17      0
  2.513389882500167E+03   1.2748206E-16   3.4680897E-17      0
  2.514939006326794E+03   5.2165659E-17   2.9407148E-17      0
  2.516488139327735E+03   1.1536271E-16   3.3919831E-17      0
  2.518037281503151E+03   2.0197420E-16   3.7868259E-17      0
  2.519586432853207E+03   1.3209697E-16   3.4788576E-17      0
  2.521135593378064E+03   1.5245518E-16   3.5277781E-17      0
  2.522684763077886E+03   6.0672156E-17   3.0327518E-17      0
  2.524233941952836E+03   1.7718383E-16   3.6967972E-17      0
  2.525783130003077E+03   1.5251961E-16   3.5056222E-17      0
  2.527332327228772E+03   1.9438322E-16   3.7682362E-17      0
  2.528881533630084E+03   1.7550075E-16   3.6945744E-17      0
  2.530430749207175E+03   1.2428767E-16   3.3807901E-17      0
  2.531979973960210E+03   1.7795976E-16   3.7077425E-17      0
  2.533529207889351E+03   1.9486583E-16   3.7434214E-17      0
  2.535078450994761E+03   9.2846689E-17   3.2123294E-17      0
  2.536627703276603E+03   1.5635498E-16   3.6061898E-17      0
  2.538176964735041E+03   1.2865541E-16   3.3514642E-17      0
  2.539726235370237E+03   1.9112844E-16   3.7567268E-17      0
  2.541275515182354E+03   2.1407065E-16   3.8034532E-17      0
  2.542824804171556E+03   1.6275258E-16   3.6172876E-17      0
  2.544374102338006E+03   1.3759437E-16   3.4949479E-17      0
  2.545923409681866E+03   1.6812005E-16   3.5515423E-17      0
  2.547472726203300E+03   1.4349927E-16   3.5622589E-17      0
  2.549022051902471E+03   2.0083831E-16   3.7593261E-17      0
  2.550571386779541E+03   1.9615455E-16   3.6999911E-17      0
  2.552120730834676E+03   2.1156056E-16   3.8811701E-17      0
  2.553670084068035E+03   2.7000721E-16   4.0575006E-17      0
  2.555219446479784E+03   2.1043481E-16   3.7880551E-17      0
  2.556768818070086E+03   1.7253740E-16   3.6907247E-17      0
  2.558318198839103E+03   2.6479139E-16   3.9977239E-17      0
  2.559867588786999E+03   2.1243492E-16   3.8116857E-17      0
  2.561416987913937E+03   1.5100341E-16   3.4770272E-17      0
  2.562966396220080E+03   2.0454633E-16   3.7155623E-17      0
  2.564515813705590E+03   2.3018806E-16   3.9484682E-17      0
  2.566065240370633E+03   2.0051344E-16   3.7218191E-17      0
  2.567614676215368E+03   2.2327444E-16   3.8870977E-17      0
  2.569164121239963E+03   2.3319558E-16   3.9034451E-17      0
  2.570713575444578E+03   2.2461564E-16   3.8565248E-17      0
  2.572263038829376E+03   2.5069224E-16   3.9554103E-17      0
  2.573812511394522E+03   2.5011612E-16   3.9932945E-17      0
  2.575361993140177E+03   2.1351608E-16   3.7962448E-17      0
  2.576911484066507E+03   2.7967310E-16   4.1197254E-17      0
  2.578460984173672E+03   2.3762159E-16   3.9336243E-17      0
  2.580010493461838E+03   3.2174329E-16   4.3477420E-17      0
  2.581560011931167E+03   3.2898842E-16   4.2335253E-17      0
  2.583109539581822E+03   3.1191864E-16   4.2658541E-17      0
  2.584659076413966E+03   2.0220414E-16   3.7421045E-17      0
  2.586208622427763E+03   2.2549219E-16   3.8567690E-17      0
  2.587758177623375E+03   2.2260256E-16   3.8507550E-17      0
  2.589307742000967E+03   1.7149851E-16   3.6144924E-17      0
  2.590857315560701E+03   2.8729253E-16   4.1160524E-17      0
  2.592406898302741E+03   2.6717071E-16   4.0407359E-17      0
  2.593956490227249E+03   2.8989872E-16   4.0960257E-17      0
  2.595506091334390E+03   2.7743455E-16   4.0854904E-17      0
  2.597055701624325E+03   2.7876857E-16   4.1169064E-17      0
  2.598605321097220E+03   2.2272766E-16   3.8161915E-17      0
  2.600154949753235E+03   1.9882378E-16   3.7025239E-17      0
  2.601704587592536E+03   2.1936895E-16   3.8168165E-17      0
  2.603254234615285E+03   3.4423281E-16   4.3735914E-17      0
  2.604803890821646E+03   2.5891251E-16   3.9587335E-17      0
  2.606353556211781E+03   2.8621677E-16   4.1369152E-17      0
  2.607903230785855E+03   3.1593821E-16   4.2180170E-17      0
  2.609452914544030E+03   3.5613688E-16   4.4183584E-17      0
  2.611002607486470E+03   2.2548832E-16   3.8520782E-17      0
  2.612552309613337E+03   1.8321818E-16   3.6454667E-17      0
  2.614102020924796E+03   3.0012921E-16   4.1511278E-17      0
  2.615651741421010E+03   3.5459444E-16   4.3672274E-17      0
  2.617201471102142E+03   3.8396819E-16   4.5182977E-17      0
  2.618751209968354E+03   4.0281949E-16   4.6232041E-17      0
  2.620300958019812E+03   4.1166656E-16   4.6011905E-17      0
  2.621850715256676E+03   3.7098892E-16   4.5111774E-17      0
  2.623400481679113E+03   4.5010044E-16   4.8458272E-17      0
  2.624950257287283E+03   4.4795480E-16   4.8434423E-17      0
  2.626500042081352E+03   4.1669196E-16   4.6727658E-17      0
  2.628049836061482E+03   3.5581861E-16   4.4012239E-17      0
  2.629599639227836E+03   5.0633348E-16   5.0116147E-17      0
  2.631149451580578E+03   4.2352820E-16   4.6600656E-17      0
  2.632699273119871E+03   5.0206163E-16   4.9799026E-17      0
  2.634249103845879E+03   4.8662498E-16   4.9579829E-17      0
  2.635798943758765E+03   4.7944791E-16   4.8607422E-17      0
  2.637348792858693E+03   3.7051214E-16   4.4792426E-17      0
  2.638898651145824E+03   5.5974404E-16   5.1706395E-17      0
  2.640448518620325E+03   5.6544627E-16   5.1740425E-17      0
  2.641998395282357E+03   5.4633821E-16   5.2223826E-17      0
  2.643548281132083E+03   5.2959724E-16   5.0203517E-17      0
  2.645098176169668E+03   5.5213356E-16   5.1216049E-17      0
  2.646648080395275E+03   5.5660467E-16   5.1441512E-17      0
  2.648197993809066E+03   5.9844741E-16   5.2828710E-17      0
  2.649747916411206E+03   6.2524679E-16   5.3646180E-17      0
  2.651297848201858E+03   7.2891071E-16   5.6886375E-17      0
  2.652847789181185E+03   6.1788454E-16   5.4493997E-17      0
  2.654397739349352E+03   6.9060820E-16   5.5958874E-17      0
  2.655947698706520E+03   8.2282946E-16   6.0837771E-17      0
  2.657497667252854E+03   7.5441148E-16   5.7859060E-17      0
  2.659047644988517E+03   7.8290085E-16   5.8587409E-17      0
  2.660597631913673E+03   8.1112531E-16   6.0045841E-17      0
  2.662147628028484E+03   8.3015756E-16   6.0117548E-17      0
  2.663697633333115E+03   8.7806183E-16   6.3290533E-17      0
  2.665247647827729E+03   9.2938795E-16   6.3364338E-17      0
  2.666797671512489E+03   9.5231628E-16   6.4486253E-17      0
  2.668347704387559E+03   9.3207315E-16   6.3962138E-17      0
  2.669897746453102E+03   9.3846719E-16   6.3257711E-17      0
  2.671447797709282E+03   1.0748767E-15   6.7397856E-17      0
  2.672997858156262E+03   9.9918632E-16   6.5161967E-17      0
  2.674547927794206E+03   1.0816522E-15   6.7213447E-17      0
  2.676098006623277E+03   1.0825224E-15   6.9381541E-17      0
  2.677648094643639E+03   1.0674218E-15   6.6711117E-17      0
  2.679198191855455E+03   1.2198859E-15   7.2558748E-17      0
  2.680748298258889E+03   1.1920967E-15   7.0508485E-17      0
  2.682298413854104E+03   1.3025100E-15   7.4097661E-17      0
  2.683848538641264E+03   1.3584695E-15   7.5205706E-17      0
  2.685398672620533E+03   1.4589849E-15   7.9102673E-17      0
  2.686948815792072E+03   1.3908451E-15   7.5214190E-17      0
  2.688498968156048E+03   1.2699167E-15   7.2437715E-17      0
  2.690049129712622E+03   1.3542954E-15   7.6119675E-17      0
  2.691599300461959E+03   1.4550499E-15   7.6931748E-17      0
  2.693149480404221E+03   1.4178800E-15   7.6780618E-17      0
  2.694699669539573E+03   1.4206529E-15   7.8530800E-17      0
  2.696249867868179E+03   1.4486984E-15   7.6967740E-17      0
  2.697800075390200E+03   1.4768321E-15   7.9027221E-17      0
  2.699350292105803E+03   1.4037473E-15   7.5775177E-17      0
  2.700900518015148E+03   1.7436753E-15   8.5038104E-17      0
  2.702450753118402E+03   1.6039665E-15   8.1831370E-17      0
  2.704000997415726E+03   1.6124530E-15   8.1001053E-17      0
  2.705551250907284E+03   1.5933439E-15   8.0876354E-17      0
  2.707101513593241E+03   1.5415050E-15   7.9706819E-17      0
  2.708651785473759E+03   1.6750813E-15   8.3198077E-17      0
  2.710202066549004E+03   1.7530080E-15   8.4306625E-17      0
  2.711752356819136E+03   1.7352792E-15   8.5863670E-17      0
  2.713302656284322E+03   1.7613357E-15   8.4142089E-17      0
  2.714852964944723E+03   1.8502799E-15   8.6380142E-17      0
  2.716403282800504E+03   1.8443897E-15   8.8952038E-17      0
  2.717953609851828E+03   1.9003337E-15   8.7681602E-17      0
  2.719503946098860E+03   1.8801038E-15   8.7598526E-17      0
  2.721054291541762E+03   1.8012342E-15   8.5748209E-17      0
  2.722604646180698E+03   1.9825899E-15   8.9061637E-17      0
  2.724155010015833E+03   2.1421304E-15   9.4077302E-17      0
  2.725705383047329E+03   1.9328019E-15   8.8194500E-17      0
  2.727255765275350E+03   2.0385629E-15   9.2182106E-17      0
  2.728806156700060E+03   1.9509873E-15   8.8938413E-17      0
  2.730356557321622E+03   2.0069584E-15   9.0416400E-17      0
  2.731906967140201E+03   2.1094409E-15   9.3407908E-17      0
  2.733457386155960E+03   2.0113833E-15   9.0387614E-17      0
  2.735007814369062E+03   1.8945099E-15   8.8478772E-17      0
  2.736558251779672E+03   2.1143073E-15   9.2858594E-17      0
  2.738108698387952E+03   2.0500074E-15   9.1716132E-17      0
  2.739659154194067E+03   2.3029155E-15   9.7803877E-17      0
  2.741209619198180E+03   2.2061329E-15   9.5173105E-17      0
  2.742760093400456E+03   2.2352755E-15   9.6885700E-17      0
  2.744310576801057E+03   2.3488971E-15   9.7113492E-17      0
  2.745861069400148E+03   2.3448885E-15   9.8232575E-17      0
  2.747411571197891E+03   2.2619973E-15   9.7457593E-17      0
  2.748962082194452E+03   2.1945268E-15   9.3000684E-17      0
  2.750512602389993E+03   2.2151030E-15   9.6546317E-17      0
  2.752063131784679E+03   2.3005677E-15   9.6823370E-17      0
  2.753613670378672E+03   2.2311388E-15   9.6302015E-17      0
  2.755164218172138E+03   2.3258900E-15   9.7972417E-17      0
  2.756714775165239E+03   2.1689670E-15   9.2857496E-17      0
  2.758265341358139E+03   2.2696720E-15   9.7072398E-17      0
  2.759815916751003E+03   2.2296863E-15   9.6392369E-17      0
  2.761366501343993E+03   2.4308838E-15   9.8600855E-17      0
  2.762917095137274E+03   2.4059789E-15   1.0143750E-16      0
  2.764467698131009E+03   2.3598641E-15   9.8249568E-17      0
  2.766018310325363E+03   2.3309191E-15   9.7602812E-17      0
  2.767568931720498E+03   2.5170533E-15   1.0438114E-16      0
  2.769119562316579E+03   2.5304671E-15   1.0126170E-16      0
  2.770670202113769E+03   2.2952471E-15   9.7708202E-17      0
  2.772220851112233E+03   2.2096614E-15   9.6414061E-17      0
  2.773771509312133E+03   2.3782754E-15   9.7314351E-17      0
  2.775322176713635E+03   2.4609204E-15   1.0313837E-16      0
  2.776872853316901E+03   2.5019985E-15   1.0122528E-16      0
  2.778423539122096E+03   2.2198991E-15   9.6585817E-17      0
  2.779974234129384E+03   2.5214470E-15   1.0300166E-16      0
  2.781524938338927E+03   2.4207649E-15   1.0034459E-16      0
  2.783075651750890E+03   2.3181447E-15   9.8684943E-17      0
  2.784626374365438E+03   2.2776424E-15   9.7508957E-17      0
  2.786177106182732E+03   2.4166733E-15   1.0169433E-16      0
  2.787727847202939E+03   2.4211838E-15   1.0082837E-16      0
  2.789278597426221E+03   2.0786324E-15   9.4413508E-17      0
  2.790829356852741E+03   2.1516409E-15   9.7305193E-17      0
  2.792380125482665E+03   2.2470408E-15   9.5993781E-17      0
  2.793930903316156E+03   1.9533473E-15   9.2529853E-17      0
  2.795481690353378E+03   1.6374654E-15   8.6035029E-17      0
  2.797032486594494E+03   1.9017148E-15   9.0890586E-17      0
  2.798583292039668E+03   2.0841330E-15   9.6527610E-17      0
  2.800134106689065E+03   2.1673129E-15   9.7536367E-17      0
  2.801684930542849E+03   1.8390788E-15   9.0263934E-17      0
  2.803235763601182E+03   1.7226645E-15   8.7550742E-17      0
  2.804786605864230E+03   1.9810313E-15   9.2132237E-17      0
  2.806337457332156E+03   2.1120904E-15   9.6118599E-17      0
  2.807888318005124E+03   1.7449735E-15   8.7948662E-17      0
  2.809439187883298E+03   1.2555077E-15   7.6536468E-17      0
  2.810990066966840E+03   1.8742158E-15   9.1292477E-17      0
  2.812540955255917E+03   2.1531408E-15   9.5451964E-17      0
  2.814091852750692E+03   1.9285492E-15   9.2234926E-17      0
  2.815642759451327E+03   1.5586039E-15   8.3308357E-17      0
  2.817193675357988E+03   1.6432490E-15   8.6744439E-17      0
  2.818744600470839E+03   2.1820619E-15   9.6058254E-17      0
  2.820295534790043E+03   2.1562541E-15   9.7866498E-17      0
  2.821846478315764E+03   2.1992014E-15   9.8708210E-17      0
  2.823397431048167E+03   2.1925933E-15   9.6566746E-17      0
  2.824948392987415E+03   2.1663937E-15   9.7976460E-17      0
  2.826499364133672E+03   2.2470274E-15   9.8689238E-17      0
  2.828050344487101E+03   2.4300579E-15   1.0227207E-16      0
  2.829601334047868E+03   2.4898531E-15   1.0472969E-16      0
  2.831152332816137E+03   2.2787818E-15   9.8756346E-17      0
  2.832703340792069E+03   2.4838322E-15   1.0590986E-16      0
  2.834254357975831E+03   2.5185004E-15   1.0386688E-16      0
  2.835805384367587E+03   2.2515029E-15   9.9314540E-17      0
  2.837356419967499E+03   2.3584440E-15   1.0281458E-16      0
  2.838907464775732E+03   2.4084016E-15   1.0206421E-16      0
  2.840458518792451E+03   2.4936942E-15   1.0581953E-16      0
  2.842009582017818E+03   2.4176650E-15   1.0317914E-16      0
  2.843560654451998E+03   2.4932339E-15   1.0419022E-16      0
  2.845111736095156E+03   2.4125684E-15   1.0443784E-16      0
  2.846662826947454E+03   2.5232648E-15   1.0541786E-16      0
  2.848213927009058E+03   2.6034864E-15   1.0839513E-16      0
  2.849765036280131E+03   2.7406600E-15   1.1134354E-16      0
  2.851316154760837E+03   2.6565592E-15   1.0916042E-16      0
  2.852867282451341E+03   2.6609208E-15   1.0992392E-16      0
  2.854418419351806E+03   2.6048806E-15   1.0810635E-16      0
  2.855969565462396E+03   2.8449298E-15   1.1238903E-16      0
  2.857520720783275E+03   2.6886209E-15   1.0988951E-16      0
  2.859071885314609E+03   2.9476927E-15   1.1581398E-16      0
  2.860623059056560E+03   3.1109538E-15   1.1704370E-16      0
  2.862174242009292E+03   2.8676216E-15   1.1499871E-16      0
  2.863725434172970E+03   3.0959622E-15   1.1871619E-16      0
  2.865276635547758E+03   2.4627229E-15   1.0798752E-16      0
  2.866827846133820E+03   2.5935075E-15   1.0974464E-16      0
  2.868379065931320E+03   2.9545280E-15   1.1588259E-16      0
  2.869930294940422E+03   3.5911016E-15   1.2762646E-16      0
  2.871481533161290E+03   3.3804126E-15   1.2355618E-16      0
  2.873032780594089E+03   3.4451989E-15   1.2496137E-16      0
  2.874584037238983E+03   3.5806535E-15   1.2998058E-16      0
  2.876135303096134E+03   3.4965637E-15   1.2712135E-16      0
  2.877686578165708E+03   3.7849409E-15   1.3303391E-16      0
  2.879237862447870E+03   3.8299565E-15   1.3130510E-16      0
  2.880789155942782E+03   3.7307736E-15   1.3225387E-16      0
  2.882340458650609E+03   4.1381951E-15   1.3752799E-16      0
  2.883891770571516E+03   4.0402167E-15   1.3676481E-16      0
  2.885443091705666E+03   4.0829267E-15   1.3866906E-16      0
  2.886994422053223E+03   4.1930037E-15   1.3857115E-16      0
  2.888545761614353E+03   4.2106529E-15   1.3984321E-16      0
  2.890097110389218E+03   4.4690496E-15   1.4322313E-16      0
  2.891648468377983E+03   4.6272402E-15   1.4628353E-16      0
  2.893199835580812E+03   4.7224962E-15   1.4889868E-16      0
  2.894751211997870E+03   4.5849580E-15   1.4643005E-16      0
  2.896302597629320E+03   4.8429312E-15   1.5239117E-16      0
  2.897853992475328E+03   4.9574251E-15   1.4961075E-16      0
  2.899405396536055E+03   4.7678760E-15   1.5064558E-16      0
  2.900956809811669E+03   5.3080023E-15   1.5919197E-16      0
  2.902508232302331E+03   5.1922976E-15   1.5620758E-16      0
  2.904059664008207E+03   4.9919345E-15   1.5466661E-16      0
  2.905611104929461E+03   4.9000835E-15   1.5493636E-16      0
  2.907162555066257E+03   5.0224056E-15   1.5404207E-16      0
  2.908714014418759E+03   5.1391513E-15   1.5851310E-16      0
  2.910265482987133E+03   5.3704769E-15   1.6292344E-16      0
  2.911816960771540E+03   5.2583712E-15   1.5813744E-16      0
  2.913368447772146E+03   5.0212401E-15   1.5756605E-16      0
  2.914919943989115E+03   5.3861004E-15   1.6312067E-16      0
  2.916471449422612E+03   5.3909569E-15   1.6353035E-16      0
  2.918022964072800E+03   5.1537385E-15   1.6008441E-16      0
  2.919574487939845E+03   5.3804837E-15   1.6251255E-16      0
  2.921126021023909E+03   5.3511319E-15   1.6393873E-16      0
  2.922677563325158E+03   5.2483144E-15   1.6262526E-16      0
  2.924229114843756E+03   5.3650897E-15   1.6465638E-16      0
  2.925780675579867E+03   5.2752644E-15   1.6345594E-16      0
  2.927332245533655E+03   5.1638555E-15   1.6256950E-16      0
  2.928883824705285E+03   5.3670100E-15   1.6359128E-16      0
  2.930435413094920E+03   5.1524032E-15   1.6214171E-16      0
  2.931987010702726E+03   5.0238286E-15   1.6027130E-16      0
  2.933538617528866E+03   5.2927603E-15   1.6494946E-16      0
  2.935090233573505E+03   5.1595254E-15   1.6327584E-16      0
  2.936641858836806E+03   5.0960166E-15   1.6188213E-16      0
  2.938193493318936E+03   5.2514539E-15   1.6737004E-16      0
  2.939745137020057E+03   5.0743389E-15   1.6220246E-16      0
  2.941296789940334E+03   5.0773649E-15   1.6589066E-16      0
  2.942848452079931E+03   4.9349601E-15   1.6030944E-16      0
  2.944400123439013E+03   5.0727008E-15   1.6442326E-16      0
  2.945951804017745E+03   5.1058807E-15   1.6399484E-16      0
  2.947503493816289E+03   5.2135064E-15   1.6516303E-16      0
  2.949055192834811E+03   5.1810829E-15   1.6788561E-16      0
  2.950606901073475E+03   4.9203869E-15   1.6259443E-16      0
  2.952158618532445E+03   4.8458484E-15   1.6206844E-16      0
  2.953710345211888E+03   4.7104053E-15   1.6085091E-16      0
  2.955262081111964E+03   4.9324842E-15   1.6398497E-16      0
  2.956813826232840E+03   4.9420836E-15   1.6433366E-16      0
  2.958365580574680E+03   5.2184141E-15   1.7138648E-16      0
  2.959917344137649E+03   5.1087382E-15   1.6518913E-16      0
  2.961469116921910E+03   4.7254139E-15   1.6307358E-16      0
  2.963020898927628E+03   4.7244279E-15   1.6376257E-16      0
  2.964572690154968E+03   4.7528116E-15   1.6390454E-16      0
  2.966124490604094E+03   4.8318241E-15   1.6802992E-16      0
  2.967676300275170E+03   4.7717089E-15   1.6267421E-16      0
  2.969228119168361E+03   4.8203252E-15   1.6743605E-16      0
  2.970779947283830E+03   4.6559347E-15   1.6477865E-16      0
  2.972331784621743E+03   4.7130120E-15   1.6276216E-16      0
  2.973883631182264E+03   4.6787381E-15   1.6825089E-16      0
  2.975435486965558E+03   4.6378713E-15   1.6221187E-16      0
  2.976987351971789E+03   4.6551025E-15   1.6537232E-16      0
  2.978539226201121E+03   4.4784961E-15   1.6566837E-16      0
  2.980091109653718E+03   4.5882805E-15   1.6664108E-16      0
  2.981643002329746E+03   4.6434821E-15   1.6747884E-16      0
  2.983194904229369E+03   4.5639296E-15   1.6759453E-16      0
  2.984746815352750E+03   4.2402012E-15   1.5987841E-16      0
  2.986298735700055E+03   4.6855690E-15   1.6977751E-16      0
  2.987850665271449E+03   4.2922459E-15   1.6297262E-16      0
  2.989402604067094E+03   4.1624597E-15   1.6193794E-16      0
  2.990954552087157E+03   4.3183133E-15   1.6331711E-16      0
  2.992506509331801E+03   4.2655749E-15   1.6526113E-16      0
  2.994058475801191E+03   4.4462009E-15   1.6922964E-16      0
  2.995610451495492E+03   4.3191442E-15   1.6609416E-16      0
  2.997162436414867E+03   4.1267547E-15   1.6487758E-16      0
  2.998714430559483E+03   4.0154711E-15   1.6109370E-16      0
  3.000266433929502E+03   4.1341374E-15   1.6693721E-16      0
  3.001818446525090E+03   3.8292327E-15   1.6046973E-16      0
  3.003370468346411E+03   3.8450735E-15   1.5885804E-16      0
  3.004922499393629E+03   4.0700348E-15   1.6609335E-16      0
  3.006474539666909E+03   4.2822064E-15   1.7036334E-16      0
  3.008026589166416E+03   3.8477522E-15   1.6329326E-16      0
  3.009578647892315E+03   3.8929499E-15   1.6614267E-16      0
  3.011130715844768E+03   3.8588585E-15   1.6329022E-16      0
  3.012682793023942E+03   4.0027135E-15   1.6577610E-16      0
  3.014234879430001E+03   4.0803428E-15   1.6987145E-16      0
  3.015786975063109E+03   4.1513847E-15   1.7037659E-16      0
  3.017339079923432E+03   4.0578913E-15   1.6875731E-16      0
  3.018891194011132E+03   4.1383222E-15   1.7279745E-16      0
  3.020443317326376E+03   3.7755325E-15   1.6671060E-16      0
  3.021995449869328E+03   4.1235288E-15   1.7368329E-16      0
  3.023547591640151E+03   3.6268468E-15   1.6412691E-16      0
  3.025099742639012E+03   3.8513047E-15   1.7148179E-16      0
  3.026651902866075E+03   3.6734087E-15   1.6596582E-16      0
  3.028204072321502E+03   3.6876380E-15   1.6865628E-16      0
  3.029756251005461E+03   3.7333176E-15   1.7041836E-16      0
  3.031308438918115E+03   4.0743767E-15   1.7694346E-16      0
  3.032860636059629E+03   4.0322864E-15   1.7863926E-16      0
  3.034412842430167E+03   3.7923334E-15   1.7114045E-16      0
  3.035965058029895E+03   3.5592168E-15   1.6902458E-16      0
  3.037517282858975E+03   4.2965844E-15   1.8341048E-16      0
  3.039069516917575E+03   3.8052362E-15   1.7439347E-16      0
  3.040621760205857E+03   4.0789105E-15   1.8500843E-16      0
  3.042174012723988E+03   4.0403412E-15   1.7794438E-16      0
  3.043726274472130E+03   4.1463190E-15   1.8622937E-16      0
  3.045278545450449E+03   3.8211634E-15   1.7767949E-16      0
  3.046830825659110E+03   4.0765887E-15   1.8442035E-16      0
  3.048383115098277E+03   3.9875245E-15   1.8801030E-16      0
  3.049935413768115E+03   4.1716944E-15   1.8816650E-16      0
  3.051487721668789E+03   3.6919286E-15   1.7814461E-16      0
  3.053040038800463E+03   3.8989680E-15   1.8674526E-16      0
  3.054592365163302E+03   4.0407220E-15   1.8544084E-16      0
  3.056144700757470E+03   3.7862673E-15   1.8466741E-16      0
  3.057697045583133E+03   3.6297581E-15   1.8054846E-16      0
  3.059249399640455E+03   3.6711361E-15   1.8131668E-16      0
  3.060801762929601E+03   4.0285772E-15   1.9430406E-16      0
  3.062354135450735E+03   3.5331072E-15   1.7928605E-16      0
  3.063906517204023E+03   3.4248613E-15   1.8317245E-16      0
  3.065458908189627E+03   3.6903337E-15   1.8660993E-16      0
  3.067011308407715E+03   3.6317304E-15   1.8509741E-16      0
  3.068563717858450E+03   4.0354437E-15   1.9546700E-16      0
  3.070116136541997E+03   3.5408770E-15   1.8487086E-16      0
  3.071668564458521E+03   3.7485075E-15   1.9062130E-16      0
  3.073221001608186E+03   3.6365822E-15   1.9094541E-16      0
  3.074773447991158E+03   3.7581835E-15   1.9490796E-16      0
  3.076325903607601E+03   3.9317885E-15   2.0051652E-16      0
  3.077878368457679E+03   3.8552806E-15   1.9766078E-16      0
  3.079430842541558E+03   3.6971277E-15   1.9732219E-16      0
  3.080983325859403E+03   4.0674624E-15   2.0205275E-16      0
  3.082535818411377E+03   3.4882975E-15   1.9188925E-16      0
  3.084088320197646E+03   4.0670914E-15   2.0811839E-16      0
  3.085640831218375E+03   3.7890058E-15   2.0242049E-16      0
  3.087193351473728E+03   3.9793680E-15   2.0585119E-16      0
  3.088745880963871E+03   3.9294998E-15   2.0647377E-16      0
  3.090298419688967E+03   3.9753387E-15   2.0788800E-16      0
  3.091850967649182E+03   3.7279263E-15   2.0572745E-16      0
  3.093403524844681E+03   4.2034201E-15   2.1822200E-16      0
  3.094956091275628E+03   3.9392000E-15   2.1147496E-16      0
  3.096508666942188E+03   4.2154987E-15   2.2092986E-16      0
  3.098061251844527E+03   3.7627190E-15   2.1178722E-16      0
  3.099613845982808E+03   3.9603843E-15   2.1761415E-16      0
  3.101166449357197E+03   4.3144136E-15   2.2133322E-16      0
  3.102719061967859E+03   4.3468304E-15   2.3062179E-16      0
  3.104271683814958E+03   4.4042537E-15   2.3382371E-16      0
  3.105824314898659E+03   4.3196309E-15   2.2906794E-16      0
  3.107376955219127E+03   4.1050613E-15   2.2984377E-16      0
  3.108929604776527E+03   3.9272001E-15   2.1897864E-16      0
  3.110482263571024E+03   4.2558425E-15   2.2937599E-16      0
  3.112034931602783E+03   4.3830474E-15   2.3757982E-16      0
  3.113587608871968E+03   4.3523865E-15   2.3636182E-16      0
  3.115140295378744E+03   4.4023830E-15   2.4178990E-16      0
  3.116692991123277E+03   4.5473824E-15   2.4538965E-16      0
  3.118245696105731E+03   4.2293765E-15   2.3684502E-16      0
  3.119798410326270E+03   4.4174907E-15   2.4557224E-16      0
  3.121351133785061E+03   4.2940814E-15   2.3997889E-16      0
  3.122903866482267E+03   3.9805784E-15   2.3625827E-16      0
  3.124456608418055E+03   4.5617612E-15   2.5126806E-16      0
  3.126009359592588E+03   4.2166672E-15   2.4577302E-16      0
  3.127562120006031E+03   3.8487610E-15   2.3645031E-16      0
  3.129114889658550E+03   4.6413920E-15   2.5871592E-16      0
  3.130667668550309E+03   4.8184003E-15   2.6381098E-16      0
  3.132220456681474E+03   4.5601251E-15   2.5532524E-16      0
  3.133773254052208E+03   4.7774602E-15   2.6553684E-16      0
  3.135326060662679E+03   4.9367515E-15   2.7094263E-16      0
  3.136878876513049E+03   4.6557094E-15   2.6390143E-16      0
  3.138431701603483E+03   4.4422745E-15   2.6327685E-16      0
  3.139984535934148E+03   4.5129361E-15   2.6443011E-16      0
  3.141537379505209E+03   4.9388357E-15   2.7819667E-16      0
  3.143090232316829E+03   4.9364004E-15   2.7850102E-16      0
  3.144643094369174E+03   4.8882813E-15   2.7656076E-16      0
  3.146195965662409E+03   5.0995106E-15   2.8736614E-16      0
  3.147748846196699E+03   3.1376267E-15   2.1648165E-16   2560
  3.149301735972208E+03   3.0656401E-15   2.2669828E-16   2564
  3.150854634989102E+03   6.0660290E-15   3.1757163E-16   2564
  3.152407543247546E+03   1.1416097E-14   4.3655893E-16   2564
  3.153960460747705E+03   4.7764155E-17   2.9535834E-17   2564
