

  2.888692798035879E+03   2.9243887E-14
  2.891437875043956E+03   1.6162725E-13
  2.894182974682130E+03   2.3384443E-14
  2.896928096886801E+03  -6.9358270E-14
  2.899673241594361E+03  -4.0917799E-17
  2.902418408741201E+03   5.4000709E-14
  2.905163598263705E+03   6.9586420E-14
  2.907908810098252E+03   3.4209614E-14
  2.910654044181215E+03  -1.9663145E-14
  2.913399300448961E+03  -5.3622700E-15
  2.916144578837856E+03   1.7008577E-14
  2.918889879284256E+03   2.6864722E-14
  2.921635201724515E+03   1.0783295E-15
  2.924380546094981E+03  -1.3983968E-14
  2.927125912331996E+03   5.1639033E-15
  2.929871300371898E+03   2.7862546E-14
  2.932616710151019E+03   8.4660748E-15
  2.935362141605687E+03   8.8437329E-15
  2.938107594672224E+03   8.8984098E-15
  2.940853069286949E+03   1.3967208E-14
  2.943598565386173E+03   2.1133053E-15
  2.946344082906202E+03   8.5255298E-15
  2.949089621783341E+03   8.8773957E-15
  2.951835181953887E+03   5.5064955E-15
  2.954580763354131E+03   1.5960052E-14
  2.957326365920362E+03   1.2965322E-14
  2.960071989588862E+03  -2.8975966E-15
  2.962817634295908E+03   1.8194424E-14
  2.965563299977774E+03   1.2579108E-14
  2.968308986570727E+03   2.1892896E-14
  2.971054694011030E+03   1.4020572E-14
  2.973800422234942E+03   1.5989568E-14
  2.976546171178716E+03   1.7468979E-14
  2.979291940778600E+03   1.8263987E-14
  2.982037730970838E+03   2.1283421E-14
  2.984783541691669E+03   2.1168163E-14
  2.987529372877326E+03   1.6716127E-14
  2.990275224464041E+03   2.1747669E-14
  2.993021096388035E+03   1.9189728E-14
  2.995766988585531E+03   1.4525243E-14
  2.998512900992742E+03   1.4352736E-14
  3.001258833545879E+03   1.6185898E-14
  3.004004786181148E+03   1.7546509E-14
  3.006750758834750E+03   1.9607615E-14
  3.009496751442881E+03   1.6252102E-14
  3.012242763941733E+03   1.5351578E-14
  3.014988796267493E+03   1.6342703E-14
  3.017734848356343E+03   1.7842629E-14
  3.020480920144461E+03   1.6217186E-14
  3.023227011568020E+03   1.7794136E-14
  3.025973122563190E+03   1.1415589E-14
  3.028719253066135E+03   1.4357847E-14
  3.031465403013011E+03   9.8848864E-15
  3.034211572339977E+03   1.5902676E-14
  3.036957760983183E+03   1.4549349E-14
  3.039703968878772E+03   1.1166291E-14
  3.042450195962889E+03   1.2094908E-14
  3.045196442171669E+03   1.5342604E-14
  3.047942707441246E+03   1.2406516E-14
  3.050688991707746E+03   1.7532428E-14
  3.053435294907295E+03   1.5364571E-14
  3.056181616976010E+03   1.6243112E-14
  3.058927957850007E+03   1.5660857E-14
  3.061674317465397E+03   1.6964389E-14
  3.064420695758285E+03   2.0149504E-14
  3.067167092664774E+03   1.7267897E-14
  3.069913508120959E+03   1.8862721E-14
  3.072659942062936E+03   1.9248847E-14
  3.075406394426793E+03   1.8531553E-14
  3.078152865148613E+03   1.7433913E-14
  3.080899354164477E+03   1.8175933E-14
  3.083645861410460E+03   2.0538464E-14
  3.086392386822635E+03   2.3180981E-14
  3.089138930337069E+03   2.1980520E-14
  3.091885491889826E+03   2.1847660E-14
  3.094632071416962E+03   2.0624468E-14
  3.097378668854536E+03   2.0687101E-14
  3.100125284138594E+03   2.2297861E-14
  3.102871917205186E+03   2.3461090E-14
  3.105618567990353E+03   2.0925026E-14
  3.108365236430134E+03   2.2643735E-14
  3.111111922460560E+03   2.4520801E-14
  3.113858626017664E+03   2.5227619E-14
  3.116605347037471E+03   2.6223340E-14
  3.119352085456003E+03   2.2682055E-14
  3.122098841209276E+03   2.2625438E-14
  3.124845614233306E+03   2.4353993E-14
  3.127592404464100E+03   2.5106353E-14
  3.130339211837665E+03   2.7004195E-14
  3.133086036290003E+03   2.4467878E-14
  3.135832877757111E+03   2.6398813E-14
  3.138579736174982E+03   2.2295225E-14
  3.141326611479607E+03   2.1364619E-14
  3.144073503606971E+03   2.4150549E-14
  3.146820412493055E+03   2.2211137E-14
  3.149567338073837E+03   2.4939003E-14
  3.152314280285292E+03   2.5111481E-14
  3.155061239063390E+03   2.2427933E-14
  3.157808214344096E+03   2.3890542E-14
  3.160555206063374E+03   2.3825138E-14
  3.163302214157180E+03   2.5111600E-14
  3.166049238561471E+03   2.3251073E-14
  3.168796279212196E+03   2.3153971E-14
  3.171543336045303E+03   2.3365631E-14
  3.174290408996737E+03   2.4760352E-14
  3.177037498002434E+03   2.2584609E-14
  3.179784602998332E+03   2.2084040E-14
  3.182531723920362E+03   2.0714643E-14
  3.185278860704454E+03   2.4402975E-14
  3.188026013286531E+03   2.2674593E-14
  3.190773181602514E+03   2.4514980E-14
  3.193520365588321E+03   2.4951172E-14
  3.196267565179864E+03   2.3742742E-14
  3.199014780313055E+03   2.3365529E-14
  3.201762010923798E+03   2.3508751E-14
  3.204509256947998E+03   2.2959033E-14
  3.207256518321553E+03   2.6366270E-14
  3.210003794980357E+03   2.3580616E-14
  3.212751086860304E+03   2.4465776E-14
  3.215498393897282E+03   2.3118223E-14
  3.218245716027175E+03   2.4493740E-14
  3.220993053185864E+03   2.2599498E-14
  3.223740405309228E+03   2.1181304E-14
  3.226487772333141E+03   2.3874793E-14
  3.229235154193471E+03   2.4011868E-14
  3.231982550826089E+03   2.1095496E-14
  3.234729962166859E+03   2.2483280E-14
  3.237477388151637E+03   1.9814525E-14
  3.240224828716284E+03   1.8556618E-14
  3.242972283796652E+03   2.4428398E-14
  3.245719753328592E+03   2.0591488E-14
  3.248467237247949E+03   1.8450516E-14
  3.251214735490569E+03   2.0256217E-14
  3.253962247992290E+03   1.9370774E-14
  3.256709774688950E+03   2.0024518E-14
  3.259457315516382E+03   1.9480548E-14
  3.262204870410415E+03   1.9048455E-14
  3.264952439306876E+03   1.5162369E-14
  3.267700022141591E+03   2.2592146E-14
  3.270447618850377E+03   1.7081089E-14
  3.273195229369054E+03   1.9191425E-14
  3.275942853633434E+03   2.1031952E-14
  3.278690491579327E+03   2.0062716E-14
  3.281438143142541E+03   2.1059030E-14
  3.284185808258881E+03   2.2193906E-14
  3.286933486864148E+03   2.1017888E-14
  3.289681178894139E+03   1.8556041E-14
  3.292428884284649E+03   1.8059010E-14
  3.295176602971469E+03   2.1580317E-14
  3.297924334890389E+03   2.2759831E-14
  3.300672079977194E+03   1.7870240E-14
  3.303419838167664E+03   2.2110330E-14
  3.306167609397581E+03   2.1705084E-14
  3.308915393602720E+03   1.9603946E-14
  3.311663190718855E+03   2.2415971E-14
  3.314411000681755E+03   2.4014954E-14
  3.317158823427187E+03   2.0590963E-14
  3.319906658890917E+03   2.1721908E-14
  3.322654507008704E+03   1.8957810E-14
  3.325402367716307E+03   2.2416430E-14
  3.328150240949481E+03   2.5445070E-14
  3.330898126643980E+03   2.3297538E-14
  3.333646024735550E+03   2.7236446E-14
  3.336393935159940E+03   2.6834421E-14
  3.339141857852894E+03   2.3469731E-14
  3.341889792750151E+03   2.7490454E-14
  3.344637739787449E+03   2.5638767E-14
  3.347385698900524E+03   2.7979248E-14
  3.350133670025109E+03   7.3767002E-14
  3.352881653096931E+03   2.8312949E-14
  3.355629648051718E+03   2.9860602E-14
  3.358377654825194E+03   2.9169362E-14
  3.361125673353079E+03   2.9969635E-14
  3.363873703571093E+03   2.9167878E-14
  3.366621745414949E+03   3.0026444E-14
  3.369369798820362E+03   3.0153563E-14
  3.372117863723041E+03   3.3331973E-14
  3.374865940058695E+03   3.2075572E-14
  3.377614027763027E+03   3.1322242E-14
  3.380362126771739E+03   3.1199618E-14
  3.383110237020531E+03   3.2691640E-14
  3.385858358445100E+03   3.3320419E-14
  3.388606490981140E+03   2.9049476E-14
  3.391354634564344E+03   3.0504245E-14
  3.394102789130397E+03   3.3391652E-14
  3.396850954614990E+03   3.2427569E-14
  3.399599130953804E+03   3.2800585E-14
  3.402347318082522E+03   2.9884634E-14
  3.405095515936821E+03   3.4310255E-14
  3.407843724452378E+03   3.3966174E-14
  3.410591943564869E+03   3.5336351E-14
  3.413340173209961E+03   3.5944223E-14
  3.416088413323326E+03   3.7223161E-14
  3.418836663840631E+03   3.5469457E-14
  3.421584924697537E+03   3.4713673E-14
  3.424333195829707E+03   3.6104610E-14
  3.427081477172800E+03   3.9864335E-14
  3.429829768662473E+03   3.8409302E-14
  3.432578070234380E+03   3.9121931E-14
  3.435326381824173E+03   3.9136734E-14
  3.438074703367502E+03   4.1550815E-14
  3.440823034800014E+03   3.9940399E-14
  3.443571376057354E+03   4.0637659E-14
  3.446319727075164E+03   3.9922032E-14
  3.449068087789086E+03   3.9751436E-14
  3.451816458134757E+03   4.1606042E-14
  3.454564838047813E+03   4.5738051E-14
  3.457313227463887E+03   4.2224521E-14
  3.460061626318612E+03   4.4015965E-14
  3.462810034547615E+03   4.6899672E-14
  3.465558452086525E+03   4.8115554E-14
  3.468306878870966E+03   4.7407767E-14
  3.471055314836561E+03   4.8416949E-14
  3.473803759918929E+03   5.1928619E-14
  3.476552214053690E+03   5.3909341E-14
  3.479300677176459E+03   5.4776991E-14
  3.482049149222851E+03   5.2214296E-14
  3.484797630128478E+03   5.0218273E-14
  3.487546119828949E+03   5.3814300E-14
  3.490294618259874E+03   5.4193988E-14
  3.493043125356856E+03   5.4785684E-14
  3.495791641055501E+03   5.2368103E-14
  3.498540165291410E+03   5.7340343E-14
  3.501288698000182E+03   5.5557081E-14
  3.504037239117416E+03   5.0943685E-14
  3.506785788578707E+03   5.6623326E-14
  3.509534346319650E+03   5.5789239E-14
  3.512282912275836E+03   5.6944317E-14
  3.515031486382854E+03   5.9913798E-14
  3.517780068576295E+03   6.0086749E-14
  3.520528658791742E+03   5.8866310E-14
  3.523277256964782E+03   6.0929323E-14
  3.526025863030995E+03   6.1825314E-14
  3.528774476925964E+03   6.5760440E-14
  3.531523098585266E+03   6.4729878E-14
  3.534271727944478E+03   6.6370981E-14
  3.537020364939176E+03   6.6259816E-14
  3.539769009504933E+03   6.5422968E-14
  3.542517661577321E+03   6.5937049E-14
  3.545266321091909E+03   6.7402206E-14
  3.548014987984265E+03   6.7350198E-14
  3.550763662189956E+03   6.4625551E-14
  3.553512343644546E+03   6.7984897E-14
  3.556261032283599E+03   6.9287437E-14
  3.559009728042675E+03   7.0202016E-14
  3.561758430857335E+03   7.1448998E-14
  3.564507140663135E+03   7.3990767E-14
  3.567255857395632E+03   7.4781740E-14
  3.570004580990381E+03   7.6990687E-14
  3.572753311382935E+03   7.4672310E-14
  3.575502048508846E+03   7.4964991E-14
  3.578250792303662E+03   7.4484086E-14
  3.580999542702934E+03   7.7017779E-14
  3.583748299642205E+03   7.8358910E-14
  3.586497063057025E+03   7.9845256E-14
  3.589245832882934E+03   7.9691218E-14
  3.591994609055475E+03   7.7756493E-14
  3.594743391510189E+03   8.0533426E-14
  3.597492180182615E+03   8.1294218E-14
  3.600240975008292E+03   8.0836522E-14
  3.602989775922755E+03   8.2051072E-14
  3.605738582861539E+03   8.0438755E-14
  3.608487395760178E+03   8.3252991E-14
  3.611236214554203E+03   8.5340684E-14
  3.613985039179146E+03   8.4049487E-14
  3.616733869570537E+03   8.3349885E-14
  3.619482705663901E+03   7.9873987E-14
  3.622231547394767E+03   8.4663830E-14
  3.624980394698660E+03   8.0533995E-14
  3.627729247511103E+03   8.4434318E-14
  3.630478105767621E+03   8.1695013E-14
  3.633226969403733E+03   8.0080873E-14
  3.635975838354959E+03   8.3270223E-14
  3.638724712556821E+03   8.1875770E-14
  3.641473591944834E+03   7.9150465E-14
  3.644222476454515E+03   7.5037802E-14
  3.646971366021380E+03   7.4001332E-14
  3.649720260580942E+03   6.7840041E-14
  3.652469160068714E+03   6.8388641E-14
  3.655218064420209E+03   6.5243038E-14
  3.657966973570938E+03   6.2176609E-14
  3.660715887456407E+03   6.1621437E-14
  3.663464806012129E+03   6.0026907E-14
  3.666213729173608E+03   5.5448928E-14
  3.668962656876352E+03   5.3891760E-14
  3.671711589055864E+03   4.9809640E-14
  3.674460525647652E+03   5.0193326E-14
  3.677209466587214E+03   4.6624644E-14
  3.679958411810056E+03   4.4096271E-14
  3.682707361251677E+03   4.2862371E-14
  3.685456314847579E+03   4.2289617E-14
  3.688205272533259E+03   3.8100267E-14
  3.690954234244216E+03   3.7169923E-14
  3.693703199915947E+03   3.5776679E-14
  3.696452169483948E+03   3.5283852E-14
  3.699201142883715E+03   3.2184491E-14
  3.701950120050742E+03   3.9857837E-14
  3.704699100920523E+03   3.2040356E-14
  3.707448085428549E+03   3.2694465E-14
  3.710197073510314E+03   3.0921287E-14
  3.712946065101308E+03   3.1877841E-14
  3.715695060137022E+03   2.7851284E-14
  3.718444058552943E+03   2.9446219E-14
  3.721193060284562E+03   2.7742040E-14
  3.723942065267366E+03   2.7299586E-14
  3.726691073436841E+03   2.7689566E-14
  3.729440084728475E+03   2.7500837E-14
  3.732189099077752E+03   2.5369535E-14
  3.734938116420159E+03   2.6667770E-14
  3.737687136691177E+03   2.4909979E-14
  3.740436159826292E+03   2.6290559E-14
  3.743185185760985E+03   2.4026632E-14
  3.745934214430739E+03   2.7425904E-14
  3.748683245771036E+03   2.8661626E-14
  3.751432279717355E+03   2.9338687E-14
  3.754181316205179E+03   3.0090107E-14
  3.756930355169985E+03   3.1636982E-14
  3.759679396547253E+03   3.3660361E-14
  3.762428440272461E+03   3.4460712E-14
  3.765177486281088E+03   3.4538504E-14
  3.767926534508611E+03   3.6746126E-14
  3.770675584890506E+03   3.9095944E-14
  3.773424637362250E+03   3.9646387E-14
  3.776173691859319E+03   3.9029645E-14
  3.778922748317189E+03   4.0162877E-14
  3.781671806671333E+03   4.2745467E-14
  3.784420866857227E+03   4.2922581E-14
  3.787169928810345E+03   4.4890073E-14
  3.789918992466161E+03   4.3089857E-14
  3.792668057760146E+03   4.6637878E-14
  3.795417124627776E+03   4.1721631E-14
  3.798166193004521E+03   4.2961860E-14
  3.800915262825854E+03   4.4841768E-14
  3.803664334027248E+03   4.3790143E-14
  3.806413406544172E+03   4.4738881E-14
  3.809162480312099E+03   4.5287359E-14
  3.811911555266498E+03   4.4121401E-14
  3.814660631342843E+03   4.4933688E-14
  3.817409708476602E+03   4.6842843E-14
  3.820158786603244E+03   4.8170584E-14
  3.822907865658241E+03   4.8142554E-14
  3.825656945577062E+03   4.6284452E-14
  3.828406026295176E+03   4.8527182E-14
  3.831155107748052E+03   4.6522729E-14
  3.833904189871160E+03   5.0551682E-14
  3.836653272599968E+03   5.0662088E-14
  3.839402355869946E+03   4.8734830E-14
  3.842151439616561E+03   5.0227953E-14
  3.844900523775283E+03   5.2411448E-14
  3.847649608281579E+03   5.0775068E-14
  3.850398693070919E+03   5.4348612E-14
  3.853147778078769E+03   5.5842538E-14
  3.855896863240599E+03   5.5876842E-14
  3.858645948491878E+03   6.1896763E-14
  3.861395033768072E+03   6.2159404E-14
  3.864144119004650E+03   6.5461600E-14
  3.866893204137081E+03   6.4885461E-14
  3.869642289100832E+03   7.0283257E-14
  3.872391373831373E+03   7.7300288E-14
  3.875140458264170E+03   7.4096518E-14
  3.877889542334692E+03   7.8371012E-14
  3.880638625978408E+03   8.2119255E-14
  3.883387709130786E+03   8.2367347E-14
  3.886136791727296E+03   8.6252667E-14
  3.888885873703406E+03   8.6028617E-14
  3.891634954994584E+03   9.0807800E-14
  3.894384035536300E+03   9.0365012E-14
  3.897133115264023E+03   9.2425992E-14
  3.899882194113223E+03   9.6206409E-14
  3.902631272019370E+03   9.4685429E-14
  3.905380348917932E+03   9.4893582E-14
  3.908129424744381E+03   9.7695472E-14
  3.910878499434186E+03   9.1845666E-14
  3.913627572922819E+03   9.4045072E-14
  3.916376645145750E+03   9.4476009E-14
  3.919125716038451E+03   9.2534196E-14
  3.921874785536393E+03   9.3637941E-14
  3.924623853575047E+03   9.5607848E-14
  3.927372920089887E+03   9.1782722E-14
  3.930121985016385E+03   9.6016951E-14
  3.932871048290012E+03   9.7059310E-14
  3.935620109846245E+03   9.1988896E-14
  3.938369169620554E+03   9.1133196E-14
  3.941118227548416E+03   9.4877929E-14
  3.943867283565304E+03   9.3923655E-14
  3.946616337606693E+03   9.5794663E-14
  3.949365389608060E+03   9.6761602E-14
  3.952114439504880E+03   9.5205954E-14
  3.954863487232629E+03   9.0958152E-14
  3.957612532726784E+03   8.4912614E-14
  3.960361575922823E+03   9.4949629E-14
  3.963110616756224E+03   9.8685491E-14
  3.965859655162466E+03   9.9608655E-14
  3.968608691077027E+03   9.6563430E-14
  3.971357724435387E+03   9.7565937E-14
  3.974106755173028E+03   9.5918418E-14
  3.976855783225429E+03   9.6284410E-14
  3.979604808528073E+03   9.5198270E-14
  3.982353831016440E+03   9.2423458E-14
  3.985102850626017E+03   9.2559634E-14
  3.987851867292283E+03   8.9458016E-14
  3.990600880950726E+03   8.1927812E-14
  3.993349891536828E+03   7.9412883E-14
  3.996098898986076E+03   8.2689010E-14
  3.998847903233957E+03   8.4335940E-14
  4.001596904215958E+03   8.5159141E-14
  4.004345901867566E+03   8.2868784E-14
  4.007094896124270E+03   8.3262837E-14
  4.009843886921560E+03   8.4199473E-14
  4.012592874194927E+03   8.4276560E-14
  4.015341857879861E+03   8.6239142E-14
  4.018090837911853E+03   8.7507435E-14
  4.020839814226398E+03   8.7109173E-14
  4.023588786758990E+03   8.6759816E-14
  4.026337755445122E+03   8.8195537E-14
  4.029086720220290E+03   9.0584468E-14
  4.031835681019990E+03   9.0106464E-14
  4.034584637779721E+03   8.6600520E-14
  4.037333590434980E+03   9.0679878E-14
  4.040082538921265E+03   9.2188742E-14
  4.042831483174079E+03   9.1580294E-14
  4.045580423128923E+03   9.3866294E-14
  4.048329358721297E+03   9.4220862E-14
  4.051078289886706E+03   9.7305173E-14
  4.053827216560655E+03   9.7121550E-14
  4.056576138678647E+03   9.8387166E-14
  4.059325056176190E+03   1.0218495E-13
  4.062073968988792E+03   1.0005912E-13
  4.064822877051961E+03   1.0185360E-13
  4.067571780301206E+03   1.0175924E-13
  4.070320678672039E+03   1.0325440E-13
  4.073069572099972E+03   1.0199311E-13
  4.075818460520518E+03   1.0256744E-13
  4.078567343869191E+03   1.0462474E-13
  4.081316222081506E+03   1.0576356E-13
  4.084065095092982E+03   1.0341746E-13
  4.086813962839135E+03   1.0637722E-13
  4.089562825255484E+03   1.0274737E-13
  4.092311682277551E+03   1.0457749E-13
  4.095060533840856E+03   1.0456837E-13
  4.097809379880924E+03   1.0188751E-13
  4.100558220333278E+03   1.0322561E-13
  4.103307055133444E+03   1.0351740E-13
  4.106055884216948E+03   9.9647294E-14
  4.108804707519320E+03   1.0483342E-13
  4.111553524976088E+03   1.0053759E-13
  4.114302336522785E+03   9.8651108E-14
  4.117051142094941E+03   9.9667826E-14
  4.119799941628091E+03   9.9370992E-14
  4.122548735057771E+03   9.6284309E-14
  4.125297522319515E+03   9.6427098E-14
  4.128046303348864E+03   9.6155729E-14
  4.130795078081357E+03   9.5476226E-14
  4.133543846452534E+03   9.2577916E-14
  4.136292608397938E+03   9.4065021E-14
  4.139041363853114E+03   9.2250270E-14
  4.141790112753606E+03   9.1184208E-14
  4.144538855034961E+03   8.9957257E-14
  4.147287590632730E+03   9.0639701E-14
  4.150036319482460E+03   8.7768483E-14
  4.152785041519705E+03   8.7990304E-14
  4.155533756680018E+03   8.8776290E-14
  4.158282464898954E+03   8.8156275E-14
  4.161031166112069E+03   8.7208154E-14
  4.163779860254923E+03   8.7963965E-14
  4.166528547263073E+03   8.9955238E-14
  4.169277227072082E+03   8.8612907E-14
  4.172025899617515E+03   8.9981713E-14
  4.174774564834935E+03   9.0771357E-14
  4.177523222659908E+03   9.2405467E-14
  4.180271873028007E+03   9.0567473E-14
  4.183020515874796E+03   9.0398948E-14
  4.185769151135852E+03   9.3719649E-14
  4.188517778746745E+03   9.1488103E-14
  4.191266398643053E+03   9.0653871E-14
  4.194015010760352E+03   9.1852185E-14
  4.196763615034222E+03   9.3301147E-14
  4.199512211400244E+03   9.0786855E-14
  4.202260799794000E+03   8.8643706E-14
  4.205009380151077E+03   8.8212857E-14
  4.207757952407059E+03   8.7101238E-14
  4.210506516497536E+03   8.7198945E-14
  4.213255072358097E+03   8.5646103E-14
  4.216003619924336E+03   8.6502555E-14
  4.218752159131846E+03   8.2138262E-14
  4.221500689916224E+03   8.2693367E-14
  4.224249212213070E+03   8.0213702E-14
  4.226997725957980E+03   7.9351314E-14
  4.229746231086559E+03   7.9015706E-14
  4.232494727534412E+03   7.8319797E-14
  4.235243215237144E+03   7.6248463E-14
  4.237991694130363E+03   7.4808025E-14
  4.240740164149680E+03   7.4806677E-14
  4.243488625230708E+03   7.2968920E-14
  4.246237077309061E+03   7.3992021E-14
  4.248985520320355E+03   7.0776935E-14
  4.251733954200210E+03   7.0146397E-14
  4.254482378884246E+03   6.8174111E-14
  4.257230794308087E+03   6.6761639E-14
  4.259979200407358E+03   6.6977450E-14
  4.262727597117687E+03   6.5037609E-14
  4.265475984374702E+03   6.3686463E-14
  4.268224362114036E+03   6.2515151E-14
  4.270972730271324E+03   6.0979874E-14
  4.273721088782200E+03   6.2295058E-14
  4.276469437582305E+03   5.9069232E-14
  4.279217776607279E+03   5.6349443E-14
  4.281966105792766E+03   5.6873641E-14
  4.284714425074410E+03   5.5980506E-14
  4.287462734387859E+03   5.4026587E-14
  4.290211033668765E+03   5.5827298E-14
  4.292959322852778E+03   5.3187408E-14
  4.295707601875553E+03   5.0822143E-14
  4.298455870672750E+03   5.3991476E-14
  4.301204129180027E+03   5.0278070E-14
  4.303952377333046E+03   5.0742122E-14
  4.306700615067472E+03   5.0941202E-14
  4.309448842318970E+03   5.0270907E-14
  4.312197059023211E+03   5.0326883E-14
  4.314945265115868E+03   5.0983801E-14
  4.317693460532612E+03   5.0950899E-14
  4.320441645209124E+03   4.9968761E-14
  4.323189819081080E+03   5.1265849E-14
  4.325937982084164E+03   4.9544065E-14
  4.328686134154059E+03   4.8664313E-14
  4.331434275226453E+03   5.0622927E-14
  4.334182405237035E+03   5.1085611E-14
  4.336930524121496E+03   5.3864404E-14
  4.339678631815534E+03   5.5302293E-14
  4.342426728254843E+03   5.6553842E-14
  4.345174813375125E+03   5.5878682E-14
  4.347922887112083E+03   5.7480991E-14
  4.350670949401421E+03   5.8504532E-14
  4.353419000178848E+03   5.8014106E-14
  4.356167039380074E+03   5.9852514E-14
  4.358915066940813E+03   5.8390304E-14
  4.361663082796781E+03   6.0664107E-14
  4.364411086883696E+03   6.2517225E-14
  4.367159079137282E+03   5.9271564E-14
  4.369907059493260E+03   6.4169529E-14
  4.372655027887361E+03   6.1834957E-14
  4.375402984255313E+03   6.2546194E-14
  4.378150928532848E+03   6.4106374E-14
  4.380898860655703E+03   6.4667754E-14
  4.383646780559617E+03   6.6603922E-14
  4.386394688180329E+03   6.5644342E-14
  4.389142583453586E+03   6.7123641E-14
  4.391890466315133E+03   6.8413889E-14
  4.394638336700722E+03   6.7786902E-14
  4.397386194546105E+03   6.9164577E-14
  4.400134039787038E+03   6.9577753E-14
  4.402881872359279E+03   6.9842617E-14
  4.405629692198590E+03   7.0303348E-14
  4.408377499240737E+03   6.8571986E-14
  4.411125293421487E+03   7.2619238E-14
  4.413873074676612E+03   7.1172004E-14
  4.416620842941885E+03   7.3183247E-14
  4.419368598153081E+03   7.2858711E-14
  4.422116340245982E+03   7.4909812E-14
  4.424864069156371E+03   7.3290142E-14
  4.427611784820034E+03   7.5317512E-14
  4.430359487172760E+03   7.6687775E-14
  4.433107176150341E+03   7.9201985E-14
  4.435854851688571E+03   7.6784384E-14
  4.438602513723253E+03   7.8088144E-14
  4.441350162190184E+03   7.9741416E-14
  4.444097797025171E+03   7.8371913E-14
  4.446845418164023E+03   7.7652477E-14
  4.449593025542549E+03   7.9295138E-14
  4.452340619096565E+03   7.8096560E-14
  4.455088198761890E+03   8.0333560E-14
  4.457835764474341E+03   8.3516825E-14
  4.460583316169746E+03   8.2117479E-14
  4.463330853783932E+03   8.0803874E-14
  4.466078377252728E+03   8.1229071E-14
  4.468825886511971E+03   8.5655014E-14
  4.471573381497496E+03   8.5232419E-14
  4.474320862145144E+03   8.3497099E-14
  4.477068328390760E+03   8.5909808E-14
  4.479815780170193E+03   8.5538605E-14
  4.482563217419291E+03   8.6413739E-14
  4.485310640073910E+03   8.6380386E-14
  4.488058048069906E+03   8.8232020E-14
  4.490805441343144E+03   8.6370676E-14
  4.493552819829484E+03   8.8281433E-14
  4.496300183464798E+03   9.0746502E-14
  4.499047532184954E+03   8.9248555E-14
  4.501794865925830E+03   9.2221071E-14
  4.504542184623302E+03   9.2672289E-14
  4.507289488213255E+03   9.4898536E-14
  4.510036776631572E+03   9.3556795E-14
  4.512784049814145E+03   9.0825479E-14
  4.515531307696862E+03   8.9904436E-14
  4.518278550215623E+03   9.1366144E-14
  4.521025777306328E+03   8.9466337E-14
  4.523772988904879E+03   9.1324233E-14
  4.526520184947182E+03   9.0927076E-14
  4.529267365369150E+03   9.0034852E-14
  4.532014530106698E+03   8.8220033E-14
  4.534761679095741E+03   8.9294532E-14
  4.537508812272203E+03   8.7371570E-14
  4.540255929572008E+03   8.9139620E-14
  4.543003030931087E+03   9.0768471E-14
  4.545750116285372E+03   8.9312543E-14
  4.548497185570798E+03   8.8391981E-14
  4.551244238723308E+03   8.6927176E-14
  4.553991275678844E+03   8.7179341E-14
  4.556738296373356E+03   8.5632578E-14
  4.559485300742794E+03   8.7025961E-14
  4.562232288723113E+03   8.5409896E-14
  4.564979260250274E+03   8.2859622E-14
  4.567726215260239E+03   8.4118103E-14
  4.570473153688976E+03   8.2922201E-14
  4.573220075472456E+03   8.2603100E-14
  4.575966980546653E+03   8.2800913E-14
  4.578713868847546E+03   8.3788655E-14
  4.581460740311119E+03   8.3377187E-14
  4.584207594873356E+03   8.1063655E-14
  4.586954432470249E+03   7.9900625E-14
  4.589701253037792E+03   8.2480524E-14
  4.592448056511985E+03   8.1894371E-14
  4.595194842828829E+03   8.3151002E-14
  4.597941611924330E+03   8.3139543E-14
  4.600688363734500E+03   8.2646143E-14
  4.603435098195353E+03   8.4000989E-14
  4.606181815242907E+03   8.4560011E-14
  4.608928514813185E+03   8.3517679E-14
  4.611675196842213E+03   8.7732610E-14
  4.614421861266024E+03   8.5394636E-14
  4.617168508020650E+03   8.5356737E-14
  4.619915137042132E+03   8.6660388E-14
  4.622661748266513E+03   8.7270706E-14
  4.625408341629840E+03   8.5973797E-14
  4.628154917068164E+03   8.4988196E-14
  4.630901474517542E+03   8.5062762E-14
  4.633648013914033E+03   8.4367599E-14
  4.636394535193702E+03   8.5107580E-14
  4.639141038292616E+03   8.3308218E-14
  4.641887523146847E+03   8.4010354E-14
  4.644633989692476E+03   8.3488304E-14
  4.647380437865580E+03   8.0868946E-14
  4.650126867602246E+03   8.1991549E-14
  4.652873278838562E+03   7.9344700E-14
  4.655619671510625E+03   7.7354308E-14
  4.658366045554531E+03   7.5441355E-14
  4.661112400906384E+03   7.5699057E-14
  4.663858737502292E+03   7.3134160E-14
  4.666605055278363E+03   7.3906464E-14
  4.669351354170715E+03   7.2330827E-14
  4.672097634115469E+03   7.2431068E-14
  4.674843895048749E+03   7.1811575E-14
  4.677590136906683E+03   7.0571160E-14
  4.680336359625407E+03   6.9961194E-14
  4.683082563141055E+03   6.9191872E-14
  4.685828747389774E+03   6.9578851E-14
  4.688574912307708E+03   7.0078417E-14
  4.691321057831012E+03   6.9122815E-14
  4.694067183895838E+03   6.8294288E-14
  4.696813290438347E+03   6.8877501E-14
  4.699559377394708E+03   6.5739738E-14
  4.702305444701085E+03   6.9515194E-14
  4.705051492293655E+03   6.7680460E-14
  4.707797520108599E+03   6.8678671E-14
  4.710543528082098E+03   6.6621479E-14
  4.713289516150341E+03   6.6677634E-14
  4.716035484249521E+03   6.7617780E-14
  4.718781432315833E+03   6.7908163E-14
  4.721527360285482E+03   6.4513214E-14
  4.724273268094674E+03   6.5492100E-14
  4.727019155679619E+03   6.3380433E-14
  4.729765022976536E+03   6.4193015E-14
  4.732510869921643E+03   6.2137747E-14
  4.735256696451166E+03   6.2640180E-14
  4.738002502501336E+03   5.9913710E-14
  4.740748288008391E+03   5.9966280E-14
  4.743494052908567E+03   6.0849526E-14
  4.746239797138111E+03   6.0157100E-14
  4.748985520633269E+03   5.7170042E-14
  4.751731223330300E+03   5.8527937E-14
  4.754476905165462E+03   5.6854681E-14
  4.757222566075018E+03   5.5941251E-14
  4.759968205995237E+03   5.4944113E-14
  4.762713824862394E+03   5.5338309E-14
  4.765459422612767E+03   5.3641543E-14
  4.768204999182639E+03   5.3439766E-14
  4.770950554508301E+03   5.3065462E-14
  4.773696088526044E+03   5.2051344E-14
  4.776441601172170E+03   5.2337614E-14
  4.779187092382977E+03   5.1989093E-14
  4.781932562094779E+03   5.5369947E-14
  4.784678010243887E+03   5.3455511E-14
  4.787423436766619E+03   5.4636424E-14
  4.790168841599300E+03   5.5517833E-14
  4.792914224678259E+03   5.6550434E-14
  4.795659585939828E+03   5.7770202E-14
  4.798404925320348E+03   5.8244066E-14
  4.801150242756159E+03   5.9667000E-14
  4.803895538183614E+03   5.8902935E-14
  4.806640811539065E+03   6.0786798E-14
  4.809386062758873E+03   5.9690520E-14
  4.812131291779399E+03   5.9773800E-14
  4.814876498537017E+03   6.0406107E-14
  4.817621682968099E+03   6.2227940E-14
  4.820366845009025E+03   6.0620088E-14
  4.823111984596182E+03   5.8815860E-14
  4.825857101665958E+03   5.9293973E-14
  4.828602196154750E+03   5.7999863E-14
  4.831347267998959E+03   5.8588632E-14
  4.834092317134990E+03   5.8524474E-14
  4.836837343499256E+03   5.7437474E-14
  4.839582347028173E+03   5.4375859E-14
  4.842327327658163E+03   5.3977500E-14
  4.845072285325653E+03   5.3094956E-14
  4.847817219967076E+03   5.2758582E-14
  4.850562131518872E+03   5.1903408E-14
  4.853307019917481E+03   5.0940734E-14
  4.856051885099354E+03   4.9241949E-14
  4.858796727000945E+03   4.9362559E-14
  4.861541545558712E+03   4.7988367E-14
  4.864286340709123E+03   4.7308166E-14
  4.867031112388645E+03   4.7208822E-14
  4.869775860533759E+03   4.4552381E-14
  4.872520585080941E+03   4.4937954E-14
  4.875265285966680E+03   4.5902691E-14
  4.878009963127471E+03   4.5455434E-14
  4.880754616499808E+03   4.3761395E-14
  4.883499246020197E+03   4.5194632E-14
  4.886243851625146E+03   4.4771105E-14
  4.888988433251169E+03   4.5587730E-14
  4.891732990834788E+03   4.7059362E-14
  4.894477524312528E+03   4.4872245E-14
  4.897222033620920E+03   4.5743269E-14
  4.899966518696500E+03   4.6159359E-14
  4.902710979475813E+03   4.8155436E-14
  4.905455415895405E+03   4.9502743E-14
  4.908199827891832E+03   4.9068148E-14
  4.910944215401651E+03   4.9023492E-14
  4.913688578361429E+03   4.9506670E-14
  4.916432916707737E+03   5.0077055E-14
  4.919177230377152E+03   4.9964204E-14
  4.921921519306255E+03   4.9348702E-14
  4.924665783431635E+03   5.0480673E-14
  4.927410022689885E+03   5.1688515E-14
  4.930154237017608E+03   5.1203159E-14
  4.932898426351406E+03   5.1111157E-14
  4.935642590627890E+03   5.0780543E-14
  4.938386729783680E+03   5.0324111E-14
  4.941130843755397E+03   4.9699082E-14
  4.943874932479671E+03   5.1326504E-14
  4.946618995893136E+03   4.9750192E-14
  4.949363033932433E+03   5.0031299E-14
  4.952107046534206E+03   5.0530598E-14
  4.954851033635111E+03   4.9216429E-14
  4.957594995171804E+03   5.1098963E-14
  4.960338931080951E+03   4.9577394E-14
  4.963082841299219E+03   4.9844860E-14
  4.965826725763287E+03   4.8878758E-14
  4.968570584409836E+03   4.6273688E-14
  4.971314417175555E+03   4.7766001E-14
  4.974058223997136E+03   4.6527787E-14
  4.976802004811281E+03   4.7341644E-14
  4.979545759554697E+03   4.6333729E-14
  4.982289488164093E+03   4.6482143E-14
  4.985033190576189E+03   4.5973052E-14
  4.987776866727710E+03   4.5061828E-14
  4.990520516555384E+03   4.4534970E-14
  4.993264139995951E+03   4.4053333E-14
  4.996007736986152E+03   4.4115126E-14
  4.998751307462735E+03   4.4492981E-14
  5.001494851362457E+03   4.4102302E-14
  5.004238368622076E+03   4.3371526E-14
  5.006981859178361E+03   4.5820288E-14
  5.009725322968088E+03   4.4661588E-14
  5.012468759928031E+03   4.5007584E-14
  5.015212169994981E+03   4.6191732E-14
  5.017955553105729E+03   4.5702100E-14
  5.020698909197071E+03   4.5935745E-14
  5.023442238205814E+03   4.6486669E-14
  5.026185540068767E+03   4.6014184E-14
  5.028928814722749E+03   4.7606514E-14
  5.031672062104582E+03   4.6884365E-14
  5.034415282151099E+03   4.6572656E-14
  5.037158474799131E+03   4.7792255E-14
  5.039901639985525E+03   4.9233871E-14
  5.042644777647130E+03   4.7668615E-14
  5.045387887720796E+03   4.8409668E-14
  5.048130970143390E+03   5.0021168E-14
  5.050874024851779E+03   4.9851745E-14
  5.053617051782836E+03   5.1262176E-14
  5.056360050873443E+03   5.1315428E-14
  5.059103022060486E+03   5.0747238E-14
  5.061845965280861E+03   5.1591825E-14
  5.064588880471468E+03   5.2647373E-14
  5.067331767569211E+03   5.4275123E-14
  5.070074626511007E+03   5.4507448E-14
  5.072817457233774E+03   5.5532110E-14
  5.075560259674437E+03   5.6574865E-14
  5.078303033769933E+03   5.7526961E-14
  5.081045779457197E+03   5.7540486E-14
  5.083788496673176E+03   5.9844707E-14
  5.086531185354826E+03   5.9870830E-14
  5.089273845439103E+03   6.2585503E-14
  5.092016476862973E+03   6.2766239E-14
  5.094759079563410E+03   6.3566712E-14
  5.097501653477392E+03   6.4302377E-14
  5.100244198541906E+03   6.3981426E-14
  5.102986714693942E+03   6.6329917E-14
  5.105729201870502E+03   6.7699528E-14
  5.108471660008591E+03   6.6819963E-14
  5.111214089045221E+03   6.7222717E-14
  5.113956488917412E+03   6.7510247E-14
  5.116698859562189E+03   6.8967483E-14
  5.119441200916586E+03   7.0519349E-14
  5.122183512917642E+03   7.0062703E-14
  5.124925795502402E+03   7.1237300E-14
  5.127668048607923E+03   7.3135095E-14
  5.130410272171262E+03   7.3753422E-14
  5.133152466129488E+03   7.1291124E-14
  5.135894630419672E+03   7.2435391E-14
  5.138636764978896E+03   7.3782682E-14
  5.141378869744248E+03   7.2793707E-14
  5.144120944652821E+03   7.1577835E-14
  5.146862989641717E+03   7.3618364E-14
  5.149605004648045E+03   7.2459650E-14
  5.152346989608918E+03   7.2428622E-14
  5.155088944461460E+03   7.1624110E-14
  5.157830869142798E+03   6.8861495E-14
  5.160572763590070E+03   7.1956980E-14
  5.163314627740418E+03   7.0640264E-14
  5.166056461530991E+03   7.1712974E-14
  5.168798264898948E+03   7.1835001E-14
  5.171540037781451E+03   7.0656256E-14
  5.174281780115673E+03   7.0337203E-14
  5.177023491838791E+03   7.0961473E-14
  5.179765172887989E+03   7.1410393E-14
  5.182506823200461E+03   6.9198472E-14
  5.185248442713406E+03   7.0462116E-14
  5.187990031364030E+03   7.1267841E-14
  5.190731589089546E+03   7.1325426E-14
  5.193473115827176E+03   6.9411497E-14
  5.196214611514148E+03   7.0911525E-14
  5.198956076087695E+03   7.0457251E-14
  5.201697509485060E+03   7.3653350E-14
  5.204438911643495E+03   7.2581034E-14
  5.207180282500254E+03   7.0862763E-14
  5.209921621992601E+03   7.0559959E-14
  5.212662930057808E+03   7.4141648E-14
  5.215404206633152E+03   7.2247397E-14
  5.218145451655920E+03   7.4270105E-14
  5.220886665063404E+03   7.0261769E-14
  5.223627846792907E+03   7.1942120E-14
  5.226368996781731E+03   7.2663270E-14
  5.229110114967195E+03   7.0685645E-14
  5.231851201286620E+03   7.1817586E-14
  5.234592255677336E+03   7.2426223E-14
  5.237333278076679E+03   6.9120382E-14
  5.240074268421994E+03   6.9794532E-14
  5.242815226650631E+03   6.8292499E-14
  5.245556152699953E+03   6.6795859E-14
  5.248297046507322E+03   6.5407864E-14
  5.251037908010114E+03   6.5921999E-14
  5.253778737145710E+03   6.3468362E-14
  5.256519533851499E+03   6.2164988E-14
  5.259260298064877E+03   6.0818612E-14
  5.262001029723248E+03   6.1212225E-14
  5.264741728764024E+03   5.9755112E-14
  5.267482395124623E+03   5.6764472E-14
  5.270223028742470E+03   5.6116583E-14
  5.272963629555001E+03   5.5306562E-14
  5.275704197499658E+03   5.5711718E-14
  5.278444732513888E+03   5.3071320E-14
  5.281185234535147E+03   5.2324051E-14
  5.283925703500902E+03   5.2019492E-14
  5.286666139348622E+03   4.9554334E-14
  5.289406542015789E+03   5.1158788E-14
  5.292146911439890E+03   4.9658472E-14
  5.294887247558416E+03   5.0784081E-14
  5.297627550308873E+03   4.9345060E-14
  5.300367819628770E+03   5.0600535E-14
  5.303108055455626E+03   4.9960612E-14
  5.305848257726963E+03   4.8958376E-14
  5.308588426380319E+03   5.0104272E-14
  5.311328561353231E+03   5.0819077E-14
  5.314068662583250E+03   5.0465671E-14
  5.316808730007931E+03   5.1288807E-14
  5.319548763564840E+03   4.8843406E-14
  5.322288763191548E+03   4.9476587E-14
  5.325028728825635E+03   6.9431182E-14
  5.327768660404688E+03   4.9863661E-14
  5.330508557866304E+03   5.0424790E-14
  5.333248421148086E+03   5.0825324E-14
  5.335988250187644E+03   5.0121135E-14
  5.338728044922597E+03   5.1142918E-14
  5.341467805290575E+03   4.9071770E-14
  5.344207531229209E+03   5.0285002E-14
  5.346947222676145E+03   5.0214390E-14
  5.349686879569032E+03   4.9732391E-14
  5.352426501845529E+03   5.0311338E-14
  5.355166089443303E+03   5.2630765E-14
  5.357905642300028E+03   5.1077164E-14
  5.360645160353388E+03   5.3774957E-14
  5.363384643541071E+03   5.0772513E-14
  5.366124091800780E+03   5.3988792E-14
  5.368863505070218E+03   5.2847100E-14
  5.371602883287100E+03   5.4545967E-14
  5.374342226389150E+03   5.4046492E-14
  5.377081534314098E+03   5.4040624E-14
  5.379820806999684E+03   5.3093299E-14
  5.382560044383654E+03   5.3063348E-14
  5.385299246403763E+03   5.4619737E-14
  5.388038412997775E+03   5.4624254E-14
  5.390777544103460E+03   5.2891776E-14
  5.393516639658600E+03   5.4439194E-14
  5.396255699600981E+03   5.3645595E-14
  5.398994723868400E+03   5.2657121E-14
  5.401733712398658E+03   5.4320226E-14
  5.404472665129571E+03   5.4852830E-14
  5.407211581998959E+03   5.5005689E-14
  5.409950462944648E+03   5.4437134E-14
  5.412689307904478E+03   5.5171101E-14
  5.415428116816292E+03   5.4480810E-14
  5.418166889617944E+03   5.5531517E-14
  5.420905626247299E+03   5.4332908E-14
  5.423644326642221E+03   5.4683631E-14
  5.426382990740594E+03   5.4434020E-14
  5.429121618480302E+03   5.2502819E-14
  5.431860209799241E+03   5.3551026E-14
  5.434598764635313E+03   5.2987816E-14
  5.437337282926432E+03   5.1130500E-14
  5.440075764610518E+03   5.0909557E-14
  5.442814209625496E+03   4.9856881E-14
  5.445552617909308E+03   5.0890444E-14
  5.448290989399896E+03   4.9133342E-14
  5.451029324035215E+03   4.9048385E-14
  5.453767621753228E+03   4.9212153E-14
  5.456505882491904E+03   4.8740092E-14
  5.459244106189224E+03   4.7796843E-14
  5.461982292783174E+03   4.6983112E-14
  5.464720442211753E+03   4.4830167E-14
  5.467458554412962E+03   4.6365415E-14
  5.470196629324818E+03   4.5862945E-14
  5.472934666885340E+03   4.4935836E-14
  5.475672667032562E+03   4.5481942E-14
  5.478410629704517E+03   4.4209197E-14
  5.481148554839259E+03   6.9869302E-14
  5.483886442374840E+03   4.4305956E-14
  5.486624292249326E+03   4.5929731E-14
  5.489362104400790E+03   4.6570153E-14
  5.492099878767316E+03   4.5334162E-14
  5.494837615286992E+03   4.7430159E-14
  5.497575313897919E+03   4.9091316E-14
  5.500312974538205E+03   4.8689107E-14
  5.503050597145965E+03   4.9141863E-14
  5.505788181659326E+03   4.9482902E-14
  5.508525728016422E+03   5.1910655E-14
  5.511263236155396E+03   4.8497258E-14
  5.514000706014399E+03   5.3401904E-14
  5.516738137531592E+03   5.3561153E-14
  5.519475530645143E+03   5.4962203E-14
  5.522212885293233E+03   5.4575529E-14
  5.524950201414045E+03   5.6005195E-14
  5.527687478945776E+03   5.7817940E-14
  5.530424717826631E+03   5.6683096E-14
  5.533161917994824E+03   5.7897663E-14
  5.535899079388573E+03   5.7802585E-14
  5.538636201946114E+03   5.8654328E-14
  5.541373285605684E+03   5.9842783E-14
  5.544110330305532E+03   5.7347058E-14
  5.546847335983918E+03   5.8971132E-14
  5.549584302579105E+03   6.1397414E-14
  5.552321230029370E+03   6.1038143E-14
  5.555058118272998E+03   6.0373419E-14
  5.557794967248283E+03   6.3391898E-14
  5.560531776893526E+03   6.2502812E-14
  5.563268547147038E+03   6.2217633E-14
  5.566005277947139E+03   6.4017761E-14
  5.568741969232161E+03   6.4541844E-14
  5.571478620940440E+03   6.4645460E-14
  5.574215233010325E+03   6.5443954E-14
  5.576951805380171E+03   6.3375418E-14
  5.579688337988345E+03   6.5049521E-14
  5.582424830773221E+03   6.6503220E-14
  5.585161283673183E+03   6.6323696E-14
  5.587897696626623E+03   6.6415969E-14
  5.590634069571944E+03   6.5212199E-14
  5.593370402447556E+03   6.5942213E-14
  5.596106695191882E+03   6.7559592E-14
  5.598842947743348E+03   6.7469603E-14
  5.601579160040393E+03   6.7480127E-14
  5.604315332021466E+03   6.9112827E-14
  5.607051463625025E+03   6.7381308E-14
  5.609787554789535E+03   6.6428464E-14
  5.612523605453469E+03   6.7209415E-14
  5.615259615555316E+03   6.8357802E-14
  5.617995585033566E+03   6.7777713E-14
  5.620731513826727E+03   6.8256449E-14
  5.623467401873306E+03   6.7858466E-14
  5.626203249111827E+03   6.5972774E-14
  5.628939055480822E+03   6.5769127E-14
  5.631674820918832E+03   6.7839506E-14
  5.634410545364404E+03   6.6371388E-14
  5.637146228756098E+03   6.7871727E-14
  5.639881871032483E+03   6.6467461E-14
  5.642617472132138E+03   6.7035915E-14
  5.645353031993646E+03   6.7625708E-14
  5.648088550555608E+03   6.6343557E-14
  5.650824027756627E+03   6.9721030E-14
  5.653559463535321E+03   6.6444354E-14
  5.656294857830314E+03   6.5780992E-14
  5.659030210580238E+03   6.7033984E-14
  5.661765521723739E+03   6.6661872E-14
  5.664500791199470E+03   6.5573001E-14
  5.667236018946093E+03   6.7439821E-14
  5.669971204902281E+03   6.5856229E-14
  5.672706349006714E+03   6.5832282E-14
  5.675441451198086E+03   6.5484381E-14
  5.678176511415096E+03   6.3698504E-14
  5.680911529596455E+03   6.3085645E-14
  5.683646505680882E+03   6.4033956E-14
  5.686381439607107E+03   6.4725352E-14
  5.689116331313869E+03   6.4131697E-14
  5.691851180739917E+03   6.3632300E-14
  5.694585987824009E+03   6.3687730E-14
  5.697320752504915E+03   9.2367154E-14
