

  1.586338603103884E+03   2.8810034E-16
  1.587882385632121E+03  -7.2283415E-16
  1.589426177147202E+03   1.5696891E-14
  1.590969977649284E+03   1.2156768E-14
  1.592513787138525E+03   1.1572500E-14
  1.594057605615082E+03  -4.3041920E-15
  1.595601433079111E+03   5.5927642E-15
  1.597145269530769E+03   2.1333228E-15
  1.598689114970214E+03  -6.0923666E-15
  1.600232969397602E+03  -3.5025454E-15
  1.601776832813091E+03   6.9960983E-15
  1.603320705216836E+03   5.5454942E-15
  1.604864586608997E+03  -6.2622935E-16
  1.606408476989728E+03   2.5780039E-15
  1.607952376359188E+03   2.0011382E-17
  1.609496284717533E+03  -1.9438358E-15
  1.611040202064920E+03  -1.5100843E-15
  1.612584128401507E+03   1.4794595E-15
  1.614128063727450E+03  -2.2931768E-16
  1.615672008042907E+03  -9.8341171E-16
  1.617215961348034E+03  -1.0520681E-15
  1.618759923642988E+03   9.8608897E-16
  1.620303894927927E+03   1.4797387E-15
  1.621847875203007E+03   1.2563742E-15
  1.623391864468386E+03   8.0635419E-17
  1.624935862724220E+03   4.6966098E-16
  1.626479869970667E+03  -2.1521383E-16
  1.628023886207884E+03  -6.2150047E-16
  1.629567911436027E+03  -3.0613470E-16
  1.631111945655255E+03  -7.8631238E-16
  1.632655988865723E+03   1.1009308E-15
  1.634200041067589E+03   1.2867730E-15
  1.635744102261011E+03   1.1467725E-16
  1.637288172446144E+03  -3.3376327E-16
  1.638832251623147E+03   1.5452815E-15
  1.640376339792176E+03  -3.2940955E-16
  1.641920436953388E+03   4.2694889E-16
  1.643464543106941E+03   5.6169836E-16
  1.645008658252992E+03   7.5354222E-16
  1.646552782391697E+03  -3.3820570E-16
  1.648096915523214E+03   6.4574933E-16
  1.649641057647700E+03   3.3186227E-16
  1.651185208765313E+03   2.0846825E-16
  1.652729368876208E+03   5.6747740E-16
  1.654273537980544E+03   5.0674477E-16
  1.655817716078478E+03  -1.9550575E-16
  1.657361903170166E+03  -4.9113596E-16
  1.658906099255765E+03   2.2467755E-16
  1.660450304335435E+03   4.2768774E-16
  1.661994518409329E+03  -4.2622569E-17
  1.663538741477607E+03   3.4314225E-17
  1.665082973540426E+03   3.5377284E-16
  1.666627214597943E+03   1.7801861E-16
  1.668171464650314E+03   7.5061000E-16
  1.669715723697697E+03   9.8909692E-17
  1.671259991740249E+03   4.6288524E-16
  1.672804268778128E+03  -3.7129795E-16
  1.674348554811490E+03   1.8163456E-16
  1.675892849840493E+03  -1.5284226E-17
  1.677437153865294E+03  -2.9669042E-16
  1.678981466886049E+03   6.8829980E-18
  1.680525788902918E+03  -1.5151859E-16
  1.682070119916056E+03   4.6008654E-16
  1.683614459925621E+03   2.7954713E-16
  1.685158808931769E+03  -3.0663527E-16
  1.686703166934660E+03  -4.7174034E-17
  1.688247533934448E+03  -2.2532081E-17
  1.689791909931292E+03  -7.0354126E-17
  1.691336294925350E+03   1.9180336E-16
  1.692880688916777E+03   1.0206763E-17
  1.694425091905732E+03  -1.3675621E-16
  1.695969503892372E+03  -1.0753207E-16
  1.697513924876854E+03   3.1454156E-16
  1.699058354859335E+03  -5.1796594E-17
  1.700602793839973E+03   3.3287725E-16
  1.702147241818924E+03  -9.3518810E-17
  1.703691698796347E+03   3.3491479E-16
  1.705236164772398E+03   4.7202007E-16
  1.706780639747235E+03  -1.0047667E-16
  1.708325123721014E+03   4.1386109E-17
  1.709869616693894E+03  -2.0003333E-16
  1.711414118666032E+03  -1.7493647E-17
  1.712958629637584E+03   1.1358669E-16
  1.714503149608709E+03  -9.2620254E-17
  1.716047678579563E+03   2.0701313E-16
  1.717592216550304E+03  -1.5169103E-18
  1.719136763521090E+03   2.3065676E-16
  1.720681319492076E+03   1.4753011E-16
  1.722225884463422E+03  -1.1233291E-17
  1.723770458435283E+03   1.3921148E-16
  1.725315041407819E+03   5.6226494E-18
  1.726859633381185E+03   1.3709296E-16
  1.728404234355540E+03  -1.2696664E-16
  1.729948844331040E+03   4.5640359E-16
  1.731493463307842E+03   1.2456534E-16
  1.733038091286106E+03  -1.3969052E-17
  1.734582728265987E+03  -2.2708628E-16
  1.736127374247644E+03   5.1099671E-16
  1.737672029231232E+03  -1.3419268E-16
  1.739216693216910E+03   1.4947336E-16
  1.740761366204836E+03   1.9491918E-16
  1.742306048195167E+03  -6.6640726E-19
  1.743850739188059E+03  -6.7646288E-17
  1.745395439183671E+03   8.0471267E-17
  1.746940148182159E+03   2.1777275E-16
  1.748484866183682E+03   1.9428609E-16
  1.750029593188397E+03  -2.7154189E-17
  1.751574329196461E+03  -1.0980580E-16
  1.753119074208031E+03   1.8263656E-16
  1.754663828223265E+03   4.4913118E-17
  1.756208591242322E+03  -2.8453745E-16
  1.757753363265356E+03   4.9722078E-17
  1.759298144292527E+03  -7.2985421E-18
  1.760842934323992E+03  -8.7082021E-17
  1.762387733359907E+03   1.1659642E-17
  1.763932541400432E+03  -1.1287361E-16
  1.765477358445723E+03  -1.4868808E-17
  1.767022184495937E+03   3.5016253E-17
  1.768567019551233E+03  -1.0153334E-16
  1.770111863611766E+03   1.9839349E-16
  1.771656716677696E+03   2.1122138E-17
  1.773201578749180E+03  -3.6078468E-17
  1.774746449826374E+03   6.9411485E-17
  1.776291329909437E+03   4.9218512E-18
  1.777836218998526E+03   2.1872250E-16
  1.779381117093799E+03   1.3408853E-16
  1.780926024195413E+03   1.7960645E-16
  1.782470940303525E+03   3.0023539E-17
  1.784015865418293E+03   3.7464641E-17
  1.785560799539875E+03   3.7163348E-16
  1.787105742668428E+03  -4.9871867E-17
  1.788650694804109E+03  -8.2806065E-18
  1.790195655947077E+03   7.9966587E-17
  1.791740626097489E+03  -5.3715663E-17
  1.793285605255502E+03   1.8130985E-16
  1.794830593421273E+03   6.3969808E-17
  1.796375590594961E+03  -6.2009052E-17
  1.797920596776723E+03  -3.6636964E-17
  1.799465611966717E+03   6.3086293E-17
  1.801010636165100E+03   2.0227726E-16
  1.802555669372029E+03   8.1437407E-17
  1.804100711587663E+03  -1.3081315E-16
  1.805645762812159E+03   1.2638580E-16
  1.807190823045673E+03  -8.8428936E-17
  1.808735892288365E+03   2.9796721E-16
  1.810280970540392E+03   6.2008370E-17
  1.811826057801911E+03   3.0951185E-16
  1.813371154073079E+03   7.8038634E-17
  1.814916259354055E+03  -5.9319253E-17
  1.816461373644996E+03   1.7125811E-16
  1.818006496946060E+03   5.6390749E-17
  1.819551629257404E+03   8.5997296E-17
  1.821096770579186E+03  -2.2439595E-17
  1.822641920911564E+03   2.2669378E-16
  1.824187080254695E+03   9.1360502E-18
  1.825732248608736E+03  -3.8367860E-17
  1.827277425973846E+03   1.4229862E-16
  1.828822612350182E+03   3.0096507E-16
  1.830367807737902E+03   1.3358972E-16
  1.831913012137164E+03  -3.2457022E-17
  1.833458225548125E+03   9.6348760E-17
  1.835003447970942E+03   1.3682208E-16
  1.836548679405774E+03   1.0147144E-16
  1.838093919852779E+03   1.0117595E-16
  1.839639169312112E+03   2.8218736E-16
  1.841184427783934E+03   3.2808905E-17
  1.842729695268401E+03   3.0426215E-16
  1.844274971765671E+03   7.8995113E-17
  1.845820257275901E+03   4.9239461E-17
  1.847365551799250E+03   6.8946192E-17
  1.848910855335875E+03   1.6260162E-16
  1.850456167885933E+03   2.5050309E-16
  1.852001489449583E+03  -1.4525579E-16
  1.853546820026983E+03   1.9087566E-16
  1.855092159618289E+03   1.6772328E-16
  1.856637508223660E+03   2.4519470E-16
  1.858182865843253E+03   2.9727021E-16
  1.859728232477227E+03   1.3643979E-16
  1.861273608125739E+03   1.1635079E-16
  1.862818992788946E+03   2.1218940E-16
  1.864364386467007E+03   2.7340607E-17
  1.865909789160079E+03   2.7705402E-16
  1.867455200868320E+03   2.9842368E-16
  1.869000621591887E+03  -2.9730079E-17
  1.870546051330939E+03   1.7580794E-16
  1.872091490085634E+03   7.1895442E-17
  1.873636937856129E+03   1.0298324E-16
  1.875182394642581E+03   3.4273558E-16
  1.876727860445149E+03   3.4802114E-16
  1.878273335263991E+03  -6.7628249E-17
  1.879818819099264E+03   8.5480762E-18
  1.881364311951126E+03   3.4312069E-16
  1.882909813819735E+03   2.7014514E-16
  1.884455324705249E+03   2.6158005E-16
  1.886000844607825E+03   1.4963000E-16
  1.887546373527622E+03   2.6364803E-16
  1.889091911464797E+03   9.3372399E-17
  1.890637458419508E+03   2.8902313E-17
  1.892183014391913E+03   1.0153308E-16
  1.893728579382169E+03   1.7254002E-16
  1.895274153390435E+03   2.8509382E-16
  1.896819736416869E+03   2.5136457E-16
  1.898365328461628E+03   2.3752951E-16
  1.899910929524870E+03   6.0415915E-17
  1.901456539606753E+03   1.7985632E-16
  1.903002158707435E+03   1.2000783E-16
  1.904547786827075E+03   1.5390074E-16
  1.906093423965828E+03   4.1585999E-17
  1.907639070123854E+03   1.8014178E-16
  1.909184725301311E+03   1.9563642E-16
  1.910730389498356E+03   1.2056922E-16
  1.912276062715147E+03   2.5994774E-16
  1.913821744951843E+03   6.2772665E-17
  1.915367436208600E+03  -9.6150821E-18
  1.916913136485578E+03   4.5978069E-18
  1.918458845782933E+03   4.1506166E-17
  1.920004564100824E+03   1.8539628E-16
  1.921550291439409E+03   1.8182809E-16
  1.923096027798846E+03   1.6944203E-16
  1.924641773179293E+03   3.9320616E-17
  1.926187527580907E+03   1.5000162E-16
  1.927733291003846E+03   2.3425093E-16
  1.929279063448269E+03   5.7592364E-17
  1.930824844914333E+03   1.2837187E-16
  1.932370635402198E+03   2.0200246E-16
  1.933916434912019E+03   8.0078932E-17
  1.935462243443955E+03   2.2045111E-16
  1.937008060998165E+03   8.2989343E-17
  1.938553887574806E+03   3.0887906E-16
  1.940099723174037E+03   1.6461450E-16
  1.941645567796015E+03   2.1234228E-16
  1.943191421440898E+03   4.2256078E-16
  1.944737284108844E+03   3.0048017E-16
  1.946283155800012E+03   1.3005260E-16
  1.947829036514559E+03   1.9293821E-16
  1.949374926252643E+03   2.9846974E-16
  1.950920825014422E+03   1.9310686E-16
  1.952466732800055E+03   1.9519555E-16
  1.954012649609699E+03   1.9022882E-16
  1.955558575443513E+03   3.5697510E-16
  1.957104510301654E+03   2.1675044E-16
  1.958650454184280E+03   2.1644288E-16
  1.960196407091551E+03   2.3912982E-16
  1.961742369023621E+03   4.0103521E-16
  1.963288339980653E+03   1.4564057E-16
  1.964834319962802E+03   2.3910215E-16
  1.966380308970226E+03   1.9697629E-16
  1.967926307003084E+03   2.2274333E-16
  1.969472314061535E+03   2.9502864E-16
  1.971018330145735E+03   2.3265801E-16
  1.972564355255843E+03   2.8230494E-16
  1.974110389392017E+03   2.5024397E-16
  1.975656432554415E+03   2.0578267E-16
  1.977202484743196E+03   2.7744450E-16
  1.978748545958518E+03   7.8327281E-17
  1.980294616200537E+03   4.2444723E-16
  1.981840695469414E+03   3.3152401E-16
  1.983386783765304E+03   2.0037655E-16
  1.984932881088369E+03   1.6288903E-16
  1.986478987438764E+03   3.2760092E-16
  1.988025102816648E+03   2.4070445E-16
  1.989571227222179E+03   3.3412369E-16
  1.991117360655515E+03   1.6948468E-16
  1.992663503116815E+03   8.6248501E-17
  1.994209654606237E+03   2.1218040E-16
  1.995755815123939E+03   9.0804572E-17
  1.997301984670078E+03   1.4797868E-16
  1.998848163244814E+03   2.3713042E-16
  2.000394350848304E+03   2.2064030E-16
  2.001940547480706E+03   1.5959950E-16
  2.003486753142179E+03   2.8070817E-16
  2.005032967832881E+03   2.4608359E-16
  2.006579191552970E+03   1.6182146E-16
  2.008125424302604E+03   1.2186452E-16
  2.009671666081942E+03   2.7284726E-16
  2.011217916891140E+03   3.1462089E-16
  2.012764176730359E+03   2.0734918E-16
  2.014310445599756E+03   3.1546448E-16
  2.015856723499489E+03   1.1778059E-16
  2.017403010429716E+03   3.2179782E-16
  2.018949306390596E+03   2.9982505E-16
  2.020495611382287E+03   2.1590690E-16
  2.022041925404947E+03   2.8128191E-16
  2.023588248458734E+03   2.8970496E-16
  2.025134580543807E+03   3.6424071E-16
  2.026680921660323E+03   2.5122672E-16
  2.028227271808442E+03   1.1882491E-16
  2.029773630988321E+03   1.9107496E-16
  2.031319999200119E+03   1.6861189E-16
  2.032866376443993E+03   8.5374595E-17
  2.034412762720102E+03   2.1873351E-16
  2.035959158028605E+03   3.4476406E-16
  2.037505562369659E+03   2.3154101E-16
  2.039051975743424E+03   1.8299562E-16
  2.040598398150056E+03   2.7380578E-16
  2.042144829589715E+03   1.6115976E-16
  2.043691270062558E+03   2.4458783E-16
  2.045237719568745E+03   1.5298777E-17
  2.046784178108434E+03   1.1738937E-16
  2.048330645681781E+03   1.7426549E-16
  2.049877122288948E+03   1.7414747E-16
  2.051423607930089E+03   3.2364494E-16
  2.052970102605366E+03   6.3302928E-17
  2.054516606314936E+03   1.1070242E-16
  2.056063119058957E+03   2.3384470E-16
  2.057609640837588E+03   1.6801183E-16
  2.059156171650986E+03   2.1605927E-16
  2.060702711499312E+03   8.5129710E-17
  2.062249260382721E+03   1.6097824E-16
  2.063795818301374E+03   1.7582783E-16
  2.065342385255428E+03   1.2255451E-16
  2.066888961245042E+03   1.1168828E-16
  2.068435546270374E+03   1.3466888E-16
  2.069982140331582E+03   1.0655377E-16
  2.071528743428826E+03   1.1373019E-16
  2.073075355562262E+03   6.1632916E-17
  2.074621976732050E+03   8.1678474E-17
  2.076168606938349E+03   1.1769757E-16
  2.077715246181315E+03   2.6593608E-16
  2.079261894461109E+03   1.4106374E-16
  2.080808551777887E+03   1.9244243E-16
  2.082355218131810E+03   7.8802923E-17
  2.083901893523034E+03   1.4774281E-16
  2.085448577951719E+03   9.1736692E-17
  2.086995271418023E+03   4.9230773E-17
  2.088541973922104E+03   8.0785681E-17
  2.090088685464120E+03   2.0689685E-16
  2.091635406044231E+03   2.2122231E-17
  2.093182135662595E+03   2.1720942E-16
  2.094728874319369E+03   1.3371867E-16
  2.096275622014714E+03   2.1230387E-16
  2.097822378748786E+03   9.5421418E-17
  2.099369144521745E+03   7.6168730E-17
  2.100915919333748E+03   5.4172111E-17
  2.102462703184955E+03   1.0370945E-16
  2.104009496075524E+03   1.8776542E-16
  2.105556298005613E+03   5.6424670E-17
  2.107103108975381E+03   1.1568526E-16
  2.108649928984986E+03   1.2751188E-16
  2.110196758034587E+03   1.4921593E-16
  2.111743596124343E+03   4.0283001E-17
  2.113290443254411E+03   2.4559599E-16
  2.114837299424950E+03   2.1473581E-16
  2.116384164636119E+03   1.3181339E-16
  2.117931038888078E+03   1.9399326E-16
  2.119477922180982E+03   1.2988657E-16
  2.121024814514991E+03   4.1690273E-17
  2.122571715890265E+03   2.0525781E-16
  2.124118626306962E+03   1.2637308E-16
  2.125665545765239E+03   1.2007670E-16
  2.127212474265255E+03   7.3940497E-17
  2.128759411807170E+03   1.2805537E-16
  2.130306358391142E+03   1.1255631E-16
  2.131853314017329E+03   1.9353460E-16
  2.133400278685889E+03   1.2584943E-16
  2.134947252396982E+03   1.3061124E-16
  2.136494235150765E+03   3.6356189E-17
  2.138041226947398E+03   6.2188279E-17
  2.139588227787040E+03   2.2018005E-16
  2.141135237669847E+03   1.0310376E-16
  2.142682256595981E+03   6.0387255E-17
  2.144229284565597E+03   1.2173599E-16
  2.145776321578856E+03   1.2143062E-16
  2.147323367635917E+03   8.8731519E-17
  2.148870422736936E+03   9.8358376E-18
  2.150417486882075E+03   5.1919196E-17
  2.151964560071490E+03   5.3090407E-17
  2.153511642305340E+03   9.2530124E-17
  2.155058733583785E+03   2.2056533E-16
  2.156605833906982E+03   1.2114477E-16
  2.158152943275091E+03   7.6177637E-17
  2.159700061688269E+03   4.1639700E-17
  2.161247189146677E+03   8.2883875E-17
  2.162794325650471E+03   9.8087262E-17
  2.164341471199813E+03   9.6812167E-17
  2.165888625794858E+03   2.5518781E-16
  2.167435789435767E+03   9.6906412E-17
  2.168982962122697E+03   7.4201085E-17
  2.170530143855809E+03   7.2212404E-17
  2.172077334635259E+03   1.5523492E-16
  2.173624534461208E+03   6.0145639E-17
  2.175171743333813E+03   7.4810195E-17
  2.176718961253234E+03   8.4330752E-17
  2.178266188219629E+03   1.1116208E-16
  2.179813424233157E+03   4.1651459E-17
  2.181360669293976E+03   8.0145966E-17
  2.182907923402245E+03   6.5484084E-17
  2.184455186558123E+03   5.4290183E-17
  2.186002458761770E+03   5.4757861E-17
  2.187549740013341E+03   2.5800640E-17
  2.189097030312998E+03   1.3137760E-16
  2.190644329660900E+03   8.6135475E-17
  2.192191638057203E+03   6.9119126E-17
  2.193738955502068E+03   2.2757484E-17
  2.195286281995654E+03   6.5532696E-17
  2.196833617538117E+03   1.0108302E-16
  2.198380962129619E+03   1.2968690E-16
  2.199928315770317E+03   4.0843241E-17
  2.201475678460370E+03   8.0125618E-17
  2.203023050199936E+03   7.2838329E-17
  2.204570430989176E+03   1.5969710E-16
  2.206117820828247E+03   1.5801639E-16
  2.207665219717308E+03   6.6405590E-17
  2.209212627656518E+03   9.7527804E-17
  2.210760044646036E+03   6.2328238E-17
  2.212307470686020E+03   1.0229252E-16
  2.213854905776630E+03   6.9951415E-17
  2.215402349918024E+03   1.1026817E-16
  2.216949803110361E+03   5.1799787E-17
  2.218497265353800E+03   7.3633507E-17
  2.220044736648500E+03   1.0493602E-16
  2.221592216994618E+03   1.4093661E-16
  2.223139706392316E+03   1.1966296E-16
  2.224687204841750E+03   5.8992232E-17
  2.226234712343081E+03   4.8033293E-17
  2.227782228896466E+03   5.6982891E-17
  2.229329754502065E+03   3.1506019E-17
  2.230877289160037E+03   7.6956484E-17
  2.232424832870540E+03   3.9317165E-17
  2.233972385633733E+03   1.7297710E-16
  2.235519947449775E+03   1.2567666E-16
  2.237067518318826E+03   9.8180224E-17
  2.238615098241043E+03   5.5029444E-17
  2.240162687216587E+03   9.9212843E-17
  2.241710285245614E+03   5.5659614E-17
  2.243257892328285E+03   1.2782867E-16
  2.244805508464759E+03   1.5367381E-16
  2.246353133655195E+03   7.7033239E-17
  2.247900767899750E+03   1.2309011E-16
  2.249448411198584E+03   1.0499206E-16
  2.250996063551856E+03   2.1556867E-16
  2.252543724959726E+03   1.1441601E-16
  2.254091395422352E+03   1.2624194E-16
  2.255639074939892E+03   1.1427233E-16
  2.257186763512506E+03   1.6734339E-16
  2.258734461140353E+03   1.6823006E-16
  2.260282167823592E+03   2.5172604E-16
  2.261829883562381E+03   1.6171486E-16
  2.263377608356880E+03   1.7985556E-16
  2.264925342207247E+03   8.6307138E-17
  2.266473085113642E+03   2.3523201E-16
  2.268020837076223E+03   2.4521900E-16
  2.269568598095150E+03   2.0243952E-16
  2.271116368170581E+03   1.2494063E-16
  2.272664147302676E+03   2.2992950E-16
  2.274211935491592E+03   1.8890473E-16
  2.275759732737491E+03   1.7798419E-16
  2.277307539040529E+03   2.1299112E-16
  2.278855354400867E+03   1.6246410E-16
  2.280403178818663E+03   1.8694335E-16
  2.281951012294077E+03   2.1746418E-16
  2.283498854827267E+03   2.4845962E-16
  2.285046706418392E+03   2.3552339E-16
  2.286594567067612E+03   3.2694942E-16
  2.288142436775085E+03   3.1426391E-16
  2.289690315540971E+03   3.0132557E-16
  2.291238203365428E+03   2.8934465E-16
  2.292786100248617E+03   3.2956059E-16
  2.294334006190694E+03   3.0212564E-16
  2.295881921191820E+03   2.2756040E-16
  2.297429845252154E+03   3.0624182E-16
  2.298977778371855E+03   3.3272256E-16
  2.300525720551081E+03   4.0646173E-16
  2.302073671789992E+03   3.4279982E-16
  2.303621632088747E+03   4.4516690E-16
  2.305169601447505E+03   3.4032309E-16
  2.306717579866426E+03   2.7052832E-16
  2.308265567345668E+03   3.7893747E-16
  2.309813563885390E+03   4.4740037E-16
  2.311361569485751E+03   3.3610770E-16
  2.312909584146911E+03   3.0555157E-16
  2.314457607869028E+03   4.1268208E-16
  2.316005640652263E+03   3.6503115E-16
  2.317553682496773E+03   3.9327213E-16
  2.319101733402718E+03   3.6897152E-16
  2.320649793370257E+03   3.1414459E-16
  2.322197862399549E+03   4.2363381E-16
  2.323745940490754E+03   4.2396810E-16
  2.325294027644029E+03   3.3722658E-16
  2.326842123859537E+03   5.0392219E-16
  2.328390229137433E+03   3.6233732E-16
  2.329938343477879E+03   4.7597487E-16
  2.331486466881032E+03   5.8048735E-16
  2.333034599347053E+03   3.6862133E-16
  2.334582740876101E+03   4.6380284E-16
  2.336130891468334E+03   3.9849703E-16
  2.337679051123911E+03   3.9966122E-16
  2.339227219842993E+03   3.9657728E-16
  2.340775397625737E+03   3.8553438E-16
  2.342323584472304E+03   4.7376443E-16
  2.343871780382853E+03   4.0153441E-16
  2.345419985357542E+03   4.0218088E-16
  2.346968199396531E+03   4.3677828E-16
  2.348516422499980E+03   4.5036133E-16
  2.350064654668046E+03   3.8678640E-16
  2.351612895900891E+03   5.1636907E-16
  2.353161146198672E+03   5.3407497E-16
  2.354709405561548E+03   5.9032537E-16
  2.356257673989680E+03   5.1159377E-16
  2.357805951483228E+03   3.9609251E-16
  2.359354238042348E+03   3.8196533E-16
  2.360902533667201E+03   3.7276115E-16
  2.362450838357947E+03   4.5621915E-16
  2.363999152114744E+03   6.1323587E-16
  2.365547474937752E+03   5.9152530E-16
  2.367095806827130E+03   4.1341269E-16
  2.368644147783037E+03   5.1416403E-16
  2.370192497805633E+03   6.3029792E-16
  2.371740856895076E+03   4.7370789E-16
  2.373289225051527E+03   5.3043750E-16
  2.374837602275143E+03   5.3393511E-16
  2.376385988566086E+03   4.0032781E-16
  2.377934383924514E+03   4.5959653E-16
  2.379482788350585E+03   4.9383302E-16
  2.381031201844461E+03   5.1031739E-16
  2.382579624406299E+03   5.0203907E-16
  2.384128056036259E+03   5.3247196E-16
  2.385676496734502E+03   3.2104113E-16
  2.387224946501184E+03   2.8565432E-16
  2.388773405336467E+03   3.3681826E-16
  2.390321873240510E+03   4.2185412E-16
  2.391870350213472E+03   3.3536771E-16
  2.393418836255511E+03   5.2517795E-16
  2.394967331366789E+03   4.0106401E-16
  2.396515835547463E+03   3.4896362E-16
  2.398064348797694E+03   3.0302350E-16
  2.399612871117640E+03   3.4885235E-16
  2.401161402507461E+03   4.3625659E-16
  2.402709942967316E+03   4.5010018E-16
  2.404258492497365E+03   4.0882127E-16
  2.405807051097768E+03   5.5011047E-16
  2.407355618768682E+03   4.4104844E-16
  2.408904195510269E+03   4.0942796E-16
  2.410452781322687E+03   4.0467346E-16
  2.412001376206095E+03   4.6017437E-16
  2.413549980160654E+03   3.3717086E-16
  2.415098593186523E+03   4.0458248E-16
  2.416647215283859E+03   3.8445314E-16
  2.418195846452826E+03   4.4778714E-16
  2.419744486693578E+03   5.1527264E-16
  2.421293136006279E+03   3.3686691E-16
  2.422841794391086E+03   3.7954321E-16
  2.424390461848160E+03   4.8211935E-16
  2.425939138377658E+03   4.1067749E-16
  2.427487823979742E+03   4.9062361E-16
  2.429036518654570E+03   4.5108210E-16
  2.430585222402301E+03   4.5141001E-16
  2.432133935223097E+03   4.6434722E-16
  2.433682657117115E+03   4.2384274E-16
  2.435231388084515E+03   3.9727653E-16
  2.436780128125457E+03   3.9619521E-16
  2.438328877240101E+03   3.6863726E-16
  2.439877635428604E+03   3.2954807E-16
  2.441426402691128E+03   4.6343507E-16
  2.442975179027831E+03   3.6391736E-16
  2.444523964438875E+03   3.8209347E-16
  2.446072758924416E+03   4.7519289E-16
  2.447621562484616E+03   4.2670635E-16
  2.449170375119633E+03   4.6373270E-16
  2.450719196829628E+03   5.4506655E-16
  2.452268027614759E+03   4.7803226E-16
  2.453816867475187E+03   5.5477180E-16
  2.455365716411070E+03   5.6789160E-16
  2.456914574422569E+03   6.7169930E-16
  2.458463441509843E+03   6.7488605E-16
  2.460012317673050E+03   7.1858151E-16
  2.461561202912353E+03   6.2162896E-16
  2.463110097227908E+03   7.6385055E-16
  2.464659000619876E+03   6.6032942E-16
  2.466207913088418E+03   7.4160524E-16
  2.467756834633691E+03   6.9002724E-16
  2.469305765255856E+03   7.0749803E-16
  2.470854704955072E+03   7.1870979E-16
  2.472403653731500E+03   7.7852963E-16
  2.473952611585298E+03   8.5871756E-16
  2.475501578516626E+03   8.6426800E-16
  2.477050554525643E+03   8.5507849E-16
  2.478599539612510E+03   8.1791021E-16
  2.480148533777386E+03   8.9347968E-16
  2.481697537020430E+03   9.6578443E-16
  2.483246549341804E+03   8.9894336E-16
  2.484795570741664E+03   8.9736364E-16
  2.486344601220172E+03   7.9454692E-16
  2.487893640777486E+03   8.8203833E-16
  2.489442689413768E+03   8.9525517E-16
  2.490991747129175E+03   1.0038430E-15
  2.492540813923868E+03   1.0188641E-15
  2.494089889798008E+03   9.4165680E-16
  2.495638974751752E+03   9.1751996E-16
  2.497188068785261E+03   1.1456243E-15
  2.498737171898695E+03   9.6905620E-16
  2.500286284092213E+03   1.1364077E-15
  2.501835405365975E+03   1.0528499E-15
  2.503384535720140E+03   8.8642564E-16
  2.504933675154869E+03   1.0469305E-15
  2.506482823670321E+03   1.0530428E-15
  2.508031981266655E+03   1.0356501E-15
  2.509581147944031E+03   1.2495659E-15
  2.511130323702610E+03   9.3652812E-16
  2.512679508542550E+03   1.2234697E-15
  2.514228702464011E+03   1.0850901E-15
  2.515777905467154E+03   1.2175427E-15
  2.517327117552138E+03   1.1730890E-15
  2.518876338719122E+03   1.1742391E-15
  2.520425568968266E+03   1.0838949E-15
  2.521974808299730E+03   1.1070895E-15
  2.523524056713675E+03   1.2640744E-15
  2.525073314210259E+03   1.4009283E-15
  2.526622580789642E+03   1.3154214E-15
  2.528171856451983E+03   1.2562381E-15
  2.529721141197444E+03   1.0949536E-15
  2.531270435026183E+03   1.2541266E-15
  2.532819737938361E+03   1.0715829E-15
  2.534369049934136E+03   1.1936382E-15
  2.535918371013669E+03   1.2395863E-15
  2.537467701177120E+03   1.2934223E-15
  2.539017040424649E+03   1.3047343E-15
  2.540566388756414E+03   1.2197363E-15
  2.542115746172577E+03   1.1715330E-15
  2.543665112673296E+03   1.0630753E-15
  2.545214488258732E+03   1.1644816E-15
  2.546763872929044E+03   1.1943334E-15
  2.548313266684393E+03   1.0196515E-15
  2.549862669524937E+03   1.0900798E-15
  2.551412081450837E+03   1.1099536E-15
  2.552961502462253E+03   1.2727734E-15
  2.554510932559344E+03   1.0916084E-15
  2.556060371742271E+03   1.0275051E-15
  2.557609820011192E+03   1.0126295E-15
  2.559159277366269E+03   9.9385711E-16
  2.560708743807660E+03   9.1386289E-16
  2.562258219335527E+03   9.1586602E-16
  2.563807703950028E+03   9.1936501E-16
  2.565357197651323E+03   1.0355614E-15
  2.566906700439572E+03   8.9679973E-16
  2.568456212314936E+03   1.0224542E-15
  2.570005733277574E+03   8.5489744E-16
  2.571555263327646E+03   9.1867023E-16
  2.573104802465311E+03   8.5896669E-16
  2.574654350690730E+03   9.4182811E-16
  2.576203908004063E+03   8.3792480E-16
  2.577753474405468E+03   8.1742597E-16
  2.579303049895108E+03   7.7596360E-16
  2.580852634473141E+03   8.3291275E-16
  2.582402228139727E+03   8.1849980E-16
  2.583951830895026E+03   7.9491686E-16
  2.585501442739199E+03   7.0591779E-16
  2.587051063672404E+03   7.9119315E-16
  2.588600693694802E+03   6.2419160E-16
  2.590150332806553E+03   6.6827739E-16
  2.591699981007817E+03   5.6519396E-16
  2.593249638298754E+03   6.3922273E-16
  2.594799304679523E+03   7.8093801E-16
  2.596348980150285E+03   7.2942163E-16
  2.597898664711200E+03   6.3478481E-16
  2.599448358362427E+03   6.8181525E-16
  2.600998061104126E+03   4.7690835E-16
  2.602547772936459E+03   4.0121267E-16
  2.604097493859584E+03   5.7507963E-16
  2.605647223873661E+03   7.8955573E-16
  2.607196962978851E+03   7.2063308E-16
  2.608746711175313E+03   6.8523330E-16
  2.610296468463208E+03   6.8487251E-16
  2.611846234842695E+03   7.3578936E-16
  2.613396010313934E+03   6.8830834E-16
  2.614945794877086E+03   4.9481642E-16
  2.616495588532311E+03   6.6462255E-16
  2.618045391279769E+03   8.5715674E-16
  2.619595203119619E+03   8.1986024E-16
  2.621145024052021E+03   8.9529307E-16
  2.622694854077136E+03   1.0161387E-15
  2.624244693195124E+03   1.2144715E-15
  2.625794541406144E+03   1.2740854E-15
  2.627344398710357E+03   1.2905181E-15
  2.628894265107924E+03   1.3515750E-15
  2.630444140599002E+03   1.2600584E-15
  2.631994025183754E+03   1.4700278E-15
  2.633543918862339E+03   1.4034471E-15
  2.635093821634918E+03   1.2798269E-15
  2.636643733501649E+03   1.3874987E-15
  2.638193654462693E+03   1.5149506E-15
  2.639743584518211E+03   1.3995181E-15
  2.641293523668362E+03   1.4588403E-15
  2.642843471913307E+03   1.4471025E-15
  2.644393429253206E+03   1.6234715E-15
  2.645943395688218E+03   1.5271787E-15
  2.647493371218504E+03   1.6195953E-15
  2.649043355844224E+03   1.6271614E-15
  2.650593349565539E+03   1.7000348E-15
  2.652143352382607E+03   1.6094197E-15
  2.653693364295590E+03   1.7658167E-15
  2.655243385304647E+03   1.7403331E-15
  2.656793415409939E+03   1.5452472E-15
  2.658343454611626E+03   1.7251092E-15
  2.659893502909867E+03   1.8130658E-15
  2.661443560304824E+03   1.8345969E-15
  2.662993626796656E+03   1.7881848E-15
  2.664543702385523E+03   1.9894288E-15
  2.666093787071586E+03   1.8271598E-15
  2.667643880855005E+03   1.9321688E-15
  2.669193983735939E+03   2.0598473E-15
  2.670744095714550E+03   1.7993053E-15
  2.672294216790997E+03   2.0006497E-15
  2.673844346965440E+03   2.0797416E-15
  2.675394486238040E+03   2.0962560E-15
  2.676944634608957E+03   2.1221314E-15
  2.678494792078352E+03   2.1252118E-15
  2.680044958646383E+03   2.1365555E-15
  2.681595134313212E+03   2.1464329E-15
  2.683145319078998E+03   2.1718693E-15
  2.684695512943902E+03   2.3325947E-15
  2.686245715908085E+03   2.4179441E-15
  2.687795927971707E+03   2.2826767E-15
  2.689346149134926E+03   2.4096753E-15
  2.690896379397905E+03   2.5984392E-15
  2.692446618760802E+03   2.7962391E-15
  2.693996867223780E+03   2.4611446E-15
  2.695547124786997E+03   2.6001440E-15
  2.697097391450614E+03   2.5209049E-15
  2.698647667214791E+03   2.6963119E-15
  2.700197952079688E+03   2.6642985E-15
  2.701748246045467E+03   3.0796869E-15
  2.703298549112285E+03   2.7426980E-15
  2.704848861280306E+03   3.0779335E-15
  2.706399182549688E+03   2.9512817E-15
  2.707949512920592E+03   3.2646628E-15
  2.709499852393179E+03   3.1618253E-15
  2.711050200967607E+03   3.1515349E-15
  2.712600558644038E+03   3.1001031E-15
  2.714150925422633E+03   3.3991481E-15
  2.715701301303551E+03   3.4360268E-15
  2.717251686286952E+03   3.5566901E-15
  2.718802080372998E+03   3.3067971E-15
  2.720352483561848E+03   3.4403236E-15
  2.721902895853663E+03   3.6489125E-15
  2.723453317248603E+03   3.7235585E-15
  2.725003747746829E+03   3.8150483E-15
  2.726554187348499E+03   3.6783088E-15
  2.728104636053777E+03   3.8484137E-15
  2.729655093862821E+03   4.0054553E-15
  2.731205560775792E+03   3.7931084E-15
  2.732756036792850E+03   3.7807447E-15
  2.734306521914155E+03   3.8252969E-15
  2.735857016139869E+03   4.1030390E-15
  2.737407519470151E+03   4.1135431E-15
  2.738958031905162E+03   4.1098653E-15
  2.740508553445062E+03   3.9855657E-15
  2.742059084090012E+03   4.1848120E-15
  2.743609623840171E+03   3.9309126E-15
  2.745160172695701E+03   3.7782354E-15
  2.746710730656761E+03   4.0525876E-15
  2.748261297723514E+03   4.2428126E-15
  2.749811873896117E+03   4.1541676E-15
  2.751362459174732E+03   4.2562080E-15
  2.752913053559520E+03   3.9168036E-15
  2.754463657050641E+03   4.2138691E-15
  2.756014269648255E+03   4.2330527E-15
  2.757564891352523E+03   4.3876514E-15
  2.759115522163606E+03   4.4357396E-15
  2.760666162081663E+03   4.3765608E-15
  2.762216811106855E+03   4.4143791E-15
  2.763767469239343E+03   3.9458632E-15
  2.765318136479287E+03   4.1929300E-15
  2.766868812826847E+03   4.7880231E-15
  2.768419498282185E+03   4.7881062E-15
  2.769970192845461E+03   4.7166174E-15
  2.771520896516834E+03   4.6760683E-15
  2.773071609296465E+03   4.8413494E-15
  2.774622331184516E+03   4.6668030E-15
  2.776173062181147E+03   4.6635453E-15
  2.777723802286517E+03   4.9022705E-15
  2.779274551500787E+03   4.8593353E-15
  2.780825309824119E+03   4.9408177E-15
  2.782376077256673E+03   5.0541863E-15
  2.783926853798609E+03   4.8720217E-15
  2.785477639450087E+03   5.2674184E-15
  2.787028434211268E+03   5.3433299E-15
  2.788579238082313E+03   4.9158574E-15
  2.790130051063382E+03   5.0999926E-15
  2.791680873154637E+03   5.4386380E-15
  2.793231704356236E+03   5.3933082E-15
  2.794782544668341E+03   5.0918928E-15
  2.796333394091113E+03   5.1333805E-15
  2.797884252624713E+03   4.3461235E-15
  2.799435120269299E+03   4.2033561E-15
  2.800985997025034E+03   5.5982385E-15
  2.802536882892077E+03   5.4109790E-15
  2.804087777870591E+03   5.1091494E-15
  2.805638681960733E+03   4.4913664E-15
  2.807189595162667E+03   4.8005135E-15
  2.808740517476551E+03   5.2476978E-15
  2.810291448902547E+03   4.7490401E-15
  2.811842389440817E+03   3.1491810E-15
  2.813393339091519E+03   3.3167155E-15
  2.814944297854813E+03   5.3488225E-15
  2.816495265730863E+03   5.7123284E-15
  2.818046242719828E+03   5.0315400E-15
  2.819597228821868E+03   3.2168374E-15
  2.821148224037143E+03   4.7892801E-15
  2.822699228365816E+03   6.2093228E-15
  2.824250241808046E+03   7.5964236E-15
  2.825801264363995E+03   7.8271486E-15
  2.827352296033822E+03   8.1274268E-15
  2.828903336817688E+03   8.5435478E-15
  2.830454386715755E+03   8.5197225E-15
  2.832005445728183E+03   8.3069343E-15
  2.833556513855131E+03   9.1253909E-15
  2.835107591096762E+03   9.2051060E-15
  2.836658677453236E+03   9.5758167E-15
  2.838209772924713E+03   9.6259230E-15
  2.839760877511354E+03   9.9641585E-15
  2.841311991213321E+03   1.0182880E-14
  2.842863114030772E+03   1.0180247E-14
  2.844414245963870E+03   1.0652762E-14
  2.845965387012775E+03   1.0737004E-14
  2.847516537177648E+03   1.1044120E-14
  2.849067696458650E+03   1.1125075E-14
  2.850618864855940E+03   1.1823319E-14
  2.852170042369680E+03   1.1918708E-14
  2.853721229000031E+03   1.1475983E-14
  2.855272424747153E+03   1.0647963E-14
  2.856823629611207E+03   1.1867389E-14
  2.858374843592355E+03   1.2570297E-14
  2.859926066690756E+03   1.3275808E-14
  2.861477298906571E+03   1.3352488E-14
  2.863028540239962E+03   1.3316609E-14
  2.864579790691088E+03   1.3262701E-14
  2.866131050260112E+03   1.3600481E-14
  2.867682318947192E+03   1.1727593E-14
  2.869233596752491E+03   9.5654592E-15
  2.870784883676170E+03   1.1842714E-14
  2.872336179718388E+03   1.3738172E-14
  2.873887484879307E+03   1.4344567E-14
  2.875438799159087E+03   1.5118713E-14
  2.876990122557889E+03   1.5966110E-14
  2.878541455075875E+03   1.5941724E-14
  2.880092796713204E+03   1.6163638E-14
  2.881644147470038E+03   1.6142410E-14
  2.883195507346538E+03   1.6142994E-14
  2.884746876342864E+03   1.5947819E-14
  2.886298254459178E+03   1.6500092E-14
  2.887849641695639E+03   1.6271056E-14
  2.889401038052410E+03   1.6089538E-14
  2.890952443529649E+03   1.7372529E-14
  2.892503858127520E+03   1.7961068E-14
  2.894055281846183E+03   1.7268262E-14
  2.895606714685798E+03   1.7814919E-14
  2.897158156646525E+03   1.8854945E-14
  2.898709607728528E+03   1.8224720E-14
  2.900261067931965E+03   1.8548036E-14
  2.901812537256998E+03   1.8387273E-14
  2.903364015703787E+03   1.7874736E-14
  2.904915503272494E+03   1.8007782E-14
  2.906466999963281E+03   1.7867548E-14
  2.908018505776306E+03   1.8061885E-14
  2.909570020711731E+03   1.8287489E-14
  2.911121544769718E+03   1.7878490E-14
  2.912673077950428E+03   1.7399051E-14
  2.914224620254020E+03   1.8199624E-14
  2.915776171680656E+03   1.7472707E-14
  2.917327732230498E+03   1.7729355E-14
  2.918879301903705E+03   1.8761202E-14
  2.920430880700439E+03   1.8141870E-14
  2.921982468620860E+03   1.7669671E-14
  2.923534065665131E+03   1.8217717E-14
  2.925085671833412E+03   1.7705647E-14
  2.926637287125863E+03   1.7557036E-14
  2.928188911542646E+03   1.8450427E-14
  2.929740545083921E+03   1.7137738E-14
  2.931292187749849E+03   1.8211222E-14
  2.932843839540593E+03   1.7958869E-14
  2.934395500456312E+03   1.8280067E-14
  2.935947170497167E+03   1.7491100E-14
  2.937498849663320E+03   1.8455089E-14
  2.939050537954932E+03   1.7753523E-14
  2.940602235372163E+03   1.8330140E-14
  2.942153941915175E+03   1.8070806E-14
  2.943705657584127E+03   1.7913425E-14
  2.945257382379184E+03   1.8210399E-14
  2.946809116300503E+03   1.8095221E-14
  2.948360859348246E+03   1.8781748E-14
  2.949912611522576E+03   1.8487817E-14
  2.951464372823652E+03   1.8349803E-14
  2.953016143251637E+03   1.8852331E-14
  2.954567922806689E+03   1.8576112E-14
  2.956119711488972E+03   1.9263855E-14
  2.957671509298645E+03   1.8646915E-14
  2.959223316235871E+03   1.9626907E-14
  2.960775132300809E+03   2.0239188E-14
  2.962326957493621E+03   2.0132857E-14
  2.963878791814469E+03   1.9338431E-14
  2.965430635263513E+03   1.9090876E-14
  2.966982487840914E+03   1.9301646E-14
  2.968534349546833E+03   1.9478099E-14
  2.970086220381432E+03   1.9834184E-14
  2.971638100344871E+03   1.9362362E-14
  2.973189989437313E+03   1.9325695E-14
  2.974741887658917E+03   1.9440980E-14
  2.976293795009845E+03   1.8886041E-14
  2.977845711490258E+03   1.8754600E-14
  2.979397637100317E+03   1.9363256E-14
  2.980949571840183E+03   1.9403461E-14
  2.982501515710017E+03   1.9272825E-14
  2.984053468709982E+03   1.9602755E-14
  2.985605430840237E+03   2.0031779E-14
  2.987157402100944E+03   2.0508889E-14
  2.988709382492263E+03   1.9724746E-14
  2.990261372014357E+03   1.9112734E-14
  2.991813370667386E+03   2.0144387E-14
  2.993365378451511E+03   2.0416357E-14
  2.994917395366895E+03   1.9969966E-14
  2.996469421413697E+03   2.0012421E-14
  2.998021456592078E+03   2.0167399E-14
  2.999573500902202E+03   2.0199376E-14
  3.001125554344227E+03   1.9217544E-14
  3.002677616918316E+03   2.0621031E-14
  3.004229688624629E+03   2.0021236E-14
  3.005781769463330E+03   1.9642152E-14
  3.007333859434576E+03   1.9451066E-14
  3.008885958538531E+03   1.9769007E-14
  3.010438066775356E+03   1.9563200E-14
  3.011990184145211E+03   1.8089427E-14
  3.013542310648259E+03   1.8709111E-14
  3.015094446284659E+03   1.7900124E-14
  3.016646591054575E+03   1.8029096E-14
  3.018198744958165E+03   1.8315466E-14
  3.019750907995593E+03   1.7970366E-14
  3.021303080167019E+03   1.8550189E-14
  3.022855261472605E+03   1.7169146E-14
  3.024407451912511E+03   1.7579257E-14
  3.025959651486899E+03   1.7490270E-14
  3.027511860195930E+03   1.8475910E-14
  3.029064078039767E+03   1.7577862E-14
  3.030616305018568E+03   1.7576789E-14
  3.032168541132497E+03   1.7458911E-14
  3.033720786381714E+03   1.8137234E-14
  3.035273040766381E+03   1.7811570E-14
  3.036825304286659E+03   1.7903019E-14
  3.038377576942709E+03   1.7969987E-14
  3.039929858734693E+03   1.7612647E-14
  3.041482149662771E+03   1.8373996E-14
  3.043034449727106E+03   1.8279362E-14
  3.044586758927859E+03   1.8370352E-14
  3.046139077265190E+03   1.8068614E-14
  3.047691404739261E+03   1.9323000E-14
  3.049243741350234E+03   1.8370757E-14
  3.050796087098270E+03   1.8419058E-14
  3.052348441983529E+03   1.9427277E-14
  3.053900806006175E+03   1.9358686E-14
  3.055453179166367E+03   1.9969034E-14
  3.057005561464267E+03   1.9824662E-14
  3.058557952900038E+03   2.0052245E-14
  3.060110353473839E+03   1.9532143E-14
  3.061662763185832E+03   2.0858181E-14
  3.063215182036180E+03   2.1515609E-14
  3.064767610025042E+03   2.0355289E-14
  3.066320047152581E+03   2.1211872E-14
  3.067872493418958E+03   2.1074525E-14
  3.069424948824334E+03   2.2165133E-14
  3.070977413368871E+03   2.1457057E-14
  3.072529887052729E+03   2.1738557E-14
  3.074082369876072E+03   2.3209624E-14
  3.075634861839060E+03   2.4213180E-14
  3.077187362941853E+03   2.4019276E-14
  3.078739873184614E+03   2.2641755E-14
  3.080292392567505E+03   2.3955322E-14
  3.081844921090687E+03   2.5749832E-14
  3.083397458754320E+03   2.3959565E-14
  3.084950005558567E+03   2.6013154E-14
  3.086502561503589E+03   2.5687558E-14
  3.088055126589547E+03   2.6538457E-14
  3.089607700816603E+03   2.6904177E-14
  3.091160284184919E+03   2.6310642E-14
  3.092712876694655E+03   2.7075840E-14
  3.094265478345973E+03   2.8447490E-14
  3.095818089139036E+03   2.6722441E-14
  3.097370709074003E+03   2.7152988E-14
  3.098923338151038E+03   2.7757087E-14
  3.100475976370300E+03   2.8764182E-14
  3.102028623731952E+03   2.9471204E-14
  3.103581280236156E+03   2.9188213E-14
  3.105133945883073E+03   2.8274912E-14
  3.106686620672863E+03   2.9651300E-14
  3.108239304605689E+03   2.8228630E-14
  3.109791997681713E+03   2.8861882E-14
  3.111344699901095E+03   2.8507734E-14
  3.112897411263997E+03   2.8533074E-14
  3.114450131770582E+03   3.0014846E-14
  3.116002861421010E+03   2.8657486E-14
  3.117555600215443E+03   2.8882394E-14
  3.119108348154042E+03   3.0154190E-14
  3.120661105236969E+03   3.0111533E-14
  3.122213871464386E+03   2.8968432E-14
  3.123766646836455E+03   2.9210941E-14
  3.125319431353335E+03   2.9566444E-14
  3.126872225015191E+03   2.7742928E-14
  3.128425027822182E+03   2.8603418E-14
  3.129977839774469E+03   2.9788753E-14
  3.131530660872218E+03   2.9370498E-14
  3.133083491115586E+03   3.0259249E-14
  3.134636330504736E+03   3.0322936E-14
  3.136189179039831E+03   2.9077513E-14
  3.137742036721031E+03   2.8174293E-14
  3.139294903548497E+03   2.8297509E-14
  3.140847779522393E+03   2.9485695E-14
  3.142400664642878E+03   2.8824724E-14
  3.143953558910116E+03   2.9228430E-14
  3.145506462324267E+03   2.8599776E-14
  3.147059374885495E+03   2.6759160E-14
  3.148612296593958E+03   2.7288681E-14
  3.150165227449819E+03   2.9219889E-14
  3.151718167453241E+03   2.9007355E-14
  3.153271116604385E+03   2.7121446E-14
  3.154824074903412E+03   2.1931858E-14
  3.156377042350484E+03   2.0864185E-14
  3.157930018945763E+03   3.1841971E-14
  3.159483004689410E+03   5.3951781E-14
