

  2.888790705348541E+03   9.0811012E-14
  2.891535780807257E+03   1.4280874E-14
  2.894280878894607E+03  -2.1171714E-14
  2.897025999546993E+03   1.3614339E-14
  2.899771142700807E+03   2.7994749E-14
  2.902516308292440E+03   5.5560588E-15
  2.905261496258275E+03   3.9431576E-14
  2.908006706534690E+03   3.6937880E-14
  2.910751939058060E+03  -5.4016748E-15
  2.913497193764752E+03   2.7020393E-14
  2.916242470591131E+03   8.0181452E-15
  2.918987769473553E+03   3.1048474E-14
  2.921733090348372E+03  -1.2372171E-14
  2.924478433151935E+03   1.3843364E-14
  2.927223797820586E+03   2.1880146E-15
  2.929969184290661E+03   3.2759687E-14
  2.932714592498493E+03   2.2271911E-14
  2.935460022380411E+03   4.8406371E-14
  2.938205473872736E+03  -2.0377560E-14
  2.940950946911784E+03   1.7884425E-14
  2.943696441433870E+03   1.3482946E-14
  2.946441957375299E+03   1.1463762E-14
  2.949187494672375E+03   2.1442078E-14
  2.951933053261395E+03   2.1529006E-14
  2.954678633078651E+03   1.9172484E-14
  2.957424234060431E+03   1.5584874E-14
  2.960169856143017E+03   1.1041860E-14
  2.962915499262687E+03   2.0543236E-14
  2.965661163355714E+03   1.8123700E-14
  2.968406848358365E+03   1.8368428E-14
  2.971152554206903E+03   1.1959760E-14
  2.973898280837587E+03   1.9623551E-14
  2.976644028186669E+03   1.5478941E-14
  2.979389796190399E+03   1.9736450E-14
  2.982135584785020E+03   2.2348046E-14
  2.984881393906770E+03   2.3096522E-14
  2.987627223491883E+03   1.9744218E-14
  2.990373073476590E+03   2.7468032E-14
  2.993118943797114E+03   2.3965877E-14
  2.995864834389676E+03   2.4924641E-14
  2.998610745190490E+03   2.0544891E-14
  3.001356676135766E+03   2.0391962E-14
  3.004102627161710E+03   2.0321611E-14
  3.006848598204524E+03   2.8275889E-14
  3.009594589200402E+03   1.7336975E-14
  3.012340600085539E+03   1.8567120E-14
  3.015086630796120E+03   2.0858734E-14
  3.017832681268327E+03   2.3469264E-14
  3.020578751438338E+03   1.9641473E-14
  3.023324841242326E+03   2.0360704E-14
  3.026070950616461E+03   2.0820993E-14
  3.028817079496906E+03   2.4140773E-14
  3.031563227819821E+03   1.5444617E-14
  3.034309395521360E+03   1.9808470E-14
  3.037055582537674E+03   1.6022877E-14
  3.039801788804909E+03   1.9955102E-14
  3.042548014259206E+03   2.1218047E-14
  3.045294258836703E+03   2.1746361E-14
  3.048040522473531E+03   2.0598613E-14
  3.050786805105819E+03   2.1115330E-14
  3.053533106669691E+03   1.8396748E-14
  3.056279427101266E+03   2.6403492E-14
  3.059025766336657E+03   2.1083561E-14
  3.061772124311978E+03   2.1594119E-14
  3.064518500963331E+03   2.2602690E-14
  3.067264896226820E+03   2.6961450E-14
  3.070011310038542E+03   2.7011681E-14
  3.072757742334591E+03   2.7376600E-14
  3.075504193051054E+03   2.8042882E-14
  3.078250662124016E+03   3.0499410E-14
  3.080997149489557E+03   2.9343444E-14
  3.083743655083753E+03   3.0611652E-14
  3.086490178842676E+03   3.4000021E-14
  3.089236720702393E+03   3.2077070E-14
  3.091983280598968E+03   3.2853291E-14
  3.094729858468458E+03   3.4782195E-14
  3.097476454246918E+03   3.4052544E-14
  3.100223067870400E+03   3.2350136E-14
  3.102969699274950E+03   3.6000730E-14
  3.105716348396610E+03   3.6414306E-14
  3.108463015171417E+03   3.1344386E-14
  3.111209699535406E+03   3.5634537E-14
  3.113956401424608E+03   3.8856857E-14
  3.116703120775046E+03   3.5380044E-14
  3.119449857522744E+03   3.0121318E-14
  3.122196611603719E+03   3.5192081E-14
  3.124943382953984E+03   3.6342972E-14
  3.127690171509549E+03   3.4476850E-14
  3.130436977206420E+03   3.6157153E-14
  3.133183799980597E+03   3.6327742E-14
  3.135930639768079E+03   3.4046706E-14
  3.138677496504859E+03   3.1327320E-14
  3.141424370126927E+03   3.1817102E-14
  3.144171260570267E+03   3.2518171E-14
  3.146918167770863E+03   3.2364167E-14
  3.149665091664692E+03   3.5525141E-14
  3.152412032187728E+03   3.0551042E-14
  3.155158989275940E+03   3.2868239E-14
  3.157905962865295E+03   3.1350509E-14
  3.160652952891756E+03   3.1058099E-14
  3.163399959291280E+03   3.1474135E-14
  3.166146981999822E+03   2.9313981E-14
  3.168894020953334E+03   2.8768573E-14
  3.171641076087762E+03   3.2221286E-14
  3.174388147339048E+03   2.9985959E-14
  3.177135234643134E+03   2.6404927E-14
  3.179882337935954E+03   2.7418907E-14
  3.182629457153441E+03   2.8056623E-14
  3.185376592231522E+03   2.7806489E-14
  3.188123743106124E+03   2.9539193E-14
  3.190870909713165E+03   2.7410657E-14
  3.193618091988563E+03   2.5205198E-14
  3.196365289868233E+03   2.7736140E-14
  3.199112503288084E+03   2.8831080E-14
  3.201859732184020E+03   2.6097144E-14
  3.204606976491948E+03   3.0171131E-14
  3.207354236147763E+03   3.2890527E-14
  3.210101511087363E+03   2.4183001E-14
  3.212848801246639E+03   2.6845532E-14
  3.215596106561478E+03   2.8334748E-14
  3.218343426967767E+03   2.5638822E-14
  3.221090762401387E+03   2.6988621E-14
  3.223838112798214E+03   2.4373129E-14
  3.226585478094123E+03   2.5217538E-14
  3.229332858224985E+03   2.7377225E-14
  3.232080253126668E+03   2.2343652E-14
  3.234827662735034E+03   2.4352460E-14
  3.237575086985944E+03   2.5662205E-14
  3.240322525815257E+03   2.5231878E-14
  3.243069979158823E+03   2.8230947E-14
  3.245817446952495E+03   2.5006501E-14
  3.248564929132118E+03   2.3492503E-14
  3.251312425633537E+03   2.4909560E-14
  3.254059936392590E+03   2.5871922E-14
  3.256807461345116E+03   2.6326016E-14
  3.259555000426946E+03   2.6970191E-14
  3.262302553573913E+03   2.1288789E-14
  3.265050120721840E+03   2.1015574E-14
  3.267797701806554E+03   2.5401624E-14
  3.270545296763873E+03   2.7157213E-14
  3.273292905529615E+03   2.6145822E-14
  3.276040528039594E+03   2.7402327E-14
  3.278788164229621E+03   2.4940055E-14
  3.281535814035502E+03   2.7951106E-14
  3.284283477393041E+03   2.4727153E-14
  3.287031154238040E+03   3.1135088E-14
  3.289778844506297E+03   2.8944915E-14
  3.292526548133606E+03   2.5471860E-14
  3.295274265055758E+03   2.7110463E-14
  3.298021995208544E+03   2.7930610E-14
  3.300769738527746E+03   2.9081541E-14
  3.303517494949149E+03   2.7926769E-14
  3.306265264408531E+03   3.1444746E-14
  3.309013046841669E+03   2.7973751E-14
  3.311760842184335E+03   2.6965729E-14
  3.314508650372299E+03   2.8142588E-14
  3.317256471341329E+03   2.8798649E-14
  3.320004305027189E+03   2.8447490E-14
  3.322752151365640E+03   2.8530679E-14
  3.325500010292440E+03   2.9782857E-14
  3.328247881743345E+03   3.3042020E-14
  3.330995765654106E+03   3.1938943E-14
  3.333743661960473E+03   3.3172724E-14
  3.336491570598193E+03   2.9529730E-14
  3.339239491503008E+03   3.3161845E-14
  3.341987424610661E+03   3.4514611E-14
  3.344735369856888E+03   3.2340341E-14
  3.347483327177425E+03   3.6521218E-14
  3.350231296508004E+03   4.9864203E-14
  3.352979277784354E+03   3.6835335E-14
  3.355727270942201E+03   4.0120945E-14
  3.358475275917272E+03   3.9738713E-14
  3.361223292645284E+03   4.1666642E-14
  3.363971321061957E+03   4.2569294E-14
  3.366719361103006E+03   3.9667590E-14
  3.369467412704145E+03   4.2470954E-14
  3.372215475801083E+03   4.3771800E-14
  3.374963550329529E+03   4.1594742E-14
  3.377711636225185E+03   4.1957435E-14
  3.380459733423755E+03   4.1543259E-14
  3.383207841860938E+03   4.2904546E-14
  3.385955961472431E+03   4.1447104E-14
  3.388704092193929E+03   4.0966684E-14
  3.391452233961121E+03   4.1634275E-14
  3.394200386709698E+03   4.2618446E-14
  3.396948550375347E+03   4.2528196E-14
  3.399696724893750E+03   4.5236469E-14
  3.402444910200590E+03   3.9947466E-14
  3.405193106231544E+03   4.4328321E-14
  3.407941312922290E+03   4.4037656E-14
  3.410689530208501E+03   4.7923657E-14
  3.413437758025847E+03   4.6437155E-14
  3.416185996310000E+03   4.8252306E-14
  3.418934244996624E+03   4.7690384E-14
  3.421682504021383E+03   4.8876566E-14
  3.424430773319939E+03   4.5798086E-14
  3.427179052827951E+03   5.5057240E-14
  3.429927342481077E+03   5.2169627E-14
  3.432675642214969E+03   5.3130216E-14
  3.435423951965280E+03   5.6130038E-14
  3.438172271667661E+03   5.5999503E-14
  3.440920601257757E+03   5.8956068E-14
  3.443668940671214E+03   5.4054028E-14
  3.446417289843675E+03   5.6547503E-14
  3.449165648710780E+03   5.8761623E-14
  3.451914017208167E+03   5.9874401E-14
  3.454662395271473E+03   6.4170735E-14
  3.457410782836330E+03   6.5646151E-14
  3.460159179838371E+03   6.7992432E-14
  3.462907586213224E+03   6.8202686E-14
  3.465656001896516E+03   7.0134843E-14
  3.468404426823872E+03   7.2645469E-14
  3.471152860930914E+03   7.1218977E-14
  3.473901304153264E+03   7.6351882E-14
  3.476649756426540E+03   7.5861355E-14
  3.479398217686357E+03   7.8083109E-14
  3.482146687868330E+03   7.2708027E-14
  3.484895166908072E+03   7.0477322E-14
  3.487643654741190E+03   7.6720416E-14
  3.490392151303296E+03   7.3343262E-14
  3.493140656529992E+03   7.3473339E-14
  3.495889170356884E+03   7.1635907E-14
  3.498637692719573E+03   7.4621326E-14
  3.501386223553659E+03   7.4412014E-14
  3.504134762794740E+03   7.2183545E-14
  3.506883310378412E+03   7.7208314E-14
  3.509631866240268E+03   7.6119232E-14
  3.512380430315900E+03   7.8405164E-14
  3.515129002540900E+03   8.0004891E-14
  3.517877582850854E+03   7.8326804E-14
  3.520626171181348E+03   7.4532360E-14
  3.523374767467968E+03   7.4247500E-14
  3.526123371646295E+03   7.5287494E-14
  3.528871983651911E+03   7.8519446E-14
  3.531620603420393E+03   7.8184773E-14
  3.534369230887320E+03   8.0618529E-14
  3.537117865988265E+03   8.0190866E-14
  3.539866508658803E+03   8.0230297E-14
  3.542615158834506E+03   7.7018619E-14
  3.545363816450941E+03   8.2661627E-14
  3.548112481443679E+03   8.3639116E-14
  3.550861153748285E+03   7.7120534E-14
  3.553609833300325E+03   7.9156577E-14
  3.556358520035359E+03   8.1506714E-14
  3.559107213888951E+03   8.3340886E-14
  3.561855914796661E+03   8.1806327E-14
  3.564604622694044E+03   8.5482972E-14
  3.567353337516658E+03   8.4919790E-14
  3.570102059200059E+03   8.5733151E-14
  3.572850787679797E+03   8.5549731E-14
  3.575599522891425E+03   8.3625544E-14
  3.578348264770494E+03   8.4750790E-14
  3.581097013252551E+03   8.7235950E-14
  3.583845768273143E+03   8.7043030E-14
  3.586594529767815E+03   8.7208581E-14
  3.589343297672111E+03   8.9167639E-14
  3.592092071921574E+03   9.0068842E-14
  3.594840852451744E+03   8.9576946E-14
  3.597589639198159E+03   8.8718427E-14
  3.600338432096358E+03   8.7534180E-14
  3.603087231081879E+03   9.0933026E-14
  3.605836036090253E+03   9.1478793E-14
  3.608584847057017E+03   9.2023225E-14
  3.611333663917702E+03   9.5831498E-14
  3.614082486607838E+03   9.4172141E-14
  3.616831315062956E+03   9.3112326E-14
  3.619580149218581E+03   8.9201345E-14
  3.622328989010244E+03   9.8173199E-14
  3.625077834373466E+03   9.1074758E-14
  3.627826685243775E+03   9.1799093E-14
  3.630575541556690E+03   8.8182852E-14
  3.633324403247735E+03   9.0346106E-14
  3.636073270252429E+03   8.9231743E-14
  3.638822142506292E+03   8.7680399E-14
  3.641571019944841E+03   8.1135931E-14
  3.644319902503592E+03   7.7622248E-14
  3.647068790118061E+03   7.8347674E-14
  3.649817682723763E+03   6.7523407E-14
  3.652566580256209E+03   6.9490915E-14
  3.655315482650914E+03   6.4067397E-14
  3.658064389843384E+03   6.2283715E-14
  3.660813301769132E+03   5.7148418E-14
  3.663562218363666E+03   5.7607551E-14
  3.666311139562491E+03   5.2034975E-14
  3.669060065301117E+03   5.2128881E-14
  3.671808995515046E+03   5.1696626E-14
  3.674557930139785E+03   4.8596713E-14
  3.677306869110833E+03   4.5716625E-14
  3.680055812363696E+03   4.4525578E-14
  3.682804759833874E+03   4.2474017E-14
  3.685553711456866E+03   3.9155806E-14
  3.688302667168171E+03   3.8381343E-14
  3.691051626903289E+03   3.7657370E-14
  3.693800590597716E+03   3.6531054E-14
  3.696549558186948E+03   3.6273525E-14
  3.699298529606481E+03   3.4293796E-14
  3.702047504791809E+03   3.5829724E-14
  3.704796483678426E+03   3.4004839E-14
  3.707545466201825E+03   3.6729293E-14
  3.710294452297496E+03   3.4116779E-14
  3.713043441900933E+03   3.2428755E-14
  3.715792434947624E+03   3.2805427E-14
  3.718541431373058E+03   3.4324286E-14
  3.721290431112725E+03   3.2554739E-14
  3.724039434102113E+03   3.3032008E-14
  3.726788440276708E+03   3.3745999E-14
  3.729537449571997E+03   3.3931638E-14
  3.732286461923465E+03   3.4031205E-14
  3.735035477266597E+03   3.2344146E-14
  3.737784495536878E+03   3.3993045E-14
  3.740533516669790E+03   3.5053822E-14
  3.743282540600817E+03   3.1806612E-14
  3.746031567265441E+03   3.6506724E-14
  3.748780596599142E+03   3.7536248E-14
  3.751529628537403E+03   3.9156595E-14
  3.754278663015703E+03   3.8186993E-14
  3.757027699969522E+03   3.9226289E-14
  3.759776739334339E+03   4.5378296E-14
  3.762525781045632E+03   4.3570162E-14
  3.765274825038881E+03   4.5936497E-14
  3.768023871249561E+03   5.0887259E-14
  3.770772919613149E+03   5.2351258E-14
  3.773521970065125E+03   5.2527969E-14
  3.776271022540960E+03   5.2847521E-14
  3.779020076976131E+03   5.4204661E-14
  3.781769133306115E+03   5.6073463E-14
  3.784518191466385E+03   5.5236950E-14
  3.787267251392415E+03   5.2049209E-14
  3.790016313019679E+03   5.5296408E-14
  3.792765376283651E+03   5.5173588E-14
  3.795514441119801E+03   5.4851333E-14
  3.798263507463605E+03   5.5148723E-14
  3.801012575250535E+03   5.5026211E-14
  3.803761644416059E+03   5.4255994E-14
  3.806510714895653E+03   5.6814972E-14
  3.809259786624787E+03   5.8309538E-14
  3.812008859538930E+03   5.6042776E-14
  3.814757933573554E+03   5.5296188E-14
  3.817507008664129E+03   5.7986283E-14
  3.820256084746126E+03   5.8338527E-14
  3.823005161755015E+03   5.9784087E-14
  3.825754239626264E+03   5.5098287E-14
  3.828503318295344E+03   5.7274477E-14
  3.831252397697724E+03   6.0640613E-14
  3.834001477768873E+03   5.9694891E-14
  3.836750558444260E+03   6.0560396E-14
  3.839499639659353E+03   5.8600104E-14
  3.842248721349622E+03   6.0385257E-14
  3.844997803450534E+03   6.0940524E-14
  3.847746885897559E+03   6.1150087E-14
  3.850495968626165E+03   6.4719456E-14
  3.853245051571820E+03   6.3620028E-14
  3.855994134669993E+03   6.9448123E-14
  3.858743217856151E+03   7.0784653E-14
  3.861492301065763E+03   7.5017839E-14
  3.864241384234297E+03   7.7299868E-14
  3.866990467297222E+03   7.5734368E-14
  3.869739550190006E+03   8.0258621E-14
  3.872488632848116E+03   8.4948846E-14
  3.875237715207022E+03   8.5632639E-14
  3.877986797202191E+03   8.7688605E-14
  3.880735878769092E+03   8.8733023E-14
  3.883484959843195E+03   8.8938744E-14
  3.886234040359967E+03   9.1241549E-14
  3.888983120254878E+03   9.1126312E-14
  3.891732199463396E+03   9.1604567E-14
  3.894481277920991E+03   9.2167539E-14
  3.897230355563131E+03   9.5656474E-14
  3.899979432325286E+03   9.3366653E-14
  3.902728508142928E+03   9.2112604E-14
  3.905477582951524E+03   9.4324688E-14
  3.908226656686546E+03   9.4243617E-14
  3.910975729283463E+03   9.3361747E-14
  3.913724800677747E+03   9.4536670E-14
  3.916473870804868E+03   9.4667872E-14
  3.919222939600298E+03   9.2435933E-14
  3.921972006999509E+03   9.3861530E-14
  3.924721072937972E+03   9.5933969E-14
  3.927470137351159E+03   9.6409473E-14
  3.930219200174544E+03   9.6430547E-14
  3.932968261343599E+03   9.8085148E-14
  3.935717320793798E+03   9.8550027E-14
  3.938466378460614E+03   9.4973928E-14
  3.941215434279521E+03   9.9773014E-14
  3.943964488185995E+03   9.9438517E-14
  3.946713540115511E+03   1.0139678E-13
  3.949462590003543E+03   1.0424991E-13
  3.952211637785569E+03   1.0094554E-13
  3.954960683397064E+03   9.5676098E-14
  3.957709726773506E+03   8.9551305E-14
  3.960458767850371E+03   1.0005370E-13
  3.963207806563140E+03   1.0508523E-13
  3.965956842847289E+03   1.0298982E-13
  3.968705876638298E+03   1.0328979E-13
  3.971454907871647E+03   9.9911161E-14
  3.974203936482817E+03   1.0040821E-13
  3.976952962407289E+03   1.0200833E-13
  3.979701985580543E+03   9.8766840E-14
  3.982451005938063E+03   9.9293620E-14
  3.985200023415332E+03   9.9473442E-14
  3.987949037947832E+03   9.5508670E-14
  3.990698049471049E+03   8.6566699E-14
  3.993447057920467E+03   8.8907810E-14
  3.996196063231572E+03   9.0545545E-14
  3.998945065339852E+03   9.1439612E-14
  4.001694064180792E+03   9.2752656E-14
  4.004443059689882E+03   9.3282803E-14
  4.007192051802610E+03   9.2188959E-14
  4.009941040454465E+03   9.4313439E-14
  4.012690025580937E+03   9.6018022E-14
  4.015439007117518E+03   9.7762198E-14
  4.018187984999702E+03   9.7159843E-14
  4.020936959162979E+03   9.6087926E-14
  4.023685929542844E+03   9.9947875E-14
  4.026434896074792E+03   9.6122688E-14
  4.029183858694318E+03   9.8971422E-14
  4.031932817336919E+03   9.8610790E-14
  4.034681771938092E+03   9.6984873E-14
  4.037430722433336E+03   1.0094163E-13
  4.040179668758150E+03   1.0050428E-13
  4.042928610848035E+03   1.0045725E-13
  4.045677548638491E+03   1.0184715E-13
  4.048426482065021E+03   1.0483076E-13
  4.051175411063129E+03   1.0486508E-13
  4.053924335568318E+03   1.0346388E-13
  4.056673255516095E+03   1.0578032E-13
  4.059422170841966E+03   1.0676923E-13
  4.062171081481438E+03   1.0603781E-13
  4.064919987370021E+03   1.0860400E-13
  4.067668888443223E+03   1.0826337E-13
  4.070417784636557E+03   1.0675370E-13
  4.073166675885534E+03   1.1103732E-13
  4.075915562125667E+03   1.0887320E-13
  4.078664443292471E+03   1.0717271E-13
  4.081413319321462E+03   1.1305930E-13
  4.084162190148156E+03   1.1080791E-13
  4.086911055708072E+03   1.1258130E-13
  4.089659915936727E+03   1.1138088E-13
  4.092408770769645E+03   1.1009126E-13
  4.095157620142347E+03   1.1192540E-13
  4.097906463990353E+03   1.0891614E-13
  4.100655302249190E+03   1.0949765E-13
  4.103404134854384E+03   1.1256674E-13
  4.106152961741461E+03   1.0426234E-13
  4.108901782845951E+03   1.0882592E-13
  4.111650598103381E+03   1.0663530E-13
  4.114399407449284E+03   1.0634336E-13
  4.117148210819192E+03   1.0822324E-13
  4.119897008148639E+03   1.0787114E-13
  4.122645799373160E+03   1.0535758E-13
  4.125394584428292E+03   1.0260908E-13
  4.128143363249574E+03   1.0200537E-13
  4.130892135772544E+03   9.9976410E-14
  4.133640901932744E+03   9.8839644E-14
  4.136389661665717E+03   1.0016447E-13
  4.139138414907005E+03   9.8493045E-14
  4.141887161592158E+03   9.6040817E-14
  4.144635901656718E+03   9.8630366E-14
  4.147384635036238E+03   9.8372360E-14
  4.150133361666267E+03   9.7182184E-14
  4.152882081482356E+03   9.5466536E-14
  4.155630794420058E+03   9.6778956E-14
  4.158379500414931E+03   9.8968820E-14
  4.161128199402528E+03   9.4509273E-14
  4.163876891318410E+03   9.6056931E-14
  4.166625576098136E+03   9.7861565E-14
  4.169374253677267E+03   9.7883487E-14
  4.172122923991368E+03   9.8487557E-14
  4.174871586976004E+03   1.0058166E-13
  4.177620242566741E+03   9.8712772E-14
  4.180368890699148E+03   1.0248334E-13
  4.183117531308795E+03   9.8339272E-14
  4.185866164331254E+03   9.8352451E-14
  4.188614789702100E+03   9.6852553E-14
  4.191363407356906E+03   9.1369078E-14
  4.194112017231253E+03   9.3413016E-14
  4.196860619260718E+03   9.2786808E-14
  4.199609213380882E+03   9.0261091E-14
  4.202357799527327E+03   8.8243594E-14
  4.205106377635641E+03   8.8813078E-14
  4.207854947641409E+03   8.5808571E-14
  4.210603509480219E+03   8.4953020E-14
  4.213352063087664E+03   8.3488453E-14
  4.216100608399332E+03   8.2126275E-14
  4.218849145350821E+03   7.9363091E-14
  4.221597673877728E+03   8.0676358E-14
  4.224346193915649E+03   7.8182747E-14
  4.227094705400184E+03   7.8478490E-14
  4.229843208266938E+03   7.5988322E-14
  4.232591702451513E+03   7.3238555E-14
  4.235340187889517E+03   7.2957164E-14
  4.238088664516556E+03   7.1028680E-14
  4.240837132268245E+03   6.9397050E-14
  4.243585591080192E+03   7.0626312E-14
  4.246334040888015E+03   6.7869430E-14
  4.249082481627328E+03   6.7044636E-14
  4.251830913233752E+03   6.7118843E-14
  4.254579335642906E+03   6.4144680E-14
  4.257327748790416E+03   6.3206906E-14
  4.260076152611906E+03   6.2863668E-14
  4.262824547043003E+03   5.9026087E-14
  4.265572932019338E+03   5.9573413E-14
  4.268321307476541E+03   5.7587751E-14
  4.271069673350248E+03   5.7940970E-14
  4.273818029576096E+03   5.6445740E-14
  4.276566376089721E+03   5.3133384E-14
  4.279314712826767E+03   5.2895710E-14
  4.282063039722877E+03   5.3007796E-14
  4.284811356713694E+03   5.3706287E-14
  4.287559663734869E+03   5.1119716E-14
  4.290307960722051E+03   5.5081675E-14
  4.293056247610891E+03   5.0634952E-14
  4.295804524337046E+03   5.1328062E-14
  4.298552790836174E+03   5.2225460E-14
  4.301301047043932E+03   4.9306252E-14
  4.304049292895986E+03   5.1208159E-14
  4.306797528327997E+03   5.0844010E-14
  4.309545753275633E+03   5.0891908E-14
  4.312293967674565E+03   5.2485400E-14
  4.315042171460464E+03   5.3621773E-14
  4.317790364569004E+03   5.3874846E-14
  4.320538546935862E+03   5.4539449E-14
  4.323286718496718E+03   5.3792877E-14
  4.326034879187255E+03   5.4537402E-14
  4.328783028943156E+03   5.6392496E-14
  4.331531167700108E+03   5.8323965E-14
  4.334279295393801E+03   5.6736130E-14
  4.337027411959929E+03   5.9602395E-14
  4.339775517334184E+03   5.9922296E-14
  4.342523611452265E+03   6.2396201E-14
  4.345271694249872E+03   6.3029836E-14
  4.348019765662709E+03   6.3232453E-14
  4.350767825626480E+03   6.3295520E-14
  4.353515874076893E+03   6.5672965E-14
  4.356263910949659E+03   6.5928037E-14
  4.359011936180494E+03   6.8362172E-14
  4.361759949705110E+03   6.9398629E-14
  4.364507951459229E+03   6.9914330E-14
  4.367255941378572E+03   6.8169008E-14
  4.370003919398863E+03   7.0884881E-14
  4.372751885455831E+03   6.9328217E-14
  4.375499839485204E+03   7.2274780E-14
  4.378247781422717E+03   7.4135793E-14
  4.380995711204105E+03   7.5306921E-14
  4.383743628765104E+03   7.8139535E-14
  4.386491534041460E+03   7.5759928E-14
  4.389239426968916E+03   7.9565660E-14
  4.391987307483217E+03   7.9467581E-14
  4.394735175520115E+03   7.8835721E-14
  4.397483031015363E+03   8.0007493E-14
  4.400230873904718E+03   8.1267716E-14
  4.402978704123936E+03   7.9860015E-14
  4.405726521608782E+03   7.9325964E-14
  4.408474326295020E+03   7.9015136E-14
  4.411222118118417E+03   7.8315535E-14
  4.413969897014744E+03   7.6859865E-14
  4.416717662919776E+03   7.5444947E-14
  4.419465415769289E+03   7.2295556E-14
  4.422213155499066E+03   7.5283584E-14
  4.424960882044886E+03   7.2289803E-14
  4.427708595342537E+03   7.2215901E-14
  4.430456295327808E+03   7.2484384E-14
  4.433203981936491E+03   7.3260015E-14
  4.435951655104383E+03   7.0593948E-14
  4.438699314767283E+03   7.0616039E-14
  4.441446960860991E+03   7.1735430E-14
  4.444194593321312E+03   7.1319442E-14
  4.446942212084056E+03   7.0048649E-14
  4.449689817085034E+03   7.2071804E-14
  4.452437408260060E+03   7.1878796E-14
  4.455184985544951E+03   7.2068809E-14
  4.457932548875530E+03   7.6702804E-14
  4.460680098187620E+03   7.6055346E-14
  4.463427633417051E+03   7.7086361E-14
  4.466175154499650E+03   7.7295680E-14
  4.468922661371255E+03   8.1004363E-14
  4.471670153967703E+03   8.2874713E-14
  4.474417632224833E+03   8.1228264E-14
  4.477165096078490E+03   8.3667245E-14
  4.479912545464524E+03   8.4402232E-14
  4.482659980318783E+03   8.4630870E-14
  4.485407400577121E+03   8.5096643E-14
  4.488154806175400E+03   8.7187798E-14
  4.490902197049478E+03   8.5982281E-14
  4.493649573135221E+03   8.5550938E-14
  4.496396934368496E+03   8.6846410E-14
  4.499144280685176E+03   8.6177796E-14
  4.501891612021135E+03   8.8004263E-14
  4.504638928312253E+03   8.6830872E-14
  4.507386229494411E+03   8.8920367E-14
  4.510133515503497E+03   8.9623587E-14
  4.512880786275397E+03   8.9409647E-14
  4.515628041746004E+03   8.7456443E-14
  4.518375281851218E+03   8.8719322E-14
  4.521122506526935E+03   8.8780620E-14
  4.523869715709062E+03   8.9149581E-14
  4.526616909333504E+03   8.8833685E-14
  4.529364087336171E+03   8.6349236E-14
  4.532111249652980E+03   8.6799701E-14
  4.534858396219848E+03   8.7862192E-14
  4.537605526972698E+03   8.4953163E-14
  4.540352641847455E+03   8.8369267E-14
  4.543099740780046E+03   8.7147032E-14
  4.545846823706407E+03   8.5800575E-14
  4.548593890562473E+03   8.4952221E-14
  4.551340941284186E+03   8.3680018E-14
  4.554087975807488E+03   8.6927807E-14
  4.556834994068330E+03   8.3561704E-14
  4.559581996002661E+03   8.4300656E-14
  4.562328981546439E+03   8.4721198E-14
  4.565075950635622E+03   8.4314710E-14
  4.567822903206173E+03   8.3974264E-14
  4.570569839194060E+03   8.4719415E-14
  4.573316758535256E+03   8.3904665E-14
  4.576063661165732E+03   8.4537588E-14
  4.578810547021470E+03   8.6068942E-14
  4.581557416038452E+03   8.5014888E-14
  4.584304268152665E+03   8.2800791E-14
  4.587051103300098E+03   8.5368094E-14
  4.589797921416746E+03   8.5182207E-14
  4.592544722438609E+03   8.5105330E-14
  4.595291506301691E+03   8.3340907E-14
  4.598038272941994E+03   8.3820151E-14
  4.600785022295532E+03   8.2596148E-14
  4.603531754298320E+03   8.4059997E-14
  4.606278468886375E+03   8.5151158E-14
  4.609025165995720E+03   8.2105113E-14
  4.611771845562383E+03   8.4089365E-14
  4.614518507522394E+03   8.5303435E-14
  4.617265151811787E+03   8.2115169E-14
  4.620011778366604E+03   8.2680600E-14
  4.622758387122886E+03   8.3918752E-14
  4.625504978016684E+03   8.2829292E-14
  4.628251550984044E+03   8.2422432E-14
  4.630998105961026E+03   8.2233787E-14
  4.633744642883691E+03   8.2946054E-14
  4.636491161688100E+03   8.1410695E-14
  4.639237662310322E+03   8.0047283E-14
  4.641984144686431E+03   8.1792673E-14
  4.644730608752505E+03   7.8657919E-14
  4.647477054444622E+03   7.5515772E-14
  4.650223481698870E+03   7.5711295E-14
  4.652969890451339E+03   7.3591828E-14
  4.655716280638122E+03   7.1078492E-14
  4.658462652195318E+03   7.2055934E-14
  4.661209005059030E+03   6.8358310E-14
  4.663955339165365E+03   7.0745100E-14
  4.666701654450435E+03   6.8548269E-14
  4.669447950850355E+03   6.8119196E-14
  4.672194228301249E+03   6.8263646E-14
  4.674940486739237E+03   6.7098271E-14
  4.677686726100450E+03   6.7219572E-14
  4.680432946321022E+03   6.5444930E-14
  4.683179147337091E+03   6.4470829E-14
  4.685925329084800E+03   6.4931011E-14
  4.688671491500297E+03   6.5117562E-14
  4.691417634519731E+03   6.5799166E-14
  4.694163758079261E+03   6.5437009E-14
  4.696909862115046E+03   6.4580692E-14
  4.699655946563253E+03   6.3511222E-14
  4.702402011360050E+03   6.5958781E-14
  4.705148056441612E+03   6.6023318E-14
  4.707894081744119E+03   6.7009908E-14
  4.710640087203752E+03   6.4857360E-14
  4.713386072756703E+03   6.3552916E-14
  4.716132038339162E+03   6.5579093E-14
  4.718877983887327E+03   6.5639660E-14
  4.721623909337402E+03   6.3544053E-14
  4.724369814625593E+03   6.6302541E-14
  4.727115699688110E+03   6.3999634E-14
  4.729861564461172E+03   6.4463449E-14
  4.732607408880997E+03   6.3318396E-14
  4.735353232883814E+03   6.2832145E-14
  4.738099036405851E+03   6.2377187E-14
  4.740844819383346E+03   6.1124567E-14
  4.743590581752536E+03   6.0208627E-14
  4.746336323449669E+03   5.9867069E-14
  4.749082044410992E+03   5.8266217E-14
  4.751827744572762E+03   5.8705238E-14
  4.754573423871238E+03   5.8305764E-14
  4.757319082242680E+03   5.8975191E-14
  4.760064719623364E+03   5.6055597E-14
  4.762810335949560E+03   5.7028357E-14
  4.765555931157547E+03   5.8676764E-14
  4.768301505183611E+03   5.6880871E-14
  4.771047057964039E+03   5.9363715E-14
  4.773792589435125E+03   5.6294663E-14
  4.776538099533168E+03   5.7345615E-14
  4.779283588194472E+03   5.9308278E-14
  4.782029055355345E+03   6.0069368E-14
  4.784774500952100E+03   5.9822163E-14
  4.787519924921058E+03   6.1119716E-14
  4.790265327198543E+03   6.0744670E-14
  4.793010707720880E+03   6.0941466E-14
  4.795756066424407E+03   6.2762776E-14
  4.798501403245460E+03   6.2742522E-14
  4.801246718120385E+03   6.4545855E-14
  4.803992010985530E+03   6.2685419E-14
  4.806737281777250E+03   6.1959606E-14
  4.809482530431905E+03   6.3499722E-14
  4.812227756885857E+03   6.2035121E-14
  4.814972961075478E+03   6.2311552E-14
  4.817718142937144E+03   6.1341238E-14
  4.820463302407233E+03   6.1168938E-14
  4.823208439422129E+03   6.0266286E-14
  4.825953553918227E+03   6.0016181E-14
  4.828698645831920E+03   5.9100186E-14
  4.831443715099608E+03   6.0670869E-14
  4.834188761657699E+03   5.7563553E-14
  4.836933785442605E+03   5.8141480E-14
  4.839678786390742E+03   5.6937019E-14
  4.842423764438533E+03   5.5534726E-14
  4.845168719522404E+03   5.4858035E-14
  4.847913651578790E+03   5.5030335E-14
  4.850658560544127E+03   5.3847504E-14
  4.853403446354861E+03   5.2294649E-14
  4.856148308947439E+03   5.2151839E-14
  4.858893148258316E+03   5.1765212E-14
  4.861637964223953E+03   4.9256521E-14
  4.864382756780813E+03   4.8907543E-14
  4.867127525865370E+03   4.9920890E-14
  4.869872271414096E+03   4.6222551E-14
  4.872616993363476E+03   4.6914675E-14
  4.875361691649996E+03   4.7596543E-14
  4.878106366210148E+03   4.7382437E-14
  4.880851016980431E+03   4.7839049E-14
  4.883595643897349E+03   4.7410640E-14
  4.886340246897410E+03   4.6954245E-14
  4.889084825917130E+03   4.6057417E-14
  4.891829380893027E+03   4.6810676E-14
  4.894573911761629E+03   4.6537925E-14
  4.897318418459468E+03   4.5834010E-14
  4.900062900923082E+03   4.7059965E-14
  4.902807359089009E+03   4.8356017E-14
  4.905551792893802E+03   4.7500761E-14
  4.908296202274014E+03   4.8214857E-14
  4.911040587166202E+03   4.6473997E-14
  4.913784947506936E+03   4.6619240E-14
  4.916529283232785E+03   4.6184702E-14
  4.919273594280326E+03   4.6323317E-14
  4.922017880586141E+03   4.5641815E-14
  4.924762142086818E+03   4.6160812E-14
  4.927506378718955E+03   4.6135554E-14
  4.930250590419146E+03   4.6048380E-14
  4.932994777123999E+03   4.7182070E-14
  4.935738938770130E+03   4.6377490E-14
  4.938483075294150E+03   4.7806834E-14
  4.941227186632685E+03   4.8099281E-14
  4.943971272722363E+03   4.8176290E-14
  4.946715333499820E+03   4.7671251E-14
  4.949459368901696E+03   4.8550370E-14
  4.952203378864638E+03   4.6899604E-14
  4.954947363325297E+03   4.7531962E-14
  4.957691322220334E+03   4.7518213E-14
  4.960435255486413E+03   4.7820238E-14
  4.963179163060202E+03   4.7052118E-14
  4.965923044878380E+03   4.5828230E-14
  4.968666900877627E+03   4.4842172E-14
  4.971410730994633E+03   4.6699728E-14
  4.974154535166093E+03   4.5667639E-14
  4.976898313328703E+03   4.7467066E-14
  4.979642065419174E+03   4.6789121E-14
  4.982385791374218E+03   4.6980293E-14
  4.985129491130549E+03   4.7254132E-14
  4.987873164624897E+03   4.6696093E-14
  4.990616811793991E+03   4.5073445E-14
  4.993360432574565E+03   4.6977413E-14
  4.996104026903365E+03   4.5112809E-14
  4.998847594717138E+03   4.6059531E-14
  5.001591135952641E+03   4.6223645E-14
  5.004334650546633E+03   4.7416908E-14
  5.007078138435883E+03   4.8945409E-14
  5.009821599557165E+03   4.7736917E-14
  5.012565033847259E+03   4.8601178E-14
  5.015308441242949E+03   4.8464088E-14
  5.018051821681030E+03   4.9429153E-14
  5.020795175098297E+03   5.0574745E-14
  5.023538501431559E+03   5.0312971E-14
  5.026281800617625E+03   5.1352955E-14
  5.029025072593312E+03   5.1316085E-14
  5.031768317295445E+03   5.2099197E-14
  5.034511534660853E+03   5.1393826E-14
  5.037254724626373E+03   5.2069307E-14
  5.039997887128847E+03   5.2159767E-14
  5.042741022105125E+03   5.0400392E-14
  5.045484129492062E+03   5.2046604E-14
  5.048227209226520E+03   5.5376314E-14
  5.050970261245368E+03   5.3520715E-14
  5.053713285485479E+03   5.4794548E-14
  5.056456281883735E+03   5.6030274E-14
  5.059199250377024E+03   5.7489522E-14
  5.061942190902240E+03   5.7270872E-14
  5.064685103396282E+03   5.6889714E-14
  5.067427987796058E+03   5.9427025E-14
  5.070170844038483E+03   5.9145790E-14
  5.072913672060475E+03   6.1075792E-14
  5.075656471798961E+03   6.1077967E-14
  5.078399243190875E+03   6.2711284E-14
  5.081141986173157E+03   6.1866304E-14
  5.083884700682751E+03   6.3963347E-14
  5.086627386656611E+03   6.3799165E-14
  5.089370044031697E+03   6.6097227E-14
  5.092112672744975E+03   6.5364150E-14
  5.094855272733416E+03   6.6974522E-14
  5.097597843934002E+03   6.6837710E-14
  5.100340386283718E+03   6.8828156E-14
  5.103082899719556E+03   6.8740410E-14
  5.105825384178515E+03   7.0286557E-14
  5.108567839597604E+03   6.8198329E-14
  5.111310265913832E+03   7.0051658E-14
  5.114052663064221E+03   7.1790738E-14
  5.116795030985795E+03   6.9042496E-14
  5.119537369615591E+03   7.0934320E-14
  5.122279678890645E+03   7.1180109E-14
  5.125021958748006E+03   7.0503485E-14
  5.127764209124726E+03   7.2100718E-14
  5.130506429957866E+03   7.2243928E-14
  5.133248621184493E+03   7.0625431E-14
  5.135990782741681E+03   7.1631686E-14
  5.138732914566510E+03   7.2405210E-14
  5.141475016596068E+03   6.9632315E-14
  5.144217088767449E+03   6.9595032E-14
  5.146959131017757E+03   6.9796586E-14
  5.149701143284096E+03   6.9503858E-14
  5.152443125503585E+03   6.9797588E-14
  5.155185077613345E+03   6.9913496E-14
  5.157926999550506E+03   6.6964087E-14
  5.160668891252201E+03   6.8474577E-14
  5.163410752655578E+03   6.9103862E-14
  5.166152583697783E+03   6.7815470E-14
  5.168894384315976E+03   6.6941495E-14
  5.171636154447320E+03   6.8725617E-14
  5.174377894028986E+03   6.8589726E-14
  5.177119602998153E+03   6.7277056E-14
  5.179861281292004E+03   6.9570211E-14
  5.182602928847735E+03   6.8106992E-14
  5.185344545602544E+03   6.8748087E-14
  5.188086131493636E+03   7.0110489E-14
  5.190827686458228E+03   7.0368319E-14
  5.193569210433538E+03   6.7898263E-14
  5.196310703356796E+03   6.9668440E-14
  5.199052165165237E+03   6.8306173E-14
  5.201793595796102E+03   7.1128060E-14
  5.204534995186643E+03   6.8445310E-14
  5.207276363274115E+03   7.0142737E-14
  5.210017699995783E+03   6.9770470E-14
  5.212759005288917E+03   7.0433819E-14
  5.215500279090797E+03   6.9374248E-14
  5.218241521338708E+03   6.9875468E-14
  5.220982731969944E+03   6.8008208E-14
  5.223723910921805E+03   6.7729100E-14
  5.226465058131599E+03   6.9527392E-14
  5.229206173536640E+03   6.6259003E-14
  5.231947257074251E+03   6.7552951E-14
  5.234688308681762E+03   6.7042109E-14
  5.237429328296509E+03   6.5865655E-14
  5.240170315855838E+03   6.4602688E-14
  5.242911271297101E+03   6.3752734E-14
  5.245652194557656E+03   6.1299991E-14
  5.248393085574869E+03   6.0864000E-14
  5.251133944286116E+03   5.9561853E-14
  5.253874770628778E+03   5.8705495E-14
  5.256615564540243E+03   5.8482888E-14
  5.259356325957910E+03   5.6525267E-14
  5.262097054819181E+03   5.6433286E-14
  5.264837751061467E+03   5.4726477E-14
  5.267578414622188E+03   5.2712012E-14
  5.270319045438771E+03   5.2563538E-14
  5.273059643448649E+03   5.1000907E-14
  5.275800208589265E+03   5.2790132E-14
  5.278540740798067E+03   5.0604066E-14
  5.281281240012513E+03   5.0603544E-14
  5.284021706170067E+03   4.9938298E-14
  5.286762139208199E+03   4.9392517E-14
  5.289502539064392E+03   4.9903502E-14
  5.292242905676132E+03   4.7687498E-14
  5.294983238980913E+03   4.8668633E-14
  5.297723538916239E+03   4.8294410E-14
  5.300463805419618E+03   4.9188924E-14
  5.303204038428572E+03   4.9111370E-14
  5.305944237880623E+03   4.9166454E-14
  5.308684403713308E+03   4.7144915E-14
  5.311424535864164E+03   4.9344765E-14
  5.314164634270743E+03   4.8535937E-14
  5.316904698870600E+03   4.9133240E-14
  5.319644729601300E+03   4.8016773E-14
  5.322384726400417E+03   4.7261023E-14
  5.325124689205530E+03   6.6291861E-14
  5.327864617954225E+03   5.0099783E-14
  5.330604512584100E+03   4.8201860E-14
  5.333344373032759E+03   4.6830348E-14
  5.336084199237811E+03   4.7838408E-14
  5.338823991136877E+03   4.8802505E-14
  5.341563748667585E+03   4.8017024E-14
  5.344303471767568E+03   4.9924993E-14
  5.347043160374471E+03   4.8787499E-14
  5.349782814425945E+03   4.9875238E-14
  5.352522433859647E+03   4.9777921E-14
  5.355262018613245E+03   5.2349662E-14
  5.358001568624416E+03   5.1271175E-14
  5.360741083830840E+03   5.1989178E-14
  5.363480564170207E+03   5.2823919E-14
  5.366220009580219E+03   5.4251315E-14
  5.368959419998581E+03   5.3629722E-14
  5.371698795363010E+03   5.2022612E-14
  5.374438135611226E+03   5.2708516E-14
  5.377177440680962E+03   5.2867585E-14
  5.379916710509957E+03   5.2912935E-14
  5.382655945035958E+03   5.3369601E-14
  5.385395144196719E+03   5.4776601E-14
  5.388134307930007E+03   5.5912191E-14
  5.390873436173590E+03   5.2295621E-14
  5.393612528865250E+03   5.3950828E-14
  5.396351585942773E+03   5.4456639E-14
  5.399090607343958E+03   5.1458231E-14
  5.401829593006606E+03   5.3720879E-14
  5.404568542868532E+03   5.3012983E-14
  5.407307456867556E+03   5.4819664E-14
  5.410046334941506E+03   5.2833165E-14
  5.412785177028221E+03   5.1817349E-14
  5.415523983065546E+03   5.2428975E-14
  5.418262752991333E+03   5.2875042E-14
  5.421001486743447E+03   5.1474795E-14
  5.423740184259756E+03   5.0963536E-14
  5.426478845478138E+03   5.2479200E-14
  5.429217470336484E+03   5.0750972E-14
  5.431956058772684E+03   5.0145269E-14
  5.434694610724646E+03   5.0762701E-14
  5.437433126130280E+03   5.1785318E-14
  5.440171604927507E+03   4.8960453E-14
  5.442910047054256E+03   4.6661422E-14
  5.445648452448463E+03   4.8738222E-14
  5.448386821048075E+03   4.6427499E-14
  5.451125152791046E+03   4.6189388E-14
  5.453863447615338E+03   4.4963951E-14
  5.456601705458924E+03   4.6780556E-14
  5.459339926259781E+03   4.4893918E-14
  5.462078109955896E+03   4.5084802E-14
  5.464816256485270E+03   4.2849747E-14
  5.467554365785903E+03   4.4216607E-14
  5.470292437795812E+03   4.5466143E-14
  5.473030472453019E+03   4.4106903E-14
  5.475768469695550E+03   4.6036166E-14
  5.478506429461451E+03   4.5702205E-14
  5.481244351688766E+03   6.8415149E-14
  5.483982236315553E+03   4.3947640E-14
  5.486720083279874E+03   4.6460262E-14
  5.489457892519806E+03   4.6765966E-14
  5.492195663973429E+03   4.6794044E-14
  5.494933397578836E+03   4.7792553E-14
  5.497671093274124E+03   4.9987575E-14
  5.500408750997404E+03   4.9855306E-14
  5.503146370686793E+03   5.0713702E-14
  5.505883952280414E+03   5.0417678E-14
  5.508621495716403E+03   5.1486403E-14
  5.511359000932903E+03   4.8861336E-14
  5.514096467868066E+03   5.2060417E-14
  5.516833896460053E+03   5.2787744E-14
  5.519571286647031E+03   5.3688096E-14
  5.522308638367182E+03   5.1970310E-14
  5.525045951558690E+03   5.5509935E-14
  5.527783226159753E+03   5.4811346E-14
  5.530520462108574E+03   5.4724491E-14
  5.533257659343368E+03   5.4864093E-14
  5.535994817802357E+03   5.5350252E-14
  5.538731937423770E+03   5.5574658E-14
  5.541469018145849E+03   5.8492877E-14
  5.544206059906845E+03   5.6823127E-14
  5.546943062645011E+03   5.8648995E-14
  5.549680026298618E+03   5.9669751E-14
  5.552416950805940E+03   5.8965074E-14
  5.555153836105263E+03   5.9159939E-14
  5.557890682134876E+03   5.9496326E-14
  5.560627488833088E+03   5.8121707E-14
  5.563364256138207E+03   5.8700284E-14
  5.566100983988556E+03   5.8994930E-14
  5.568837672322462E+03   5.9028303E-14
  5.571574321078266E+03   5.8424165E-14
  5.574310930194312E+03   5.8640694E-14
  5.577047499608960E+03   5.8253512E-14
  5.579784029260577E+03   5.9563330E-14
  5.582520519087535E+03   5.9899934E-14
  5.585256969028219E+03   5.9417247E-14
  5.587993379021023E+03   6.0946806E-14
  5.590729749004346E+03   5.9829935E-14
  5.593466078916603E+03   6.1141752E-14
  5.596202368696214E+03   6.0602185E-14
  5.598938618281608E+03   6.0424288E-14
  5.601674827611222E+03   6.2591364E-14
  5.604410996623507E+03   6.0315102E-14
  5.607147125256919E+03   6.1690921E-14
  5.609883213449923E+03   6.1700523E-14
  5.612619261140999E+03   6.1790877E-14
  5.615355268268628E+03   6.1202860E-14
  5.618091234771305E+03   6.2966308E-14
  5.620827160587533E+03   6.0916143E-14
  5.623563045655827E+03   6.2023689E-14
  5.626298889914707E+03   6.1260343E-14
  5.629034693302704E+03   6.2431932E-14
  5.631770455758358E+03   6.2039952E-14
  5.634506177220223E+03   6.1107837E-14
  5.637241857626854E+03   6.0125902E-14
  5.639977496916823E+03   6.0713838E-14
  5.642713095028704E+03   6.2033393E-14
  5.645448651901089E+03   6.1702359E-14
  5.648184167472572E+03   6.2053532E-14
  5.650919641681758E+03   6.2473030E-14
  5.653655074467267E+03   5.8808420E-14
  5.656390465767719E+03   6.0857583E-14
  5.659125815521755E+03   6.1425799E-14
  5.661861123668012E+03   6.0013863E-14
  5.664596390145147E+03   5.8453493E-14
  5.667331614891823E+03   6.1390563E-14
  5.670066797846713E+03   5.9349003E-14
  5.672801938948497E+03   6.0554711E-14
  5.675537038135867E+03   6.0598919E-14
  5.678272095347527E+03   5.8606853E-14
  5.681007110522184E+03   6.0766584E-14
  5.683742083598559E+03   6.0705726E-14
  5.686477014515383E+03   6.0637957E-14
  5.689211903211392E+03   6.0831121E-14
  5.691946749625341E+03   6.0091790E-14
  5.694681553695984E+03   6.0421428E-14
  5.697416315362091E+03   8.8297012E-14
