

  5.244497511939657E+03   3.3219836E-14
  5.249374059166749E+03   2.6581234E-14
  5.254250645689644E+03   2.7512043E-14
  5.259127271395278E+03   2.5938695E-14
  5.264003936170580E+03   2.6750292E-14
  5.268880639902474E+03   2.6805205E-14
  5.273757382477871E+03   2.7537060E-14
  5.278634163783671E+03   3.0039336E-14
  5.283510983706771E+03   3.0197846E-14
  5.288387842134054E+03   2.9942693E-14
  5.293264738952396E+03   2.9799554E-14
  5.298141674048665E+03   2.9896058E-14
  5.303018647309716E+03   3.0786307E-14
  5.307895658622401E+03   3.0849164E-14
  5.312772707873559E+03   3.0557849E-14
  5.317649794950020E+03   3.0767289E-14
  5.322526919738607E+03   3.2062508E-14
  5.327404082126135E+03   3.6729043E-14
  5.332281281999408E+03   3.1408175E-14
  5.337158519245222E+03   3.1872864E-14
  5.342035793750365E+03   3.1246151E-14
  5.346913105401615E+03   3.1214570E-14
  5.351790454085743E+03   3.1791186E-14
  5.356667839689511E+03   3.1824881E-14
  5.361545262099670E+03   3.0747479E-14
  5.366422721202966E+03   3.0715868E-14
  5.371300216886133E+03   3.0680096E-14
  5.376177749035902E+03   3.1596978E-14
  5.381055317538987E+03   3.0913416E-14
  5.385932922282102E+03   3.0599435E-14
  5.390810563151946E+03   2.9453125E-14
  5.395688240035213E+03   2.9324596E-14
  5.400565952818591E+03   2.9602690E-14
  5.405443701388753E+03   2.9576635E-14
  5.410321485632368E+03   2.9013484E-14
  5.415199305436097E+03   2.9890180E-14
  5.420077160686591E+03   2.8871552E-14
  5.424955051270495E+03   2.8280329E-14
  5.429832977074441E+03   2.8627955E-14
  5.434710937985059E+03   2.8165274E-14
  5.439588933888967E+03   2.7978227E-14
  5.444466964672775E+03   2.8387398E-14
  5.449345030223086E+03   2.7950961E-14
  5.454223130426493E+03   2.8181543E-14
  5.459101265169585E+03   2.7671350E-14
  5.463979434338937E+03   2.7768754E-14
  5.468857637821122E+03   2.8833147E-14
  5.473735875502702E+03   2.8563039E-14
  5.478614147270228E+03   2.8383596E-14
  5.483492453010250E+03   2.9048358E-14
  5.488370792609304E+03   3.0025898E-14
  5.493249165953922E+03   2.8849614E-14
  5.498127572930626E+03   2.9186268E-14
  5.503006013425930E+03   2.9456028E-14
  5.507884487326342E+03   2.8995923E-14
  5.512762994518362E+03   2.8840984E-14
  5.517641534888478E+03   2.9155955E-14
  5.522520108323177E+03   2.8570865E-14
  5.527398714708934E+03   2.7363191E-14
  5.532277353932215E+03   2.7474888E-14
  5.537156025879483E+03   2.7466675E-14
  5.542034730437190E+03   2.7253319E-14
  5.546913467491780E+03   2.6656098E-14
  5.551792236929694E+03   2.7483626E-14
  5.556671038637359E+03   2.7026512E-14
  5.561549872501200E+03   2.7283334E-14
  5.566428738407631E+03   2.7219256E-14
  5.571307636243059E+03   2.8208891E-14
  5.576186565893884E+03   2.8920924E-14
  5.581065527246501E+03   2.8751012E-14
  5.585944520187292E+03   2.8440219E-14
  5.590823544602637E+03   2.8968100E-14
  5.595702600378907E+03   2.8665357E-14
  5.600581687402464E+03   2.9006894E-14
  5.605460805559665E+03   2.8876149E-14
  5.610339954736859E+03   2.9496889E-14
  5.615219134820385E+03   2.9331301E-14
  5.620098345696579E+03   2.9537038E-14
  5.624977587251769E+03   2.9162555E-14
  5.629856859372273E+03   2.9161328E-14
  5.634736161944406E+03   2.9561589E-14
  5.639615494854471E+03   2.8622321E-14
  5.644494857988768E+03   2.8874462E-14
  5.649374251233588E+03   2.9177879E-14
  5.654253674475218E+03   2.9206045E-14
  5.659133127599931E+03   2.8543116E-14
  5.664012610493999E+03   2.9326076E-14
  5.668892123043688E+03   2.9060376E-14
  5.673771665135252E+03   2.8997333E-14
  5.678651236654941E+03   2.8996445E-14
  5.683530837488999E+03   2.8592173E-14
  5.688410467523660E+03   2.8477048E-14
  5.693290126645155E+03   2.7249877E-14
  5.698169814739707E+03   2.7806303E-14
  5.703049531693528E+03   2.8154411E-14
  5.707929277392831E+03   2.7994508E-14
  5.712809051723814E+03   2.8052522E-14
  5.717688854572676E+03   2.8276379E-14
  5.722568685825604E+03   2.6792489E-14
  5.727448545368780E+03   2.7220918E-14
  5.732328433088381E+03   2.7100380E-14
  5.737208348870572E+03   2.6717764E-14
  5.742088292601521E+03   2.6428944E-14
  5.746968264167380E+03   2.6883487E-14
  5.751848263454298E+03   2.5915651E-14
  5.756728290348419E+03   2.6608393E-14
  5.761608344735881E+03   2.6485900E-14
  5.766488426502811E+03   2.5747882E-14
  5.771368535535335E+03   2.6593494E-14
  5.776248671719567E+03   2.6455968E-14
  5.781128834941621E+03   2.5598703E-14
  5.786009025087599E+03   2.6199808E-14
  5.790889242043601E+03   2.7203288E-14
  5.795769485695721E+03   2.6153191E-14
  5.800649755930038E+03   2.6796572E-14
  5.805530052632636E+03   2.6391737E-14
  5.810410375689590E+03   2.6581068E-14
  5.815290724986965E+03   2.5794820E-14
  5.820171100410820E+03   2.6629298E-14
  5.825051501847212E+03   2.6187060E-14
  5.829931929182189E+03   2.6469442E-14
  5.834812382301795E+03   2.6946346E-14
  5.839692861092066E+03   2.6652525E-14
  5.844573365439032E+03   2.7146432E-14
  5.849453895228719E+03   2.6939720E-14
  5.854334450347144E+03   2.6951706E-14
  5.859215030680321E+03   2.7173513E-14
  5.864095636114256E+03   2.7157121E-14
  5.868976266534952E+03   2.6958369E-14
  5.873856921828404E+03   2.7529719E-14
  5.878737601880599E+03   2.7542757E-14
  5.883618306577520E+03   2.7358278E-14
  5.888499035805150E+03   2.7246953E-14
  5.893379789449456E+03   2.7084187E-14
  5.898260567396405E+03   2.7088998E-14
  5.903141369531962E+03   2.7102086E-14
  5.908022195742077E+03   2.6267108E-14
  5.912903045912702E+03   2.5479161E-14
  5.917783919929780E+03   2.3848243E-14
  5.922664817679248E+03   2.2103606E-14
  5.927545739047040E+03   2.2547343E-14
  5.932426683919084E+03   2.4154195E-14
  5.937307652181300E+03   2.4882138E-14
  5.942188643719606E+03   2.4714753E-14
  5.947069658419910E+03   2.4980169E-14
  5.951950696168119E+03   2.5125440E-14
  5.956831756850133E+03   2.4451666E-14
  5.961712840351847E+03   2.4130183E-14
  5.966593946559147E+03   2.3780132E-14
  5.971475075357921E+03   2.3222418E-14
  5.976356226634044E+03   2.3089513E-14
  5.981237400273392E+03   2.3016614E-14
  5.986118596161833E+03   2.2255227E-14
  5.990999814185227E+03   2.2125459E-14
  5.995881054229434E+03   2.1673578E-14
  6.000762316180307E+03   2.1573556E-14
  6.005643599923692E+03   2.1642617E-14
  6.010524905345431E+03   2.0800331E-14
  6.015406232331362E+03   2.1378193E-14
  6.020287580767317E+03   2.0817215E-14
  6.025168950539124E+03   2.0943237E-14
  6.030050341532605E+03   2.1128663E-14
  6.034931753633574E+03   2.0632505E-14
  6.039813186727847E+03   1.9572468E-14
  6.044694640701229E+03   1.9841416E-14
  6.049576115439525E+03   2.0456449E-14
  6.054457610828530E+03   2.0040183E-14
  6.059339126754038E+03   1.9907905E-14
  6.064220663101836E+03   2.0512260E-14
  6.069102219757709E+03   1.9540664E-14
  6.073983796607432E+03   1.9619429E-14
  6.078865393536783E+03   1.9582382E-14
  6.083747010431526E+03   1.9415999E-14
  6.088628647177430E+03   2.0022460E-14
  6.093510303660251E+03   1.9527228E-14
  6.098391979765746E+03   1.9174837E-14
  6.103273675379665E+03   1.8662569E-14
  6.108155390387753E+03   1.8953961E-14
  6.113037124675753E+03   1.8839488E-14
  6.117918878129401E+03   1.8559168E-14
  6.122800650634427E+03   1.8611719E-14
  6.127682442076562E+03   1.8680043E-14
  6.132564252341526E+03   1.8122782E-14
  6.137446081315042E+03   1.8760040E-14
  6.142327928882822E+03   1.8832849E-14
  6.147209794930576E+03   1.9126837E-14
  6.152091679344011E+03   1.8849795E-14
  6.156973582008827E+03   1.8860041E-14
  6.161855502810724E+03   1.9849424E-14
  6.166737441635393E+03   2.0065067E-14
  6.171619398368524E+03   2.0564259E-14
  6.176501372895800E+03   2.0519378E-14
  6.181383365102903E+03   2.0940476E-14
  6.186265374875508E+03   2.1178443E-14
  6.191147402099289E+03   2.1205195E-14
  6.196029446659913E+03   2.1371166E-14
  6.200911508443042E+03   2.1798227E-14
  6.205793587334339E+03   2.2404330E-14
  6.210675683219461E+03   2.1846674E-14
  6.215557795984056E+03   2.2517072E-14
  6.220439925513773E+03   2.1936156E-14
  6.225322071694259E+03   2.2778374E-14
  6.230204234411151E+03   2.2240273E-14
  6.235086413550088E+03   2.3141830E-14
  6.239968608996702E+03   2.3013814E-14
  6.244850820636619E+03   2.3802288E-14
  6.249733048355466E+03   2.3692450E-14
  6.254615292038865E+03   2.3964661E-14
  6.259497551572431E+03   2.4420002E-14
  6.264379826841780E+03   2.4203548E-14
  6.269262117732520E+03   2.4977186E-14
  6.274144424130258E+03   2.4497873E-14
  6.279026745920598E+03   2.4678683E-14
  6.283909082989137E+03   2.5222288E-14
  6.288791435221470E+03   2.4778500E-14
  6.293673802503191E+03   2.5034885E-14
  6.298556184719889E+03   2.5084549E-14
  6.303438581757146E+03   2.4664979E-14
  6.308320993500546E+03   2.5493832E-14
  6.313203419835664E+03   2.4515156E-14
  6.318085860648079E+03   2.4878706E-14
  6.322968315823357E+03   2.4676092E-14
  6.327850785247068E+03   2.5303361E-14
  6.332733268804778E+03   2.5128057E-14
  6.337615766382048E+03   2.5507928E-14
  6.342498277864433E+03   2.5677436E-14
  6.347380803137489E+03   2.5785416E-14
  6.352263342086769E+03   2.5504631E-14
  6.357145894597818E+03   2.5712903E-14
  6.362028460556184E+03   2.5652788E-14
  6.366911039847406E+03   2.4990980E-14
  6.371793632357025E+03   2.5178737E-14
  6.376676237970574E+03   2.4883270E-14
  6.381558856573590E+03   2.5153684E-14
  6.386441488051597E+03   2.4972500E-14
  6.391324132290124E+03   2.5580344E-14
  6.396206789174696E+03   2.4681415E-14
  6.401089458590832E+03   2.5238212E-14
  6.405972140424047E+03   2.4161828E-14
  6.410854834559861E+03   2.4278792E-14
  6.415737540883780E+03   2.4217487E-14
  6.420620259281318E+03   2.3791204E-14
  6.425502989637976E+03   2.4401356E-14
  6.430385731839262E+03   2.4398125E-14
  6.435268485770674E+03   2.3404808E-14
  6.440151251317709E+03   2.3815287E-14
  6.445034028365863E+03   2.4110857E-14
  6.449916816800629E+03   2.3321058E-14
  6.454799616507496E+03   2.3550609E-14
  6.459682427371950E+03   2.3606456E-14
  6.464565249279476E+03   2.2963221E-14
  6.469448082115557E+03   2.2616901E-14
  6.474330925765671E+03   2.2584182E-14
  6.479213780115294E+03   2.2584185E-14
  6.484096645049901E+03   2.2894980E-14
  6.488979520454964E+03   2.2529636E-14
  6.493862406215952E+03   2.2476660E-14
  6.498745302218330E+03   2.2127460E-14
  6.503628208347564E+03   2.2082855E-14
  6.508511124489117E+03   2.1825915E-14
  6.513394050528448E+03   2.2187174E-14
  6.518276986351011E+03   2.1907682E-14
  6.523159931842268E+03   2.2306770E-14
  6.528042886887663E+03   2.2046260E-14
  6.532925851372655E+03   2.1930767E-14
  6.537808825182687E+03   2.2374980E-14
  6.542691808203205E+03   2.1378287E-14
  6.547574800319656E+03   2.2401404E-14
  6.552457801417480E+03   2.1570634E-14
  6.557340811382119E+03   2.1750763E-14
  6.562223830099007E+03   2.2223263E-14
  6.567106857453581E+03   2.1576558E-14
  6.571989893331273E+03   2.2103875E-14
  6.576872937617519E+03   2.1583794E-14
  6.581755990197745E+03   2.2245933E-14
  6.586639050957379E+03   2.1697726E-14
  6.591522119781847E+03   2.1686461E-14
  6.596405196556574E+03   2.1248120E-14
  6.601288281166981E+03   2.1530292E-14
  6.606171373498486E+03   2.1339445E-14
  6.611054473436512E+03   2.1325505E-14
  6.615937580866472E+03   2.1448883E-14
  6.620820695673781E+03   2.1137048E-14
  6.625703817743854E+03   2.1046499E-14
  6.630586946962100E+03   2.1047879E-14
  6.635470083213929E+03   2.0726712E-14
  6.640353226384750E+03   2.1192370E-14
  6.645236376359969E+03   2.1003851E-14
  6.650119533024991E+03   2.0953313E-14
  6.655002696265218E+03   2.0899388E-14
  6.659885865966055E+03   2.0524333E-14
  6.664769042012898E+03   2.0652921E-14
  6.669652224291147E+03   2.0317471E-14
  6.674535412686200E+03   2.0785284E-14
  6.679418607083452E+03   2.0794276E-14
  6.684301807368299E+03   2.0380082E-14
  6.689185013426130E+03   2.0547054E-14
  6.694068225142342E+03   1.9916533E-14
  6.698951442402322E+03   2.0249392E-14
  6.703834665091458E+03   2.0260090E-14
  6.708717893095140E+03   2.0063625E-14
  6.713601126298753E+03   1.9202317E-14
  6.718484364587684E+03   2.0104978E-14
  6.723367607847315E+03   1.9858699E-14
  6.728250855963030E+03   2.0205905E-14
  6.733134108820210E+03   2.0105487E-14
  6.738017366304236E+03   2.0275667E-14
  6.742900628300489E+03   2.0275848E-14
  6.747783894694347E+03   2.0030625E-14
  6.752667165371184E+03   1.9261497E-14
  6.757550440216380E+03   1.9528544E-14
  6.762433719115309E+03   1.9411627E-14
  6.767317001953346E+03   2.0080563E-14
  6.772200288615865E+03   1.9649547E-14
  6.777083578988239E+03   1.9435279E-14
  6.781966872955839E+03   1.9283721E-14
  6.786850170404034E+03   1.9501302E-14
  6.791733471218197E+03   1.9224744E-14
  6.796616775283698E+03   1.9260648E-14
  6.801500082485903E+03   1.9483023E-14
  6.806383392710181E+03   1.9562204E-14
  6.811266705841899E+03   1.9236266E-14
  6.816150021766424E+03   1.9084691E-14
  6.821033340369121E+03   1.8535431E-14
  6.825916661535357E+03   1.9147468E-14
  6.830799985150494E+03   1.8709545E-14
  6.835683311099897E+03   1.8853812E-14
  6.840566639268930E+03   1.8364960E-14
  6.845449969542956E+03   1.8254770E-14
  6.850333301807336E+03   1.8420488E-14
  6.855216635947434E+03   1.8983880E-14
  6.860099971848609E+03   1.8432465E-14
  6.864983309396226E+03   1.8278857E-14
  6.869866648475643E+03   1.8213734E-14
  6.874749988972219E+03   1.7898748E-14
  6.879633330771318E+03   1.8009237E-14
  6.884516673758299E+03   1.7894283E-14
  6.889400017818517E+03   1.8004851E-14
  6.894283362837335E+03   1.8393802E-14
  6.899166708700111E+03   1.8008232E-14
  6.904050055292206E+03   1.8036435E-14
  6.908933402498975E+03   1.7442045E-14
  6.913816750205778E+03   1.7962997E-14
  6.918700098297973E+03   1.8221547E-14
  6.923583446660920E+03   1.8022955E-14
  6.928466795179976E+03   1.8060587E-14
  6.933350143740499E+03   1.8035554E-14
  6.938233492227847E+03   1.7465264E-14
  6.943116840527378E+03   1.7960693E-14
  6.948000188524453E+03   1.7989118E-14
  6.952883536104425E+03   1.7782715E-14
  6.957766883152657E+03   1.7547915E-14
  6.962650229554506E+03   1.7734942E-14
  6.967533575195329E+03   1.7622470E-14
  6.972416919960488E+03   1.7612636E-14
  6.977300263735339E+03   1.7151657E-14
  6.982183606405245E+03   1.7092977E-14
  6.987066947855560E+03   1.7200063E-14
  6.991950287971649E+03   1.7662694E-14
  6.996833626638870E+03   1.7259413E-14
  7.001716963742584E+03   1.7283087E-14
  7.006600299168151E+03   1.7536896E-14
  7.011483632800932E+03   1.7328480E-14
  7.016366964526290E+03   1.7348304E-14
  7.021250294229587E+03   1.7060804E-14
  7.026133621796185E+03   1.7217054E-14
  7.031016947111447E+03   1.6737613E-14
  7.035900270060736E+03   1.7174904E-14
  7.040783590529419E+03   1.6504918E-14
  7.045666908402856E+03   1.6916217E-14
  7.050550223566416E+03   1.6847053E-14
  7.055433535905465E+03   1.7069745E-14
  7.060316845305369E+03   1.6316123E-14
  7.065200151651492E+03   1.6802852E-14
  7.070083454829208E+03   1.6782367E-14
  7.074966754723881E+03   1.6484317E-14
  7.079850051220884E+03   1.7018930E-14
  7.084733344205586E+03   1.6929287E-14
  7.089616633563357E+03   1.6376252E-14
  7.094499919179570E+03   1.6694640E-14
  7.099383200939599E+03   1.6755343E-14
  7.104266478728818E+03   1.6878980E-14
  7.109149752432599E+03   1.6682932E-14
  7.114033021936319E+03   1.7020871E-14
  7.118916287125356E+03   1.6437276E-14
  7.123799547885086E+03   1.6509990E-14
  7.128682804100889E+03   1.6596423E-14
  7.133566055658145E+03   1.6437948E-14
  7.138449302442234E+03   1.6886735E-14
  7.143332544338538E+03   1.6553270E-14
  7.148215781232441E+03   1.6461209E-14
  7.153099013009326E+03   1.6711481E-14
  7.157982239554581E+03   1.6776883E-14
  7.162865460753591E+03   1.6317605E-14
  7.167748676491744E+03   1.6355978E-14
  7.172631886654429E+03   1.6358852E-14
  7.177515091127038E+03   1.6116819E-14
  7.182398289794962E+03   1.6582029E-14
  7.187281482543595E+03   1.6151651E-14
  7.192164669258332E+03   1.6253896E-14
  7.197047849824567E+03   1.6525835E-14
  7.201931024127700E+03   1.5271536E-14
  7.206814192053129E+03   1.5571179E-14
  7.211697353486255E+03   1.5314146E-14
  7.216580508312480E+03   1.5299966E-14
  7.221463656417208E+03   1.5367380E-14
  7.226346797685842E+03   1.5249890E-14
  7.231229932003792E+03   1.5393475E-14
  7.236113059256463E+03   1.5377224E-14
  7.240996179329268E+03   1.5472504E-14
  7.245879292107619E+03   1.5535684E-14
  7.250762397476926E+03   1.5313043E-14
  7.255645495322608E+03   1.5419217E-14
  7.260528585530081E+03   1.5327556E-14
  7.265411667984761E+03   1.5192025E-14
  7.270294742572074E+03   1.5431455E-14
  7.275177809177437E+03   1.4937475E-14
  7.280060867686278E+03   1.5256349E-14
  7.284943917984021E+03   1.5191538E-14
  7.289826959956096E+03   1.5397001E-14
  7.294709993487932E+03   1.5718951E-14
  7.299593018464961E+03   1.5372899E-14
  7.304476034772618E+03   1.5218870E-14
  7.309359042296338E+03   1.5217564E-14
  7.314242040921560E+03   1.5223898E-14
  7.319125030533723E+03   1.4841415E-14
  7.324008011018273E+03   1.5150502E-14
  7.328890982260651E+03   1.4710907E-14
  7.333773944146304E+03   1.5034493E-14
  7.338656896560683E+03   1.5350168E-14
  7.343539839389236E+03   1.5003098E-14
  7.348422772517419E+03   1.4919073E-14
  7.353305695830687E+03   1.4345187E-14
  7.358188609214498E+03   1.4462510E-14
  7.363071512554310E+03   1.4850297E-14
  7.367954405735590E+03   1.4613638E-14
  7.372837288643799E+03   1.4425124E-14
  7.377720161164408E+03   1.4748685E-14
  7.382603023182884E+03   1.4587051E-14
  7.387485874584701E+03   1.4898291E-14
  7.392368715255333E+03   1.4094046E-14
  7.397251545080257E+03   1.4043737E-14
  7.402134363944953E+03   1.4411061E-14
  7.407017171734904E+03   1.4009611E-14
  7.411899968335597E+03   1.4025182E-14
  7.416782753632517E+03   1.4077651E-14
  7.421665527511153E+03   1.3940655E-14
  7.426548289857001E+03   1.4177185E-14
  7.431431040555557E+03   1.4480414E-14
  7.436313779492318E+03   1.4564564E-14
  7.441196506552784E+03   1.3859582E-14
  7.446079221622461E+03   1.4227047E-14
  7.450961924586856E+03   1.3888496E-14
  7.455844615331477E+03   1.3801224E-14
  7.460727293741839E+03   1.3563475E-14
  7.465609959703453E+03   1.3584873E-14
  7.470492613101843E+03   1.3249368E-14
  7.475375253822526E+03   1.3459418E-14
  7.480257881751028E+03   1.3068372E-14
  7.485140496772875E+03   1.3142839E-14
  7.490023098773599E+03   1.3327654E-14
  7.494905687638734E+03   1.3269765E-14
  7.499788263253813E+03   1.2938231E-14
  7.504670825504379E+03   1.2896200E-14
  7.509553374275972E+03   1.3102885E-14
  7.514435909454140E+03   1.3112919E-14
  7.519318430924429E+03   1.2492219E-14
  7.524200938572396E+03   1.2703376E-14
  7.529083432283593E+03   1.3310655E-14
  7.533965911943577E+03   1.3596963E-14
  7.538848377437915E+03   1.3179053E-14
  7.543730828652168E+03   1.3232025E-14
  7.548613265471909E+03   1.3031981E-14
  7.553495687782707E+03   1.2783282E-14
  7.558378095470135E+03   1.2681521E-14
  7.563260488419779E+03   1.2830208E-14
  7.568142866517214E+03   1.2899175E-14
  7.573025229648031E+03   1.3484671E-14
  7.577907577697818E+03   1.2974102E-14
  7.582789910552166E+03   1.3246642E-14
  7.587672228096674E+03   1.3590187E-14
  7.592554530216940E+03   1.3514404E-14
  7.597436816798570E+03   1.3338631E-14
  7.602319087727168E+03   1.3714512E-14
  7.607201342888348E+03   1.3345023E-14
  7.612083582167723E+03   1.2503563E-14
  7.616965805450914E+03   1.2922170E-14
  7.621848012623539E+03   1.2483994E-14
  7.626730203571226E+03   1.2834167E-14
  7.631612378179605E+03   1.3436319E-14
  7.636494536334309E+03   1.3265448E-14
  7.641376677920975E+03   1.3519172E-14
  7.646258802825248E+03   1.3606160E-14
  7.651140910932767E+03   1.3458657E-14
  7.656023002129185E+03   1.2889252E-14
  7.660905076300155E+03   1.2481415E-14
  7.665787133331333E+03   1.2316609E-14
  7.670669173108381E+03   1.2867698E-14
  7.675551195516963E+03   1.2996175E-14
  7.680433200442752E+03   1.3079012E-14
  7.685315187771414E+03   1.3495777E-14
  7.690197157388634E+03   1.3084634E-14
  7.695079109180088E+03   1.3084884E-14
  7.699961043031465E+03   1.2521364E-14
  7.704842958828455E+03   1.2628919E-14
  7.709724856456751E+03   1.2150499E-14
  7.714606735802051E+03   1.3132790E-14
  7.719488596750060E+03   1.3139157E-14
  7.724370439186482E+03   1.3754493E-14
  7.729252262997032E+03   1.3164506E-14
  7.734134068067422E+03   1.3133964E-14
  7.739015854283375E+03   1.2630419E-14
  7.743897621530613E+03   1.2277249E-14
  7.748779369694869E+03   1.2337613E-14
  7.753661098661873E+03   1.2619899E-14
  7.758542808317364E+03   1.2538170E-14
  7.763424498547085E+03   1.3014578E-14
  7.768306169236783E+03   1.3163248E-14
  7.773187820272208E+03   1.3724361E-14
  7.778069451539119E+03   1.3546465E-14
  7.782951062923274E+03   1.2823463E-14
  7.787832654310440E+03   1.2548333E-14
  7.792714225586387E+03   1.2300849E-14
  7.797595776636893E+03   1.1661837E-14
  7.802477307347733E+03   1.1773011E-14
  7.807358817604692E+03   1.1690153E-14
  7.812240307293561E+03   1.1816096E-14
  7.817121776300134E+03   1.2552738E-14
  7.822003224510210E+03   1.2251472E-14
  7.826884651809592E+03   1.2162591E-14
  7.831766058084088E+03   1.2218299E-14
  7.836647443219514E+03   1.1544951E-14
  7.841528807101686E+03   1.0597751E-14
  7.846410149616428E+03   1.0106246E-14
  7.851291470649569E+03   1.0426209E-14
  7.856172770086943E+03   1.0128321E-14
  7.861054047814388E+03   1.0017184E-14
  7.865935303717748E+03   9.8825875E-15
  7.870816537682872E+03   9.0215692E-15
  7.875697749595613E+03   1.0022432E-14
  7.880578939341832E+03   9.6034935E-15
  7.885460106807390E+03   9.0170130E-15
  7.890341251878158E+03   9.3927644E-15
  7.895222374440012E+03   9.6305215E-15
  7.900103474378832E+03   9.7912375E-15
  7.904984551580501E+03   9.2844357E-15
  7.909865605930912E+03   8.7671806E-15
  7.914746637315960E+03   8.4310365E-15
  7.919627645621548E+03   8.0653613E-15
  7.924508630733580E+03   7.7705922E-15
  7.929389592537969E+03   8.1232010E-15
  7.934270530920633E+03   8.5671335E-15
  7.939151445767497E+03   8.6283037E-15
  7.944032336964486E+03   8.3559258E-15
  7.948913204397537E+03   8.8495758E-15
  7.953794047952588E+03   8.6712643E-15
  7.958674867515587E+03   7.9116655E-15
  7.963555662972480E+03   7.6143129E-15
  7.968436434209229E+03   8.1221947E-15
  7.973317181111793E+03   8.2920832E-15
  7.978197903566141E+03   8.8101362E-15
  7.983078601458247E+03   9.0861953E-15
  7.987959274674089E+03   8.8038877E-15
  7.992839923099653E+03   8.9342359E-15
  7.997720546620931E+03   8.7721078E-15
  8.002601145123918E+03   8.6832998E-15
  8.007481718494619E+03   8.2230806E-15
  8.012362266619040E+03   8.0156786E-15
  8.017242789383196E+03   8.1854774E-15
  8.022123286673109E+03   7.7400278E-15
  8.027003758374804E+03   7.9359999E-15
  8.031884204374314E+03   8.2917758E-15
  8.036764624557677E+03   8.4550753E-15
  8.041645018810937E+03   8.6193556E-15
  8.046525387020145E+03   8.8838247E-15
  8.051405729071358E+03   8.8369711E-15
  8.056286044850637E+03   9.0204265E-15
  8.061166334244052E+03   9.0940947E-15
  8.066046597137679E+03   9.3709483E-15
  8.070926833417597E+03   8.7135253E-15
  8.075807042969895E+03   9.0244728E-15
  8.080687225680666E+03   8.9030913E-15
  8.085567381436009E+03   9.1706385E-15
  8.090447510122031E+03   9.3510261E-15
  8.095327611624846E+03   8.9421870E-15
  8.100207685830571E+03   9.6494502E-15
  8.105087732625333E+03   9.4088564E-15
  8.109967751895261E+03   1.0160261E-14
  8.114847743526496E+03   1.0128038E-14
  8.119727707405182E+03   1.0427502E-14
  8.124607643417467E+03   9.9641788E-15
  8.129487551449514E+03   1.0353014E-14
  8.134367431387483E+03   9.9108996E-15
  8.139247283117546E+03   9.8630973E-15
  8.144127106525882E+03   9.9974104E-15
  8.149006901498670E+03   1.0309833E-14
  8.153886667922106E+03   9.9236703E-15
  8.158766405682386E+03   1.0246566E-14
  8.163646114665711E+03   1.0641187E-14
  8.168525794758294E+03   1.0722255E-14
  8.173405445846352E+03   1.0220137E-14
  8.178285067816110E+03   1.0611234E-14
  8.183164660553799E+03   1.0510145E-14
  8.188044223945655E+03   1.0186158E-14
  8.192923757877925E+03   1.0603513E-14
  8.197803262236859E+03   1.0428114E-14
  8.202682736908717E+03   1.0069302E-14
  8.207562181779760E+03   1.0434152E-14
  8.212441596736267E+03   1.0384532E-14
  8.217320981664512E+03   1.0638719E-14
  8.222200336450784E+03   1.0297823E-14
  8.227079660981377E+03   1.0403602E-14
  8.231958955142591E+03   1.0543161E-14
  8.236838218820734E+03   1.0262766E-14
  8.241717451902117E+03   1.0208887E-14
  8.246596654273066E+03   1.0081340E-14
  8.251475825819907E+03   9.7790343E-15
  8.256354966428980E+03   9.7800440E-15
  8.261234075986626E+03   9.7860876E-15
  8.266113154379196E+03   1.0150386E-14
  8.270992201493049E+03   1.0556561E-14
  8.275871217214548E+03   1.0909144E-14
  8.280750201430068E+03   1.0073652E-14
  8.285629154025988E+03   1.0245658E-14
  8.290508074888696E+03   1.0034350E-14
  8.295386963904584E+03   1.0290220E-14
  8.300265820960058E+03   9.8133832E-15
  8.305144645941526E+03   1.0014781E-14
  8.310023438735405E+03   1.0215820E-14
  8.314902199228121E+03   9.7479330E-15
  8.319780927306105E+03   1.0559257E-14
  8.324659622855796E+03   9.7267512E-15
  8.329538285763641E+03   1.0376293E-14
  8.334416915916099E+03   1.0699711E-14
  8.339295513199630E+03   1.0427270E-14
  8.344174077500702E+03   1.0224949E-14
  8.349052608705797E+03   1.1112799E-14
  8.353931106701397E+03   1.0103132E-14
  8.358809571374000E+03   1.2102353E-14
  8.363688002610104E+03   1.0227030E-14
  8.368566400296218E+03   9.7222162E-15
  8.373444764318861E+03   9.6238833E-15
  8.378323094564557E+03   9.7109558E-15
  8.383201390919838E+03   9.6086774E-15
  8.388079653271243E+03   1.1185158E-14
  8.392957881505323E+03   1.0749325E-14
  8.397836075508632E+03   1.0969920E-14
  8.402714235167738E+03   1.1559285E-14
  8.407592360369212E+03   1.0601137E-14
  8.412470450999632E+03   1.0287277E-14
  8.417348506945589E+03   1.0156488E-14
  8.422226528093681E+03   9.9386408E-15
  8.427104514330507E+03   9.9269830E-15
  8.431982465542686E+03   1.0530090E-14
  8.436860381616836E+03   1.0693631E-14
  8.441738262439589E+03   1.0799395E-14
  8.446616107897578E+03   1.1275077E-14
  8.451493917877451E+03   1.1035689E-14
  8.456371692265864E+03   1.1206626E-14
  8.461249430949476E+03   1.0402892E-14
  8.466127133814958E+03   1.1537855E-14
  8.471004800748991E+03   1.1077616E-14
  8.475882431638262E+03   1.0697099E-14
  8.480760026369464E+03   1.0043405E-14
  8.485637584829305E+03   9.7781102E-15
  8.490515106904493E+03   9.9303390E-15
  8.495392592481754E+03   9.5109510E-15
  8.500270041447817E+03   1.0142616E-14
  8.505147453689417E+03   1.0522681E-14
  8.510024829093300E+03   1.0105047E-14
  8.514902167546225E+03   1.0553339E-14
  8.519779468934956E+03   1.0174700E-14
  8.524656733146263E+03   1.0361024E-14
  8.529533960066927E+03   1.0852733E-14
  8.534411149583739E+03   1.0687585E-14
  8.539288301583500E+03   1.0781439E-14
  8.544165415953012E+03   1.0348968E-14
  8.549042492579096E+03   1.0356188E-14
  8.553919531348576E+03   1.0532535E-14
  8.558796532148282E+03   9.9837055E-15
  8.563673494865061E+03   1.0038874E-14
  8.568550419385761E+03   9.2675493E-15
  8.573427305597244E+03   9.2434435E-15
  8.578304153386382E+03   9.0731349E-15
  8.583180962640048E+03   9.1493949E-15
  8.588057733245130E+03   9.4253540E-15
  8.592934465088529E+03   9.5836001E-15
  8.597811158057144E+03   9.4786765E-15
  8.602687812037895E+03   1.0244319E-14
  8.607564426917703E+03   1.0232448E-14
  8.612441002583497E+03   9.6368387E-15
  8.617317538922223E+03   1.0111478E-14
  8.622194035820830E+03   1.0616215E-14
  8.627070493166279E+03   1.0140914E-14
  8.631946910845536E+03   1.0453150E-14
  8.636823288745585E+03   1.0627318E-14
  8.641699626753409E+03   1.0052216E-14
  8.646575924756004E+03   9.5307656E-15
  8.651452182640378E+03   9.3583546E-15
  8.656328400293549E+03   9.0651245E-15
  8.661204577602539E+03   9.3014018E-15
  8.666080714454383E+03   9.0065818E-15
  8.670956810736125E+03   9.3382892E-15
  8.675832866334817E+03   9.5714367E-15
  8.680708881137520E+03   9.4505829E-15
  8.685584855031311E+03   1.0167024E-14
  8.690460787903270E+03   1.0586665E-14
  8.695336679640486E+03   1.0451030E-14
  8.700212530130060E+03   9.2937226E-15
  8.705088339259106E+03   9.1655851E-15
  8.709964106914740E+03   9.1477627E-15
  8.714839832984091E+03   9.5498340E-15
  8.719715517354301E+03   9.1541256E-15
  8.724591159912519E+03   9.1606427E-15
  8.729466760545904E+03   9.2192760E-15
  8.734342319141619E+03   9.2097782E-15
  8.739217835586849E+03   9.7994860E-15
  8.744093309768778E+03   1.0419835E-14
  8.748968741574605E+03   1.0399208E-14
  8.753844130891539E+03   9.8858681E-15
  8.758719477606797E+03   9.4763649E-15
  8.763594781607604E+03   8.9847377E-15
  8.768470042781200E+03   8.8368059E-15
  8.773345261014831E+03   9.0357265E-15
  8.778220436195754E+03   8.9756033E-15
  8.783095568211236E+03   9.0352945E-15
  8.787970656948559E+03   9.1178108E-15
  8.792845702295006E+03   9.1196590E-15
  8.797720704137875E+03   9.2481946E-15
  8.802595662364472E+03   9.8946628E-15
  8.807470576862121E+03   9.5666154E-15
  8.812345447518142E+03   9.7748449E-15
  8.817220274219879E+03   9.5025975E-15
  8.822095056854678E+03   9.1394203E-15
  8.826969795309897E+03   9.3085041E-15
  8.831844489472904E+03   8.8214111E-15
  8.836719139231083E+03   8.6869709E-15
  8.841593744471817E+03   9.0770931E-15
  8.846468305082510E+03   9.4518628E-15
  8.851342820950571E+03   9.0165158E-15
  8.856217291963419E+03   8.7956020E-15
  8.861091718008487E+03   8.5248631E-15
  8.865966098973217E+03   8.4708030E-15
  8.870840434745056E+03   8.6928255E-15
  8.875714725211472E+03   8.9596680E-15
  8.880588970259934E+03   8.9152589E-15
  8.885463169777928E+03   9.3469052E-15
  8.890337323652946E+03   8.8824906E-15
  8.895211431772494E+03   8.4979275E-15
  8.900085494024088E+03   8.3803898E-15
  8.904959510295252E+03   8.5626535E-15
  8.909833480473522E+03   8.4919652E-15
  8.914707404446444E+03   8.7700512E-15
  8.919581282101582E+03   8.8422752E-15
  8.924455113326498E+03   8.9210586E-15
  8.929328898008773E+03   9.0481211E-15
  8.934202636036000E+03   8.1856281E-15
  8.939076327295779E+03   8.0150848E-15
  8.943949971675720E+03   8.1177283E-15
  8.948823569063446E+03   7.4067881E-15
  8.953697119346592E+03   8.0284451E-15
  8.958570622412803E+03   8.1991282E-15
  8.963444078149734E+03   8.2693590E-15
  8.968317486445050E+03   8.6739841E-15
  8.973190847186432E+03   8.5910579E-15
  8.978064160261563E+03   7.9103009E-15
  8.982937425558150E+03   8.4221045E-15
  8.987810642963896E+03   8.3356733E-15
  8.992683812366527E+03   9.0494188E-15
  8.997556933653777E+03   8.6654418E-15
  9.002430006713388E+03   8.6217688E-15
  9.007303031433114E+03   8.6446073E-15
  9.012176007700724E+03   7.7679757E-15
  9.017048935403995E+03   7.7881969E-15
  9.021921814430716E+03   7.7940092E-15
  9.026794644668687E+03   7.9990861E-15
  9.031667426005719E+03   8.5931509E-15
  9.036540158329637E+03   8.1913126E-15
  9.041412841528272E+03   8.3350498E-15
  9.046285475489472E+03   9.2958495E-15
  9.051158060101092E+03   8.9934672E-15
  9.056030595251003E+03   9.5871729E-15
  9.060903080827084E+03   8.7975315E-15
  9.065775516717224E+03   8.3443189E-15
  9.070647902809329E+03   7.6814360E-15
  9.075520238991312E+03   7.2109448E-15
  9.080392525151097E+03   7.6448137E-15
  9.085264761176626E+03   7.6736365E-15
  9.090136946955847E+03   8.0665997E-15
  9.095009082376719E+03   8.2538499E-15
  9.099881167327214E+03   8.2526640E-15
  9.104753201695321E+03   8.1536628E-15
  9.109625185369030E+03   8.0616801E-15
  9.114497118236352E+03   8.3350439E-15
  9.119369000185303E+03   9.7850440E-15
  9.124240831103918E+03   9.2020270E-15
  9.129112610880238E+03   9.5774549E-15
  9.133984339402319E+03   1.0195915E-14
  9.138856016558228E+03   9.6170274E-15
  9.143727642236041E+03   9.4145044E-15
  9.148599216323850E+03   8.2199914E-15
  9.153470738709759E+03   8.2819104E-15
  9.158342209281878E+03   7.7522649E-15
  9.163213627928337E+03   8.1043511E-15
  9.168084994537276E+03   7.8330236E-15
  9.172956308996840E+03   8.4504928E-15
  9.177827571195196E+03   8.7962051E-15
  9.182698781020516E+03   9.0136969E-15
  9.187569938360986E+03   9.3765378E-15
  9.192441043104809E+03   1.0230051E-14
  9.197312095140194E+03   9.7882966E-15
  9.202183094355361E+03   9.5930716E-15
  9.207054040638550E+03   9.4450086E-15
  9.211924933878006E+03   7.8882874E-15
  9.216795773961989E+03   7.9194269E-15
  9.221666560778773E+03   7.6725473E-15
  9.226537294216640E+03   7.8284826E-15
  9.231407974163887E+03   7.8527569E-15
  9.236278600508824E+03   8.0594711E-15
  9.241149173139773E+03   8.3825557E-15
  9.246019691945066E+03   8.9023163E-15
  9.250890156813055E+03   9.8207075E-15
  9.255760567632093E+03   9.2265071E-15
  9.260630924290554E+03   9.8885311E-15
  9.265501226676819E+03   9.9447174E-15
  9.270371474679288E+03   9.9015517E-15
  9.275241668186369E+03   8.9108408E-15
  9.280111807086483E+03   8.6393456E-15
  9.284981891268064E+03   8.0660262E-15
  9.289851920619560E+03   7.4079706E-15
  9.294721895029428E+03   7.6086649E-15
  9.299591814386144E+03   7.1016572E-15
  9.304461678578189E+03   7.3149299E-15
  9.309331487494061E+03   6.8377006E-15
  9.314201241022274E+03   7.5390269E-15
  9.319070939051349E+03   7.5935657E-15
  9.323940581469822E+03   7.8393535E-15
  9.328810168166239E+03   8.1812083E-15
  9.333679699029170E+03   8.6745339E-15
  9.338549173947178E+03   8.4335445E-15
  9.343418592808857E+03   9.1153086E-15
  9.348287955502812E+03   9.0996868E-15
  9.353157261917646E+03   9.5028940E-15
  9.358026511941995E+03   9.2963060E-15
  9.362895705464489E+03   9.1048783E-15
  9.367764842373788E+03   8.9758303E-15
  9.372633922558556E+03   7.9068103E-15
  9.377502945907470E+03   7.4032746E-15
  9.382371912309223E+03   6.8622713E-15
  9.387240821652516E+03   6.3517243E-15
  9.392109673826071E+03   6.5861657E-15
  9.396978468718618E+03   7.4422847E-15
  9.401847206218905E+03   7.0077505E-15
  9.406715886215683E+03   8.2229730E-15
  9.411584508597725E+03   9.1027454E-15
  9.416453073253817E+03   9.2516106E-15
  9.421321580072758E+03   9.3276911E-15
  9.426190028943352E+03   9.1944664E-15
  9.431058419754430E+03   7.4943019E-15
  9.435926752394826E+03   7.1387623E-15
  9.440795026753391E+03   6.8783344E-15
  9.445663242718989E+03   6.3847628E-15
  9.450531400180502E+03   5.9990308E-15
  9.455399499026817E+03   6.0568895E-15
  9.460267539146840E+03   7.0186099E-15
  9.465135520429490E+03   6.5529832E-15
  9.470003442763697E+03   6.3454897E-15
  9.474871306038407E+03   6.7783596E-15
  9.479739110142580E+03   7.1221495E-15
  9.484606854965192E+03   6.7443758E-15
  9.489474540395220E+03   7.7024238E-15
  9.494342166321674E+03   7.5887325E-15
  9.499209732633561E+03   8.0594024E-15
  9.504077239219912E+03   7.8964401E-15
  9.508944685969767E+03   8.7704646E-15
  9.513812072772182E+03   8.5831560E-15
  9.518679399516222E+03   8.9567991E-15
  9.523546666090975E+03   8.1738078E-15
  9.528413872385532E+03   8.3746571E-15
  9.533281018289008E+03   7.5754798E-15
  9.538148103690526E+03   7.2812460E-15
  9.543015128479223E+03   6.9421605E-15
  9.547882092544251E+03   6.5810182E-15
  9.552748995774777E+03   5.9366756E-15
  9.557615838059981E+03   5.5253941E-15
  9.562482619289054E+03   5.6695735E-15
  9.567349339351209E+03   6.2179372E-15
  9.572215998135665E+03   3.1145459E-14
  9.577082595531661E+03   5.6473215E-15
  9.581949131428442E+03   6.1670483E-15
  9.586815605715279E+03   6.3943665E-15
  9.591682018281446E+03   6.8715234E-15
  9.596548369016242E+03   7.3005609E-15
  9.601414657808966E+03   7.0941538E-15
  9.606280884548945E+03   7.7912767E-15
  9.611147049125511E+03   8.5645754E-15
  9.616013151428016E+03   8.4293644E-15
  9.620879191345824E+03   8.5103653E-15
  9.625745168768313E+03   7.9423484E-15
  9.630611083584876E+03   8.0215689E-15
  9.635476935684923E+03   7.7922093E-15
  9.640342724957871E+03   7.6276638E-15
  9.645208451293160E+03   7.2686354E-15
  9.650074114580239E+03   6.5621853E-15
  9.654939714708571E+03   6.2685986E-15
  9.659805251567639E+03   5.9084771E-15
  9.664670725046935E+03   6.1301706E-15
  9.669536135035969E+03   5.6634059E-15
  9.674401481424264E+03   5.7685142E-15
  9.679266764101358E+03   5.5498501E-15
  9.684131982956800E+03   6.3544331E-15
  9.688997137880164E+03   6.3124410E-15
  9.693862228761023E+03   7.1586041E-15
  9.698727255488981E+03   8.1528192E-15
  9.703592217953648E+03   6.9651481E-15
  9.708457116044647E+03   8.6148646E-15
  9.713321949651623E+03   8.1721205E-15
  9.718186718664227E+03   7.3807444E-15
  9.723051422972128E+03   7.1245076E-15
  9.727916062465019E+03   6.1542653E-15
  9.732780637032594E+03   5.9033411E-15
  9.737645146564570E+03   5.8650416E-15
  9.742509590950676E+03   5.6406198E-15
  9.747373970080660E+03   6.0920994E-15
  9.752238283844275E+03   5.9896067E-15
  9.757102532131299E+03   5.9562048E-15
  9.761966714831526E+03   5.9741039E-15
  9.766830831834757E+03   6.0030174E-15
  9.771694883030814E+03   6.3196806E-15
  9.776558868309528E+03   6.4959478E-15
  9.781422787560750E+03   6.9689280E-15
  9.786286640674351E+03   7.5824001E-15
  9.791150427540206E+03   7.7788601E-15
  9.796014148048209E+03   7.7641344E-15
  9.800877802088273E+03   8.4400726E-15
  9.805741389550327E+03   7.9124583E-15
  9.810604910324309E+03   8.3482415E-15
  9.815468364300181E+03   7.0828671E-15
  9.820331751367905E+03   5.7370744E-15
  9.825195071417473E+03   5.9907422E-15
  9.830058324338890E+03   5.5924355E-15
  9.834921510022172E+03   6.0512250E-15
  9.839784628357349E+03   5.7006190E-15
  9.844647679234477E+03   5.6303131E-15
  9.849510662543613E+03   5.5552744E-14
  9.854373578174842E+03   5.2034030E-15
  9.859236426018255E+03   6.5503286E-15
  9.864099205963963E+03   7.6617374E-15
  9.868961917902097E+03   8.1668003E-15
  9.873824561722793E+03   8.1479335E-15
  9.878687137316212E+03   6.9878185E-15
  9.883549644572522E+03   7.3523459E-15
  9.888412083381920E+03   7.0068200E-15
  9.893274453634604E+03   5.6592516E-15
  9.898136755220796E+03   6.2904868E-15
  9.902998988030728E+03   4.6926921E-15
  9.907861151954654E+03   5.3142559E-15
  9.912723246882844E+03   5.1679348E-15
  9.917585272705583E+03   5.8235438E-15
  9.922447229313157E+03   5.4441565E-15
  9.927309116595892E+03   5.5227840E-15
  9.932170934444115E+03   6.6372024E-15
  9.937032682748171E+03   7.0889280E-15
  9.941894361398425E+03   7.0861197E-15
  9.946755970285252E+03   7.0981416E-15
  9.951617509299049E+03   6.7358233E-15
  9.956478978330224E+03   7.9961138E-15
  9.961340377269202E+03   6.9238786E-15
  9.966201706006430E+03   5.7749211E-15
  9.971062964432358E+03   4.3230889E-15
  9.975924152437467E+03   4.9788499E-15
  9.980785269912243E+03   5.7392153E-15
  9.985646316747197E+03   4.8720416E-15
  9.990507292832846E+03   5.2852531E-15
  9.995368198059732E+03   5.6053672E-15
  1.000022903231841E+04   4.4982231E-15
  1.000508979549945E+04   6.5157031E-15
  1.000995048749344E+04   7.1788211E-15
  1.001481110819098E+04   7.2711290E-15
  1.001967165748269E+04   6.8128054E-15
  1.002453213525921E+04   5.2571879E-15
  1.002939254141119E+04   5.5334028E-15
  1.003425287582930E+04   4.4376501E-15
  1.003911313840423E+04   4.6629113E-15
  1.004397332902666E+04   5.1589969E-15
  1.004883344758734E+04   4.8294032E-15
  1.005369349397698E+04   5.4603937E-15
  1.005855346808634E+04   6.0494085E-15
  1.006341336980619E+04   6.1703758E-15
  1.006827319902731E+04   6.1649866E-15
  1.007313295564049E+04   5.7859690E-15
  1.007799263953657E+04   6.8425744E-15
  1.008285225060636E+04   5.7130318E-15
  1.008771178874072E+04   5.8640553E-15
  1.009257125383053E+04   7.9020830E-15
  1.009743064576665E+04   6.9368216E-15
  1.010228996443999E+04   7.0633603E-15
  1.010714920974147E+04   4.5911303E-15
  1.011200838156202E+04   5.5858604E-15
  1.011686747979259E+04   5.4833466E-15
  1.012172650432415E+04   5.8355446E-15
  1.012658545504767E+04   5.5470049E-15
  1.013144433185418E+04   4.8137831E-15
  1.013630313463467E+04   5.4003217E-15
  1.014116186328018E+04   5.0616766E-15
  1.014602051768177E+04   5.3327746E-15
  1.015087909773050E+04   4.7554623E-15
  1.015573760331746E+04   4.2359372E-15
  1.016059603433375E+04   3.8010464E-15
  1.016545439067048E+04   5.6899832E-15
  1.017031267221880E+04   4.8545347E-15
  1.017517087886986E+04   5.8094081E-15
  1.018002901051482E+04   4.8625930E-15
  1.018488706704488E+04   4.8369058E-15
  1.018974504835124E+04   5.1179598E-15
  1.019460295432511E+04   5.0318598E-15
  1.019946078485775E+04   5.2321971E-15
  1.020431853984039E+04   6.2701724E-15
  1.020917621916433E+04   6.6799322E-15
  1.021403382272084E+04   6.1610843E-15
  1.021889135040123E+04   5.3585235E-15
  1.022374880209682E+04   5.6744346E-15
  1.022860617769897E+04   5.8237068E-15
  1.023346347709903E+04   7.6726032E-15
