

  1.576832361684550E+03   0.0000000E+00
  1.578376094667505E+03   0.0000000E+00
  1.579919836640325E+03   0.0000000E+00
  1.581463587603170E+03  -2.9205201E-14
  1.583007347556195E+03  -6.0742508E-14
  1.584551116499558E+03  -3.7218848E-14
  1.586094894433415E+03  -1.1782319E-14
  1.587638681357924E+03  -8.9725717E-15
  1.589182477273241E+03  -5.8068206E-16
  1.590726282179525E+03   2.5627933E-15
  1.592270096076932E+03   4.7720041E-15
  1.593813918965619E+03   4.8332263E-15
  1.595357750845743E+03  -3.4173792E-15
  1.596901591717461E+03   6.9020909E-16
  1.598445441580930E+03  -4.5699316E-15
  1.599989300436308E+03   2.6408937E-15
  1.601533168283753E+03  -1.1610236E-15
  1.603077045123419E+03   2.4979573E-16
  1.604620930955465E+03  -1.2635980E-15
  1.606164825780049E+03  -1.3711854E-15
  1.607708729597326E+03  -1.8759669E-15
  1.609252642407455E+03   8.0419071E-16
  1.610796564210592E+03  -1.5721171E-15
  1.612340495006895E+03   1.6407851E-15
  1.613884434796521E+03   1.0024154E-15
  1.615428383579626E+03  -7.3220678E-17
  1.616972341356369E+03   9.3214599E-16
  1.618516308126905E+03   3.3319583E-15
  1.620060283891393E+03  -8.1951512E-16
  1.621604268649990E+03   1.8196788E-15
  1.623148262402853E+03  -5.5866466E-16
  1.624692265150138E+03  -1.0832083E-16
  1.626236276892004E+03   8.3506834E-16
  1.627780297628607E+03   1.0041010E-15
  1.629324327360104E+03   1.1753758E-15
  1.630868366086653E+03   1.0374714E-15
  1.632412413808411E+03   8.3938943E-16
  1.633956470525535E+03  -2.0723176E-16
  1.635500536238183E+03   2.8187065E-16
  1.637044610946511E+03  -5.4379661E-17
  1.638588694650677E+03  -5.0745748E-18
  1.640132787350838E+03   3.7640733E-16
  1.641676889047152E+03   2.8152612E-16
  1.643220999739775E+03  -6.5299861E-16
  1.644765119428864E+03   1.8894530E-16
  1.646309248114578E+03  -9.3067891E-17
  1.647853385797073E+03   2.6162510E-16
  1.649397532476507E+03  -6.0850672E-16
  1.650941688153036E+03  -3.5090802E-16
  1.652485852826818E+03  -5.8564911E-16
  1.654030026498011E+03   1.7643491E-16
  1.655574209166772E+03  -6.8532165E-17
  1.657118400833257E+03  -3.4818952E-16
  1.658662601497625E+03   2.8316851E-16
  1.660206811160032E+03  -3.5900097E-16
  1.661751029820635E+03   1.1346774E-16
  1.663295257479594E+03  -2.9461466E-16
  1.664839494137063E+03  -3.4132601E-16
  1.666383739793201E+03  -5.9524129E-16
  1.667927994448165E+03  -2.7977628E-16
  1.669472258102112E+03  -2.7117246E-16
  1.671016530755200E+03  -1.2157223E-16
  1.672560812407586E+03  -6.0183617E-17
  1.674105103059428E+03   2.6079184E-16
  1.675649402710882E+03   3.0530291E-16
  1.677193711362106E+03  -2.7801154E-16
  1.678738029013257E+03   4.9724323E-16
  1.680282355664493E+03   3.3211717E-16
  1.681826691315971E+03  -2.4431456E-16
  1.683371035967849E+03   9.0455310E-17
  1.684915389620283E+03  -1.8943161E-16
  1.686459752273432E+03   2.4944300E-16
  1.688004123927452E+03   9.3671603E-18
  1.689548504582501E+03  -1.5641444E-16
  1.691092894238736E+03  -7.3710812E-17
  1.692637292896315E+03   1.7632270E-17
  1.694181700555395E+03  -1.6829332E-16
  1.695726117216133E+03  -1.0103906E-16
  1.697270542878687E+03  -3.7956125E-17
  1.698814977543215E+03  -1.5412433E-16
  1.700359421209873E+03  -2.3504991E-17
  1.701903873878819E+03   4.2383451E-16
  1.703448335550211E+03  -1.3601756E-16
  1.704992806224206E+03  -1.8836654E-16
  1.706537285900961E+03   3.0318576E-16
  1.708081774580634E+03   5.2647689E-18
  1.709626272263382E+03  -9.7699301E-17
  1.711170778949363E+03  -1.1292539E-16
  1.712715294638734E+03   2.0487195E-16
  1.714259819331653E+03   5.5408760E-17
  1.715804353028277E+03   4.6450244E-16
  1.717348895728763E+03   1.0649876E-16
  1.718893447433269E+03  -1.5957810E-16
  1.720438008141952E+03   3.9116069E-16
  1.721982577854971E+03   1.6142383E-16
  1.723527156572482E+03  -4.2944481E-17
  1.725071744294643E+03   1.0672575E-16
  1.726616341021611E+03   1.1528979E-16
  1.728160946753544E+03   2.3238346E-16
  1.729705561490599E+03  -2.8278886E-16
  1.731250185232935E+03   9.9240213E-17
  1.732794817980707E+03  -5.5506122E-17
  1.734339459734075E+03  -1.2027038E-16
  1.735884110493195E+03  -8.5262449E-17
  1.737428770258225E+03  -3.7847771E-17
  1.738973439029322E+03  -3.0246948E-17
  1.740518116806644E+03   1.1408283E-16
  1.742062803590349E+03  -3.9960561E-16
  1.743607499380594E+03  -9.4419378E-17
  1.745152204177536E+03  -2.3633659E-16
  1.746696917981334E+03   2.2926927E-16
  1.748241640792144E+03   1.5930090E-16
  1.749786372610125E+03  -1.9761464E-16
  1.751331113435433E+03   2.0573346E-16
  1.752875863268227E+03  -2.8496189E-16
  1.754420622108664E+03   9.2409561E-17
  1.755965389956901E+03   1.6706333E-16
  1.757510166813096E+03  -1.5652606E-16
  1.759054952677407E+03   1.5841370E-16
  1.760599747549992E+03   2.0417582E-16
  1.762144551431007E+03  -2.0707804E-16
  1.763689364320610E+03   5.2303064E-17
  1.765234186218960E+03  -2.0041144E-16
  1.766779017126214E+03  -2.2605067E-16
  1.768323857042529E+03   1.3874556E-16
  1.769868705968062E+03   2.5185844E-16
  1.771413563902972E+03   1.6252954E-16
  1.772958430847417E+03  -1.4234839E-16
  1.774503306801553E+03   1.4213106E-16
  1.776048191765539E+03   1.5616214E-16
  1.777593085739531E+03  -3.5407268E-17
  1.779137988723689E+03   1.5622246E-16
  1.780682900718169E+03   1.9740577E-16
  1.782227821723129E+03  -7.9793594E-17
  1.783772751738726E+03  -4.1912130E-17
  1.785317690765119E+03   6.4041653E-17
  1.786862638802465E+03  -1.4679539E-17
  1.788407595850922E+03   2.3583523E-16
  1.789952561910647E+03   5.6141244E-17
  1.791497536981798E+03   1.1384951E-16
  1.793042521064533E+03  -3.1228417E-17
  1.794587514159009E+03   6.4762141E-17
  1.796132516265384E+03   2.7750169E-17
  1.797677527383817E+03   3.1612938E-18
  1.799222547514463E+03  -7.8739802E-18
  1.800767576657482E+03   8.9091422E-17
  1.802312614813031E+03   8.9808660E-17
  1.803857661981268E+03   1.1295114E-16
  1.805402718162350E+03   3.7806574E-17
  1.806947783356435E+03  -7.5773000E-17
  1.808492857563681E+03  -1.7106984E-16
  1.810037940784245E+03  -1.3250209E-16
  1.811583033018286E+03   1.8483216E-16
  1.813128134265961E+03   2.8453774E-16
  1.814673244527428E+03  -1.6545453E-16
  1.816218363802844E+03  -8.9400324E-17
  1.817763492092368E+03   1.3551634E-16
  1.819308629396157E+03   1.4448536E-16
  1.820853775714369E+03   1.0639529E-16
  1.822398931047161E+03   1.2793984E-16
  1.823944095394692E+03  -5.0361707E-17
  1.825489268757119E+03   1.3247074E-16
  1.827034451134600E+03   3.2233042E-16
  1.828579642527293E+03   7.2068137E-17
  1.830124842935355E+03   2.8924140E-17
  1.831670052358945E+03   1.9833355E-16
  1.833215270798220E+03   1.8963028E-16
  1.834760498253338E+03   1.2116788E-17
  1.836305734724457E+03  -6.6311740E-18
  1.837850980211735E+03   1.0187850E-16
  1.839396234715329E+03  -1.7205506E-17
  1.840941498235397E+03  -9.4399936E-17
  1.842486770772097E+03   1.4265811E-16
  1.844032052325588E+03  -1.3097870E-16
  1.845577342896026E+03   1.3393413E-16
  1.847122642483570E+03  -1.6579193E-17
  1.848667951088378E+03   4.9807020E-17
  1.850213268710606E+03   3.0498541E-16
  1.851758595350414E+03   1.2375227E-16
  1.853303931007959E+03   1.8288449E-16
  1.854849275683399E+03   3.1567909E-16
  1.856394629376892E+03   1.5813458E-16
  1.857939992088596E+03   3.0860727E-16
  1.859485363818668E+03   1.3572525E-16
  1.861030744567267E+03   1.5420717E-16
  1.862576134334550E+03   2.9118923E-16
  1.864121533120676E+03   5.3432711E-17
  1.865666940925801E+03   1.0245133E-16
  1.867212357750085E+03   1.5111089E-16
  1.868757783593685E+03   1.2411995E-16
  1.870303218456758E+03   1.1153932E-16
  1.871848662339464E+03   1.3943334E-16
  1.873394115241960E+03   1.9820269E-16
  1.874939577164403E+03  -7.5299376E-17
  1.876485048106951E+03   1.7480722E-16
  1.878030528069763E+03   8.0343499E-18
  1.879576017052997E+03  -3.3928676E-17
  1.881121515056810E+03   4.2423470E-16
  1.882667022081361E+03   1.4093158E-16
  1.884212538126807E+03   3.6859007E-16
  1.885758063193306E+03   1.3542950E-16
  1.887303597281017E+03   9.3749785E-17
  1.888849140390097E+03   1.4387336E-16
  1.890394692520704E+03   1.2647204E-16
  1.891940253672997E+03   2.6424908E-16
  1.893485823847133E+03   9.4149598E-17
  1.895031403043270E+03   1.5005447E-16
  1.896576991261566E+03   5.3026450E-17
  1.898122588502179E+03   7.8437448E-17
  1.899668194765268E+03   2.5048326E-16
  1.901213810050990E+03   1.9209127E-16
  1.902759434359503E+03   8.8122423E-17
  1.904305067690966E+03   2.6014105E-16
  1.905850710045535E+03   6.1937471E-17
  1.907396361423370E+03   1.4815455E-16
  1.908942021824629E+03   2.6231353E-16
  1.910487691249468E+03   2.0661811E-16
  1.912033369698047E+03   1.0265466E-16
  1.913579057170524E+03   1.2479526E-16
  1.915124753667056E+03   1.6407521E-16
  1.916670459187802E+03   1.6738447E-16
  1.918216173732919E+03   3.7003945E-16
  1.919761897302566E+03  -8.4422186E-17
  1.921307629896901E+03   9.7518612E-17
  1.922853371516082E+03   2.0509108E-16
  1.924399122160266E+03   1.6665410E-16
  1.925944881829613E+03   4.3588279E-17
  1.927490650524279E+03   5.6761120E-17
  1.929036428244424E+03   1.8615221E-16
  1.930582214990205E+03   1.1140220E-17
  1.932128010761781E+03   2.8995457E-16
  1.933673815559308E+03   7.1654064E-17
  1.935219629382947E+03   3.0387720E-16
  1.936765452232854E+03   1.1401284E-16
  1.938311284109189E+03   1.0219963E-16
  1.939857125012107E+03   3.5423119E-16
  1.941402974941769E+03   9.9266067E-17
  1.942948833898333E+03   2.1416288E-16
  1.944494701881956E+03   8.8850719E-17
  1.946040578892796E+03   4.2504365E-17
  1.947586464931011E+03   1.8823810E-16
  1.949132359996761E+03   1.0495753E-16
  1.950678264090203E+03   1.4316727E-16
  1.952224177211494E+03   2.0993574E-16
  1.953770099360794E+03   1.7439874E-16
  1.955316030538261E+03   2.3810289E-16
  1.956861970744052E+03   2.0250735E-16
  1.958407919978325E+03   1.8734716E-16
  1.959953878241240E+03   2.1454949E-16
  1.961499845532954E+03   7.2459473E-17
  1.963045821853625E+03   1.4166700E-16
  1.964591807203413E+03   1.9047600E-16
  1.966137801582473E+03   3.3355170E-16
  1.967683804990965E+03   2.3585458E-16
  1.969229817429048E+03   3.1374087E-16
  1.970775838896880E+03   1.8440631E-16
  1.972321869394618E+03   4.0598527E-16
  1.973867908922420E+03   2.5085386E-16
  1.975413957480446E+03   2.6327978E-16
  1.976960015068853E+03   2.9088530E-16
  1.978506081687800E+03   1.9428162E-16
  1.980052157337444E+03   9.3573973E-17
  1.981598242017945E+03   1.9016930E-16
  1.983144335729459E+03   2.2138491E-16
  1.984690438472147E+03   2.2956173E-16
  1.986236550246165E+03   2.9999604E-16
  1.987782671051672E+03   2.7230383E-16
  1.989328800888827E+03   1.2164195E-16
  1.990874939757787E+03   2.5908139E-16
  1.992421087658712E+03   3.1337559E-16
  1.993967244591758E+03   2.2334472E-16
  1.995513410557085E+03   1.8819843E-16
  1.997059585554851E+03   1.6309991E-16
  1.998605769585214E+03   1.5443426E-16
  2.000151962648332E+03   2.5201999E-16
  2.001698164744364E+03   1.6434626E-16
  2.003244375873468E+03   4.0231029E-16
  2.004790596035802E+03   1.4501483E-16
  2.006336825231525E+03   2.2115482E-16
  2.007883063460795E+03   2.3814427E-16
  2.009429310723770E+03   1.8108045E-16
  2.010975567020609E+03   2.4897570E-16
  2.012521832351470E+03   2.3097186E-16
  2.014068106716511E+03   2.0043439E-16
  2.015614390115891E+03   2.7681055E-16
  2.017160682549768E+03   2.3298467E-16
  2.018706984018301E+03   4.1355277E-16
  2.020253294521647E+03   2.4026037E-16
  2.021799614059965E+03   1.1932583E-16
  2.023345942633414E+03   3.4220248E-16
  2.024892280242152E+03   2.9073072E-16
  2.026438626886337E+03   1.3138358E-16
  2.027984982566128E+03   1.7237381E-16
  2.029531347281682E+03   2.9862282E-16
  2.031077721033160E+03   2.5119299E-16
  2.032624103820718E+03   1.3294817E-16
  2.034170495644515E+03   2.3747577E-16
  2.035716896504710E+03   1.9737525E-16
  2.037263306401461E+03   3.0861960E-16
  2.038809725334927E+03   1.8636733E-16
  2.040356153305265E+03   2.3391582E-16
  2.041902590312635E+03   2.5574384E-16
  2.043449036357195E+03   2.2656760E-16
  2.044995491439103E+03   1.2488840E-16
  2.046541955558518E+03   2.2878768E-16
  2.048088428715597E+03   1.6452053E-16
  2.049634910910501E+03   1.5932604E-16
  2.051181402143386E+03   3.2469910E-17
  2.052727902414412E+03   1.9553087E-16
  2.054274411723737E+03   2.2324101E-16
  2.055820930071519E+03   7.1174716E-17
  2.057367457457917E+03   2.2540852E-16
  2.058913993883090E+03   1.9493401E-16
  2.060460539347195E+03   1.2078913E-16
  2.062007093850392E+03   1.3543848E-16
  2.063553657392839E+03   1.8885382E-16
  2.065100229974694E+03   2.0004793E-16
  2.066646811596116E+03   2.9702169E-16
  2.068193402257264E+03   1.1427138E-16
  2.069740001958294E+03   9.3856717E-17
  2.071286610699368E+03   2.3155641E-16
  2.072833228480642E+03   1.3959636E-16
  2.074379855302277E+03   1.0288612E-16
  2.075926491164429E+03   2.1445739E-16
  2.077473136067257E+03   2.1307493E-17
  2.079019790010921E+03   1.9364816E-16
  2.080566452995577E+03   1.7218302E-16
  2.082113125021387E+03   1.5283418E-16
  2.083659806088507E+03   1.4829399E-16
  2.085206496197096E+03   1.2332593E-16
  2.086753195347313E+03   1.8559410E-16
  2.088299903539317E+03   1.4978552E-16
  2.089846620773265E+03   1.6769458E-16
  2.091393347049317E+03   4.4027985E-17
  2.092940082367631E+03   1.7842173E-16
  2.094486826728366E+03   2.0872513E-16
  2.096033580131680E+03   6.6957485E-17
  2.097580342577732E+03   1.4365810E-16
  2.099127114066680E+03   1.7685533E-16
  2.100673894598684E+03   1.5773201E-16
  2.102220684173902E+03   1.8024563E-16
  2.103767482792492E+03   1.0160154E-16
  2.105314290454612E+03   1.5983366E-16
  2.106861107160422E+03   2.2548364E-16
  2.108407932910080E+03   2.1261512E-16
  2.109954767703746E+03   1.8654175E-16
  2.111501611541577E+03   1.5650126E-16
  2.113048464423732E+03   2.4407292E-18
  2.114595326350369E+03   1.5649357E-16
  2.116142197321648E+03   1.0259145E-16
  2.117689077337728E+03   1.7244642E-16
  2.119235966398765E+03   1.1170125E-16
  2.120782864504920E+03   9.1702917E-17
  2.122329771656352E+03   1.7102973E-16
  2.123876687853218E+03   1.4733573E-16
  2.125423613095678E+03   1.0907315E-16
  2.126970547383889E+03   7.5944193E-17
  2.128517490718012E+03   2.2554293E-16
  2.130064443098204E+03   6.8635199E-17
  2.131611404524624E+03   1.8242703E-16
  2.133158374997431E+03   2.4430937E-16
  2.134705354516784E+03   1.5224990E-16
  2.136252343082841E+03   1.3730460E-16
  2.137799340695760E+03   8.1120696E-17
  2.139346347355703E+03   6.7104015E-17
  2.140893363062824E+03   1.3590285E-16
  2.142440387817286E+03   8.1576155E-17
  2.143987421619245E+03   1.8918515E-16
  2.145534464468861E+03   1.2910214E-16
  2.147081516366293E+03   1.4828532E-16
  2.148628577311698E+03   5.8826273E-17
  2.150175647305237E+03   1.1677408E-16
  2.151722726347067E+03   1.5293254E-16
  2.153269814437348E+03   2.2158271E-16
  2.154816911576238E+03   1.5332079E-16
  2.156364017763896E+03   1.7677449E-16
  2.157911133000481E+03   1.8860576E-16
  2.159458257286150E+03   1.6618735E-16
  2.161005390621065E+03   8.7971915E-17
  2.162552533005382E+03   1.0059487E-16
  2.164099684439263E+03   1.0649991E-16
  2.165646844922863E+03   9.6892562E-17
  2.167194014456343E+03  -6.4084296E-18
  2.168741193039861E+03   7.3434435E-17
  2.170288380673577E+03   1.1803732E-16
  2.171835577357648E+03   9.0844853E-17
  2.173382783092234E+03   7.7210832E-17
  2.174929997877494E+03   1.1257053E-16
  2.176477221713586E+03   1.2542927E-16
  2.178024454600669E+03   7.7100089E-17
  2.179571696538903E+03   1.0481285E-16
  2.181118947528445E+03   3.4459474E-17
  2.182666207569456E+03   2.1627880E-16
  2.184213476662093E+03   8.0216429E-17
  2.185760754806516E+03   1.7012209E-16
  2.187308042002883E+03   1.5065722E-16
  2.188855338251354E+03   9.4165089E-17
  2.190402643552086E+03   9.2253890E-18
  2.191949957905240E+03   1.3176855E-16
  2.193497281310973E+03   1.8276943E-16
  2.195044613769446E+03   2.0319025E-16
  2.196591955280816E+03   1.0979402E-16
  2.198139305845242E+03   2.1244001E-16
  2.199686665462885E+03   3.9860954E-17
  2.201234034133901E+03   3.1239045E-17
  2.202781411858451E+03   1.4869474E-16
  2.204328798636693E+03   1.8508493E-16
  2.205876194468786E+03   1.6043778E-16
  2.207423599354890E+03   2.2485527E-17
  2.208971013295162E+03   1.3144308E-16
  2.210518436289763E+03   1.0249378E-16
  2.212065868338850E+03   1.3021199E-16
  2.213613309442583E+03   3.4468593E-17
  2.215160759601121E+03   1.2690019E-16
  2.216708218814622E+03   1.1322570E-16
  2.218255687083246E+03   6.9324723E-17
  2.219803164407153E+03   1.2057641E-16
  2.221350650786499E+03   1.1560249E-16
  2.222898146221446E+03   1.0049695E-16
  2.224445650712150E+03   6.6489638E-17
  2.225993164258773E+03   1.4657720E-16
  2.227540686861472E+03   9.4026514E-17
  2.229088218520405E+03   8.7349432E-17
  2.230635759235735E+03   1.0185614E-16
  2.232183309007617E+03   4.6999205E-17
  2.233730867836212E+03   1.1098239E-16
  2.235278435721679E+03   1.3564429E-16
  2.236826012664176E+03   1.2244661E-16
  2.238373598663863E+03   1.1909049E-16
  2.239921193720898E+03   1.1543335E-16
  2.241468797835440E+03   3.7753751E-17
  2.243016411007650E+03   9.9638200E-17
  2.244564033237686E+03   1.8701504E-16
  2.246111664525705E+03   1.2731158E-16
  2.247659304871870E+03   1.4798652E-16
  2.249206954276336E+03   2.4704644E-17
  2.250754612739264E+03   9.0066654E-17
  2.252302280260814E+03   1.8919444E-16
  2.253849956841143E+03   1.0991508E-16
  2.255397642480412E+03   1.9611252E-16
  2.256945337178779E+03   8.6806802E-17
  2.258493040936403E+03   1.3406931E-16
  2.260040753753443E+03   1.8764750E-16
  2.261588475630059E+03   1.4171743E-16
  2.263136206566409E+03   1.3312535E-16
  2.264683946562654E+03   1.4241526E-16
  2.266231695618950E+03   1.3205306E-16
  2.267779453735458E+03   1.4964145E-16
  2.269327220912337E+03   2.2272400E-16
  2.270874997149747E+03   2.2547649E-16
  2.272422782447846E+03   1.5545781E-16
  2.273970576806793E+03   1.6553937E-16
  2.275518380226747E+03   1.7792132E-16
  2.277066192707868E+03   2.5591266E-16
  2.278614014250315E+03   1.5706619E-16
  2.280161844854245E+03   2.0576421E-16
  2.281709684519821E+03   2.2824118E-16
  2.283257533247199E+03   2.0914775E-16
  2.284805391036540E+03   1.8522812E-16
  2.286353257888002E+03   2.7582527E-16
  2.287901133801745E+03   2.7189109E-16
  2.289449018777928E+03   3.7180032E-16
  2.290996912816710E+03   2.1839482E-16
  2.292544815918250E+03   2.4636506E-16
  2.294092728082707E+03   3.3423385E-16
  2.295640649310241E+03   3.5207597E-16
  2.297188579601011E+03   3.7366385E-16
  2.298736518955175E+03   3.2261103E-16
  2.300284467372894E+03   4.4498849E-16
  2.301832424854325E+03   3.9970286E-16
  2.303380391399630E+03   4.1392753E-16
  2.304928367008966E+03   3.8124310E-16
  2.306476351682493E+03   4.3941518E-16
  2.308024345420371E+03   3.6560909E-16
  2.309572348222758E+03   3.7165439E-16
  2.311120360089814E+03   4.4861078E-16
  2.312668381021697E+03   4.1678026E-16
  2.314216411018569E+03   3.6382580E-16
  2.315764450080586E+03   3.9095523E-16
  2.317312498207909E+03   5.0620796E-16
  2.318860555400697E+03   4.5156216E-16
  2.320408621659109E+03   4.5542759E-16
  2.321956696983305E+03   3.9272566E-16
  2.323504781373443E+03   3.7833370E-16
  2.325052874829684E+03   3.2825552E-16
  2.326600977352186E+03   4.8656389E-16
  2.328149088941108E+03   4.2344535E-16
  2.329697209596611E+03   4.9658079E-16
  2.331245339318853E+03   6.0027684E-16
  2.332793478107993E+03   3.7521834E-16
  2.334341625964191E+03   4.4521703E-16
  2.335889782887607E+03   4.5106648E-16
  2.337437948878398E+03   4.6592185E-16
  2.338986123936726E+03   3.9225400E-16
  2.340534308062749E+03   5.2323565E-16
  2.342082501256626E+03   4.7274698E-16
  2.343630703518516E+03   4.2729668E-16
  2.345178914848580E+03   4.5674743E-16
  2.346727135246977E+03   3.5959916E-16
  2.348275364713865E+03   3.3413594E-16
  2.349823603249404E+03   4.9592546E-16
  2.351371850853754E+03   5.6169656E-16
  2.352920107527074E+03   4.2600548E-16
  2.354468373269523E+03   3.9911488E-16
  2.356016648081260E+03   3.5312920E-16
  2.357564931962447E+03   4.6790915E-16
  2.359113224913240E+03   3.7494821E-16
  2.360661526933799E+03   5.5474215E-16
  2.362209838024286E+03   4.5418939E-16
  2.363758158184857E+03   4.2367781E-16
  2.365306487415674E+03   5.4890308E-16
  2.366854825716895E+03   5.2059042E-16
  2.368403173088680E+03   3.9292085E-16
  2.369951529531187E+03   5.1225784E-16
  2.371499895044578E+03   4.5885204E-16
  2.373048269629011E+03   4.6355445E-16
  2.374596653284644E+03   5.3274195E-16
  2.376145046011639E+03   4.5443900E-16
  2.377693447810155E+03   4.9579734E-16
  2.379241858680350E+03   5.2616787E-16
  2.380790278622384E+03   5.4377122E-16
  2.382338707636417E+03   4.1614326E-16
  2.383887145722608E+03   3.9799460E-16
  2.385435592881117E+03   4.3001735E-16
  2.386984049112103E+03   3.0811586E-16
  2.388532514415725E+03   4.6327001E-16
  2.390080988792144E+03   4.4479362E-16
  2.391629472241518E+03   3.1831535E-16
  2.393177964764007E+03   4.3072708E-16
  2.394726466359770E+03   3.8823877E-16
  2.396274977028967E+03   2.3091849E-16
  2.397823496771758E+03   3.9812105E-16
  2.399372025588302E+03   4.2891361E-16
  2.400920563478758E+03   5.3790557E-16
  2.402469110443286E+03   4.9820413E-16
  2.404017666482046E+03   4.2380473E-16
  2.405566231595197E+03   6.1152904E-16
  2.407114805782898E+03   3.1888353E-16
  2.408663389045309E+03   4.6963673E-16
  2.410211981382590E+03   4.5794201E-16
  2.411760582794901E+03   3.3811811E-16
  2.413309193282400E+03   5.0561340E-16
  2.414857812845247E+03   3.1076959E-16
  2.416406441483602E+03   5.3101014E-16
  2.417955079197624E+03   4.2919294E-16
  2.419503725987473E+03   4.3916766E-16
  2.421052381853309E+03   4.6502146E-16
  2.422601046795291E+03   3.1814973E-16
  2.424149720813579E+03   3.7209819E-16
  2.425698403908331E+03   4.6492003E-16
  2.427247096079709E+03   4.5920404E-16
  2.428795797327871E+03   4.7550789E-16
  2.430344507652978E+03   4.7444046E-16
  2.431893227055187E+03   5.3161461E-16
  2.433441955534660E+03   5.3124371E-16
  2.434990693091556E+03   4.1783278E-16
  2.436539439726034E+03   3.8278197E-16
  2.438088195438254E+03   5.2907774E-16
  2.439636960228377E+03   3.9348196E-16
  2.441185734096560E+03   4.4744531E-16
  2.442734517042964E+03   4.4974199E-16
  2.444283309067750E+03   4.3312130E-16
  2.445832110171075E+03   3.5760993E-16
  2.447380920353100E+03   4.5880265E-16
  2.448929739613985E+03   4.0119181E-16
  2.450478567953889E+03   4.6228157E-16
  2.452027405372971E+03   4.3358248E-16
  2.453576251871393E+03   5.2538505E-16
  2.455125107449312E+03   5.4142552E-16
  2.456673972106889E+03   4.8540028E-16
  2.458222845844285E+03   6.3532532E-16
  2.459771728661657E+03   6.3874596E-16
  2.461320620559166E+03   6.6026118E-16
  2.462869521536972E+03   6.1921465E-16
  2.464418431595234E+03   5.6223929E-16
  2.465967350734113E+03   6.2781341E-16
  2.467516278953766E+03   7.2687386E-16
  2.469065216254357E+03   8.1389940E-16
  2.470614162636040E+03   6.8958895E-16
  2.472163118098981E+03   5.8446809E-16
  2.473712082643335E+03   7.7613354E-16
  2.475261056269263E+03   7.2351299E-16
  2.476810038976926E+03   7.3463824E-16
  2.478359030766483E+03   7.5344999E-16
  2.479908031638093E+03   7.5847915E-16
  2.481457041591917E+03   7.5849762E-16
  2.483006060628113E+03   8.3719752E-16
  2.484555088746843E+03   9.2679296E-16
  2.486104125948265E+03   7.8337779E-16
  2.487653172232540E+03   8.8249070E-16
  2.489202227599827E+03   8.2297764E-16
  2.490751292050285E+03   9.6704174E-16
  2.492300365584076E+03   8.6333606E-16
  2.493849448201358E+03   9.6676338E-16
  2.495398539902291E+03   1.0089457E-15
  2.496947640687036E+03   8.9650571E-16
  2.498496750555752E+03   9.3280350E-16
  2.500045869508598E+03   1.0610934E-15
  2.501594997545734E+03   9.8855405E-16
  2.503144134667322E+03   9.5710530E-16
  2.504693280873519E+03   9.8734014E-16
  2.506242436164487E+03   1.0253811E-15
  2.507791600540384E+03   9.8545052E-16
  2.509340774001370E+03   1.0728124E-15
  2.510889956547607E+03   1.3254764E-15
  2.512439148179253E+03   1.1703181E-15
  2.513988348896467E+03   8.7143507E-16
  2.515537558699412E+03   9.2285891E-16
  2.517086777588245E+03   1.0124808E-15
  2.518636005563127E+03   1.0876648E-15
  2.520185242624217E+03   1.1992892E-15
  2.521734488771676E+03   1.1414843E-15
  2.523283744005664E+03   1.1302141E-15
  2.524833008326339E+03   1.1112192E-15
  2.526382281733863E+03   1.2168410E-15
  2.527931564228396E+03   1.1380154E-15
  2.529480855810096E+03   1.1929466E-15
  2.531030156479123E+03   1.1096539E-15
  2.532579466235639E+03   1.0717190E-15
  2.534128785079803E+03   1.0344024E-15
  2.535678113011774E+03   1.1999547E-15
  2.537227450031712E+03   1.2183038E-15
  2.538776796139779E+03   1.1693948E-15
  2.540326151336132E+03   1.0119984E-15
  2.541875515620933E+03   1.3315648E-15
  2.543424888994341E+03   1.2546023E-15
  2.544974271456516E+03   1.1404470E-15
  2.546523663007618E+03   1.1801296E-15
  2.548073063647808E+03   1.1898960E-15
  2.549622473377245E+03   1.2023944E-15
  2.551171892196089E+03   9.9623441E-16
  2.552721320104499E+03   1.0398216E-15
  2.554270757102636E+03   1.2084801E-15
  2.555820203190661E+03   1.0371148E-15
  2.557369658368732E+03   1.0791192E-15
  2.558919122637011E+03   8.9929181E-16
  2.560468595995656E+03   1.0198710E-15
  2.562018078444828E+03   1.0883668E-15
  2.563567569984688E+03   9.8643721E-16
  2.565117070615394E+03   1.0511532E-15
  2.566666580337107E+03   9.5306570E-16
  2.568216099149987E+03   1.0073235E-15
  2.569765627054193E+03   8.9469877E-16
  2.571315164049887E+03   8.6195571E-16
  2.572864710137228E+03   1.0326616E-15
  2.574414265316376E+03   9.5535385E-16
  2.575963829587491E+03   8.7293013E-16
  2.577513402950733E+03   7.3855000E-16
  2.579062985406262E+03   8.9069326E-16
  2.580612576954238E+03   8.8113831E-16
  2.582162177594822E+03   8.2373811E-16
  2.583711787328173E+03   8.9613682E-16
  2.585261406154451E+03   7.4129348E-16
  2.586811034073817E+03   6.5829479E-16
  2.588360671086431E+03   6.9981936E-16
  2.589910317192451E+03   6.2118405E-16
  2.591459972392040E+03   6.5517469E-16
  2.593009636685356E+03   7.0034378E-16
  2.594559310072561E+03   6.7227766E-16
  2.596108992553813E+03   7.4224989E-16
  2.597658684129274E+03   6.5643444E-16
  2.599208384799103E+03   5.2285284E-16
  2.600758094563460E+03   3.7237937E-16
  2.602307813422505E+03   5.4037806E-16
  2.603857541376399E+03   5.4580564E-16
  2.605407278425302E+03   6.8342070E-16
  2.606957024569374E+03   5.8633855E-16
  2.608506779808773E+03   6.0178806E-16
  2.610056544143663E+03   6.8618473E-16
  2.611606317574202E+03   6.5722980E-16
  2.613156100100550E+03   4.2339768E-16
  2.614705891722868E+03   4.8874585E-16
  2.616255692441315E+03   7.2783831E-16
  2.617805502256052E+03   8.5221541E-16
  2.619355321167240E+03   8.6350424E-16
  2.620905149175037E+03   8.5582886E-16
  2.622454986279605E+03   9.6878599E-16
  2.624004832481104E+03   1.0050193E-15
  2.625554687779693E+03   1.1237595E-15
  2.627104552175533E+03   1.2761188E-15
  2.628654425668784E+03   1.0961551E-15
  2.630204308259607E+03   1.1892731E-15
  2.631754199948161E+03   1.3217914E-15
  2.633304100734607E+03   1.1031388E-15
  2.634854010619105E+03   1.4275904E-15
  2.636403929601815E+03   1.3625043E-15
  2.637953857682898E+03   1.4098034E-15
  2.639503794862513E+03   1.3458336E-15
  2.641053741140821E+03   1.3081303E-15
  2.642603696517982E+03   1.3800448E-15
  2.644153660994157E+03   1.3094671E-15
  2.645703634569506E+03   1.3899631E-15
  2.647253617244188E+03   1.5267901E-15
  2.648803609018364E+03   1.4324959E-15
  2.650353609892195E+03   1.5271780E-15
  2.651903619865840E+03   1.4477333E-15
  2.653453638939461E+03   1.4527600E-15
  2.655003667113216E+03   1.5469811E-15
  2.656553704387267E+03   1.6691761E-15
  2.658103750761774E+03   1.6518593E-15
  2.659653806236897E+03   1.6001930E-15
  2.661203870812796E+03   1.6210658E-15
  2.662753944489632E+03   1.7484292E-15
  2.664304027267565E+03   1.7429262E-15
  2.665854119146756E+03   1.6892611E-15
  2.667404220127364E+03   1.8754264E-15
  2.668954330209549E+03   1.8509840E-15
  2.670504449393474E+03   1.7653796E-15
  2.672054577679296E+03   1.7474568E-15
  2.673604715067178E+03   1.7114203E-15
  2.675154861557279E+03   1.7824798E-15
  2.676705017149760E+03   1.9172773E-15
  2.678255181844780E+03   1.7540922E-15
  2.679805355642501E+03   1.7884851E-15
  2.681355538543082E+03   1.9717085E-15
  2.682905730546685E+03   2.1966014E-15
  2.684455931653468E+03   2.2389342E-15
  2.686006141863594E+03   2.2372008E-15
  2.687556361177222E+03   2.3124688E-15
  2.689106589594512E+03   2.2733219E-15
  2.690656827115625E+03   2.4297273E-15
  2.692207073740722E+03   2.3005334E-15
  2.693757329469961E+03   2.3240733E-15
  2.695307594303506E+03   2.4361820E-15
  2.696857868241515E+03   2.4098723E-15
  2.698408151284148E+03   2.4455146E-15
  2.699958443431568E+03   2.5460148E-15
  2.701508744683932E+03   2.5800729E-15
  2.703059055041403E+03   2.7787435E-15
  2.704609374504140E+03   2.6721588E-15
  2.706159703072304E+03   2.6973468E-15
  2.707710040746056E+03   3.0066442E-15
  2.709260387525556E+03   2.7692218E-15
  2.710810743410964E+03   3.1363368E-15
  2.712361108402441E+03   2.9580858E-15
  2.713911482500147E+03   3.2933801E-15
  2.715461865704243E+03   3.0792276E-15
  2.717012258014889E+03   3.1560498E-15
  2.718562659432246E+03   3.3881492E-15
  2.720113069956474E+03   3.6176383E-15
  2.721663489587733E+03   3.4868475E-15
  2.723213918326185E+03   3.6027365E-15
  2.724764356171989E+03   3.4359661E-15
  2.726314803125306E+03   3.3295857E-15
  2.727865259186296E+03   3.6009920E-15
  2.729415724355121E+03   3.1661787E-15
  2.730966198631941E+03   3.5681873E-15
  2.732516682016915E+03   3.5297172E-15
  2.734067174510205E+03   3.6513197E-15
  2.735617676111972E+03   3.8398134E-15
  2.737168186822375E+03   3.8789429E-15
  2.738718706641575E+03   3.7584758E-15
  2.740269235569733E+03   4.0089015E-15
  2.741819773607009E+03   3.6476068E-15
  2.743370320753564E+03   3.5707013E-15
  2.744920877009558E+03   3.8447749E-15
  2.746471442375152E+03   3.9076374E-15
  2.748022016850507E+03   3.7150857E-15
  2.749572600435783E+03   4.0387797E-15
  2.751123193131140E+03   3.7429077E-15
  2.752673794936740E+03   3.8430905E-15
  2.754224405852742E+03   3.7770406E-15
  2.755775025879308E+03   4.1513076E-15
  2.757325655016598E+03   4.1990858E-15
  2.758876293264772E+03   4.0546900E-15
  2.760426940623991E+03   4.1424062E-15
  2.761977597094416E+03   4.1219872E-15
  2.763528262676208E+03   4.2386753E-15
  2.765078937369526E+03   4.2847259E-15
  2.766629621174532E+03   4.2455125E-15
  2.768180314091386E+03   3.9013190E-15
  2.769731016120249E+03   4.3135106E-15
  2.771281727261281E+03   4.2646046E-15
  2.772832447514644E+03   4.1029848E-15
  2.774383176880497E+03   4.4066076E-15
  2.775933915359002E+03   4.2934042E-15
  2.777484662950319E+03   4.3884646E-15
  2.779035419654607E+03   4.6243425E-15
  2.780586185472030E+03   4.5566980E-15
  2.782136960402747E+03   4.2828544E-15
  2.783687744446918E+03   4.5955904E-15
  2.785238537604705E+03   4.8734477E-15
  2.786789339876268E+03   4.7046196E-15
  2.788340151261767E+03   4.8487939E-15
  2.789890971761363E+03   4.9486553E-15
  2.791441801375218E+03   4.8415264E-15
  2.792992640103491E+03   5.1622999E-15
  2.794543487946345E+03   5.1170459E-15
  2.796094344903938E+03   4.0749383E-15
  2.797645210976432E+03   3.8717533E-15
  2.799196086163988E+03   4.3172884E-15
  2.800746970466766E+03   4.9057285E-15
  2.802297863884928E+03   4.8897963E-15
  2.803848766418632E+03   4.2336244E-15
  2.805399678068042E+03   4.1972393E-15
  2.806950598833316E+03   4.7611197E-15
  2.808501528714617E+03   4.5010840E-15
  2.810052467712105E+03   3.3359039E-15
  2.811603415825940E+03   2.9680505E-15
  2.813154373056283E+03   4.0182460E-15
  2.814705339403296E+03   5.0321330E-15
  2.816256314867137E+03   4.5094941E-15
  2.817807299447970E+03   3.5549956E-15
  2.819358293145954E+03   4.0128842E-15
  2.820909295961250E+03   5.9010456E-15
  2.822460307894019E+03   6.2677296E-15
  2.824011328944422E+03   6.7169996E-15
  2.825562359112620E+03   7.1769551E-15
  2.827113398398772E+03   7.6575751E-15
  2.828664446803041E+03   7.7824142E-15
  2.830215504325586E+03   7.7228517E-15
  2.831766570966570E+03   7.9342093E-15
  2.833317646726152E+03   7.4631438E-15
  2.834868731604493E+03   8.0836013E-15
  2.836419825601754E+03   8.6727788E-15
  2.837970928718097E+03   8.3657921E-15
  2.839522040953681E+03   8.4333048E-15
  2.841073162308669E+03   8.8994584E-15
  2.842624292783219E+03   8.7597301E-15
  2.844175432377494E+03   9.3108640E-15
  2.845726581091655E+03   9.6660164E-15
  2.847277738925861E+03   9.7110481E-15
  2.848828905880275E+03   9.7393458E-15
  2.850380081955057E+03   1.0008716E-14
  2.851931267150366E+03   1.0060001E-14
  2.853482461466366E+03   8.9785264E-15
  2.855033664903217E+03   1.0027413E-14
  2.856584877461079E+03   1.0586115E-14
  2.858136099140113E+03   1.0695143E-14
  2.859687329940480E+03   1.1166447E-14
  2.861238569862342E+03   1.1018421E-14
  2.862789818905858E+03   1.0991156E-14
  2.864341077071190E+03   1.1629551E-14
  2.865892344358500E+03   1.0397876E-14
  2.867443620767947E+03   8.3054299E-15
  2.868994906299693E+03   9.3785800E-15
  2.870546200953898E+03   1.0684261E-14
  2.872097504730724E+03   1.1480890E-14
  2.873648817630331E+03   1.2327468E-14
  2.875200139652882E+03   1.2745804E-14
  2.876751470798536E+03   1.3377334E-14
  2.878302811067453E+03   1.3211680E-14
  2.879854160459796E+03   1.3135138E-14
  2.881405518975726E+03   1.3466591E-14
  2.882956886615403E+03   1.3806819E-14
  2.884508263378988E+03   1.4205797E-14
  2.886059649266642E+03   1.4219101E-14
  2.887611044278527E+03   1.4365914E-14
  2.889162448414802E+03   1.4313286E-14
  2.890713861675630E+03   1.4597840E-14
  2.892265284061171E+03   1.5675656E-14
  2.893816715571587E+03   1.5236947E-14
  2.895368156207037E+03   1.5225270E-14
  2.896919605967684E+03   1.5811035E-14
  2.898471064853688E+03   1.5466695E-14
  2.900022532865210E+03   1.5534977E-14
  2.901574010002412E+03   1.5390672E-14
  2.903125496265454E+03   1.6160033E-14
  2.904676991654498E+03   1.6089301E-14
  2.906228496169703E+03   1.5958495E-14
  2.907780009811233E+03   1.6033812E-14
  2.909331532579246E+03   1.6467107E-14
  2.910883064473906E+03   1.5405791E-14
  2.912434605495372E+03   1.5652608E-14
  2.913986155643805E+03   1.6068459E-14
  2.915537714919368E+03   1.6151860E-14
  2.917089283322220E+03   1.5798735E-14
  2.918640860852523E+03   1.6187508E-14
  2.920192447510439E+03   1.6913930E-14
  2.921744043296127E+03   1.6263043E-14
  2.923295648209749E+03   1.5764882E-14
  2.924847262251467E+03   1.6171899E-14
  2.926398885421442E+03   1.6663030E-14
  2.927950517719833E+03   1.6800851E-14
  2.929502159146803E+03   1.5547617E-14
  2.931053809702514E+03   1.5625745E-14
  2.932605469387124E+03   1.6885829E-14
  2.934157138200797E+03   1.6077085E-14
  2.935708816143694E+03   1.6297976E-14
  2.937260503215974E+03   1.6348407E-14
  2.938812199417800E+03   1.5751691E-14
  2.940363904749332E+03   1.6367502E-14
  2.941915619210732E+03   1.7042596E-14
  2.943467342802161E+03   1.7077761E-14
  2.945019075523780E+03   1.6587644E-14
  2.946570817375749E+03   1.6425881E-14
  2.948122568358232E+03   1.6127802E-14
  2.949674328471388E+03   1.7143537E-14
  2.951226097715378E+03   1.7168462E-14
  2.952777876090364E+03   1.7143457E-14
  2.954329663596508E+03   1.6567651E-14
  2.955881460233969E+03   1.6718084E-14
  2.957433266002911E+03   1.7456795E-14
  2.958985080903493E+03   1.6136432E-14
  2.960536904935877E+03   1.7306960E-14
  2.962088738100224E+03   1.7293829E-14
  2.963640580396695E+03   1.6773129E-14
  2.965192431825451E+03   1.7777346E-14
  2.966744292386655E+03   1.8078112E-14
  2.968296162080467E+03   1.7758837E-14
  2.969848040907048E+03   1.7633662E-14
  2.971399928866558E+03   1.8095993E-14
  2.972951825959161E+03   1.8051749E-14
  2.974503732185017E+03   1.6513541E-14
  2.976055647544286E+03   1.7731198E-14
  2.977607572037133E+03   1.7524243E-14
  2.979159505663715E+03   1.8158269E-14
  2.980711448424195E+03   1.7681330E-14
  2.982263400318735E+03   1.7731085E-14
  2.983815361347495E+03   1.8782576E-14
  2.985367331510637E+03   1.7916864E-14
  2.986919310808322E+03   1.8616375E-14
  2.988471299240712E+03   1.8410744E-14
  2.990023296807967E+03   1.8855702E-14
  2.991575303510249E+03   1.8214285E-14
  2.993127319347720E+03   1.8468820E-14
  2.994679344320541E+03   1.8735544E-14
  2.996231378428871E+03   1.7931025E-14
  2.997783421672875E+03   1.8184659E-14
  2.999335474052712E+03   1.7530719E-14
  3.000887535568545E+03   1.7351439E-14
  3.002439606220533E+03   1.7073443E-14
  3.003991686008839E+03   1.8164920E-14
  3.005543774933624E+03   1.7287007E-14
  3.007095872995049E+03   1.7165812E-14
  3.008647980193276E+03   1.6640886E-14
  3.010200096528466E+03   1.7092354E-14
  3.011752222000781E+03   1.6035518E-14
  3.013304356610381E+03   1.6456476E-14
  3.014856500357429E+03   1.5893298E-14
  3.016408653242085E+03   1.6166955E-14
  3.017960815264511E+03   1.6011862E-14
  3.019512986424867E+03   1.5910850E-14
  3.021065166723317E+03   1.5310602E-14
  3.022617356160021E+03   1.4833249E-14
  3.024169554735141E+03   1.6225013E-14
  3.025721762448837E+03   1.4586355E-14
  3.027273979301272E+03   1.5497339E-14
  3.028826205292606E+03   1.5020562E-14
  3.030378440423002E+03   1.6173723E-14
  3.031930684692620E+03   1.4745161E-14
  3.033482938101622E+03   1.5431409E-14
  3.035035200650169E+03   1.5334398E-14
  3.036587472338425E+03   1.5059231E-14
  3.038139753166547E+03   1.6229605E-14
  3.039692043134700E+03   1.5249314E-14
  3.041244342243043E+03   1.5012446E-14
  3.042796650491740E+03   1.5451030E-14
  3.044348967880951E+03   1.5760151E-14
  3.045901294410837E+03   1.5014706E-14
  3.047453630081560E+03   1.5551864E-14
  3.049005974893282E+03   1.5735997E-14
  3.050558328846164E+03   1.6333550E-14
  3.052110691940368E+03   1.6168121E-14
  3.053663064176054E+03   1.6920622E-14
  3.055215445553386E+03   1.6643892E-14
  3.056767836072523E+03   1.6271342E-14
  3.058320235733628E+03   1.6657714E-14
  3.059872644536862E+03   1.6574515E-14
  3.061425062482386E+03   1.7956868E-14
  3.062977489570363E+03   1.7124274E-14
  3.064529925800953E+03   1.8048027E-14
  3.066082371174318E+03   1.7758207E-14
  3.067634825690620E+03   1.7185321E-14
  3.069187289350020E+03   1.8304060E-14
  3.070739762152680E+03   1.9112338E-14
  3.072292244098761E+03   1.9744850E-14
  3.073844735188426E+03   1.8354802E-14
  3.075397235421834E+03   1.8415452E-14
  3.076949744799149E+03   1.9007533E-14
  3.078502263320531E+03   1.8777255E-14
  3.080054790986143E+03   1.9050626E-14
  3.081607327796145E+03   1.9863351E-14
  3.083159873750700E+03   2.0205917E-14
  3.084712428849969E+03   1.9809392E-14
  3.086264993094112E+03   2.1017305E-14
  3.087817566483293E+03   2.0940926E-14
  3.089370149017673E+03   2.1018635E-14
  3.090922740697413E+03   2.1469888E-14
  3.092475341522675E+03   2.2357665E-14
  3.094027951493620E+03   2.1181838E-14
  3.095580570610411E+03   2.1647148E-14
  3.097133198873208E+03   2.2808065E-14
  3.098685836282174E+03   2.2393827E-14
  3.100238482837469E+03   2.3582490E-14
  3.101791138539257E+03   2.2481882E-14
  3.103343803387698E+03   2.2146479E-14
  3.104896477382954E+03   2.3329419E-14
  3.106449160525186E+03   2.4359665E-14
  3.108001852814557E+03   2.4241731E-14
  3.109554554251228E+03   2.3192121E-14
  3.111107264835360E+03   2.5155706E-14
  3.112659984567116E+03   2.5018351E-14
  3.114212713446656E+03   2.4964949E-14
  3.115765451474143E+03   2.3998205E-14
  3.117318198649739E+03   2.4447185E-14
  3.118870954973605E+03   2.6432590E-14
  3.120423720445902E+03   2.4386699E-14
  3.121976495066794E+03   2.5271867E-14
  3.123529278836440E+03   2.5241865E-14
  3.125082071755003E+03   2.4949887E-14
  3.126634873822644E+03   2.4847053E-14
  3.128187685039526E+03   2.5949515E-14
  3.129740505405809E+03   2.5626748E-14
  3.131293334921657E+03   2.4847129E-14
  3.132846173587230E+03   2.4745368E-14
  3.134399021402691E+03   2.5145782E-14
  3.135951878368200E+03   2.5071345E-14
  3.137504744483920E+03   2.5329595E-14
  3.139057619750013E+03   2.5198885E-14
  3.140610504166639E+03   2.4620954E-14
  3.142163397733962E+03   2.4805602E-14
  3.143716300452143E+03   2.5816773E-14
  3.145269212321343E+03   2.5979000E-14
  3.146822133341725E+03   2.5670435E-14
  3.148375063513449E+03   2.5675800E-14
  3.149928002836678E+03   2.4916038E-14
  3.151480951311575E+03   2.5617666E-14
  3.153033908938299E+03   2.4543998E-14
  3.154586875717014E+03   1.9465898E-14
  3.156139851647881E+03   1.7003922E-14
  3.157692836731062E+03   2.7772892E-14
  3.159245830966719E+03   5.2133092E-14
  3.160798834355013E+03   2.9455648E-16
